TEFF   6250.  GRAVITY 4.00000 LTE 
TITLE  [-0.5] N(He)/Ntot=0.0784 VTURB=2.0  L/H=1.25 NOVER                       
FLUX    1     9.09        3.298047E+16   1.0000E-50   0.0000E+00   1.00000
FLUX    2     9.35        3.206337E+16   1.0000E-50   0.0000E+00   1.00000
FLUX    3     9.61        3.119589E+16   1.0000E-50   0.0000E+00   1.00000
FLUX    4     9.77        3.068501E+16   1.0000E-50   0.0000E+00   1.00000
FLUX    5     9.96        3.009965E+16   1.0000E-50   0.0000E+00   1.00000
FLUX    6    10.20        2.939142E+16   1.0000E-50   0.0000E+00   1.00000
FLUX    7    10.38        2.888174E+16   1.0000E-50   0.0000E+00   1.00000
FLUX    8    10.56        2.838944E+16   1.0000E-50   0.0000E+00   1.00000
FLUX    9    10.77        2.783589E+16   1.0560-138   1.0561-138   0.99998
FLUX   10    11.04        2.715512E+16   2.2732-135   2.2733-135   0.99998
FLUX   11    11.40        2.629759E+16   3.5668-131   3.5669-131   0.99998
FLUX   12    11.78        2.544928E+16   5.0160-127   5.0161-127   0.99998
FLUX   13    12.13        2.471496E+16   1.9434-123   1.9435-123   0.99998
FLUX   14    12.48        2.402183E+16   4.7103-120   4.7104-120   0.99998
FLUX   15    12.71        2.358714E+16   6.2322-118   6.2323-118   0.99998
FLUX   16    12.84        2.334833E+16   9.1184-117   9.1185-117   0.99998
FLUX   17    13.05        2.297261E+16   6.2044-115   6.2045-115   0.99998
FLUX   18    13.24        2.264294E+16   2.5122-113   2.5123-113   0.99998
FLUX   19    13.39        2.238928E+16   4.3303-112   4.3304-112   0.99998
FLUX   20    13.66        2.194674E+16   6.2073-110   6.2074-110   0.99998
FLUX   21    13.98        2.144438E+16   1.7362-107   1.7362-107   0.99998
FLUX   22    14.33        2.092062E+16   6.1433-105   6.1434-105   0.99998
FLUX   23    14.72        2.036634E+16   3.0482-102   3.0483-102   0.99998
FLUX   24    15.10        1.985381E+16   9.4409-100   9.4411-100   0.99998
FLUX   25    15.52        1.931653E+16   3.8409E-97   3.8410E-97   0.99998
FLUX   26    15.88        1.887862E+16   5.1197E-95   5.1198E-95   0.99998
FLUX   27    16.20        1.850571E+16   3.2933E-93   3.2934E-93   0.99998
FLUX   28    16.60        1.805979E+16   4.7724E-91   4.7725E-91   0.99998
FLUX   29    17.03        1.760379E+16   7.7099E-89   7.7100E-89   0.99998
FLUX   30    17.34        1.728907E+16   2.5700E-87   2.5701E-87   0.99998
FLUX   31    17.68        1.695659E+16   1.0420E-85   1.0421E-85   0.99998
FLUX   32    18.02        1.663665E+16   3.6664E-84   3.6664E-84   0.99998
FLUX   33    18.17        1.649931E+16   1.6893E-83   1.6894E-83   0.99998
FLUX   34    18.61        1.610922E+16   1.2928E-81   1.2929E-81   0.99998
FLUX   35    19.10        1.569594E+16   1.2747E-79   1.2747E-79   0.99998
FLUX   36    19.39        1.546119E+16   1.7230E-78   1.7230E-78   0.99998
FLUX   37    19.84        1.511051E+16   8.4083E-77   8.4084E-77   0.99998
FLUX   38    20.18        1.485592E+16   1.4138E-75   1.4138E-75   0.99998
FLUX   39    20.50        1.462402E+16   1.8483E-74   1.8483E-74   0.99998
FLUX   40    21.05        1.424192E+16   1.2676E-72   1.2676E-72   0.99998
FLUX   41    21.62        1.386644E+16   8.0484E-71   8.0485E-71   0.99998
FLUX   42    21.98        1.363933E+16   9.8913E-70   9.8915E-70   0.99998
FLUX   43    22.30        1.344361E+16   8.5662E-69   8.5663E-69   0.99998
FLUX   44    22.68        1.321836E+16   1.0270E-67   1.0270E-67   0.99998
FLUX   45    23.00        1.303446E+16   7.8043E-67   7.8045E-67   0.99998
FLUX   46    23.40        1.281165E+16   9.0717E-66   9.0718E-66   0.99998
FLUX   47    24.00        1.249135E+16   3.0751E-64   3.0752E-64   0.99998
FLUX   48    24.65        1.216197E+16   1.1483E-62   1.1483E-62   0.99998
FLUX   49    25.24        1.187767E+16   2.6037E-61   2.6037E-61   0.99998
FLUX   50    25.68        1.167416E+16   2.4271E-60   2.4272E-60   0.99998
FLUX   51    26.00        1.153048E+16   1.1725E-59   1.1725E-59   0.99998
FLUX   52    26.40        1.135578E+16   7.9489E-59   7.9491E-59   0.99998
FLUX   53    26.85        1.116546E+16   6.3746E-58   6.3747E-58   0.99998
FLUX   54    27.35        1.096133E+16   5.9316E-57   5.9317E-57   0.99998
FLUX   55    27.85        1.076454E+16   5.0920E-56   5.0921E-56   0.99998
FLUX   56    28.40        1.055607E+16   4.9510E-55   4.9511E-55   0.99998
FLUX   57    29.00        1.033767E+16   5.3486E-54   5.3487E-54   0.99998
FLUX   58    29.60        1.012813E+16   5.2250E-53   5.2251E-53   0.99998
FLUX   59    30.10        9.959884E+15   3.2557E-52   3.2560E-52   0.99992
FLUX   60    30.80        9.733523E+15   3.8048E-51   3.8049E-51   0.99998
FLUX   61    31.80        9.427437E+15   1.0507E-49   1.0507E-49   0.99998
FLUX   62    32.80        9.140015E+15   2.3560E-48   2.3560E-48   0.99998
FLUX   63    33.80        8.869601E+15   4.3660E-47   4.3660E-47   0.99998
FLUX   64    34.80        8.614727E+15   6.8080E-46   6.8081E-46   0.99998
FLUX   65    35.70        8.397549E+15   7.0335E-45   7.0336E-45   0.99998
FLUX   66    36.60        8.191052E+15   6.4633E-44   6.4634E-44   0.99998
FLUX   67    37.50        7.994467E+15   5.3143E-43   5.3144E-43   0.99998
FLUX   68    38.50        7.786818E+15   4.9001E-42   4.9002E-42   0.99998
FLUX   69    39.50        7.589684E+15   4.0181E-41   4.0181E-41   0.99998
FLUX   70    40.50        7.402284E+15   2.9584E-40   2.9584E-40   0.99998
FLUX   71    41.40        7.241365E+15   1.6381E-39   1.6381E-39   0.99998
FLUX   72    42.20        7.104088E+15   7.0334E-39   7.0335E-39   0.99998
FLUX   73    43.00        6.971919E+15   2.8543E-38   2.8544E-38   0.99998
FLUX   74    44.10        6.798016E+15   1.7966E-37   1.7967E-37   0.99998
FLUX   75    45.10        6.647284E+15   8.8161E-37   8.8163E-37   0.99998
FLUX   76    46.00        6.517228E+15   3.4697E-36   3.4697E-36   0.99998
FLUX   77    47.00        6.378564E+15   1.4915E-35   1.4916E-35   0.99998
FLUX   78    48.00        6.245677E+15   6.0141E-35   6.0142E-35   0.99998
FLUX   79    49.00        6.118214E+15   2.2859E-34   2.2859E-34   0.99998
FLUX   80    50.00        5.995850E+15   8.2078E-34   8.2080E-34   0.99998
FLUX   81    50.60        5.924753E+15   2.2882E-33   2.6147E-33   0.87515
FLUX   82    51.20        5.855322E+15   5.2992E-33   5.3671E-33   0.98733
FLUX   83    52.00        5.765240E+15   1.3488E-32   1.3625E-32   0.98994
FLUX   84    53.00        5.656462E+15   4.1874E-32   4.1874E-32   0.99998
FLUX   85    54.00        5.551713E+15   1.2245E-31   1.2318E-31   0.99413
FLUX   86    55.00        5.450773E+15   3.4779E-31   3.4780E-31   0.99998
FLUX   87    56.00        5.353438E+15   9.4419E-31   9.4421E-31   0.99998
FLUX   88    57.00        5.259518E+15   2.4698E-30   2.4699E-30   0.99998
FLUX   89    58.00        5.168836E+15   6.1683E-30   6.2378E-30   0.98886
FLUX   90    59.00        5.081229E+15   1.5233E-29   1.5235E-29   0.99985
FLUX   91    60.00        4.996542E+15   3.6042E-29   3.6049E-29   0.99981
FLUX   92    61.00        4.914631E+15   8.2768E-29   8.2769E-29   0.99998
FLUX   93    62.00        4.835363E+15   1.8467E-28   1.8468E-28   0.99991
FLUX   94    63.00        4.758611E+15   4.0099E-28   4.0102E-28   0.99993
FLUX   95    64.00        4.684258E+15   8.4894E-28   8.4896E-28   0.99997
FLUX   96    65.00        4.612192E+15   1.7535E-27   1.7536E-27   0.99998
FLUX   97    65.80        4.556117E+15   3.0800E-27   3.0801E-27   0.99997
FLUX   98    66.50        4.508158E+15   4.9804E-27   4.9824E-27   0.99960
FLUX   99    67.50        4.441370E+15   9.7195E-27   9.7222E-27   0.99972
FLUX  100    68.50        4.376533E+15   1.8576E-26   1.8577E-26   0.99993
FLUX  101    69.50        4.313561E+15   3.4792E-26   3.4793E-26   0.99998
FLUX  102    70.50        4.252376E+15   6.3842E-26   6.3926E-26   0.99869
FLUX  103    71.60        4.187046E+15   1.2219E-25   1.2220E-25   0.99993
FLUX  104    72.60        4.129373E+15   2.1623E-25   2.1623E-25   0.99998
FLUX  105    73.50        4.078810E+15   3.5629E-25   3.5632E-25   0.99992
FLUX  106    74.50        4.024060E+15   6.1122E-25   6.1136E-25   0.99977
FLUX  107    75.50        3.970762E+15   1.0325E-24   1.0328E-24   0.99965
FLUX  108    76.50        3.918856E+15   1.7188E-24   1.7191E-24   0.99985
FLUX  109    77.50        3.868290E+15   2.8200E-24   2.8207E-24   0.99973
FLUX  110    78.50        3.819013E+15   4.5652E-24   4.5653E-24   0.99998
FLUX  111    79.50        3.770975E+15   7.2605E-24   7.2920E-24   0.99568
FLUX  112    80.50        3.724130E+15   1.1485E-23   1.1501E-23   0.99868
FLUX  113    81.50        3.678436E+15   1.7915E-23   1.7918E-23   0.99981
FLUX  114    82.50        3.633848E+15   2.7592E-23   2.7595E-23   0.99990
FLUX  115    83.50        3.590329E+15   4.2023E-23   4.2026E-23   0.99993
FLUX  116    84.50        3.547840E+15   6.3307E-23   6.3311E-23   0.99993
FLUX  117    85.50        3.506345E+15   9.4382E-23   9.4384E-23   0.99998
FLUX  118    86.50        3.465809E+15   1.3928E-22   1.3928E-22   0.99997
FLUX  119    87.50        3.426200E+15   2.0337E-22   2.0353E-22   0.99918
FLUX  120    88.50        3.387486E+15   2.9465E-22   2.9467E-22   0.99992
FLUX  121    89.50        3.349637E+15   4.2274E-22   4.2275E-22   0.99997
FLUX  122    90.50        3.312624E+15   6.0107E-22   6.0119E-22   0.99980
FLUX  123    91.50        3.276421E+15   2.1967E-18   5.6320E-18   0.39003
FLUX  124    92.50        3.241000E+15   7.6413E-18   8.1931E-18   0.93265
FLUX  125    93.50        3.206337E+15   1.0964E-17   1.1802E-17   0.92903
FLUX  126    94.50        3.172407E+15   1.5697E-17   1.6855E-17   0.93133
FLUX  127    95.50        3.139188E+15   2.3145E-17   2.3889E-17   0.96886
FLUX  128    96.50        3.106658E+15   3.2596E-17   3.3555E-17   0.97141
FLUX  129    97.50        3.074795E+15   4.5259E-17   4.6742E-17   0.96827
FLUX  130    98.50        3.043579E+15   6.2975E-17   6.4978E-17   0.96918
FLUX  131    99.50        3.012990E+15   8.6497E-17   8.9424E-17   0.96727
FLUX  132   100.50        2.983010E+15   1.2104E-16   1.2222E-16   0.99041
FLUX  133   101.50        2.953621E+15   1.6411E-16   1.6571E-16   0.99033
FLUX  134   102.50        2.924805E+15   2.1762E-16   2.2433E-16   0.97008
FLUX  135   103.50        2.896546E+15   2.9868E-16   3.0093E-16   0.99251
FLUX  136   104.50        2.868828E+15   3.9933E-16   4.0180E-16   0.99386
FLUX  137   105.50        2.841635E+15   5.2956E-16   5.3343E-16   0.99275
FLUX  138   106.50        2.814953E+15   6.9854E-16   7.0444E-16   0.99161
FLUX  139   107.50        2.788767E+15   9.1959E-16   9.2550E-16   0.99362
FLUX  140   108.50        2.763065E+15   1.2037E-15   1.2096E-15   0.99510
FLUX  141   109.50        2.737831E+15   1.5613E-15   1.5727E-15   0.99273
FLUX  142   110.50        2.713054E+15   3.7941E-15   2.1994E-14   0.17250
FLUX  143   111.50        2.688722E+15   1.1788E-14   3.0373E-14   0.38812
FLUX  144   112.50        2.664822E+15   1.8205E-14   4.0511E-14   0.44938
FLUX  145   113.50        2.641344E+15   2.8380E-14   5.2204E-14   0.54364
FLUX  146   114.50        2.618275E+15   3.7338E-14   6.5087E-14   0.57366
FLUX  147   115.50        2.595606E+15   4.2791E-14   7.8379E-14   0.54595
FLUX  148   116.50        2.573326E+15   5.6301E-14   9.0572E-14   0.62162
FLUX  149   117.50        2.551426E+15   6.8735E-14   9.8950E-14   0.69464
FLUX  150   118.50        2.529895E+15   7.4890E-14   1.6915E-13   0.44275
FLUX  151   119.50        2.508724E+15   4.0262E-14   2.0418E-13   0.19719
FLUX  152   120.50        2.487905E+15   3.3318E-14   2.4491E-13   0.13604
FLUX  153   121.50        2.467428E+15   1.9566E-14   2.9222E-13   0.06696
FLUX  154   122.50        2.447286E+15   4.4879E-14   3.5195E-13   0.12751
FLUX  155   123.50        2.427470E+15   1.1013E-13   4.1639E-13   0.26448
FLUX  156   124.50        2.407972E+15   2.3592E-13   3.6255E-13   0.65073
FLUX  157   125.50        2.388785E+15   4.0758E-13   6.0210E-13   0.67693
FLUX  158   126.50        2.369901E+15   4.8579E-13   8.6721E-13   0.56018
FLUX  159   127.50        2.351314E+15   6.9482E-13   1.1223E-12   0.61909
FLUX  160   128.50        2.333016E+15   9.7545E-13   1.4192E-12   0.68734
FLUX  161   129.50        2.315000E+15   1.2149E-12   1.7273E-12   0.70333
FLUX  162   130.50        2.297261E+15   1.3651E-12   2.0775E-12   0.65709
FLUX  163   131.50        2.279791E+15   1.8032E-12   2.4603E-12   0.73290
FLUX  164   132.50        2.262585E+15   2.1581E-12   2.8904E-12   0.74664
FLUX  165   133.50        2.245637E+15   2.4871E-12   3.3682E-12   0.73839
FLUX  166   134.50        2.228941E+15   3.0044E-12   3.9024E-12   0.76990
FLUX  167   135.50        2.212491E+15   3.3889E-12   4.5125E-12   0.75099
FLUX  168   136.50        2.196282E+15   3.9880E-12   5.2231E-12   0.76354
FLUX  169   137.50        2.180309E+15   4.4319E-12   6.0214E-12   0.73603
FLUX  170   138.50        2.164567E+15   4.9484E-12   6.9181E-12   0.71529
FLUX  171   139.50        2.149050E+15   5.7035E-12   7.9221E-12   0.71994
FLUX  172   140.50        2.133754E+15   6.6834E-12   9.0470E-12   0.73874
FLUX  173   141.50        2.118675E+15   7.5837E-12   1.0302E-11   0.73612
FLUX  174   142.50        2.103807E+15   8.4151E-12   1.1706E-11   0.71887
FLUX  175   143.50        2.089146E+15   9.4775E-12   1.3266E-11   0.71441
FLUX  176   144.20        2.079005E+15   1.1469E-11   1.4463E-11   0.79299
FLUX  177   144.70        2.071821E+15   1.1169E-11   1.5434E-11   0.72369
FLUX  178   145.50        2.060430E+15   1.2945E-11   1.6996E-11   0.76164
FLUX  179   146.50        2.046365E+15   1.4587E-11   1.9139E-11   0.76216
FLUX  180   147.50        2.032492E+15   1.5605E-11   2.1508E-11   0.72554
FLUX  181   148.50        2.018805E+15   1.7835E-11   2.4123E-11   0.73935
FLUX  182   149.50        2.005301E+15   2.2035E-11   2.7007E-11   0.81588
FLUX  183   150.50        1.991977E+15   2.5711E-11   3.0179E-11   0.85195
FLUX  184   151.20        1.982755E+15   2.4359E-11   3.2586E-11   0.74753
FLUX  185   151.70        1.976220E+15   2.8138E-11   4.2096E-11   0.66844
FLUX  186   152.50        1.965852E+15   3.4609E-11   8.7741E-11   0.39445
FLUX  187   153.50        1.953046E+15   6.6661E-11   1.9599E-10   0.34013
FLUX  188   154.50        1.940405E+15   7.6417E-11   2.1848E-10   0.34976
FLUX  189   155.50        1.927926E+15   9.3789E-11   2.4298E-10   0.38600
FLUX  190   156.50        1.915607E+15   9.2442E-11   2.6981E-10   0.34262
FLUX  191   157.50        1.903444E+15   1.2806E-10   3.1746E-10   0.40340
FLUX  192   158.50        1.891435E+15   1.4692E-10   3.5218E-10   0.41717
FLUX  193   159.50        1.879577E+15   1.6888E-10   3.9017E-10   0.43285
FLUX  194   160.50        1.867866E+15   1.7932E-10   4.3126E-10   0.41581
FLUX  195   161.50        1.856300E+15   2.0845E-10   4.7526E-10   0.43860
FLUX  196   162.50        1.844877E+15   2.3280E-10   5.3247E-10   0.43721
FLUX  197   163.50        1.833593E+15   2.9726E-10   5.8492E-10   0.50822
FLUX  198   164.50        1.822447E+15   3.8937E-10   6.4116E-10   0.60730
FLUX  199   165.50        1.811435E+15   2.8731E-10   7.0172E-10   0.40943
FLUX  200   166.50        1.800556E+15   4.7593E-10   7.6694E-10   0.62055
FLUX  201   167.20        1.793017E+15   3.6728E-10   8.1540E-10   0.45043
FLUX  202   167.70        1.787671E+15   5.3782E-10   2.5066E-09   0.21456
FLUX  203   168.50        1.779184E+15   7.8941E-10   4.8198E-08   0.01638
FLUX  204   169.50        1.768687E+15   1.0549E-09   5.2063E-08   0.02026
FLUX  205   170.50        1.758314E+15   1.9926E-09   5.6211E-08   0.03545
FLUX  206   171.50        1.748061E+15   4.9555E-09   8.4312E-08   0.05878
FLUX  207   172.50        1.737928E+15   7.8266E-09   9.0153E-08   0.08681
FLUX  208   173.50        1.727911E+15   1.2229E-08   9.5075E-08   0.12863
FLUX  209   174.50        1.718009E+15   1.3926E-08   1.0061E-07   0.13841
FLUX  210   175.50        1.708219E+15   2.2609E-08   1.0524E-07   0.21482
FLUX  211   176.50        1.698541E+15   1.4261E-08   1.0973E-07   0.12997
FLUX  212   177.50        1.688972E+15   2.1455E-08   1.1411E-07   0.18802
FLUX  213   178.50        1.679510E+15   2.6884E-08   1.1833E-07   0.22719
FLUX  214   179.50        1.670153E+15   4.1135E-08   1.2242E-07   0.33600
FLUX  215   180.50        1.660900E+15   2.8883E-08   1.2658E-07   0.22818
FLUX  216   181.50        1.651749E+15   2.9387E-08   1.3055E-07   0.22510
FLUX  217   182.50        1.642699E+15   2.9554E-08   1.3450E-07   0.21974
FLUX  218   183.50        1.633747E+15   3.4418E-08   1.3817E-07   0.24910
FLUX  219   184.50        1.624892E+15   2.0081E-08   1.4177E-07   0.14165
FLUX  220   185.50        1.616132E+15   3.6280E-08   1.4548E-07   0.24938
FLUX  221   186.50        1.607466E+15   5.4143E-08   1.4867E-07   0.36417
FLUX  222   187.50        1.598893E+15   5.1563E-08   1.5982E-07   0.32264
FLUX  223   188.50        1.590411E+15   5.6082E-08   1.6240E-07   0.34533
FLUX  224   189.50        1.582018E+15   6.6612E-08   1.6468E-07   0.40450
FLUX  225   190.50        1.573714E+15   6.0855E-08   1.6663E-07   0.36520
FLUX  226   191.50        1.565496E+15   6.9188E-08   1.6848E-07   0.41065
FLUX  227   192.50        1.557364E+15   5.5291E-08   1.7014E-07   0.32497
FLUX  228   193.50        1.549315E+15   2.2084E-08   1.7156E-07   0.12872
FLUX  229   194.50        1.541350E+15   7.8432E-08   1.7331E-07   0.45255
FLUX  230   195.50        1.533465E+15   8.6605E-08   1.7507E-07   0.49469
FLUX  231   196.70        1.524110E+15   1.0635E-07   1.7700E-07   0.60082
FLUX  232   197.60        1.517169E+15   9.3904E-08   1.9689E-07   0.47694
FLUX  233   198.40        1.511051E+15   8.9096E-08   1.9929E-07   0.44707
FLUX  234   199.50        1.502719E+15   1.0006E-07   2.1261E-07   0.47062
FLUX  235   200.50        1.495224E+15   9.5438E-08   2.1689E-07   0.44002
FLUX  236   201.50        1.487804E+15   1.0281E-07   2.2199E-07   0.46314
FLUX  237   202.50        1.480457E+15   8.2226E-08   2.2685E-07   0.36247
FLUX  238   203.50        1.473182E+15   1.2299E-07   2.3176E-07   0.53066
FLUX  239   204.50        1.465978E+15   1.4168E-07   2.3737E-07   0.59686
FLUX  240   205.50        1.458844E+15   1.3171E-07   2.4249E-07   0.54315
FLUX  241   206.50        1.451780E+15   1.2553E-07   2.4719E-07   0.50782
FLUX  242   207.40        1.445480E+15   1.4907E-07   2.5119E-07   0.59345
FLUX  243   207.80        1.442697E+15   2.1685E-07   5.5062E-07   0.39384
FLUX  244   208.50        1.437854E+15   2.0451E-07   5.6268E-07   0.36345
FLUX  245   209.50        1.430990E+15   2.1242E-07   5.7955E-07   0.36653
FLUX  246   210.50        1.424192E+15   2.3833E-07   5.9549E-07   0.40023
FLUX  247   211.50        1.417459E+15   2.8407E-07   6.1031E-07   0.46545
FLUX  248   212.50        1.410788E+15   2.5142E-07   6.2507E-07   0.40223
FLUX  249   213.50        1.404180E+15   2.2643E-07   6.3982E-07   0.35390
FLUX  250   214.50        1.397634E+15   3.0363E-07   6.5399E-07   0.46428
FLUX  251   215.50        1.391148E+15   3.1013E-07   6.6806E-07   0.46423
FLUX  252   216.50        1.384723E+15   2.7617E-07   6.8227E-07   0.40478
FLUX  253   217.50        1.378356E+15   2.8628E-07   6.9659E-07   0.41097
FLUX  254   218.50        1.372048E+15   3.4575E-07   7.1140E-07   0.48601
FLUX  255   219.50        1.365797E+15   3.7330E-07   7.2643E-07   0.51388
FLUX  256   220.50        1.359603E+15   3.5178E-07   7.4166E-07   0.47431
FLUX  257   221.50        1.353465E+15   2.7295E-07   7.5718E-07   0.36049
FLUX  258   222.50        1.347382E+15   3.1012E-07   7.7644E-07   0.39941
FLUX  259   223.50        1.341353E+15   4.0903E-07   7.9263E-07   0.51604
FLUX  260   224.50        1.335379E+15   3.8335E-07   8.0898E-07   0.47387
FLUX  261   225.50        1.329457E+15   2.9624E-07   8.4682E-07   0.34982
FLUX  262   226.50        1.323587E+15   2.9057E-07   8.6275E-07   0.33680
FLUX  263   227.50        1.317769E+15   3.3889E-07   8.7871E-07   0.38566
FLUX  264   228.50        1.312002E+15   4.0856E-07   8.9462E-07   0.45669
FLUX  265   229.50        1.306285E+15   3.4268E-07   9.1052E-07   0.37636
FLUX  266   230.50        1.300618E+15   4.1538E-07   9.2631E-07   0.44843
FLUX  267   231.50        1.295000E+15   3.8078E-07   9.4213E-07   0.40416
FLUX  268   232.50        1.289430E+15   3.6795E-07   9.5794E-07   0.38410
FLUX  269   233.50        1.283908E+15   2.5358E-07   9.7884E-07   0.25907
FLUX  270   234.50        1.278433E+15   1.5907E-07   9.9451E-07   0.15995
FLUX  271   235.50        1.273004E+15   3.5026E-07   1.0102E-06   0.34672
FLUX  272   236.50        1.267622E+15   1.8020E-07   1.0260E-06   0.17564
FLUX  273   237.50        1.262284E+15   2.6776E-07   1.0419E-06   0.25700
FLUX  274   238.50        1.256992E+15   1.2283E-07   1.0580E-06   0.11610
FLUX  275   239.50        1.251743E+15   1.7797E-07   1.0740E-06   0.16571
FLUX  276   240.50        1.246538E+15   1.7849E-07   1.0901E-06   0.16373
FLUX  277   241.50        1.241377E+15   2.2899E-07   1.1063E-06   0.20698
FLUX  278   242.50        1.236258E+15   4.1691E-07   1.1226E-06   0.37137
FLUX  279   243.50        1.231181E+15   4.1073E-07   1.1390E-06   0.36060
FLUX  280   244.50        1.226145E+15   4.9619E-07   1.1633E-06   0.42654
FLUX  281   245.50        1.221151E+15   5.1146E-07   1.1795E-06   0.43363
FLUX  282   246.50        1.216197E+15   4.8395E-07   1.1957E-06   0.40474
FLUX  283   247.50        1.211283E+15   4.2219E-07   1.2120E-06   0.34835
FLUX  284   248.50        1.206408E+15   3.1237E-07   1.2283E-06   0.25431
FLUX  285   249.50        1.201573E+15   3.4943E-07   1.2447E-06   0.28074
FLUX  286   250.50        1.196776E+15   5.2579E-07   1.2672E-06   0.41491
FLUX  287   251.30        1.192967E+15   2.9899E-07   1.2802E-06   0.23356
FLUX  288   251.80        1.190598E+15   2.1617E-07   1.5879E-06   0.13613
FLUX  289   252.50        1.187297E+15   2.0663E-07   1.6035E-06   0.12886
FLUX  290   253.50        1.182613E+15   2.3724E-07   1.6258E-06   0.14592
FLUX  291   254.50        1.177967E+15   2.8224E-07   1.6481E-06   0.17125
FLUX  292   255.50        1.173356E+15   4.6028E-07   1.6704E-06   0.27554
FLUX  293   256.50        1.168782E+15   3.9705E-07   1.6928E-06   0.23455
FLUX  294   257.50        1.164243E+15   5.1472E-07   1.7152E-06   0.30009
FLUX  295   258.50        1.159739E+15   4.7395E-07   1.7378E-06   0.27273
FLUX  296   259.50        1.155270E+15   4.3572E-07   1.7604E-06   0.24751
FLUX  297   260.50        1.150835E+15   3.6327E-07   1.7831E-06   0.20373
FLUX  298   261.50        1.146434E+15   3.2590E-07   1.8058E-06   0.18048
FLUX  299   262.50        1.142067E+15   4.7482E-07   1.8285E-06   0.25967
FLUX  300   263.50        1.137732E+15   7.0725E-07   1.8542E-06   0.38144
FLUX  301   264.50        1.133431E+15   9.6699E-07   1.8770E-06   0.51517
FLUX  302   265.50        1.129162E+15   1.1400E-06   1.9000E-06   0.59999
FLUX  303   266.50        1.124925E+15   8.3380E-07   1.9230E-06   0.43360
FLUX  304   267.50        1.120720E+15   9.5895E-07   1.9461E-06   0.49277
FLUX  305   268.50        1.116546E+15   1.0423E-06   1.9692E-06   0.52931
FLUX  306   269.50        1.112403E+15   8.2821E-07   1.9923E-06   0.41571
FLUX  307   270.50        1.108290E+15   9.7393E-07   2.0186E-06   0.48247
FLUX  308   271.50        1.104208E+15   7.6106E-07   2.0417E-06   0.37276
FLUX  309   272.50        1.100156E+15   7.4882E-07   2.0648E-06   0.36265
FLUX  310   273.50        1.096133E+15   8.5314E-07   2.0880E-06   0.40859
FLUX  311   274.50        1.092140E+15   4.6537E-07   2.1112E-06   0.22043
FLUX  312   275.50        1.088176E+15   6.3349E-07   2.1345E-06   0.29678
FLUX  313   276.50        1.084241E+15   8.0116E-07   2.1578E-06   0.37128
FLUX  314   277.50        1.080333E+15   9.3086E-07   2.1811E-06   0.42679
FLUX  315   278.50        1.076454E+15   5.7144E-07   2.2044E-06   0.25922
FLUX  316   279.50        1.072603E+15   1.6359E-07   2.2278E-06   0.07343
FLUX  317   280.50        1.068779E+15   2.2702E-07   2.2512E-06   0.10084
FLUX  318   281.50        1.064982E+15   8.9539E-07   2.2747E-06   0.39363
FLUX  319   282.50        1.061212E+15   1.2416E-06   2.2982E-06   0.54027
FLUX  320   283.50        1.057469E+15   1.1783E-06   2.3218E-06   0.50752
FLUX  321   284.50        1.053752E+15   1.0085E-06   2.3454E-06   0.43001
FLUX  322   285.50        1.050061E+15   5.6017E-07   2.3690E-06   0.23646
FLUX  323   286.50        1.046396E+15   1.2068E-06   2.3926E-06   0.50438
FLUX  324   287.50        1.042757E+15   1.3207E-06   2.4163E-06   0.54658
FLUX  325   288.50        1.039142E+15   1.2334E-06   2.4400E-06   0.50547
FLUX  326   289.50        1.035553E+15   1.2927E-06   2.4638E-06   0.52469
FLUX  327   291.00        1.030215E+15   1.6298E-06   2.5014E-06   0.65154
FLUX  328   293.00        1.023183E+15   1.5157E-06   2.5488E-06   0.59464
FLUX  329   295.00        1.016246E+15   1.5120E-06   2.5968E-06   0.58225
FLUX  330   297.00        1.009402E+15   1.6528E-06   2.6442E-06   0.62508
FLUX  331   299.00        1.002651E+15   1.6619E-06   2.6918E-06   0.61740
FLUX  332   301.00        9.959884E+14   1.7630E-06   2.7394E-06   0.64357
FLUX  333   303.00        9.894142E+14   1.7821E-06   2.7872E-06   0.63939
FLUX  334   305.00        9.829262E+14   1.8736E-06   2.8347E-06   0.66096
FLUX  335   307.00        9.765228E+14   1.8828E-06   2.8821E-06   0.65327
FLUX  336   309.00        9.702023E+14   1.9141E-06   2.9313E-06   0.65301
FLUX  337   311.00        9.639630E+14   1.9402E-06   2.9784E-06   0.65143
FLUX  338   313.00        9.578035E+14   1.9441E-06   3.0259E-06   0.64248
FLUX  339   315.00        9.517222E+14   1.9293E-06   3.0728E-06   0.62786
FLUX  340   317.00        9.457177E+14   2.0507E-06   3.1196E-06   0.65735
FLUX  341   319.00        9.397884E+14   1.8995E-06   3.1664E-06   0.59991
FLUX  342   321.00        9.339330E+14   2.0912E-06   3.2132E-06   0.65080
FLUX  343   323.00        9.281502E+14   1.8903E-06   3.2605E-06   0.57977
FLUX  344   325.00        9.224385E+14   2.2242E-06   3.3071E-06   0.67257
FLUX  345   327.00        9.167966E+14   2.4705E-06   3.3535E-06   0.73670
FLUX  346   329.00        9.112234E+14   2.4684E-06   3.4000E-06   0.72599
FLUX  347   331.00        9.057175E+14   2.5293E-06   3.4462E-06   0.73394
FLUX  348   333.00        9.002778E+14   2.5260E-06   3.4922E-06   0.72334
FLUX  349   335.00        8.949030E+14   2.5172E-06   3.5380E-06   0.71147
FLUX  350   337.00        8.895920E+14   2.2754E-06   3.5840E-06   0.63490
FLUX  351   339.00        8.843437E+14   2.5075E-06   3.6299E-06   0.69078
FLUX  352   341.00        8.791569E+14   2.5497E-06   3.6756E-06   0.69369
FLUX  353   343.00        8.740306E+14   2.6671E-06   3.7210E-06   0.71675
FLUX  354   345.00        8.689638E+14   2.7202E-06   3.7666E-06   0.72218
FLUX  355   347.00        8.639553E+14   2.7577E-06   3.8122E-06   0.72341
FLUX  356   349.00        8.590043E+14   2.8629E-06   3.8575E-06   0.74216
FLUX  357   351.00        8.541097E+14   2.9774E-06   3.9027E-06   0.76291
FLUX  358   353.00        8.492705E+14   2.8826E-06   3.9478E-06   0.73017
FLUX  359   355.00        8.444859E+14   3.2156E-06   3.9930E-06   0.80531
FLUX  360   357.00        8.397549E+14   2.8672E-06   4.0386E-06   0.70995
FLUX  361   359.00        8.350766E+14   2.8625E-06   4.0841E-06   0.70088
FLUX  362   361.00        8.304501E+14   2.9939E-06   4.1295E-06   0.72499
FLUX  363   363.00        8.258747E+14   3.0537E-06   4.1747E-06   0.73147
FLUX  364   364.00        8.236058E+14   3.0737E-06   4.1974E-06   0.73227
FLUX  365   365.00        8.213493E+14   3.3677E-06   6.2881E-06   0.53558
FLUX  366   367.00        8.168733E+14   3.3705E-06   6.3447E-06   0.53123
FLUX  367   369.00        8.124458E+14   3.3085E-06   6.4010E-06   0.51688
FLUX  368   371.00        8.080660E+14   3.5016E-06   6.4570E-06   0.54229
FLUX  369   373.00        8.037332E+14   3.3045E-06   6.5125E-06   0.50741
FLUX  370   375.00        7.994467E+14   3.7233E-06   6.5676E-06   0.56692
FLUX  371   377.00        7.952056E+14   4.0816E-06   6.6310E-06   0.61553
FLUX  372   379.00        7.910092E+14   4.4602E-06   6.6863E-06   0.66706
FLUX  373   381.00        7.868570E+14   4.8350E-06   6.7412E-06   0.71724
FLUX  374   383.00        7.827480E+14   3.8882E-06   6.7956E-06   0.57217
FLUX  375   385.00        7.786818E+14   4.9679E-06   6.8504E-06   0.72521
FLUX  376   387.00        7.746576E+14   5.1188E-06   6.9040E-06   0.74143
FLUX  377   389.00        7.706748E+14   4.4514E-06   6.9579E-06   0.63977
FLUX  378   391.00        7.667327E+14   5.2122E-06   7.0115E-06   0.74338
FLUX  379   393.00        7.628308E+14   3.4249E-06   7.0646E-06   0.48479
FLUX  380   395.00        7.589684E+14   5.0713E-06   7.1172E-06   0.71254
FLUX  381   397.00        7.551448E+14   3.6221E-06   7.1693E-06   0.50521
FLUX  382   399.00        7.513596E+14   5.8011E-06   7.2209E-06   0.80338
FLUX  383   401.00        7.476122E+14   6.1199E-06   7.2732E-06   0.84143
FLUX  384   403.00        7.439020E+14   6.1692E-06   7.3248E-06   0.84225
FLUX  385   405.00        7.402284E+14   6.1227E-06   7.3757E-06   0.83011
FLUX  386   407.00        7.365909E+14   6.0913E-06   7.4261E-06   0.82026
FLUX  387   409.00        7.329890E+14   6.2393E-06   7.4760E-06   0.83458
FLUX  388   411.00        7.294221E+14   5.6908E-06   7.5253E-06   0.75622
FLUX  389   413.00        7.258898E+14   6.4898E-06   7.5740E-06   0.85684
FLUX  390   415.00        7.223916E+14   6.6568E-06   7.6228E-06   0.87328
FLUX  391   417.00        7.189269E+14   6.6846E-06   7.6710E-06   0.87140
FLUX  392   419.00        7.154952E+14   6.6094E-06   7.7186E-06   0.85629
FLUX  393   421.00        7.120962E+14   6.6522E-06   7.7656E-06   0.85663
FLUX  394   423.00        7.087293E+14   6.4921E-06   7.8120E-06   0.83104
FLUX  395   425.00        7.053941E+14   6.6683E-06   7.8579E-06   0.84861
FLUX  396   427.00        7.020902E+14   6.5842E-06   7.9032E-06   0.83310
FLUX  397   429.00        6.988170E+14   6.2916E-06   7.9481E-06   0.79159
FLUX  398   431.00        6.955742E+14   5.7133E-06   7.9926E-06   0.71482
FLUX  399   433.00        6.923614E+14   6.5643E-06   8.0365E-06   0.81682
FLUX  400   435.00        6.891782E+14   6.1498E-06   8.0799E-06   0.76112
FLUX  401   437.00        6.860240E+14   7.1697E-06   8.1227E-06   0.88267
FLUX  402   439.00        6.828986E+14   6.9713E-06   8.1651E-06   0.85379
FLUX  403   441.00        6.798016E+14   7.1505E-06   8.2071E-06   0.87126
FLUX  404   443.00        6.767325E+14   7.3558E-06   8.2486E-06   0.89176
FLUX  405   445.00        6.736910E+14   7.3478E-06   8.2896E-06   0.88638
FLUX  406   447.00        6.706767E+14   7.5119E-06   8.3303E-06   0.90175
FLUX  407   449.00        6.676893E+14   7.6198E-06   8.3705E-06   0.91031
FLUX  408   451.00        6.647284E+14   7.9911E-06   8.4103E-06   0.95015
FLUX  409   453.00        6.617936E+14   7.6251E-06   8.4498E-06   0.90241
FLUX  410   455.00        6.588846E+14   7.7564E-06   8.4887E-06   0.91373
FLUX  411   457.00        6.560011E+14   8.1240E-06   8.5273E-06   0.95270
FLUX  412   459.00        6.531427E+14   7.9063E-06   8.5654E-06   0.92305
FLUX  413   461.00        6.503091E+14   8.1017E-06   8.6031E-06   0.94172
FLUX  414   463.00        6.475000E+14   8.0667E-06   8.6405E-06   0.93360
FLUX  415   465.00        6.447151E+14   8.1711E-06   8.6774E-06   0.94165
FLUX  416   467.00        6.419540E+14   8.3434E-06   8.7140E-06   0.95747
FLUX  417   469.00        6.392164E+14   8.2974E-06   8.7502E-06   0.94826
FLUX  418   471.00        6.365021E+14   8.1138E-06   8.7859E-06   0.92350
FLUX  419   473.00        6.338108E+14   8.4268E-06   8.8214E-06   0.95527
FLUX  420   475.00        6.311421E+14   8.5169E-06   8.8564E-06   0.96167
FLUX  421   477.00        6.284958E+14   8.5432E-06   8.8911E-06   0.96086
FLUX  422   479.00        6.258716E+14   8.5535E-06   8.9255E-06   0.95832
FLUX  423   481.00        6.232692E+14   8.5953E-06   8.9594E-06   0.95936
FLUX  424   483.00        6.206884E+14   8.6192E-06   8.9930E-06   0.95843
FLUX  425   485.00        6.181289E+14   8.1259E-06   9.0262E-06   0.90026
FLUX  426   487.00        6.155903E+14   7.1875E-06   9.0591E-06   0.79340
FLUX  427   489.00        6.130726E+14   8.5251E-06   9.0916E-06   0.93769
FLUX  428   491.00        6.105754E+14   8.6169E-06   9.1238E-06   0.94444
FLUX  429   493.00        6.080984E+14   8.5339E-06   9.1556E-06   0.93209
FLUX  430   495.00        6.056414E+14   8.7542E-06   9.1871E-06   0.95288
FLUX  431   497.00        6.032042E+14   8.9157E-06   9.2182E-06   0.96718
FLUX  432   499.00        6.007866E+14   8.5979E-06   9.2488E-06   0.92962
FLUX  433   501.00        5.983882E+14   8.4362E-06   9.2791E-06   0.90916
FLUX  434   503.00        5.960089E+14   8.8221E-06   9.3091E-06   0.94768
FLUX  435   505.00        5.936485E+14   8.8048E-06   9.3387E-06   0.94283
FLUX  436   507.00        5.913067E+14   9.0451E-06   9.3679E-06   0.96554
FLUX  437   509.00        5.889833E+14   8.9227E-06   9.3969E-06   0.94954
FLUX  438   511.00        5.866781E+14   9.0329E-06   9.4255E-06   0.95835
FLUX  439   513.00        5.843908E+14   8.9610E-06   9.4537E-06   0.94788
FLUX  440   515.00        5.821214E+14   8.8394E-06   9.4816E-06   0.93226
FLUX  441   517.00        5.798694E+14   8.5978E-06   9.5092E-06   0.90416
FLUX  442   519.00        5.776349E+14   8.6347E-06   9.5364E-06   0.90544
FLUX  443   521.00        5.754175E+14   8.8977E-06   9.5633E-06   0.93040
FLUX  444   523.00        5.732170E+14   9.0304E-06   9.5899E-06   0.94165
FLUX  445   525.00        5.710333E+14   9.2701E-06   9.6162E-06   0.96401
FLUX  446   527.00        5.688662E+14   8.7297E-06   9.6421E-06   0.90537
FLUX  447   529.00        5.667155E+14   9.2706E-06   9.6678E-06   0.95891
FLUX  448   531.00        5.645810E+14   9.4051E-06   9.6932E-06   0.97028
FLUX  449   533.00        5.624625E+14   9.0303E-06   9.7182E-06   0.92921
FLUX  450   535.00        5.603598E+14   9.3969E-06   9.7430E-06   0.96448
FLUX  451   537.00        5.582728E+14   9.3825E-06   9.7674E-06   0.96059
FLUX  452   539.00        5.562013E+14   9.3976E-06   9.7915E-06   0.95977
FLUX  453   541.00        5.541451E+14   9.2751E-06   9.8153E-06   0.94496
FLUX  454   543.00        5.521041E+14   9.4431E-06   9.8388E-06   0.95978
FLUX  455   545.00        5.500780E+14   9.5687E-06   9.8620E-06   0.97026
FLUX  456   547.00        5.480667E+14   9.5480E-06   9.8849E-06   0.96592
FLUX  457   549.00        5.460701E+14   9.6027E-06   9.9075E-06   0.96923
FLUX  458   551.00        5.440880E+14   9.6485E-06   9.9298E-06   0.97167
FLUX  459   553.00        5.421203E+14   9.6790E-06   9.9519E-06   0.97258
FLUX  460   555.00        5.401667E+14   9.8023E-06   9.9737E-06   0.98281
FLUX  461   557.00        5.382271E+14   9.6695E-06   9.9952E-06   0.96741
FLUX  462   559.00        5.363014E+14   9.6366E-06   1.0016E-05   0.96209
FLUX  463   561.00        5.343895E+14   9.7468E-06   1.0037E-05   0.97106
FLUX  464   563.00        5.324911E+14   9.8723E-06   1.0060E-05   0.98133
FLUX  465   565.00        5.306062E+14   9.8824E-06   1.0080E-05   0.98035
FLUX  466   567.00        5.287346E+14   9.8027E-06   1.0101E-05   0.97051
FLUX  467   569.00        5.268761E+14   9.9173E-06   1.0120E-05   0.97994
FLUX  468   571.00        5.250306E+14   9.8618E-06   1.0140E-05   0.97258
FLUX  469   573.00        5.231981E+14   1.0117E-05   1.0159E-05   0.99586
FLUX  470   575.00        5.213783E+14   1.0034E-05   1.0178E-05   0.98590
FLUX  471   577.00        5.195711E+14   1.0098E-05   1.0197E-05   0.99035
FLUX  472   579.00        5.177763E+14   1.0063E-05   1.0215E-05   0.98510
FLUX  473   581.00        5.159940E+14   1.0146E-05   1.0233E-05   0.99154
FLUX  474   583.00        5.142238E+14   1.0208E-05   1.0251E-05   0.99587
FLUX  475   585.00        5.124658E+14   1.0138E-05   1.0268E-05   0.98736
FLUX  476   587.00        5.107198E+14   1.0182E-05   1.0285E-05   0.98995
FLUX  477   589.00        5.089856E+14   9.9505E-06   1.0302E-05   0.96584
FLUX  478   591.00        5.072631E+14   1.0215E-05   1.0319E-05   0.98993
FLUX  479   593.00        5.055523E+14   1.0234E-05   1.0335E-05   0.99014
FLUX  480   595.00        5.038529E+14   1.0278E-05   1.0352E-05   0.99287
FLUX  481   597.00        5.021650E+14   1.0296E-05   1.0367E-05   0.99308
FLUX  482   599.00        5.004883E+14   1.0293E-05   1.0383E-05   0.99133
FLUX  483   601.00        4.988228E+14   1.0261E-05   1.0399E-05   0.98676
FLUX  484   603.00        4.971683E+14   1.0276E-05   1.0414E-05   0.98677
FLUX  485   605.00        4.955248E+14   1.0389E-05   1.0429E-05   0.99616
FLUX  486   607.00        4.938921E+14   1.0401E-05   1.0443E-05   0.99596
FLUX  487   609.00        4.922701E+14   1.0365E-05   1.0458E-05   0.99108
FLUX  488   611.00        4.906588E+14   1.0337E-05   1.0472E-05   0.98705
FLUX  489   613.00        4.890579E+14   1.0191E-05   1.0486E-05   0.97184
FLUX  490   615.00        4.874675E+14   1.0259E-05   1.0500E-05   0.97705
FLUX  491   617.00        4.858874E+14   1.0179E-05   1.0514E-05   0.96813
FLUX  492   619.00        4.843174E+14   1.0416E-05   1.0527E-05   0.98943
FLUX  493   621.00        4.827576E+14   1.0463E-05   1.0540E-05   0.99268
FLUX  494   623.00        4.812079E+14   1.0376E-05   1.0553E-05   0.98321
FLUX  495   625.00        4.796680E+14   1.0231E-05   1.0566E-05   0.96828
FLUX  496   627.00        4.781380E+14   1.0492E-05   1.0578E-05   0.99189
FLUX  497   629.00        4.766176E+14   1.0527E-05   1.0590E-05   0.99404
FLUX  498   631.00        4.751070E+14   1.0411E-05   1.0602E-05   0.98193
FLUX  499   633.00        4.736058E+14   1.0466E-05   1.0614E-05   0.98602
FLUX  500   635.00        4.721142E+14   1.0515E-05   1.0626E-05   0.98957
FLUX  501   637.00        4.706319E+14   1.0525E-05   1.0637E-05   0.98946
FLUX  502   639.00        4.691588E+14   1.0552E-05   1.0648E-05   0.99093
FLUX  503   641.00        4.676950E+14   1.0457E-05   1.0659E-05   0.98107
FLUX  504   643.00        4.662403E+14   1.0528E-05   1.0670E-05   0.98674
FLUX  505   645.00        4.647946E+14   1.0495E-05   1.0681E-05   0.98266
FLUX  506   647.00        4.633578E+14   1.0527E-05   1.0691E-05   0.98465
FLUX  507   649.00        4.619299E+14   1.0451E-05   1.0701E-05   0.97667
FLUX  508   651.00        4.605108E+14   1.0582E-05   1.0711E-05   0.98792
FLUX  509   653.00        4.591003E+14   1.0589E-05   1.0721E-05   0.98776
FLUX  510   655.00        4.576985E+14   1.0187E-05   1.0733E-05   0.94914
FLUX  511   657.00        4.563052E+14   8.9154E-06   1.0742E-05   0.82995
FLUX  512   659.00        4.549203E+14   1.0496E-05   1.0751E-05   0.97626
FLUX  513   661.00        4.535439E+14   1.0669E-05   1.0760E-05   0.99157
FLUX  514   663.00        4.521757E+14   1.0701E-05   1.0769E-05   0.99366
FLUX  515   665.00        4.508158E+14   1.0718E-05   1.0777E-05   0.99448
FLUX  516   667.00        4.494640E+14   1.0676E-05   1.0786E-05   0.98983
FLUX  517   669.00        4.481203E+14   1.0763E-05   1.0794E-05   0.99717
FLUX  518   671.00        4.467846E+14   1.0724E-05   1.0802E-05   0.99283
FLUX  519   673.00        4.454569E+14   1.0771E-05   1.0810E-05   0.99645
FLUX  520   675.00        4.441370E+14   1.0745E-05   1.0817E-05   0.99335
FLUX  521   677.00        4.428250E+14   1.0773E-05   1.0825E-05   0.99523
FLUX  522   679.00        4.415206E+14   1.0780E-05   1.0832E-05   0.99521
FLUX  523   681.00        4.402239E+14   1.0774E-05   1.0839E-05   0.99406
FLUX  524   683.00        4.389348E+14   1.0802E-05   1.0846E-05   0.99593
FLUX  525   685.00        4.376533E+14   1.0753E-05   1.0852E-05   0.99086
FLUX  526   687.00        4.363792E+14   1.0803E-05   1.0859E-05   0.99480
FLUX  527   689.00        4.351125E+14   1.0826E-05   1.0865E-05   0.99636
FLUX  528   691.00        4.338531E+14   1.0822E-05   1.0871E-05   0.99541
FLUX  529   693.00        4.326010E+14   1.0830E-05   1.0877E-05   0.99562
FLUX  530   695.00        4.313561E+14   1.0833E-05   1.0883E-05   0.99540
FLUX  531   697.00        4.301184E+14   1.0850E-05   1.0889E-05   0.99645
FLUX  532   699.00        4.288877E+14   1.0857E-05   1.0894E-05   0.99657
FLUX  533   701.00        4.276641E+14   1.0772E-05   1.0900E-05   0.98827
FLUX  534   703.00        4.264474E+14   1.0840E-05   1.0905E-05   0.99406
FLUX  535   705.00        4.252376E+14   1.0869E-05   1.0910E-05   0.99628
FLUX  536   707.00        4.240347E+14   1.0861E-05   1.0915E-05   0.99507
FLUX  537   709.00        4.228385E+14   1.0865E-05   1.0920E-05   0.99496
FLUX  538   711.00        4.216491E+14   1.0847E-05   1.0924E-05   0.99291
FLUX  539   713.00        4.204663E+14   1.0831E-05   1.0929E-05   0.99107
FLUX  540   715.00        4.192902E+14   1.0824E-05   1.0933E-05   0.99003
FLUX  541   717.00        4.181206E+14   1.0835E-05   1.0937E-05   0.99070
FLUX  542   719.00        4.169576E+14   1.0765E-05   1.0941E-05   0.98395
FLUX  543   721.00        4.158010E+14   1.0825E-05   1.0945E-05   0.98911
FLUX  544   723.00        4.146508E+14   1.0857E-05   1.0948E-05   0.99168
FLUX  545   725.00        4.135069E+14   1.0890E-05   1.0953E-05   0.99421
FLUX  546   727.00        4.123693E+14   1.0899E-05   1.0957E-05   0.99472
FLUX  547   729.00        4.112380E+14   1.0811E-05   1.0960E-05   0.98646
FLUX  548   731.00        4.101129E+14   1.0876E-05   1.0966E-05   0.99174
FLUX  549   733.00        4.089939E+14   1.0869E-05   1.0969E-05   0.99088
FLUX  550   735.00        4.078810E+14   1.0915E-05   1.0972E-05   0.99485
FLUX  551   737.00        4.067741E+14   1.0932E-05   1.0975E-05   0.99609
FLUX  552   739.00        4.056732E+14   1.0847E-05   1.0977E-05   0.98817
FLUX  553   741.00        4.045783E+14   1.0775E-05   1.0979E-05   0.98144
FLUX  554   743.00        4.034892E+14   1.0849E-05   1.0981E-05   0.98790
FLUX  555   745.00        4.024060E+14   1.0876E-05   1.0984E-05   0.99024
FLUX  556   747.00        4.013286E+14   1.0915E-05   1.0985E-05   0.99359
FLUX  557   749.00        4.002570E+14   1.0883E-05   1.0987E-05   0.99054
FLUX  558   751.00        3.991911E+14   1.0901E-05   1.0989E-05   0.99197
FLUX  559   753.00        3.981308E+14   1.0924E-05   1.0990E-05   0.99393
FLUX  560   755.00        3.970762E+14   1.0955E-05   1.0992E-05   0.99665
FLUX  561   757.00        3.960271E+14   1.0929E-05   1.0993E-05   0.99412
FLUX  562   759.00        3.949835E+14   1.0930E-05   1.0994E-05   0.99412
FLUX  563   761.00        3.939455E+14   1.0928E-05   1.0995E-05   0.99387
FLUX  564   763.00        3.929128E+14   1.0948E-05   1.0996E-05   0.99557
FLUX  565   765.00        3.918856E+14   1.0942E-05   1.0997E-05   0.99498
FLUX  566   767.00        3.908638E+14   1.0842E-05   1.0998E-05   0.98584
FLUX  567   769.00        3.898472E+14   1.0936E-05   1.0998E-05   0.99434
FLUX  568   771.00        3.888359E+14   1.0891E-05   1.0999E-05   0.99022
FLUX  569   773.00        3.878299E+14   1.0933E-05   1.0999E-05   0.99396
FLUX  570   775.00        3.868290E+14   1.0884E-05   1.0999E-05   0.98954
FLUX  571   777.00        3.858333E+14   1.0893E-05   1.1000E-05   0.99027
FLUX  572   779.00        3.848427E+14   1.0963E-05   1.1000E-05   0.99664
FLUX  573   781.00        3.838572E+14   1.0961E-05   1.1000E-05   0.99648
FLUX  574   783.00        3.828768E+14   1.0913E-05   1.0999E-05   0.99215
FLUX  575   785.00        3.819013E+14   1.0924E-05   1.0999E-05   0.99317
FLUX  576   787.00        3.809307E+14   1.0968E-05   1.0999E-05   0.99718
FLUX  577   789.00        3.799651E+14   1.0966E-05   1.0998E-05   0.99708
FLUX  578   791.00        3.790044E+14   1.0943E-05   1.0998E-05   0.99507
FLUX  579   793.00        3.780485E+14   1.0854E-05   1.0997E-05   0.98702
FLUX  580   795.00        3.770975E+14   1.0883E-05   1.0996E-05   0.98971
FLUX  581   797.00        3.761512E+14   1.0969E-05   1.0995E-05   0.99761
FLUX  582   799.00        3.752096E+14   1.0971E-05   1.0994E-05   0.99792
FLUX  583   801.00        3.742728E+14   1.0926E-05   1.0993E-05   0.99392
FLUX  584   803.00        3.733406E+14   1.0938E-05   1.0992E-05   0.99514
FLUX  585   805.00        3.724130E+14   1.0915E-05   1.0990E-05   0.99314
FLUX  586   807.00        3.714901E+14   1.0960E-05   1.0989E-05   0.99742
FLUX  587   809.00        3.705717E+14   1.0904E-05   1.0987E-05   0.99242
FLUX  588   811.00        3.696578E+14   1.0959E-05   1.0986E-05   0.99756
FLUX  589   813.00        3.687485E+14   1.0974E-05   1.0984E-05   0.99909
FLUX  590   815.00        3.678436E+14   1.0963E-05   1.0982E-05   0.99824
FLUX  591   817.00        3.669431E+14   1.0958E-05   1.0980E-05   0.99797
FLUX  592   819.00        3.660470E+14   1.0813E-05   1.0978E-05   0.98499
FLUX  593   821.00        3.651553E+14   1.0871E-05   1.1107E-05   0.97868
FLUX  594   823.00        3.642679E+14   1.0849E-05   1.1105E-05   0.97689
FLUX  595   825.00        3.633848E+14   1.0892E-05   1.1103E-05   0.98094
FLUX  596   827.00        3.625060E+14   1.0954E-05   1.1101E-05   0.98672
FLUX  597   829.00        3.616315E+14   1.0943E-05   1.1099E-05   0.98594
FLUX  598   831.00        3.607611E+14   1.0891E-05   1.1097E-05   0.98147
FLUX  599   833.00        3.598950E+14   1.0819E-05   1.1094E-05   0.97521
FLUX  600   835.00        3.590329E+14   1.0908E-05   1.1092E-05   0.98340
FLUX  601   837.00        3.581750E+14   1.0928E-05   1.1089E-05   0.98548
FLUX  602   839.00        3.573212E+14   1.0846E-05   1.1086E-05   0.97835
FLUX  603   841.00        3.564715E+14   1.0922E-05   1.1084E-05   0.98544
FLUX  604   843.00        3.556257E+14   1.0868E-05   1.1081E-05   0.98082
FLUX  605   845.00        3.547840E+14   1.0852E-05   1.1078E-05   0.97961
FLUX  606   847.00        3.539463E+14   1.0829E-05   1.1075E-05   0.97781
FLUX  607   849.00        3.531125E+14   1.0817E-05   1.1072E-05   0.97701
FLUX  608   851.00        3.522826E+14   1.0459E-05   1.1069E-05   0.94486
FLUX  609   853.00        3.514566E+14   1.0806E-05   1.1066E-05   0.97651
FLUX  610   855.00        3.506345E+14   9.7267E-06   1.1063E-05   0.87924
FLUX  611   857.00        3.498162E+14   1.0931E-05   1.1059E-05   0.98843
FLUX  612   859.00        3.490017E+14   1.0792E-05   1.1056E-05   0.97613
FLUX  613   861.00        3.481911E+14   1.0737E-05   1.1052E-05   0.97147
FLUX  614   863.00        3.473841E+14   1.0931E-05   1.1049E-05   0.98934
FLUX  615   865.00        3.465809E+14   1.0850E-05   1.1045E-05   0.98233
FLUX  616   867.00        3.457814E+14   9.7540E-06   1.1042E-05   0.88337
FLUX  617   869.00        3.449856E+14   1.0773E-05   1.1038E-05   0.97602
FLUX  618   871.00        3.441935E+14   1.0919E-05   1.1034E-05   0.98957
FLUX  619   873.00        3.434049E+14   1.0877E-05   1.1031E-05   0.98609
FLUX  620   875.00        3.426200E+14   1.0385E-05   1.1027E-05   0.94181
FLUX  621   877.00        3.418387E+14   1.0860E-05   1.1023E-05   0.98524
FLUX  622   879.00        3.410609E+14   1.0910E-05   1.1019E-05   0.99015
FLUX  623   881.00        3.402866E+14   1.0837E-05   1.1015E-05   0.98385
FLUX  624   883.00        3.395159E+14   1.0862E-05   1.1011E-05   0.98653
FLUX  625   885.00        3.387486E+14   1.0758E-05   1.1006E-05   0.97742
FLUX  626   887.00        3.379848E+14   1.0275E-05   1.1002E-05   0.93387
FLUX  627   889.00        3.372244E+14   1.0886E-05   1.0998E-05   0.98987
FLUX  628   891.00        3.364675E+14   1.0919E-05   1.0994E-05   0.99326
FLUX  629   893.00        3.357139E+14   1.0868E-05   1.0989E-05   0.98899
FLUX  630   895.00        3.349637E+14   1.0910E-05   1.0985E-05   0.99318
FLUX  631   897.00        3.342168E+14   1.0917E-05   1.0980E-05   0.99424
FLUX  632   899.00        3.334733E+14   1.0885E-05   1.0976E-05   0.99175
FLUX  633   901.00        3.327331E+14   1.0187E-05   1.0971E-05   0.92855
FLUX  634   903.00        3.319961E+14   1.0662E-05   1.0966E-05   0.97222
FLUX  635   905.00        3.312624E+14   1.0908E-05   1.0962E-05   0.99511
FLUX  636   907.00        3.305320E+14   1.0794E-05   1.0957E-05   0.98518
FLUX  637   909.00        3.298047E+14   1.0652E-05   1.0952E-05   0.97259
FLUX  638   911.00        3.290807E+14   1.0809E-05   1.0947E-05   0.98740
FLUX  639   913.00        3.283598E+14   1.0908E-05   1.0942E-05   0.99691
FLUX  640   915.00        3.276421E+14   1.0908E-05   1.0937E-05   0.99732
FLUX  641   917.00        3.269275E+14   1.0896E-05   1.0932E-05   0.99667
FLUX  642   919.00        3.262160E+14   1.0889E-05   1.0927E-05   0.99656
FLUX  643   921.00        3.255076E+14   1.0700E-05   1.0922E-05   0.97965
FLUX  644   923.00        3.248023E+14   9.9924E-06   1.0917E-05   0.91533
FLUX  645   925.00        3.241000E+14   1.0616E-05   1.0911E-05   0.97293
FLUX  646   927.00        3.234008E+14   1.0791E-05   1.0906E-05   0.98947
FLUX  647   929.00        3.227045E+14   1.0864E-05   1.0901E-05   0.99659
FLUX  648   931.00        3.220113E+14   1.0876E-05   1.0896E-05   0.99818
FLUX  649   933.00        3.213210E+14   1.0859E-05   1.0890E-05   0.99710
FLUX  650   935.00        3.206337E+14   1.0852E-05   1.0885E-05   0.99699
FLUX  651   937.00        3.199493E+14   1.0847E-05   1.0880E-05   0.99696
FLUX  652   939.00        3.192678E+14   1.0847E-05   1.0874E-05   0.99753
FLUX  653   941.00        3.185893E+14   1.0590E-05   1.0869E-05   0.97436
FLUX  654   943.00        3.179136E+14   1.0794E-05   1.0863E-05   0.99363
FLUX  655   945.00        3.172407E+14   1.0773E-05   1.0858E-05   0.99219
FLUX  656   947.00        3.165707E+14   1.0830E-05   1.0852E-05   0.99792
FLUX  657   949.00        3.159036E+14   1.0832E-05   1.0847E-05   0.99863
FLUX  658   951.00        3.152392E+14   1.0783E-05   1.0841E-05   0.99468
FLUX  659   953.00        3.145776E+14   1.0664E-05   1.0835E-05   0.98418
FLUX  660   955.00        3.139188E+14   9.9226E-06   1.0829E-05   0.91626
FLUX  661   957.00        3.132628E+14   1.0672E-05   1.0824E-05   0.98595
FLUX  662   959.00        3.126095E+14   1.0775E-05   1.0818E-05   0.99609
FLUX  663   961.00        3.119589E+14   1.0738E-05   1.0812E-05   0.99316
FLUX  664   963.00        3.113110E+14   1.0699E-05   1.0806E-05   0.99009
FLUX  665   965.00        3.106658E+14   1.0730E-05   1.0800E-05   0.99352
FLUX  666   967.00        3.100233E+14   1.0680E-05   1.0794E-05   0.98947
FLUX  667   969.00        3.093834E+14   1.0739E-05   1.0788E-05   0.99547
FLUX  668   971.00        3.087461E+14   1.0759E-05   1.0782E-05   0.99789
FLUX  669   973.00        3.081115E+14   1.0754E-05   1.0776E-05   0.99793
FLUX  670   975.00        3.074795E+14   1.0700E-05   1.0770E-05   0.99352
FLUX  671   977.00        3.068501E+14   1.0728E-05   1.0764E-05   0.99662
FLUX  672   979.00        3.062232E+14   1.0720E-05   1.0758E-05   0.99648
FLUX  673   981.00        3.055989E+14   1.0731E-05   1.0752E-05   0.99805
FLUX  674   983.00        3.049771E+14   1.0720E-05   1.0745E-05   0.99761
FLUX  675   985.00        3.043579E+14   1.0708E-05   1.0739E-05   0.99711
FLUX  676   987.00        3.037411E+14   1.0682E-05   1.0733E-05   0.99528
FLUX  677   989.00        3.031269E+14   1.0656E-05   1.0727E-05   0.99340
FLUX  678   991.00        3.025151E+14   1.0657E-05   1.0720E-05   0.99414
FLUX  679   993.00        3.019058E+14   1.0692E-05   1.0714E-05   0.99793
FLUX  680   995.00        3.012990E+14   1.0688E-05   1.0708E-05   0.99816
FLUX  681   997.00        3.006946E+14   1.0684E-05   1.0701E-05   0.99838
FLUX  682   999.00        3.000926E+14   1.0671E-05   1.0695E-05   0.99776
FLUX  683  1002.50        2.990449E+14   1.0491E-05   1.0683E-05   0.98199
FLUX  684  1007.50        2.975608E+14   1.0297E-05   1.0667E-05   0.96531
FLUX  685  1012.50        2.960914E+14   1.0600E-05   1.0651E-05   0.99519
FLUX  686  1017.50        2.946364E+14   1.0572E-05   1.0635E-05   0.99407
FLUX  687  1022.50        2.931956E+14   1.0585E-05   1.0618E-05   0.99688
FLUX  688  1027.50        2.917689E+14   1.0589E-05   1.0602E-05   0.99878
FLUX  689  1032.50        2.903559E+14   1.0521E-05   1.0586E-05   0.99390
FLUX  690  1037.50        2.889566E+14   1.0526E-05   1.0569E-05   0.99596
FLUX  691  1042.50        2.875707E+14   1.0532E-05   1.0552E-05   0.99811
FLUX  692  1047.50        2.861981E+14   1.0445E-05   1.0536E-05   0.99139
FLUX  693  1052.50        2.848385E+14   1.0487E-05   1.0519E-05   0.99699
FLUX  694  1057.50        2.834917E+14   1.0446E-05   1.0502E-05   0.99469
FLUX  695  1062.50        2.821576E+14   1.0414E-05   1.0484E-05   0.99324
FLUX  696  1067.50        2.808361E+14   1.0271E-05   1.0467E-05   0.98128
FLUX  697  1072.50        2.795268E+14   1.0352E-05   1.0450E-05   0.99064
FLUX  698  1077.50        2.782297E+14   1.0333E-05   1.0433E-05   0.99043
FLUX  699  1082.50        2.769446E+14   1.0267E-05   1.0416E-05   0.98571
FLUX  700  1087.50        2.756713E+14   1.0264E-05   1.0398E-05   0.98711
FLUX  701  1092.50        2.744096E+14   9.8282E-06   1.0381E-05   0.94673
FLUX  702  1097.50        2.731595E+14   1.0136E-05   1.0364E-05   0.97798
FLUX  703  1102.50        2.719206E+14   1.0286E-05   1.0347E-05   0.99415
FLUX  704  1107.50        2.706930E+14   1.0309E-05   1.0329E-05   0.99800
FLUX  705  1112.50        2.694764E+14   1.0270E-05   1.0312E-05   0.99596
FLUX  706  1117.50        2.682707E+14   1.0240E-05   1.0294E-05   0.99467
FLUX  707  1122.50        2.670757E+14   1.0254E-05   1.0277E-05   0.99776
FLUX  708  1127.50        2.658914E+14   1.0150E-05   1.0260E-05   0.98931
FLUX  709  1132.50        2.647174E+14   1.0156E-05   1.0242E-05   0.99160
FLUX  710  1137.50        2.635538E+14   1.0167E-05   1.0225E-05   0.99429
FLUX  711  1142.50        2.624004E+14   1.0101E-05   1.0208E-05   0.98952
FLUX  712  1147.50        2.612571E+14   1.0170E-05   1.0190E-05   0.99803
FLUX  713  1152.50        2.601236E+14   1.0154E-05   1.0173E-05   0.99815
FLUX  714  1157.50        2.590000E+14   1.0114E-05   1.0155E-05   0.99595
FLUX  715  1162.50        2.578860E+14   1.0025E-05   1.0138E-05   0.98891
FLUX  716  1167.50        2.567816E+14   1.0008E-05   1.0120E-05   0.98891
FLUX  717  1172.50        2.556866E+14   1.0089E-05   1.0103E-05   0.99860
FLUX  718  1177.50        2.546008E+14   9.9453E-06   1.0086E-05   0.98607
FLUX  719  1182.50        2.535243E+14   9.9612E-06   1.0068E-05   0.98935
FLUX  720  1187.50        2.524568E+14   9.9224E-06   1.0051E-05   0.98719
FLUX  721  1192.50        2.513983E+14   1.0027E-05   1.0034E-05   0.99930
FLUX  722  1197.50        2.503486E+14   9.8581E-06   1.0017E-05   0.98417
FLUX  723  1202.50        2.493077E+14   9.9257E-06   9.9994E-06   0.99263
FLUX  724  1207.50        2.482754E+14   9.8913E-06   9.9821E-06   0.99090
FLUX  725  1212.50        2.472515E+14   9.9066E-06   9.9649E-06   0.99415
FLUX  726  1217.50        2.462361E+14   9.9368E-06   9.9476E-06   0.99891
FLUX  727  1222.50        2.452290E+14   9.9169E-06   9.9304E-06   0.99863
FLUX  728  1227.50        2.442301E+14   9.8713E-06   9.9133E-06   0.99577
FLUX  729  1232.50        2.432394E+14   9.8755E-06   9.8962E-06   0.99791
FLUX  730  1237.50        2.422566E+14   9.8554E-06   9.8793E-06   0.99759
FLUX  731  1242.50        2.412817E+14   9.8400E-06   9.8623E-06   0.99774
FLUX  732  1247.50        2.403146E+14   9.8332E-06   9.8455E-06   0.99875
FLUX  733  1252.50        2.393553E+14   9.8031E-06   9.8287E-06   0.99740
FLUX  734  1257.50        2.384036E+14   9.7718E-06   9.8119E-06   0.99591
FLUX  735  1262.50        2.374594E+14   9.7567E-06   9.7952E-06   0.99606
FLUX  736  1267.50        2.365227E+14   9.7482E-06   9.7786E-06   0.99690
FLUX  737  1272.50        2.355933E+14   9.7385E-06   9.7620E-06   0.99759
FLUX  738  1277.50        2.346712E+14   9.6424E-06   9.7455E-06   0.98942
FLUX  739  1282.50        2.337563E+14   8.9532E-06   9.7292E-06   0.92024
FLUX  740  1287.50        2.328485E+14   9.6214E-06   9.7129E-06   0.99059
FLUX  741  1292.50        2.319478E+14   9.6565E-06   9.6966E-06   0.99587
FLUX  742  1297.50        2.310539E+14   9.6640E-06   9.6803E-06   0.99831
FLUX  743  1302.50        2.301670E+14   9.6368E-06   9.6641E-06   0.99718
FLUX  744  1307.50        2.292868E+14   9.6374E-06   9.6479E-06   0.99891
FLUX  745  1312.50        2.284133E+14   9.5766E-06   9.6318E-06   0.99427
FLUX  746  1317.50        2.275465E+14   9.5489E-06   9.6157E-06   0.99305
FLUX  747  1322.50        2.266862E+14   9.5867E-06   9.5997E-06   0.99865
FLUX  748  1327.50        2.258324E+14   9.5383E-06   9.5836E-06   0.99527
FLUX  749  1332.50        2.249850E+14   9.5422E-06   9.5676E-06   0.99734
FLUX  750  1337.50        2.241439E+14   9.5211E-06   9.5517E-06   0.99680
FLUX  751  1342.50        2.233091E+14   9.5227E-06   9.5358E-06   0.99863
FLUX  752  1347.50        2.224805E+14   9.5042E-06   9.5199E-06   0.99835
FLUX  753  1352.50        2.216580E+14   9.4821E-06   9.5041E-06   0.99769
FLUX  754  1357.50        2.208416E+14   9.4369E-06   9.4883E-06   0.99458
FLUX  755  1362.50        2.200312E+14   9.4462E-06   9.4726E-06   0.99722
FLUX  756  1367.50        2.192267E+14   9.4240E-06   9.4568E-06   0.99653
FLUX  757  1372.50        2.184281E+14   9.3728E-06   9.4411E-06   0.99277
FLUX  758  1377.50        2.176352E+14   9.3819E-06   9.4253E-06   0.99539
FLUX  759  1382.50        2.168481E+14   9.3711E-06   9.4095E-06   0.99591
FLUX  760  1387.50        2.160667E+14   9.3768E-06   9.3937E-06   0.99821
FLUX  761  1392.50        2.152908E+14   9.3484E-06   9.3778E-06   0.99686
FLUX  762  1397.50        2.145206E+14   9.3321E-06   9.3620E-06   0.99681
FLUX  763  1402.50        2.137558E+14   9.2996E-06   9.3461E-06   0.99502
FLUX  764  1407.50        2.129964E+14   9.3079E-06   9.3303E-06   0.99760
FLUX  765  1412.50        2.122425E+14   9.2574E-06   9.3144E-06   0.99388
FLUX  766  1417.50        2.114938E+14   9.2791E-06   9.2985E-06   0.99791
FLUX  767  1422.50        2.107504E+14   9.2067E-06   9.2826E-06   0.99182
FLUX  768  1427.50        2.100123E+14   9.1646E-06   9.2666E-06   0.98899
FLUX  769  1432.50        2.092792E+14   9.2192E-06   9.2505E-06   0.99662
FLUX  770  1437.50        2.085513E+14   9.2204E-06   9.2342E-06   0.99850
FLUX  771  1442.50        2.078284E+14   9.0388E-06   9.2180E-06   0.98057
FLUX  772  1447.50        2.071105E+14   9.1769E-06   9.2016E-06   0.99731
FLUX  773  1452.50        2.063976E+14   9.0709E-06   9.1852E-06   0.98755
FLUX  774  1457.00        2.057601E+14   9.1106E-06   9.1704E-06   0.99348
FLUX  775  1462.00        2.050564E+14   9.0974E-06   9.2584E-06   0.98262
FLUX  776  1467.50        2.042879E+14   9.0974E-06   9.2414E-06   0.98442
FLUX  777  1472.50        2.035942E+14   9.0359E-06   9.2259E-06   0.97941
FLUX  778  1477.50        2.029052E+14   9.0160E-06   9.2103E-06   0.97891
FLUX  779  1482.50        2.022209E+14   9.0212E-06   9.1944E-06   0.98117
FLUX  780  1487.50        2.015412E+14   8.9134E-06   9.1783E-06   0.97114
FLUX  781  1492.50        2.008660E+14   9.0334E-06   9.1620E-06   0.98597
FLUX  782  1497.50        2.001953E+14   8.9807E-06   9.1455E-06   0.98198
FLUX  783  1502.50        1.995291E+14   8.8721E-06   9.1288E-06   0.97187
FLUX  784  1507.50        1.988673E+14   8.8664E-06   9.1119E-06   0.97306
FLUX  785  1512.50        1.982099E+14   8.9429E-06   9.0947E-06   0.98330
FLUX  786  1517.50        1.975568E+14   8.9366E-06   9.0773E-06   0.98450
FLUX  787  1522.50        1.969080E+14   8.8749E-06   9.0596E-06   0.97961
FLUX  788  1527.50        1.962635E+14   8.8793E-06   9.0415E-06   0.98206
FLUX  789  1532.50        1.956232E+14   8.8544E-06   9.0231E-06   0.98131
FLUX  790  1537.50        1.949870E+14   8.8346E-06   9.0044E-06   0.98115
FLUX  791  1542.50        1.943549E+14   8.7911E-06   8.9853E-06   0.97839
FLUX  792  1547.50        1.937270E+14   8.7988E-06   8.9658E-06   0.98137
FLUX  793  1552.50        1.931031E+14   8.7716E-06   8.9459E-06   0.98051
FLUX  794  1557.50        1.924831E+14   8.7025E-06   8.9256E-06   0.97501
FLUX  795  1562.50        1.918672E+14   8.7690E-06   8.9048E-06   0.98475
FLUX  796  1567.50        1.912552E+14   8.6660E-06   8.8835E-06   0.97552
FLUX  797  1572.50        1.906471E+14   8.6059E-06   8.8617E-06   0.97113
FLUX  798  1577.50        1.900428E+14   8.5706E-06   8.8394E-06   0.96959
FLUX  799  1582.50        1.894423E+14   8.6243E-06   8.8165E-06   0.97820
FLUX  800  1587.50        1.888457E+14   8.3371E-06   8.7929E-06   0.94816
FLUX  801  1592.50        1.882527E+14   8.5592E-06   8.7687E-06   0.97611
FLUX  802  1597.50        1.876635E+14   8.5867E-06   8.7439E-06   0.98202
FLUX  803  1605.00        1.867866E+14   8.5079E-06   8.7052E-06   0.97734
FLUX  804  1615.00        1.856300E+14   8.3188E-06   8.6504E-06   0.96167
FLUX  805  1625.00        1.844877E+14   8.4940E-06   8.5913E-06   0.98867
FLUX  806  1635.00        1.833593E+14   8.3097E-06   8.5258E-06   0.97466
FLUX  807  1645.00        1.822447E+14   8.0607E-06   8.4516E-06   0.95375
FLUX  808  1655.00        1.811435E+14   8.3063E-06   8.3719E-06   0.99216
FLUX  809  1665.00        1.800556E+14   8.2381E-06   8.2933E-06   0.99335
FLUX  810  1675.00        1.789806E+14   8.0005E-06   8.2157E-06   0.97381
FLUX  811  1685.00        1.779184E+14   7.7119E-06   8.1391E-06   0.94751
FLUX  812  1695.00        1.768687E+14   8.0281E-06   8.0635E-06   0.99561
FLUX  813  1705.00        1.758314E+14   7.9354E-06   7.9890E-06   0.99329
FLUX  814  1715.00        1.748061E+14   7.8659E-06   7.9154E-06   0.99376
FLUX  815  1725.00        1.737928E+14   7.7434E-06   7.8427E-06   0.98733
FLUX  816  1735.00        1.727911E+14   7.2295E-06   7.7711E-06   0.93031
FLUX  817  1745.00        1.718009E+14   7.5555E-06   7.7003E-06   0.98119
FLUX  818  1755.00        1.708219E+14   7.5828E-06   7.6305E-06   0.99375
FLUX  819  1765.00        1.698541E+14   7.5110E-06   7.5616E-06   0.99331
FLUX  820  1775.00        1.688972E+14   7.4579E-06   7.4935E-06   0.99525
FLUX  821  1785.00        1.679510E+14   7.3993E-06   7.4263E-06   0.99636
FLUX  822  1795.00        1.670153E+14   7.3432E-06   7.3600E-06   0.99772
FLUX  823  1805.00        1.660900E+14   7.2424E-06   7.2945E-06   0.99286
FLUX  824  1815.00        1.651749E+14   6.7755E-06   7.2299E-06   0.93716
FLUX  825  1825.00        1.642699E+14   7.0197E-06   7.1660E-06   0.97958
FLUX  826  1835.00        1.633747E+14   7.0649E-06   7.1030E-06   0.99465
FLUX  827  1845.00        1.624892E+14   6.9877E-06   7.0407E-06   0.99247
FLUX  828  1855.00        1.616132E+14   6.9424E-06   6.9792E-06   0.99473
FLUX  829  1865.00        1.607466E+14   6.8405E-06   6.9185E-06   0.98873
FLUX  830  1875.00        1.598893E+14   6.3259E-06   6.8585E-06   0.92235
FLUX  831  1885.00        1.590411E+14   6.7102E-06   6.7993E-06   0.98691
FLUX  832  1895.00        1.582018E+14   6.6351E-06   6.7408E-06   0.98432
FLUX  833  1905.00        1.573714E+14   6.6619E-06   6.6830E-06   0.99684
FLUX  834  1915.00        1.565496E+14   6.5967E-06   6.6259E-06   0.99559
FLUX  835  1925.00        1.557364E+14   6.5408E-06   6.5695E-06   0.99562
FLUX  836  1935.00        1.549315E+14   6.4356E-06   6.5139E-06   0.98798
FLUX  837  1945.00        1.541350E+14   5.9986E-06   6.4589E-06   0.92873
FLUX  838  1955.00        1.533465E+14   6.3369E-06   6.4046E-06   0.98944
FLUX  839  1965.00        1.525662E+14   6.3193E-06   6.3509E-06   0.99503
FLUX  840  1975.00        1.517937E+14   6.2499E-06   6.2979E-06   0.99238
FLUX  841  1985.00        1.510290E+14   6.2197E-06   6.2455E-06   0.99586
FLUX  842  1995.00        1.502719E+14   6.1683E-06   6.1938E-06   0.99589
FLUX  843  2005.00        1.495224E+14   6.1300E-06   6.1427E-06   0.99795
FLUX  844  2015.00        1.487804E+14   6.0882E-06   6.0922E-06   0.99935
FLUX  845  2025.00        1.480457E+14   6.0222E-06   6.0422E-06   0.99668
FLUX  846  2035.00        1.473182E+14   5.9550E-06   5.9929E-06   0.99367
FLUX  847  2045.00        1.465978E+14   5.9399E-06   5.9442E-06   0.99928
FLUX  848  2055.00        1.458844E+14   5.8873E-06   5.8960E-06   0.99853
FLUX  849  2065.00        1.451780E+14   5.8206E-06   5.8483E-06   0.99526
FLUX  850  2075.00        1.444783E+14   5.7871E-06   5.8013E-06   0.99755
FLUX  851  2085.00        1.437854E+14   5.7434E-06   5.7548E-06   0.99803
FLUX  852  2095.00        1.430990E+14   5.6809E-06   5.7088E-06   0.99511
FLUX  853  2105.00        1.424192E+14   5.6524E-06   5.6634E-06   0.99807
FLUX  854  2115.00        1.417459E+14   5.6007E-06   5.6185E-06   0.99684
FLUX  855  2125.00        1.410788E+14   5.5564E-06   5.5741E-06   0.99683
FLUX  856  2135.00        1.404180E+14   5.5158E-06   5.5302E-06   0.99739
FLUX  857  2145.00        1.397634E+14   5.4799E-06   5.4869E-06   0.99873
FLUX  858  2155.00        1.391148E+14   5.4131E-06   5.4440E-06   0.99432
FLUX  859  2165.00        1.384723E+14   5.0599E-06   5.4016E-06   0.93673
FLUX  860  2175.00        1.378356E+14   5.2987E-06   5.3598E-06   0.98862
FLUX  861  2185.00        1.372048E+14   5.2934E-06   5.3184E-06   0.99530
FLUX  862  2195.00        1.365797E+14   5.2742E-06   5.2774E-06   0.99939
FLUX  863  2205.00        1.359603E+14   5.2105E-06   5.2369E-06   0.99496
FLUX  864  2215.00        1.353465E+14   5.1855E-06   5.1969E-06   0.99782
FLUX  865  2225.00        1.347382E+14   5.1512E-06   5.1573E-06   0.99882
FLUX  866  2235.00        1.341353E+14   5.1119E-06   5.1181E-06   0.99878
FLUX  867  2245.00        1.335379E+14   5.0736E-06   5.0794E-06   0.99886
FLUX  868  2255.00        1.329457E+14   5.0202E-06   5.0411E-06   0.99584
FLUX  869  2265.00        1.323587E+14   4.9906E-06   5.0033E-06   0.99746
FLUX  870  2275.00        1.317769E+14   4.9591E-06   4.9659E-06   0.99865
FLUX  871  2285.00        1.312002E+14   4.9131E-06   4.9477E-06   0.99302
FLUX  872  2295.00        1.306285E+14   4.8822E-06   4.9108E-06   0.99418
FLUX  873  2305.00        1.300618E+14   4.8537E-06   4.8744E-06   0.99576
FLUX  874  2315.00        1.295000E+14   4.8133E-06   4.8383E-06   0.99481
FLUX  875  2325.00        1.289430E+14   4.7810E-06   4.8027E-06   0.99548
FLUX  876  2335.00        1.283908E+14   4.7409E-06   4.7674E-06   0.99444
FLUX  877  2345.00        1.278433E+14   4.7140E-06   4.7326E-06   0.99607
FLUX  878  2355.00        1.273004E+14   4.6763E-06   4.6981E-06   0.99538
FLUX  879  2365.00        1.267622E+14   4.6466E-06   4.6639E-06   0.99630
FLUX  880  2375.00        1.262284E+14   4.6036E-06   4.6301E-06   0.99427
FLUX  881  2385.00        1.256992E+14   4.5694E-06   4.5967E-06   0.99405
FLUX  882  2395.00        1.251743E+14   4.5451E-06   4.5637E-06   0.99594
FLUX  883  2405.00        1.246538E+14   4.5102E-06   4.5310E-06   0.99541
FLUX  884  2415.00        1.241377E+14   4.4735E-06   4.4986E-06   0.99443
FLUX  885  2425.00        1.236258E+14   4.4461E-06   4.4665E-06   0.99542
FLUX  886  2435.00        1.231181E+14   4.4094E-06   4.4348E-06   0.99426
FLUX  887  2445.00        1.226145E+14   4.3832E-06   4.4035E-06   0.99539
FLUX  888  2455.00        1.221151E+14   4.3389E-06   4.3724E-06   0.99234
FLUX  889  2465.00        1.216197E+14   4.3225E-06   4.3417E-06   0.99557
FLUX  890  2475.00        1.211283E+14   4.2861E-06   4.3113E-06   0.99415
FLUX  891  2485.00        1.206408E+14   4.2428E-06   4.2812E-06   0.99102
FLUX  892  2495.00        1.201573E+14   4.2240E-06   4.2514E-06   0.99354
FLUX  893  2505.00        1.196776E+14   4.2052E-06   4.2220E-06   0.99603
FLUX  894  2515.00        1.192018E+14   4.1756E-06   4.1928E-06   0.99590
FLUX  895  2525.00        1.187297E+14   4.1371E-06   4.1640E-06   0.99354
FLUX  896  2535.00        1.182613E+14   4.1182E-06   4.1354E-06   0.99586
FLUX  897  2545.00        1.177967E+14   4.0907E-06   4.1071E-06   0.99601
FLUX  898  2555.00        1.173356E+14   4.0562E-06   4.0791E-06   0.99438
FLUX  899  2565.00        1.168782E+14   4.0059E-06   4.0514E-06   0.98877
FLUX  900  2575.00        1.164243E+14   4.0115E-06   4.0240E-06   0.99689
FLUX  901  2585.00        1.159739E+14   3.9705E-06   3.9968E-06   0.99342
FLUX  902  2595.00        1.155270E+14   3.9589E-06   3.9699E-06   0.99722
FLUX  903  2605.00        1.150835E+14   3.9211E-06   3.9433E-06   0.99438
FLUX  904  2615.00        1.146434E+14   3.8542E-06   3.9169E-06   0.98397
FLUX  905  2625.00        1.142067E+14   3.6723E-06   3.8908E-06   0.94385
FLUX  906  2635.00        1.137732E+14   3.8271E-06   3.8650E-06   0.99021
FLUX  907  2645.00        1.133431E+14   3.8199E-06   3.8394E-06   0.99493
FLUX  908  2655.00        1.129162E+14   3.7986E-06   3.8141E-06   0.99594
FLUX  909  2665.00        1.124925E+14   3.7543E-06   3.7890E-06   0.99086
FLUX  910  2675.00        1.120720E+14   3.6936E-06   3.7641E-06   0.98128
FLUX  911  2685.00        1.116546E+14   3.7260E-06   3.7395E-06   0.99640
FLUX  912  2695.00        1.112403E+14   3.7116E-06   3.7152E-06   0.99905
FLUX  913  2705.00        1.108290E+14   3.6875E-06   3.6910E-06   0.99903
FLUX  914  2715.00        1.104208E+14   3.6631E-06   3.6671E-06   0.99891
FLUX  915  2725.00        1.100156E+14   3.6395E-06   3.6435E-06   0.99892
FLUX  916  2735.00        1.096133E+14   3.6165E-06   3.6200E-06   0.99904
FLUX  917  2745.00        1.092140E+14   3.5909E-06   3.5968E-06   0.99837
FLUX  918  2755.00        1.088176E+14   3.4949E-06   3.5738E-06   0.97790
FLUX  919  2765.00        1.084241E+14   3.5181E-06   3.5511E-06   0.99072
FLUX  920  2775.00        1.080333E+14   3.5234E-06   3.5285E-06   0.99857
FLUX  921  2785.00        1.076454E+14   3.5030E-06   3.5062E-06   0.99909
FLUX  922  2795.00        1.072603E+14   3.4831E-06   3.4840E-06   0.99973
FLUX  923  2805.00        1.068779E+14   3.4606E-06   3.4621E-06   0.99956
FLUX  924  2815.00        1.064982E+14   3.4395E-06   3.4404E-06   0.99973
FLUX  925  2825.00        1.061212E+14   3.4175E-06   3.4189E-06   0.99959
FLUX  926  2835.00        1.057469E+14   3.3973E-06   3.3976E-06   0.99993
FLUX  927  2845.00        1.053752E+14   3.3718E-06   3.3764E-06   0.99864
FLUX  928  2855.00        1.050061E+14   3.3530E-06   3.3555E-06   0.99927
FLUX  929  2865.00        1.046396E+14   3.3122E-06   3.3348E-06   0.99323
FLUX  930  2875.00        1.042757E+14   3.2178E-06   3.3142E-06   0.97090
FLUX  931  2885.00        1.039142E+14   3.2843E-06   3.2938E-06   0.99711
FLUX  932  2895.00        1.035553E+14   3.2723E-06   3.2737E-06   0.99959
FLUX  933  2905.00        1.031988E+14   3.2522E-06   3.2537E-06   0.99955
FLUX  934  2915.00        1.028448E+14   3.2314E-06   3.2338E-06   0.99925
FLUX  935  2925.00        1.024932E+14   3.2093E-06   3.2142E-06   0.99846
FLUX  936  2935.00        1.021440E+14   3.1936E-06   3.1948E-06   0.99965
FLUX  937  2945.00        1.017971E+14   3.1725E-06   3.1755E-06   0.99905
FLUX  938  2955.00        1.014526E+14   3.1553E-06   3.1564E-06   0.99966
FLUX  939  2965.00        1.011105E+14   3.1365E-06   3.1374E-06   0.99971
FLUX  940  2975.00        1.007706E+14   3.1174E-06   3.1187E-06   0.99958
FLUX  941  2985.00        1.004330E+14   3.0995E-06   3.1001E-06   0.99982
FLUX  942  2995.00        1.000977E+14   3.0790E-06   3.0816E-06   0.99916
FLUX  943  3005.00        9.976456E+13   3.0609E-06   3.0633E-06   0.99919
FLUX  944  3015.00        9.943367E+13   3.0439E-06   3.0452E-06   0.99958
FLUX  945  3025.00        9.910496E+13   3.0220E-06   3.0273E-06   0.99825
FLUX  946  3035.00        9.877842E+13   2.9273E-06   3.0095E-06   0.97268
FLUX  947  3045.00        9.845402E+13   2.9520E-06   2.9918E-06   0.98669
FLUX  948  3055.00        9.813175E+13   2.9709E-06   2.9743E-06   0.99885
FLUX  949  3065.00        9.781158E+13   2.9528E-06   2.9569E-06   0.99861
FLUX  950  3075.00        9.749350E+13   2.9390E-06   2.9397E-06   0.99975
FLUX  951  3085.00        9.717747E+13   2.9189E-06   2.9226E-06   0.99871
FLUX  952  3095.00        9.686349E+13   2.9023E-06   2.9057E-06   0.99881
FLUX  953  3105.00        9.655153E+13   2.8872E-06   2.8889E-06   0.99938
FLUX  954  3115.00        9.624157E+13   2.8599E-06   2.8723E-06   0.99569
FLUX  955  3125.00        9.593360E+13   2.8532E-06   2.8558E-06   0.99907
FLUX  956  3135.00        9.562759E+13   2.8374E-06   2.8395E-06   0.99925
FLUX  957  3145.00        9.532353E+13   2.8213E-06   2.8233E-06   0.99932
FLUX  958  3155.00        9.502139E+13   2.8012E-06   2.8072E-06   0.99786
FLUX  959  3165.00        9.472117E+13   2.7898E-06   2.7912E-06   0.99948
FLUX  960  3175.00        9.442283E+13   2.7722E-06   2.7754E-06   0.99883
FLUX  961  3185.00        9.412637E+13   2.7583E-06   2.7598E-06   0.99945
FLUX  962  3195.00        9.383177E+13   2.7438E-06   2.7442E-06   0.99984
FLUX  963  3210.00        9.339330E+13   2.7188E-06   2.7212E-06   0.99914
FLUX  964  3230.00        9.281502E+13   2.6898E-06   2.6909E-06   0.99961
FLUX  965  3250.00        9.224385E+13   2.6598E-06   2.6611E-06   0.99950
FLUX  966  3270.00        9.167966E+13   2.6297E-06   2.6318E-06   0.99922
FLUX  967  3290.00        9.112234E+13   2.5467E-06   2.6053E-06   0.97749
FLUX  968  3310.00        9.057175E+13   2.5624E-06   2.5769E-06   0.99435
FLUX  969  3330.00        9.002778E+13   2.5423E-06   2.5490E-06   0.99739
FLUX  970  3350.00        8.949030E+13   2.5186E-06   2.5215E-06   0.99887
FLUX  971  3370.00        8.895920E+13   2.4893E-06   2.4944E-06   0.99795
FLUX  972  3390.00        8.843437E+13   2.4615E-06   2.4678E-06   0.99744
FLUX  973  3410.00        8.791569E+13   2.4347E-06   2.4416E-06   0.99716
FLUX  974  3430.00        8.740306E+13   2.4131E-06   2.4158E-06   0.99890
FLUX  975  3450.00        8.689638E+13   2.3891E-06   2.3904E-06   0.99945
FLUX  976  3470.00        8.639553E+13   2.3638E-06   2.3654E-06   0.99930
FLUX  977  3490.00        8.590043E+13   2.3395E-06   2.3408E-06   0.99942
FLUX  978  3510.00        8.541097E+13   2.3153E-06   2.3166E-06   0.99944
FLUX  979  3530.00        8.492705E+13   2.2903E-06   2.2928E-06   0.99895
FLUX  980  3550.00        8.444859E+13   2.2682E-06   2.2693E-06   0.99952
FLUX  981  3570.00        8.397549E+13   2.2436E-06   2.2461E-06   0.99885
FLUX  982  3590.00        8.350766E+13   2.2210E-06   2.2234E-06   0.99894
FLUX  983  3610.00        8.304501E+13   2.2003E-06   2.2009E-06   0.99973
FLUX  984  3630.00        8.258747E+13   2.1781E-06   2.1789E-06   0.99964
FLUX  985  3650.00        8.213493E+13   2.1535E-06   2.1571E-06   0.99834
FLUX  986  3670.00        8.168733E+13   2.1317E-06   2.1357E-06   0.99815
FLUX  987  3690.00        8.124458E+13   2.1064E-06   2.1145E-06   0.99616
FLUX  988  3710.00        8.080660E+13   2.0876E-06   2.0937E-06   0.99707
FLUX  989  3730.00        8.037332E+13   2.0544E-06   2.0732E-06   0.99092
FLUX  990  3750.00        7.994467E+13   2.0164E-06   2.0530E-06   0.98216
FLUX  991  3770.00        7.952056E+13   2.0294E-06   2.0331E-06   0.99814
FLUX  992  3790.00        7.910092E+13   2.0103E-06   2.0135E-06   0.99840
FLUX  993  3810.00        7.868570E+13   1.9897E-06   1.9942E-06   0.99773
FLUX  994  3830.00        7.827480E+13   1.9723E-06   1.9751E-06   0.99859
FLUX  995  3850.00        7.786818E+13   1.9555E-06   1.9563E-06   0.99958
FLUX  996  3870.00        7.746576E+13   1.9351E-06   1.9378E-06   0.99860
FLUX  997  3890.00        7.706748E+13   1.9168E-06   1.9195E-06   0.99854
FLUX  998  3910.00        7.667327E+13   1.8964E-06   1.9015E-06   0.99728
FLUX  999  3930.00        7.628308E+13   1.8826E-06   1.8838E-06   0.99935
FLUX 1000  3950.00        7.589684E+13   1.8637E-06   1.8663E-06   0.99859
FLUX 1001  3970.00        7.551448E+13   1.8480E-06   1.8490E-06   0.99945
FLUX 1002  3990.00        7.513596E+13   1.8276E-06   1.8320E-06   0.99760
FLUX 1003  4010.00        7.476122E+13   1.8092E-06   1.8152E-06   0.99671
FLUX 1004  4030.00        7.439020E+13   1.7928E-06   1.7987E-06   0.99674
FLUX 1005  4050.00        7.402284E+13   1.7505E-06   1.7823E-06   0.98213
FLUX 1006  4070.00        7.365909E+13   1.7635E-06   1.7662E-06   0.99846
FLUX 1007  4090.00        7.329890E+13   1.7480E-06   1.7503E-06   0.99870
FLUX 1008  4110.00        7.294221E+13   1.7337E-06   1.7346E-06   0.99948
FLUX 1009  4130.00        7.258898E+13   1.7187E-06   1.7191E-06   0.99976
FLUX 1010  4150.00        7.223916E+13   1.7020E-06   1.7039E-06   0.99891
FLUX 1011  4170.00        7.189269E+13   1.6785E-06   1.6888E-06   0.99387
FLUX 1012  4190.00        7.154952E+13   1.6722E-06   1.6739E-06   0.99894
FLUX 1013  4210.00        7.120962E+13   1.6547E-06   1.6593E-06   0.99724
FLUX 1014  4230.00        7.087293E+13   1.6447E-06   1.6448E-06   0.99994
FLUX 1015  4250.00        7.053941E+13   1.6295E-06   1.6305E-06   0.99938
FLUX 1016  4270.00        7.020902E+13   1.6162E-06   1.6164E-06   0.99987
FLUX 1017  4290.00        6.988170E+13   1.6012E-06   1.6025E-06   0.99924
FLUX 1018  4310.00        6.955742E+13   1.5863E-06   1.5887E-06   0.99848
FLUX 1019  4330.00        6.923614E+13   1.5720E-06   1.5752E-06   0.99802
FLUX 1020  4350.00        6.891782E+13   1.5571E-06   1.5618E-06   0.99701
FLUX 1021  4370.00        6.860240E+13   1.5317E-06   1.5485E-06   0.98911
FLUX 1022  4390.00        6.828986E+13   1.5287E-06   1.5355E-06   0.99556
FLUX 1023  4410.00        6.798016E+13   1.5145E-06   1.5226E-06   0.99470
FLUX 1024  4430.00        6.767325E+13   1.5030E-06   1.5098E-06   0.99544
FLUX 1025  4450.00        6.736910E+13   1.4906E-06   1.4973E-06   0.99555
FLUX 1026  4470.00        6.706767E+13   1.4776E-06   1.4852E-06   0.99488
FLUX 1027  4490.00        6.676893E+13   1.4663E-06   1.4730E-06   0.99544
FLUX 1028  4510.00        6.647284E+13   1.4537E-06   1.4609E-06   0.99509
FLUX 1029  4530.00        6.617936E+13   1.4414E-06   1.4489E-06   0.99485
FLUX 1030  4550.00        6.588846E+13   1.4304E-06   1.4371E-06   0.99535
FLUX 1031  4570.00        6.560011E+13   1.4190E-06   1.4254E-06   0.99551
FLUX 1032  4590.00        6.531427E+13   1.4068E-06   1.4138E-06   0.99499
FLUX 1033  4610.00        6.503091E+13   1.3968E-06   1.4024E-06   0.99601
FLUX 1034  4630.00        6.475000E+13   1.3853E-06   1.3912E-06   0.99580
FLUX 1035  4650.00        6.447151E+13   1.3524E-06   1.3801E-06   0.97994
FLUX 1036  4670.00        6.419540E+13   1.3502E-06   1.3691E-06   0.98621
FLUX 1037  4690.00        6.392164E+13   1.3534E-06   1.3582E-06   0.99646
FLUX 1038  4710.00        6.365021E+13   1.3435E-06   1.3475E-06   0.99704
FLUX 1039  4730.00        6.338108E+13   1.3335E-06   1.3368E-06   0.99751
FLUX 1040  4750.00        6.311421E+13   1.3228E-06   1.3264E-06   0.99733
FLUX 1041  4770.00        6.284958E+13   1.3126E-06   1.3160E-06   0.99743
FLUX 1042  4790.00        6.258716E+13   1.3028E-06   1.3058E-06   0.99772
FLUX 1043  4810.00        6.232692E+13   1.2922E-06   1.2956E-06   0.99738
FLUX 1044  4830.00        6.206884E+13   1.2827E-06   1.2856E-06   0.99776
FLUX 1045  4850.00        6.181289E+13   1.2726E-06   1.2757E-06   0.99751
FLUX 1046  4870.00        6.155903E+13   1.2629E-06   1.2660E-06   0.99755
FLUX 1047  4890.00        6.130726E+13   1.2533E-06   1.2563E-06   0.99759
FLUX 1048  4910.00        6.105754E+13   1.2438E-06   1.2467E-06   0.99766
FLUX 1049  4930.00        6.080984E+13   1.2343E-06   1.2373E-06   0.99757
FLUX 1050  4950.00        6.056414E+13   1.2248E-06   1.2280E-06   0.99742
FLUX 1051  4970.00        6.032042E+13   1.2155E-06   1.2187E-06   0.99734
FLUX 1052  4990.00        6.007866E+13   1.2072E-06   1.2096E-06   0.99803
FLUX 1053  5010.00        5.983882E+13   1.1975E-06   1.2006E-06   0.99744
FLUX 1054  5030.00        5.960089E+13   1.1891E-06   1.1916E-06   0.99789
FLUX 1055  5050.00        5.936485E+13   1.1797E-06   1.1828E-06   0.99735
FLUX 1056  5070.00        5.913067E+13   1.1714E-06   1.1741E-06   0.99774
FLUX 1057  5090.00        5.889833E+13   1.1629E-06   1.1655E-06   0.99778
FLUX 1058  5110.00        5.866781E+13   1.1535E-06   1.1569E-06   0.99702
FLUX 1059  5130.00        5.843908E+13   1.1335E-06   1.1485E-06   0.98695
FLUX 1060  5150.00        5.821214E+13   1.1374E-06   1.1401E-06   0.99764
FLUX 1061  5170.00        5.798694E+13   1.1298E-06   1.1319E-06   0.99818
FLUX 1062  5190.00        5.776349E+13   1.1214E-06   1.1237E-06   0.99801
FLUX 1063  5210.00        5.754175E+13   1.1131E-06   1.1156E-06   0.99774
FLUX 1064  5230.00        5.732170E+13   1.1052E-06   1.1076E-06   0.99780
FLUX 1065  5250.00        5.710333E+13   1.0978E-06   1.0997E-06   0.99827
FLUX 1066  5270.00        5.688662E+13   1.0901E-06   1.0919E-06   0.99835
FLUX 1067  5290.00        5.667155E+13   1.0821E-06   1.0841E-06   0.99810
FLUX 1068  5310.00        5.645810E+13   1.0748E-06   1.0765E-06   0.99841
FLUX 1069  5330.00        5.624625E+13   1.0671E-06   1.0689E-06   0.99831
FLUX 1070  5350.00        5.603598E+13   1.0597E-06   1.0614E-06   0.99845
FLUX 1071  5370.00        5.582728E+13   1.0517E-06   1.0540E-06   0.99789
FLUX 1072  5390.00        5.562013E+13   1.0449E-06   1.0466E-06   0.99835
FLUX 1073  5410.00        5.541451E+13   1.0380E-06   1.0394E-06   0.99873
FLUX 1074  5430.00        5.521041E+13   1.0302E-06   1.0322E-06   0.99808
FLUX 1075  5450.00        5.500780E+13   1.0238E-06   1.0250E-06   0.99877
FLUX 1076  5470.00        5.480667E+13   1.0158E-06   1.0180E-06   0.99783
FLUX 1077  5490.00        5.460701E+13   1.0096E-06   1.0110E-06   0.99856
FLUX 1078  5510.00        5.440880E+13   1.0030E-06   1.0041E-06   0.99887
FLUX 1079  5530.00        5.421203E+13   9.9572E-07   9.9730E-07   0.99842
FLUX 1080  5550.00        5.401667E+13   9.8944E-07   9.9054E-07   0.99890
FLUX 1081  5570.00        5.382271E+13   9.8302E-07   9.8384E-07   0.99916
FLUX 1082  5590.00        5.363014E+13   9.7525E-07   9.7722E-07   0.99798
FLUX 1083  5610.00        5.343895E+13   9.6976E-07   9.7066E-07   0.99907
FLUX 1084  5630.00        5.324911E+13   9.6307E-07   9.6417E-07   0.99886
FLUX 1085  5650.00        5.306062E+13   9.5715E-07   9.5774E-07   0.99938
FLUX 1086  5670.00        5.287346E+13   9.5077E-07   9.5138E-07   0.99936
FLUX 1087  5690.00        5.268761E+13   9.4416E-07   9.4508E-07   0.99903
FLUX 1088  5710.00        5.250306E+13   9.3724E-07   9.3884E-07   0.99830
FLUX 1089  5730.00        5.231981E+13   9.3209E-07   9.3266E-07   0.99938
FLUX 1090  5750.00        5.213783E+13   9.2600E-07   9.2655E-07   0.99941
FLUX 1091  5770.00        5.195711E+13   9.1987E-07   9.2049E-07   0.99933
FLUX 1092  5790.00        5.177763E+13   9.1389E-07   9.1450E-07   0.99933
FLUX 1093  5810.00        5.159940E+13   9.0802E-07   9.0856E-07   0.99941
FLUX 1094  5830.00        5.142238E+13   9.0231E-07   9.0268E-07   0.99960
FLUX 1095  5850.00        5.124658E+13   8.9660E-07   8.9694E-07   0.99962
FLUX 1096  5870.00        5.107198E+13   8.9063E-07   8.9117E-07   0.99939
FLUX 1097  5890.00        5.089856E+13   8.8427E-07   8.8546E-07   0.99866
FLUX 1098  5910.00        5.072631E+13   8.6981E-07   8.7980E-07   0.98865
FLUX 1099  5930.00        5.055523E+13   8.7367E-07   8.7419E-07   0.99941
FLUX 1100  5950.00        5.038529E+13   8.6565E-07   8.6864E-07   0.99656
FLUX 1101  5970.00        5.021650E+13   8.6237E-07   8.6315E-07   0.99910
FLUX 1102  5990.00        5.004883E+13   8.5738E-07   8.5770E-07   0.99963
FLUX 1103  6010.00        4.988228E+13   8.5175E-07   8.5231E-07   0.99934
FLUX 1104  6030.00        4.971683E+13   8.4674E-07   8.4696E-07   0.99973
FLUX 1105  6050.00        4.955248E+13   8.4148E-07   8.4167E-07   0.99978
FLUX 1106  6070.00        4.938921E+13   8.3611E-07   8.3643E-07   0.99962
FLUX 1107  6090.00        4.922701E+13   8.3072E-07   8.3123E-07   0.99939
FLUX 1108  6110.00        4.906588E+13   8.2507E-07   8.2608E-07   0.99877
FLUX 1109  6130.00        4.890579E+13   8.2069E-07   8.2098E-07   0.99964
FLUX 1110  6150.00        4.874675E+13   8.1579E-07   8.1593E-07   0.99982
FLUX 1111  6170.00        4.858874E+13   8.1075E-07   8.1093E-07   0.99978
FLUX 1112  6190.00        4.843174E+13   8.0579E-07   8.0597E-07   0.99978
FLUX 1113  6210.00        4.827576E+13   8.0094E-07   8.0105E-07   0.99986
FLUX 1114  6230.00        4.812079E+13   7.9524E-07   7.9618E-07   0.99882
FLUX 1115  6250.00        4.796680E+13   7.9095E-07   7.9136E-07   0.99949
FLUX 1116  6270.00        4.781380E+13   7.8618E-07   7.8658E-07   0.99949
FLUX 1117  6290.00        4.766176E+13   7.7904E-07   7.8184E-07   0.99641
FLUX 1118  6310.00        4.751070E+13   7.7649E-07   7.7714E-07   0.99916
FLUX 1119  6330.00        4.736058E+13   7.7242E-07   7.7249E-07   0.99991
FLUX 1120  6350.00        4.721142E+13   7.6779E-07   7.6788E-07   0.99988
FLUX 1121  6370.00        4.706319E+13   7.6312E-07   7.6331E-07   0.99975
FLUX 1122  6390.00        4.691588E+13   7.5858E-07   7.5878E-07   0.99974
FLUX 1123  6420.00        4.669665E+13   7.5199E-07   7.5206E-07   0.99991
FLUX 1124  6460.00        4.640751E+13   7.4299E-07   7.4324E-07   0.99966
FLUX 1125  6500.00        4.612192E+13   7.3422E-07   7.3457E-07   0.99952
FLUX 1126  6540.00        4.583983E+13   7.2601E-07   7.2606E-07   0.99993
FLUX 1127  6580.00        4.556117E+13   7.1767E-07   7.1769E-07   0.99997
FLUX 1128  6620.00        4.528588E+13   7.0938E-07   7.0946E-07   0.99988
FLUX 1129  6660.00        4.501389E+13   7.0136E-07   7.0138E-07   0.99997
FLUX 1130  6700.00        4.474515E+13   6.9334E-07   6.9343E-07   0.99986
FLUX 1131  6740.00        4.447960E+13   6.8542E-07   6.8562E-07   0.99970
FLUX 1132  6780.00        4.421718E+13   6.7638E-07   6.7794E-07   0.99770
FLUX 1133  6820.00        4.395784E+13   6.7033E-07   6.7038E-07   0.99991
FLUX 1134  6860.00        4.370153E+13   6.6290E-07   6.6296E-07   0.99991
FLUX 1135  6900.00        4.344819E+13   6.5559E-07   6.5565E-07   0.99990
FLUX 1136  6940.00        4.319777E+13   6.4834E-07   6.4847E-07   0.99980
FLUX 1137  6980.00        4.295021E+13   6.4136E-07   6.4140E-07   0.99994
FLUX 1138  7020.00        4.270548E+13   6.3423E-07   6.3445E-07   0.99966
FLUX 1139  7060.00        4.246353E+13   6.2755E-07   6.2761E-07   0.99991
FLUX 1140  7100.00        4.222430E+13   6.2086E-07   6.2088E-07   0.99998
FLUX 1141  7140.00        4.198775E+13   6.1421E-07   6.1425E-07   0.99993
FLUX 1142  7180.00        4.175383E+13   6.0768E-07   6.0774E-07   0.99991
FLUX 1143  7220.00        4.152251E+13   6.0122E-07   6.0132E-07   0.99982
FLUX 1144  7260.00        4.129373E+13   5.9492E-07   5.9501E-07   0.99984
FLUX 1145  7300.00        4.106747E+13   5.8879E-07   5.8880E-07   0.99999
FLUX 1146  7340.00        4.084366E+13   5.8256E-07   5.8268E-07   0.99978
FLUX 1147  7380.00        4.062229E+13   5.7665E-07   5.7666E-07   0.99997
FLUX 1148  7420.00        4.040330E+13   5.7067E-07   5.7073E-07   0.99988
FLUX 1149  7460.00        4.018666E+13   5.6135E-07   5.6490E-07   0.99371
FLUX 1150  7500.00        3.997233E+13   5.5481E-07   5.5915E-07   0.99224
FLUX 1151  7540.00        3.976028E+13   5.5340E-07   5.5349E-07   0.99985
FLUX 1152  7580.00        3.955046E+13   5.4788E-07   5.4791E-07   0.99994
FLUX 1153  7620.00        3.934285E+13   5.4238E-07   5.4242E-07   0.99993
FLUX 1154  7660.00        3.913740E+13   5.3700E-07   5.3701E-07   0.99998
FLUX 1155  7700.00        3.893409E+13   5.3161E-07   5.3168E-07   0.99987
FLUX 1156  7740.00        3.873288E+13   5.2642E-07   5.2643E-07   0.99998
FLUX 1157  7780.00        3.853374E+13   5.2124E-07   5.2126E-07   0.99998
FLUX 1158  7820.00        3.833664E+13   5.1615E-07   5.1616E-07   0.99999
FLUX 1159  7860.00        3.814154E+13   5.1113E-07   5.1113E-07   0.99999
FLUX 1160  7900.00        3.794842E+13   5.0618E-07   5.0618E-07   0.99999
FLUX 1161  7940.00        3.775724E+13   5.0130E-07   5.0131E-07   0.99998
FLUX 1162  7980.00        3.756798E+13   4.9649E-07   4.9650E-07   0.99998
FLUX 1163  8020.00        3.738061E+13   4.9171E-07   4.9176E-07   0.99991
FLUX 1164  8060.00        3.719510E+13   4.8702E-07   4.8709E-07   0.99985
FLUX 1165  8100.00        3.701142E+13   4.8247E-07   4.8248E-07   0.99998
FLUX 1166  8140.00        3.682955E+13   4.7768E-07   4.7794E-07   0.99945
FLUX 1167  8180.00        3.664945E+13   4.7338E-07   4.7346E-07   0.99983
FLUX 1168  8220.00        3.647111E+13   4.6904E-07   4.6905E-07   0.99998
FLUX 1169  8260.00        3.629449E+13   4.6469E-07   4.6470E-07   0.99998
FLUX 1170  8300.00        3.611958E+13   4.6039E-07   4.6040E-07   0.99998
FLUX 1171  8340.00        3.594634E+13   4.5609E-07   4.5617E-07   0.99983
FLUX 1172  8380.00        3.577476E+13   4.5195E-07   4.5200E-07   0.99989
FLUX 1173  8420.00        3.560481E+13   4.4787E-07   4.4788E-07   0.99997
FLUX 1174  8460.00        3.543647E+13   4.4381E-07   4.4382E-07   0.99998
FLUX 1175  8500.00        3.526971E+13   4.3980E-07   4.3981E-07   0.99999
FLUX 1176  8540.00        3.510451E+13   4.3585E-07   4.3586E-07   0.99998
FLUX 1177  8580.00        3.494085E+13   4.3194E-07   4.3195E-07   0.99997
FLUX 1178  8620.00        3.477871E+13   4.2808E-07   4.2811E-07   0.99993
FLUX 1179  8660.00        3.461807E+13   4.2401E-07   4.2431E-07   0.99928
FLUX 1180  8700.00        3.445891E+13   4.2056E-07   4.2056E-07   0.99999
FLUX 1181  8740.00        3.430120E+13   4.1615E-07   4.1687E-07   0.99829
FLUX 1182  8780.00        3.414493E+13   4.1249E-07   4.1322E-07   0.99825
FLUX 1183  8820.00        3.399008E+13   4.0957E-07   4.0962E-07   0.99989
FLUX 1184  8860.00        3.383663E+13   4.0601E-07   4.0606E-07   0.99987
FLUX 1185  8900.00        3.368455E+13   4.0250E-07   4.0255E-07   0.99985
FLUX 1186  8940.00        3.353384E+13   3.9906E-07   3.9909E-07   0.99992
FLUX 1187  8980.00        3.338447E+13   3.9559E-07   3.9567E-07   0.99979
FLUX 1188  9020.00        3.323642E+13   3.9226E-07   3.9230E-07   0.99990
FLUX 1189  9060.00        3.308968E+13   3.8896E-07   3.8897E-07   0.99999
FLUX 1190  9100.00        3.294423E+13   3.8561E-07   3.8568E-07   0.99983
FLUX 1191  9140.00        3.280005E+13   3.8237E-07   3.8243E-07   0.99985
FLUX 1192  9180.00        3.265714E+13   3.7921E-07   3.7922E-07   0.99997
FLUX 1193  9220.00        3.251546E+13   3.7605E-07   3.7605E-07   0.99998
FLUX 1194  9260.00        3.237500E+13   3.7292E-07   3.7293E-07   0.99997
FLUX 1195  9300.00        3.223575E+13   3.6984E-07   3.6984E-07   0.99999
FLUX 1196  9340.00        3.209770E+13   3.6676E-07   3.6679E-07   0.99994
FLUX 1197  9380.00        3.196082E+13   3.6335E-07   3.6377E-07   0.99883
FLUX 1198  9420.00        3.182511E+13   3.6079E-07   3.6080E-07   0.99998
FLUX 1199  9460.00        3.169054E+13   3.5783E-07   3.5786E-07   0.99993
FLUX 1200  9500.00        3.155711E+13   3.5495E-07   3.5495E-07   0.99998
FLUX 1201  9540.00        3.142479E+13   3.5205E-07   3.5209E-07   0.99989
FLUX 1202  9580.00        3.129358E+13   3.4922E-07   3.4925E-07   0.99992
FLUX 1203  9620.00        3.116346E+13   3.4641E-07   3.4645E-07   0.99989
FLUX 1204  9660.00        3.103442E+13   3.4366E-07   3.4368E-07   0.99991
FLUX 1205  9700.00        3.090644E+13   3.4095E-07   3.4095E-07   0.99999
FLUX 1206  9740.00        3.077952E+13   3.3817E-07   3.3825E-07   0.99975
FLUX 1207  9780.00        3.065363E+13   3.3551E-07   3.3558E-07   0.99980
FLUX 1208  9820.00        3.052877E+13   3.3292E-07   3.3294E-07   0.99993
FLUX 1209  9860.00        3.040492E+13   3.3033E-07   3.3034E-07   0.99997
FLUX 1210  9900.00        3.028207E+13   3.2774E-07   3.2776E-07   0.99995
FLUX 1211  9940.00        3.016021E+13   3.2517E-07   3.2521E-07   0.99986
FLUX 1212  9980.00        3.003933E+13   3.2268E-07   3.2270E-07   0.99994
FLUX 1213 10020.00        2.991941E+13   3.2019E-07   3.2021E-07   0.99995
FLUX 1214 20000.00        1.498963E+13   8.2850E-08   8.2851E-08   0.99999
FLUX 1215 40000.00        7.494813E+12   2.0876E-08   2.0876E-08   1.00000
FLUX 1216 60000.00        4.996542E+12   9.2519E-09   9.2519E-09   1.00000
FLUX 1217 80000.00        3.747406E+12   5.1812E-09   5.1812E-09   1.00000
FLUX 1218100000.00        2.997925E+12   3.3011E-09   3.3012E-09   1.00000
FLUX 1219120000.00        2.498271E+12   2.2828E-09   2.2828E-09   1.00000
FLUX 1220140000.00        2.141375E+12   1.6707E-09   1.6707E-09   1.00000
FLUX 1221160000.00        1.873703E+12   1.2746E-09   1.2746E-09   1.00000
FLUX
