TEFF   9250.  GRAVITY 4.00000 LTE 
TITLE  [-0.5] N(He)/Ntot=0.0784 VTURB=2.0  L/H=1.25 NOVER                       
FLUX    1     9.09        3.298047E+16   1.0000E-50   0.0000E+00   1.00000
FLUX    2     9.35        3.206337E+16   1.0000E-50   0.0000E+00   1.00000
FLUX    3     9.61        3.119589E+16   1.0000E-50   0.0000E+00   1.00000
FLUX    4     9.77        3.068501E+16   1.0000E-50   0.0000E+00   1.00000
FLUX    5     9.96        3.009965E+16   1.0000E-50   0.0000E+00   1.00000
FLUX    6    10.20        2.939142E+16   1.0000E-50   0.0000E+00   1.00000
FLUX    7    10.38        2.888174E+16   1.0000E-50   0.0000E+00   1.00000
FLUX    8    10.56        2.838944E+16   1.0000E-50   0.0000E+00   1.00000
FLUX    9    10.77        2.783589E+16   1.0000E-50   0.0000E+00   1.00000
FLUX   10    11.04        2.715512E+16   1.0000E-50   0.0000E+00   1.00000
FLUX   11    11.40        2.629759E+16   1.0000E-50   0.0000E+00   1.00000
FLUX   12    11.78        2.544928E+16   1.0000E-50   0.0000E+00   1.00000
FLUX   13    12.13        2.471496E+16   1.0000E-50   0.0000E+00   1.00000
FLUX   14    12.48        2.402183E+16   1.0000E-50   0.0000E+00   1.00000
FLUX   15    12.71        2.358714E+16   1.0000E-50   0.0000E+00   1.00000
FLUX   16    12.84        2.334833E+16   1.0000E-50   0.0000E+00   1.00000
FLUX   17    13.05        2.297261E+16   1.0000E-50   0.0000E+00   1.00000
FLUX   18    13.24        2.264294E+16   1.0000E-50   0.0000E+00   1.00000
FLUX   19    13.39        2.238928E+16   1.0000E-50   0.0000E+00   1.00000
FLUX   20    13.66        2.194674E+16   1.0000E-50   0.0000E+00   1.00000
FLUX   21    13.98        2.144438E+16   1.0000E-50   0.0000E+00   1.00000
FLUX   22    14.33        2.092062E+16   1.0000E-50   0.0000E+00   1.00000
FLUX   23    14.72        2.036634E+16   1.0000E-50   0.0000E+00   1.00000
FLUX   24    15.10        1.985381E+16   1.0000E-50   0.0000E+00   1.00000
FLUX   25    15.52        1.931653E+16   1.0000E-50   0.0000E+00   1.00000
FLUX   26    15.88        1.887862E+16   1.0000E-50   0.0000E+00   1.00000
FLUX   27    16.20        1.850571E+16   1.0000E-50   0.0000E+00   1.00000
FLUX   28    16.60        1.805979E+16   1.0000E-50   0.0000E+00   1.00000
FLUX   29    17.03        1.760379E+16   1.0000E-50   0.0000E+00   1.00000
FLUX   30    17.34        1.728907E+16   1.0000E-50   0.0000E+00   1.00000
FLUX   31    17.68        1.695659E+16   1.0000E-50   0.0000E+00   1.00000
FLUX   32    18.02        1.663665E+16   1.0000E-50   0.0000E+00   1.00000
FLUX   33    18.17        1.649931E+16   1.0000E-50   0.0000E+00   1.00000
FLUX   34    18.61        1.610922E+16   1.0000E-50   0.0000E+00   1.00000
FLUX   35    19.10        1.569594E+16   1.0000E-50   0.0000E+00   1.00000
FLUX   36    19.39        1.546119E+16   1.0000E-50   0.0000E+00   1.00000
FLUX   37    19.84        1.511051E+16   1.0000E-50   0.0000E+00   1.00000
FLUX   38    20.18        1.485592E+16   1.0000E-50   0.0000E+00   1.00000
FLUX   39    20.50        1.462402E+16   1.0000E-50   0.0000E+00   1.00000
FLUX   40    21.05        1.424192E+16   1.0000E-50   0.0000E+00   1.00000
FLUX   41    21.62        1.386644E+16   1.0000E-50   0.0000E+00   1.00000
FLUX   42    21.98        1.363933E+16   1.0000E-50   0.0000E+00   1.00000
FLUX   43    22.30        1.344361E+16   1.0000E-50   0.0000E+00   1.00000
FLUX   44    22.68        1.321836E+16   1.0000E-50   0.0000E+00   1.00000
FLUX   45    23.00        1.303446E+16   1.0000E-50   0.0000E+00   1.00000
FLUX   46    23.40        1.281165E+16   1.0000E-50   0.0000E+00   1.00000
FLUX   47    24.00        1.249135E+16   1.0000E-50   0.0000E+00   1.00000
FLUX   48    24.65        1.216197E+16   1.0000E-50   0.0000E+00   1.00000
FLUX   49    25.24        1.187767E+16   1.0000E-50   0.0000E+00   1.00000
FLUX   50    25.68        1.167416E+16   1.0000E-50   0.0000E+00   1.00000
FLUX   51    26.00        1.153048E+16   1.0000E-50   0.0000E+00   1.00000
FLUX   52    26.40        1.135578E+16   1.0000E-50   0.0000E+00   1.00000
FLUX   53    26.85        1.116546E+16   1.0000E-50   0.0000E+00   1.00000
FLUX   54    27.35        1.096133E+16   1.0000E-50   0.0000E+00   1.00000
FLUX   55    27.85        1.076454E+16   1.0000E-50   0.0000E+00   1.00000
FLUX   56    28.40        1.055607E+16   1.0000E-50   0.0000E+00   1.00000
FLUX   57    29.00        1.033767E+16   3.2477E-38   3.2478E-38   0.99999
FLUX   58    29.60        1.012813E+16   2.9507E-37   2.9507E-37   0.99999
FLUX   59    30.10        9.959884E+15   1.1603E-36   1.1604E-36   0.99994
FLUX   60    30.80        9.733523E+15   7.0764E-36   7.0765E-36   0.99999
FLUX   61    31.80        9.427437E+15   8.1082E-35   8.1083E-35   0.99999
FLUX   62    32.80        9.140015E+15   8.0440E-34   8.0441E-34   0.99999
FLUX   63    33.80        8.869601E+15   6.9861E-33   6.9861E-33   0.99999
FLUX   64    34.80        8.614727E+15   5.3629E-32   5.3630E-32   0.99999
FLUX   65    35.70        8.397549E+15   3.0515E-31   3.0515E-31   0.99999
FLUX   66    36.60        8.191052E+15   1.5962E-30   1.5962E-30   1.00000
FLUX   67    37.50        7.994467E+15   7.7067E-30   7.7069E-30   0.99998
FLUX   68    38.50        7.786818E+15   4.0678E-29   4.0679E-29   0.99999
FLUX   69    39.50        7.589684E+15   1.9747E-28   1.9747E-28   0.99999
FLUX   70    40.50        7.402284E+15   8.8579E-28   8.8579E-28   1.00000
FLUX   71    41.40        7.241365E+15   3.2128E-27   3.2129E-27   1.00000
FLUX   72    42.20        7.104088E+15   9.6465E-27   9.6465E-27   1.00000
FLUX   73    43.00        6.971919E+15   2.7778E-26   2.7779E-26   0.99996
FLUX   74    44.10        6.798016E+15   1.1160E-25   1.1160E-25   1.00000
FLUX   75    45.10        6.647284E+15   3.7246E-25   3.7247E-25   1.00000
FLUX   76    46.00        6.517228E+15   1.0526E-24   1.0526E-24   1.00000
FLUX   77    47.00        6.378564E+15   3.1837E-24   3.1837E-24   0.99999
FLUX   78    48.00        6.245677E+15   9.1888E-24   9.1888E-24   1.00000
FLUX   79    49.00        6.118214E+15   2.5378E-23   2.5378E-23   1.00000
FLUX   80    50.00        5.995850E+15   6.7224E-23   6.7224E-23   1.00000
FLUX   81    50.60        5.924753E+15   1.1919E-22   1.2236E-22   0.97412
FLUX   82    51.20        5.855322E+15   2.1183E-22   2.1198E-22   0.99928
FLUX   83    52.00        5.765240E+15   4.3193E-22   4.3220E-22   0.99937
FLUX   84    53.00        5.656462E+15   1.0210E-21   1.0210E-21   0.99997
FLUX   85    54.00        5.551713E+15   2.3349E-21   2.3360E-21   0.99956
FLUX   86    55.00        5.450773E+15   5.1828E-21   5.1829E-21   0.99998
FLUX   87    56.00        5.353438E+15   1.1169E-20   1.1169E-20   1.00000
FLUX   88    57.00        5.259518E+15   2.3415E-20   2.3415E-20   1.00000
FLUX   89    58.00        5.168836E+15   4.7818E-20   4.7832E-20   0.99972
FLUX   90    59.00        5.081229E+15   9.5302E-20   9.5303E-20   0.99999
FLUX   91    60.00        4.996542E+15   1.8544E-19   1.8545E-19   0.99999
FLUX   92    61.00        4.914631E+15   3.5291E-19   3.5291E-19   1.00000
FLUX   93    62.00        4.835363E+15   6.5732E-19   6.5733E-19   1.00000
FLUX   94    63.00        4.758611E+15   1.1995E-18   1.1995E-18   1.00000
FLUX   95    64.00        4.684258E+15   2.1472E-18   2.1473E-18   0.99999
FLUX   96    65.00        4.612192E+15   3.7732E-18   3.7732E-18   1.00000
FLUX   97    65.80        4.556117E+15   5.8476E-18   5.8476E-18   1.00000
FLUX   98    66.50        4.508158E+15   8.5034E-18   8.5035E-18   1.00000
FLUX   99    67.50        4.441370E+15   1.4317E-17   1.4317E-17   1.00000
FLUX  100    68.50        4.376533E+15   2.3727E-17   2.3727E-17   1.00000
FLUX  101    69.50        4.313561E+15   3.8731E-17   3.8731E-17   1.00000
FLUX  102    70.50        4.252376E+15   6.2317E-17   6.2317E-17   0.99999
FLUX  103    71.60        4.187046E+15   1.0348E-16   1.0348E-16   1.00000
FLUX  104    72.60        4.129373E+15   1.6183E-16   1.6183E-16   1.00000
FLUX  105    73.50        4.078810E+15   2.3940E-16   2.3940E-16   1.00000
FLUX  106    74.50        4.024060E+15   3.6563E-16   3.6563E-16   1.00000
FLUX  107    75.50        3.970762E+15   5.5191E-16   5.5191E-16   1.00000
FLUX  108    76.50        3.918856E+15   8.2376E-16   8.2376E-16   1.00000
FLUX  109    77.50        3.868290E+15   1.2163E-15   1.2163E-15   1.00000
FLUX  110    78.50        3.819013E+15   1.7773E-15   1.7773E-15   1.00000
FLUX  111    79.50        3.770975E+15   2.5711E-15   2.5712E-15   1.00000
FLUX  112    80.50        3.724130E+15   3.6839E-15   3.6839E-15   1.00000
FLUX  113    81.50        3.678436E+15   5.2296E-15   5.2296E-15   1.00000
FLUX  114    82.50        3.633848E+15   7.3578E-15   7.3578E-15   1.00000
FLUX  115    83.50        3.590329E+15   1.0263E-14   1.0263E-14   1.00000
FLUX  116    84.50        3.547840E+15   1.4198E-14   1.4198E-14   1.00000
FLUX  117    85.50        3.506345E+15   1.9484E-14   1.9484E-14   1.00000
FLUX  118    86.50        3.465809E+15   2.6533E-14   2.6533E-14   1.00000
FLUX  119    87.50        3.426200E+15   3.5864E-14   3.5864E-14   1.00000
FLUX  120    88.50        3.387486E+15   4.8130E-14   4.8130E-14   1.00000
FLUX  121    89.50        3.349637E+15   6.4142E-14   6.4142E-14   1.00000
FLUX  122    90.50        3.312624E+15   8.4909E-14   8.4909E-14   1.00000
FLUX  123    91.50        3.276421E+15   1.0091E-12   1.6901E-11   0.05971
FLUX  124    92.50        3.241000E+15   7.4150E-12   2.1229E-11   0.34930
FLUX  125    93.50        3.206337E+15   1.2683E-11   2.6171E-11   0.48462
FLUX  126    94.50        3.172407E+15   2.0970E-11   3.1939E-11   0.65656
FLUX  127    95.50        3.139188E+15   3.0337E-11   3.8831E-11   0.78127
FLUX  128    96.50        3.106658E+15   4.0488E-11   4.6442E-11   0.87181
FLUX  129    97.50        3.074795E+15   3.6616E-11   5.4726E-11   0.66908
FLUX  130    98.50        3.043579E+15   5.9700E-11   6.6884E-11   0.89259
FLUX  131    99.50        3.012990E+15   6.8021E-11   7.9264E-11   0.85815
FLUX  132   100.50        2.983010E+15   8.6905E-11   9.3292E-11   0.93153
FLUX  133   101.50        2.953621E+15   1.0003E-10   1.0801E-10   0.92611
FLUX  134   102.50        2.924805E+15   8.0144E-11   1.3063E-10   0.61350
FLUX  135   103.50        2.896546E+15   1.3771E-10   1.5265E-10   0.90214
FLUX  136   104.50        2.868828E+15   1.7148E-10   1.7947E-10   0.95551
FLUX  137   105.50        2.841635E+15   2.0236E-10   2.1041E-10   0.96175
FLUX  138   106.50        2.814953E+15   2.3045E-10   2.4671E-10   0.93407
FLUX  139   107.50        2.788767E+15   2.7742E-10   2.8926E-10   0.95905
FLUX  140   108.50        2.763065E+15   3.2322E-10   3.3843E-10   0.95505
FLUX  141   109.50        2.737831E+15   3.6379E-10   3.9435E-10   0.92248
FLUX  142   110.50        2.713054E+15   6.2843E-10   1.7545E-08   0.03582
FLUX  143   111.50        2.688722E+15   4.1758E-09   3.2014E-08   0.13044
FLUX  144   112.50        2.664822E+15   8.3417E-09   4.7008E-08   0.17745
FLUX  145   113.50        2.641344E+15   1.2947E-08   7.0268E-08   0.18425
FLUX  146   114.50        2.618275E+15   1.1594E-08   7.8193E-08   0.14827
FLUX  147   115.50        2.595606E+15   1.0324E-08   7.4265E-08   0.13901
FLUX  148   116.50        2.573326E+15   7.3272E-09   5.8630E-08   0.12497
FLUX  149   117.50        2.551426E+15   4.2453E-09   3.5382E-08   0.11999
FLUX  150   118.50        2.529895E+15   4.0945E-09   1.8912E-07   0.02165
FLUX  151   119.50        2.508724E+15   1.8129E-09   1.9397E-07   0.00935
FLUX  152   120.50        2.487905E+15   1.3922E-09   1.9613E-07   0.00710
FLUX  153   121.50        2.467428E+15   3.2286E-10   1.9628E-07   0.00164
FLUX  154   122.50        2.447286E+15   1.5242E-09   2.4414E-07   0.00624
FLUX  155   123.50        2.427470E+15   3.4842E-09   2.4130E-07   0.01444
FLUX  156   124.50        2.407972E+15   5.8273E-09   3.5396E-07   0.01646
FLUX  157   125.50        2.388785E+15   1.9777E-08   9.1398E-07   0.02164
FLUX  158   126.50        2.369901E+15   6.3933E-08   1.5203E-06   0.04205
FLUX  159   127.50        2.351314E+15   2.2550E-07   1.9499E-06   0.11565
FLUX  160   128.50        2.333016E+15   5.5948E-07   2.3889E-06   0.23420
FLUX  161   129.50        2.315000E+15   7.5876E-07   2.6913E-06   0.28193
FLUX  162   130.50        2.297261E+15   5.5464E-07   2.9701E-06   0.18674
FLUX  163   131.50        2.279791E+15   1.1117E-06   3.1793E-06   0.34968
FLUX  164   132.50        2.262585E+15   1.4059E-06   3.3611E-06   0.41829
FLUX  165   133.50        2.245637E+15   1.4739E-06   3.5070E-06   0.42028
FLUX  166   134.50        2.228941E+15   1.9336E-06   3.6278E-06   0.53298
FLUX  167   135.50        2.212491E+15   1.8476E-06   3.7320E-06   0.49506
FLUX  168   136.50        2.196282E+15   1.7712E-06   3.8300E-06   0.46246
FLUX  169   137.50        2.180309E+15   1.8756E-06   3.9130E-06   0.47932
FLUX  170   138.50        2.164567E+15   1.6674E-06   3.9861E-06   0.41830
FLUX  171   139.50        2.149050E+15   1.7641E-06   4.0484E-06   0.43575
FLUX  172   140.50        2.133754E+15   2.2203E-06   4.1050E-06   0.54087
FLUX  173   141.50        2.118675E+15   2.4513E-06   4.1534E-06   0.59019
FLUX  174   142.50        2.103807E+15   2.8003E-06   4.2208E-06   0.66347
FLUX  175   143.50        2.089146E+15   2.5507E-06   4.2603E-06   0.59871
FLUX  176   144.20        2.079005E+15   2.9815E-06   4.2870E-06   0.69549
FLUX  177   144.70        2.071821E+15   3.2019E-06   4.6944E-06   0.68206
FLUX  178   145.50        2.060430E+15   3.3658E-06   4.7231E-06   0.71263
FLUX  179   146.50        2.046365E+15   3.1075E-06   4.7570E-06   0.65324
FLUX  180   147.50        2.032492E+15   3.0997E-06   4.7869E-06   0.64755
FLUX  181   148.50        2.018805E+15   3.2906E-06   4.8132E-06   0.68367
FLUX  182   149.50        2.005301E+15   3.6290E-06   4.8373E-06   0.75020
FLUX  183   150.50        1.991977E+15   3.7742E-06   4.8578E-06   0.77694
FLUX  184   151.20        1.982755E+15   3.4886E-06   4.8713E-06   0.71616
FLUX  185   151.70        1.976220E+15   3.7760E-06   5.3722E-06   0.70288
FLUX  186   152.50        1.965852E+15   3.6399E-06   6.3805E-06   0.57047
FLUX  187   153.50        1.953046E+15   3.8277E-06   6.8217E-06   0.56110
FLUX  188   154.50        1.940405E+15   4.4088E-06   6.8617E-06   0.64252
FLUX  189   155.50        1.927926E+15   3.7379E-06   6.8992E-06   0.54179
FLUX  190   156.50        1.915607E+15   3.2147E-06   6.9358E-06   0.46349
FLUX  191   157.50        1.903444E+15   4.1835E-06   6.9862E-06   0.59882
FLUX  192   158.50        1.891435E+15   4.7073E-06   7.0201E-06   0.67054
FLUX  193   159.50        1.879577E+15   5.1316E-06   7.0530E-06   0.72758
FLUX  194   160.50        1.867866E+15   4.9368E-06   7.0846E-06   0.69684
FLUX  195   161.50        1.856300E+15   4.9830E-06   7.1155E-06   0.70030
FLUX  196   162.50        1.844877E+15   4.5632E-06   7.1528E-06   0.63796
FLUX  197   163.50        1.833593E+15   4.9267E-06   7.1826E-06   0.68592
FLUX  198   164.50        1.822447E+15   5.6414E-06   7.2119E-06   0.78224
FLUX  199   165.50        1.811435E+15   4.4207E-06   7.2408E-06   0.61052
FLUX  200   166.50        1.800556E+15   5.7495E-06   7.2689E-06   0.79097
FLUX  201   167.20        1.793017E+15   4.1664E-06   7.2884E-06   0.57165
FLUX  202   167.70        1.787671E+15   5.4525E-06   7.4481E-06   0.73206
FLUX  203   168.50        1.779184E+15   6.1426E-06   7.5442E-06   0.81422
FLUX  204   169.50        1.768687E+15   5.5378E-06   7.5710E-06   0.73145
FLUX  205   170.50        1.758314E+15   5.5022E-06   7.5977E-06   0.72419
FLUX  206   171.50        1.748061E+15   5.7837E-06   7.6307E-06   0.75795
FLUX  207   172.50        1.737928E+15   5.7556E-06   7.6575E-06   0.75162
FLUX  208   173.50        1.727911E+15   6.1920E-06   7.6839E-06   0.80584
FLUX  209   174.50        1.718009E+15   6.0323E-06   7.7106E-06   0.78234
FLUX  210   175.50        1.708219E+15   6.6601E-06   7.7369E-06   0.86082
FLUX  211   176.50        1.698541E+15   5.7052E-06   7.7628E-06   0.73494
FLUX  212   177.50        1.688972E+15   6.5218E-06   7.7888E-06   0.83734
FLUX  213   178.50        1.679510E+15   6.5161E-06   7.8150E-06   0.83380
FLUX  214   179.50        1.670153E+15   7.1578E-06   7.8411E-06   0.91286
FLUX  215   180.50        1.660900E+15   6.8078E-06   7.8674E-06   0.86531
FLUX  216   181.50        1.651749E+15   6.8561E-06   7.8939E-06   0.86854
FLUX  217   182.50        1.642699E+15   6.5833E-06   7.9207E-06   0.83116
FLUX  218   183.50        1.633747E+15   6.5364E-06   7.9487E-06   0.82233
FLUX  219   184.50        1.624892E+15   6.0750E-06   7.9768E-06   0.76158
FLUX  220   185.50        1.616132E+15   6.4611E-06   8.0052E-06   0.80712
FLUX  221   186.50        1.607466E+15   6.6064E-06   8.0335E-06   0.82236
FLUX  222   187.50        1.598893E+15   6.8804E-06   8.0633E-06   0.85329
FLUX  223   188.50        1.590411E+15   6.9335E-06   8.0918E-06   0.85686
FLUX  224   189.50        1.582018E+15   6.9865E-06   8.1204E-06   0.86036
FLUX  225   190.50        1.573714E+15   6.6637E-06   8.1492E-06   0.81770
FLUX  226   191.50        1.565496E+15   7.0679E-06   8.1788E-06   0.86417
FLUX  227   192.50        1.557364E+15   7.2116E-06   8.2081E-06   0.87860
FLUX  228   193.50        1.549315E+15   6.9235E-06   8.2375E-06   0.84049
FLUX  229   194.50        1.541350E+15   7.5244E-06   8.2671E-06   0.91015
FLUX  230   195.50        1.533465E+15   7.5020E-06   8.2969E-06   0.90420
FLUX  231   196.70        1.524110E+15   7.7579E-06   8.3328E-06   0.93100
FLUX  232   197.60        1.517169E+15   7.6199E-06   8.3638E-06   0.91105
FLUX  233   198.40        1.511051E+15   7.5129E-06   8.3883E-06   0.89564
FLUX  234   199.50        1.502719E+15   7.3954E-06   8.4239E-06   0.87790
FLUX  235   200.50        1.495224E+15   7.2871E-06   8.4550E-06   0.86187
FLUX  236   201.50        1.487804E+15   7.1664E-06   8.4864E-06   0.84446
FLUX  237   202.50        1.480457E+15   7.0662E-06   8.5180E-06   0.82956
FLUX  238   203.50        1.473182E+15   7.4558E-06   8.5498E-06   0.87204
FLUX  239   204.50        1.465978E+15   7.7878E-06   8.5819E-06   0.90746
FLUX  240   205.50        1.458844E+15   7.5207E-06   8.6142E-06   0.87305
FLUX  241   206.50        1.451780E+15   7.4716E-06   8.6468E-06   0.86409
FLUX  242   207.40        1.445480E+15   7.9126E-06   8.6763E-06   0.91198
FLUX  243   207.80        1.442697E+15   8.1232E-06   8.7203E-06   0.93153
FLUX  244   208.50        1.437854E+15   8.0529E-06   8.7438E-06   0.92098
FLUX  245   209.50        1.430990E+15   7.8480E-06   8.7776E-06   0.89410
FLUX  246   210.50        1.424192E+15   7.7193E-06   8.8116E-06   0.87603
FLUX  247   211.50        1.417459E+15   7.8096E-06   8.8461E-06   0.88283
FLUX  248   212.50        1.410788E+15   7.9728E-06   8.8808E-06   0.89776
FLUX  249   213.50        1.404180E+15   6.9506E-06   8.9157E-06   0.77959
FLUX  250   214.50        1.397634E+15   7.7959E-06   8.9509E-06   0.87097
FLUX  251   215.50        1.391148E+15   7.8781E-06   8.9863E-06   0.87668
FLUX  252   216.50        1.384723E+15   7.5717E-06   9.0220E-06   0.83924
FLUX  253   217.50        1.378356E+15   7.5433E-06   9.0580E-06   0.83277
FLUX  254   218.50        1.372048E+15   7.6940E-06   9.0943E-06   0.84603
FLUX  255   219.50        1.365797E+15   8.1809E-06   9.1307E-06   0.89597
FLUX  256   220.50        1.359603E+15   7.9352E-06   9.1675E-06   0.86558
FLUX  257   221.50        1.353465E+15   7.3667E-06   9.2046E-06   0.80033
FLUX  258   222.50        1.347382E+15   7.4059E-06   9.2421E-06   0.80132
FLUX  259   223.50        1.341353E+15   8.2448E-06   9.2797E-06   0.88848
FLUX  260   224.50        1.335379E+15   7.5436E-06   9.3175E-06   0.80961
FLUX  261   225.50        1.329457E+15   7.4505E-06   9.3566E-06   0.79628
FLUX  262   226.50        1.323587E+15   7.4887E-06   9.3949E-06   0.79710
FLUX  263   227.50        1.317769E+15   8.0272E-06   9.4335E-06   0.85093
FLUX  264   228.50        1.312002E+15   8.3236E-06   9.4722E-06   0.87874
FLUX  265   229.50        1.306285E+15   7.8588E-06   9.5112E-06   0.82627
FLUX  266   230.50        1.300618E+15   7.8954E-06   9.5503E-06   0.82672
FLUX  267   231.50        1.295000E+15   7.7935E-06   9.5897E-06   0.81269
FLUX  268   232.50        1.289430E+15   7.8420E-06   9.6294E-06   0.81438
FLUX  269   233.50        1.283908E+15   7.6092E-06   9.6696E-06   0.78692
FLUX  270   234.50        1.278433E+15   7.0359E-06   9.7097E-06   0.72463
FLUX  271   235.50        1.273004E+15   8.0215E-06   9.7500E-06   0.82272
FLUX  272   236.50        1.267622E+15   7.2574E-06   9.7906E-06   0.74126
FLUX  273   237.50        1.262284E+15   7.7692E-06   9.8314E-06   0.79025
FLUX  274   238.50        1.256992E+15   6.8926E-06   9.8724E-06   0.69817
FLUX  275   239.50        1.251743E+15   7.5669E-06   9.9137E-06   0.76328
FLUX  276   240.50        1.246538E+15   7.3159E-06   9.9551E-06   0.73489
FLUX  277   241.50        1.241377E+15   7.5297E-06   9.9967E-06   0.75322
FLUX  278   242.50        1.236258E+15   8.0450E-06   1.0039E-05   0.80141
FLUX  279   243.50        1.231181E+15   7.7645E-06   1.0081E-05   0.77025
FLUX  280   244.50        1.226145E+15   8.2929E-06   1.0123E-05   0.81920
FLUX  281   245.50        1.221151E+15   8.0736E-06   1.0166E-05   0.79421
FLUX  282   246.50        1.216197E+15   8.0980E-06   1.0208E-05   0.79329
FLUX  283   247.50        1.211283E+15   7.8350E-06   1.0251E-05   0.76433
FLUX  284   248.50        1.206408E+15   8.2544E-06   1.0294E-05   0.80188
FLUX  285   249.50        1.201573E+15   8.0532E-06   1.0337E-05   0.77907
FLUX  286   250.50        1.196776E+15   8.8849E-06   1.0381E-05   0.85592
FLUX  287   251.30        1.192967E+15   8.1524E-06   1.0415E-05   0.78273
FLUX  288   251.80        1.190598E+15   8.2747E-06   1.0450E-05   0.79184
FLUX  289   252.50        1.187297E+15   7.8108E-06   1.0481E-05   0.74527
FLUX  290   253.50        1.182613E+15   7.7283E-06   1.0525E-05   0.73426
FLUX  291   254.50        1.177967E+15   7.7981E-06   1.0570E-05   0.73775
FLUX  292   255.50        1.173356E+15   8.3647E-06   1.0615E-05   0.78800
FLUX  293   256.50        1.168782E+15   8.4246E-06   1.0660E-05   0.79028
FLUX  294   257.50        1.164243E+15   9.0113E-06   1.0706E-05   0.84174
FLUX  295   258.50        1.159739E+15   9.1080E-06   1.0751E-05   0.84717
FLUX  296   259.50        1.155270E+15   9.0644E-06   1.0797E-05   0.83956
FLUX  297   260.50        1.150835E+15   8.7627E-06   1.0842E-05   0.80819
FLUX  298   261.50        1.146434E+15   8.7405E-06   1.0888E-05   0.80276
FLUX  299   262.50        1.142067E+15   9.2599E-06   1.0934E-05   0.84689
FLUX  300   263.50        1.137732E+15   9.3642E-06   1.0980E-05   0.85284
FLUX  301   264.50        1.133431E+15   1.0308E-05   1.1026E-05   0.93483
FLUX  302   265.50        1.129162E+15   1.0268E-05   1.1072E-05   0.92736
FLUX  303   266.50        1.124925E+15   9.6500E-06   1.1119E-05   0.86791
FLUX  304   267.50        1.120720E+15   1.0042E-05   1.1165E-05   0.89937
FLUX  305   268.50        1.116546E+15   1.0144E-05   1.1212E-05   0.90482
FLUX  306   269.50        1.112403E+15   9.7656E-06   1.1258E-05   0.86743
FLUX  307   270.50        1.108290E+15   9.9982E-06   1.1305E-05   0.88441
FLUX  308   271.50        1.104208E+15   9.6349E-06   1.1352E-05   0.84876
FLUX  309   272.50        1.100156E+15   9.7607E-06   1.1398E-05   0.85632
FLUX  310   273.50        1.096133E+15   1.0456E-05   1.1445E-05   0.91360
FLUX  311   274.50        1.092140E+15   9.1989E-06   1.1492E-05   0.80044
FLUX  312   275.50        1.088176E+15   9.3936E-06   1.1539E-05   0.81405
FLUX  313   276.50        1.084241E+15   9.7852E-06   1.1586E-05   0.84455
FLUX  314   277.50        1.080333E+15   1.0405E-05   1.1633E-05   0.89442
FLUX  315   278.50        1.076454E+15   1.0270E-05   1.1681E-05   0.87925
FLUX  316   279.50        1.072603E+15   8.2332E-06   1.1728E-05   0.70202
FLUX  317   280.50        1.068779E+15   9.1662E-06   1.1775E-05   0.77844
FLUX  318   281.50        1.064982E+15   1.0925E-05   1.1822E-05   0.92406
FLUX  319   282.50        1.061212E+15   1.1032E-05   1.1870E-05   0.92941
FLUX  320   283.50        1.057469E+15   1.0752E-05   1.1917E-05   0.90219
FLUX  321   284.50        1.053752E+15   1.0491E-05   1.1965E-05   0.87681
FLUX  322   285.50        1.050061E+15   1.0261E-05   1.2012E-05   0.85418
FLUX  323   286.50        1.046396E+15   1.0874E-05   1.2060E-05   0.90165
FLUX  324   287.50        1.042757E+15   1.0704E-05   1.2107E-05   0.88406
FLUX  325   288.50        1.039142E+15   1.1004E-05   1.2155E-05   0.90533
FLUX  326   289.50        1.035553E+15   1.0764E-05   1.2202E-05   0.88216
FLUX  327   291.00        1.030215E+15   1.1720E-05   1.2274E-05   0.95491
FLUX  328   293.00        1.023183E+15   1.1457E-05   1.2369E-05   0.92630
FLUX  329   295.00        1.016246E+15   1.1565E-05   1.2464E-05   0.92786
FLUX  330   297.00        1.009402E+15   1.1810E-05   1.2559E-05   0.94033
FLUX  331   299.00        1.002651E+15   1.1991E-05   1.2654E-05   0.94761
FLUX  332   301.00        9.959884E+14   1.2271E-05   1.2749E-05   0.96247
FLUX  333   303.00        9.894142E+14   1.2335E-05   1.2844E-05   0.96037
FLUX  334   305.00        9.829262E+14   1.2396E-05   1.2938E-05   0.95809
FLUX  335   307.00        9.765228E+14   1.2429E-05   1.3033E-05   0.95369
FLUX  336   309.00        9.702023E+14   1.2685E-05   1.3127E-05   0.96630
FLUX  337   311.00        9.639630E+14   1.2619E-05   1.3221E-05   0.95449
FLUX  338   313.00        9.578035E+14   1.2708E-05   1.3315E-05   0.95440
FLUX  339   315.00        9.517222E+14   1.2974E-05   1.3409E-05   0.96760
FLUX  340   317.00        9.457177E+14   1.3050E-05   1.3503E-05   0.96651
FLUX  341   319.00        9.397884E+14   1.2798E-05   1.3596E-05   0.94131
FLUX  342   321.00        9.339330E+14   1.3137E-05   1.3690E-05   0.95963
FLUX  343   323.00        9.281502E+14   1.3051E-05   1.3783E-05   0.94695
FLUX  344   325.00        9.224385E+14   1.3322E-05   1.3875E-05   0.96016
FLUX  345   327.00        9.167966E+14   1.3522E-05   1.3967E-05   0.96809
FLUX  346   329.00        9.112234E+14   1.3742E-05   1.4059E-05   0.97747
FLUX  347   331.00        9.057175E+14   1.3908E-05   1.4150E-05   0.98292
FLUX  348   333.00        9.002778E+14   1.3823E-05   1.4241E-05   0.97068
FLUX  349   335.00        8.949030E+14   1.3775E-05   1.4331E-05   0.96121
FLUX  350   337.00        8.895920E+14   1.3941E-05   1.4421E-05   0.96674
FLUX  351   339.00        8.843437E+14   1.3991E-05   1.4510E-05   0.96421
FLUX  352   341.00        8.791569E+14   1.4305E-05   1.4599E-05   0.97983
FLUX  353   343.00        8.740306E+14   1.4414E-05   1.4688E-05   0.98138
FLUX  354   345.00        8.689638E+14   1.4481E-05   1.4776E-05   0.98007
FLUX  355   347.00        8.639553E+14   1.4497E-05   1.4863E-05   0.97536
FLUX  356   349.00        8.590043E+14   1.4605E-05   1.4950E-05   0.97696
FLUX  357   351.00        8.541097E+14   1.4836E-05   1.5036E-05   0.98671
FLUX  358   353.00        8.492705E+14   1.4982E-05   1.5121E-05   0.99079
FLUX  359   355.00        8.444859E+14   1.5115E-05   1.5206E-05   0.99402
FLUX  360   357.00        8.397549E+14   1.5045E-05   1.5291E-05   0.98392
FLUX  361   359.00        8.350766E+14   1.5138E-05   1.5374E-05   0.98461
FLUX  362   361.00        8.304501E+14   1.5241E-05   1.5458E-05   0.98595
FLUX  363   363.00        8.258747E+14   1.5359E-05   1.5540E-05   0.98833
FLUX  364   364.00        8.236058E+14   1.5371E-05   1.5581E-05   0.98653
FLUX  365   365.00        8.213493E+14   1.5614E-05   6.0207E-05   0.25933
FLUX  366   367.00        8.168733E+14   1.5723E-05   5.9956E-05   0.26224
FLUX  367   369.00        8.124458E+14   1.5291E-05   5.9713E-05   0.25607
FLUX  368   371.00        8.080660E+14   1.5840E-05   5.9463E-05   0.26638
FLUX  369   373.00        8.037332E+14   1.6420E-05   5.9215E-05   0.27730
FLUX  370   375.00        7.994467E+14   2.0950E-05   5.8968E-05   0.35528
FLUX  371   377.00        7.952056E+14   2.2618E-05   5.8725E-05   0.38515
FLUX  372   379.00        7.910092E+14   2.8565E-05   5.8480E-05   0.48846
FLUX  373   381.00        7.868570E+14   3.4390E-05   5.8237E-05   0.59051
FLUX  374   383.00        7.827480E+14   2.7187E-05   5.7996E-05   0.46877
FLUX  375   385.00        7.786818E+14   3.9317E-05   5.7757E-05   0.68073
FLUX  376   387.00        7.746576E+14   4.5787E-05   5.7519E-05   0.79603
FLUX  377   389.00        7.706748E+14   2.4191E-05   5.7282E-05   0.42231
FLUX  378   391.00        7.667327E+14   4.6608E-05   5.7046E-05   0.81702
FLUX  379   393.00        7.628308E+14   4.9663E-05   5.6812E-05   0.87417
FLUX  380   395.00        7.589684E+14   4.7502E-05   5.6579E-05   0.83957
FLUX  381   397.00        7.551448E+14   2.4105E-05   5.6347E-05   0.42781
FLUX  382   399.00        7.513596E+14   4.5928E-05   5.6116E-05   0.81844
FLUX  383   401.00        7.476122E+14   5.3148E-05   5.5887E-05   0.95098
FLUX  384   403.00        7.439020E+14   5.3792E-05   5.5660E-05   0.96645
FLUX  385   405.00        7.402284E+14   5.3499E-05   5.5434E-05   0.96510
FLUX  386   407.00        7.365909E+14   5.0953E-05   5.5209E-05   0.92291
FLUX  387   409.00        7.329890E+14   3.7979E-05   5.4986E-05   0.69069
FLUX  388   411.00        7.294221E+14   2.8673E-05   5.4765E-05   0.52357
FLUX  389   413.00        7.258898E+14   4.9176E-05   5.4546E-05   0.90155
FLUX  390   415.00        7.223916E+14   5.2579E-05   5.4328E-05   0.96780
FLUX  391   417.00        7.189269E+14   5.2867E-05   5.4112E-05   0.97698
FLUX  392   419.00        7.154952E+14   5.2853E-05   5.3897E-05   0.98062
FLUX  393   421.00        7.120962E+14   5.2734E-05   5.3684E-05   0.98231
FLUX  394   423.00        7.087293E+14   5.2148E-05   5.3472E-05   0.97524
FLUX  395   425.00        7.053941E+14   5.2075E-05   5.3261E-05   0.97774
FLUX  396   427.00        7.020902E+14   5.1439E-05   5.3051E-05   0.96963
FLUX  397   429.00        6.988170E+14   5.1114E-05   5.2842E-05   0.96730
FLUX  398   431.00        6.955742E+14   4.7943E-05   5.2634E-05   0.91088
FLUX  399   433.00        6.923614E+14   3.4627E-05   5.2428E-05   0.66047
FLUX  400   435.00        6.891782E+14   2.9473E-05   5.2222E-05   0.56437
FLUX  401   437.00        6.860240E+14   4.7485E-05   5.2018E-05   0.91285
FLUX  402   439.00        6.828986E+14   4.9711E-05   5.1816E-05   0.95939
FLUX  403   441.00        6.798016E+14   5.0167E-05   5.1614E-05   0.97197
FLUX  404   443.00        6.767325E+14   5.0374E-05   5.1414E-05   0.97977
FLUX  405   445.00        6.736910E+14   5.0577E-05   5.1215E-05   0.98753
FLUX  406   447.00        6.706767E+14   5.0408E-05   5.1018E-05   0.98805
FLUX  407   449.00        6.676893E+14   4.9816E-05   5.0821E-05   0.98023
FLUX  408   451.00        6.647284E+14   5.0066E-05   5.0626E-05   0.98894
FLUX  409   453.00        6.617936E+14   4.9739E-05   5.0432E-05   0.98626
FLUX  410   455.00        6.588846E+14   4.9151E-05   5.0239E-05   0.97835
FLUX  411   457.00        6.560011E+14   4.9599E-05   5.0046E-05   0.99106
FLUX  412   459.00        6.531427E+14   4.9161E-05   4.9855E-05   0.98608
FLUX  413   461.00        6.503091E+14   4.9545E-05   4.9666E-05   0.99757
FLUX  414   463.00        6.475000E+14   4.8893E-05   4.9477E-05   0.98820
FLUX  415   465.00        6.447151E+14   4.9153E-05   4.9290E-05   0.99723
FLUX  416   467.00        6.419540E+14   4.8937E-05   4.9104E-05   0.99661
FLUX  417   469.00        6.392164E+14   4.8366E-05   4.8919E-05   0.98870
FLUX  418   471.00        6.365021E+14   4.7348E-05   4.8735E-05   0.97155
FLUX  419   473.00        6.338108E+14   4.8283E-05   4.8552E-05   0.99446
FLUX  420   475.00        6.311421E+14   4.8107E-05   4.8371E-05   0.99456
FLUX  421   477.00        6.284958E+14   4.7801E-05   4.8190E-05   0.99193
FLUX  422   479.00        6.258716E+14   4.7417E-05   4.8011E-05   0.98763
FLUX  423   481.00        6.232692E+14   4.6605E-05   4.7832E-05   0.97435
FLUX  424   483.00        6.206884E+14   4.4249E-05   4.7655E-05   0.92854
FLUX  425   485.00        6.181289E+14   3.3425E-05   4.7478E-05   0.70400
FLUX  426   487.00        6.155903E+14   2.7075E-05   4.7303E-05   0.57238
FLUX  427   489.00        6.130726E+14   4.2398E-05   4.7128E-05   0.89964
FLUX  428   491.00        6.105754E+14   4.5485E-05   4.6954E-05   0.96871
FLUX  429   493.00        6.080984E+14   4.5680E-05   4.6782E-05   0.97644
FLUX  430   495.00        6.056414E+14   4.6127E-05   4.6610E-05   0.98964
FLUX  431   497.00        6.032042E+14   4.6212E-05   4.6439E-05   0.99510
FLUX  432   499.00        6.007866E+14   4.5969E-05   4.6270E-05   0.99350
FLUX  433   501.00        5.983882E+14   4.5435E-05   4.6101E-05   0.98554
FLUX  434   503.00        5.960089E+14   4.5691E-05   4.5934E-05   0.99471
FLUX  435   505.00        5.936485E+14   4.5357E-05   4.5767E-05   0.99105
FLUX  436   507.00        5.913067E+14   4.5481E-05   4.5601E-05   0.99736
FLUX  437   509.00        5.889833E+14   4.5316E-05   4.5437E-05   0.99734
FLUX  438   511.00        5.866781E+14   4.5158E-05   4.5273E-05   0.99746
FLUX  439   513.00        5.843908E+14   4.4955E-05   4.5110E-05   0.99658
FLUX  440   515.00        5.821214E+14   4.4724E-05   4.4948E-05   0.99502
FLUX  441   517.00        5.798694E+14   4.4031E-05   4.4787E-05   0.98311
FLUX  442   519.00        5.776349E+14   4.3989E-05   4.4627E-05   0.98570
FLUX  443   521.00        5.754175E+14   4.4243E-05   4.4468E-05   0.99494
FLUX  444   523.00        5.732170E+14   4.3806E-05   4.4310E-05   0.98863
FLUX  445   525.00        5.710333E+14   4.4037E-05   4.4152E-05   0.99739
FLUX  446   527.00        5.688662E+14   4.3419E-05   4.3996E-05   0.98688
FLUX  447   529.00        5.667155E+14   4.3701E-05   4.3840E-05   0.99681
FLUX  448   531.00        5.645810E+14   4.3322E-05   4.3686E-05   0.99168
FLUX  449   533.00        5.624625E+14   4.3165E-05   4.3532E-05   0.99157
FLUX  450   535.00        5.603598E+14   4.3280E-05   4.3379E-05   0.99772
FLUX  451   537.00        5.582728E+14   4.3027E-05   4.3226E-05   0.99538
FLUX  452   539.00        5.562013E+14   4.2917E-05   4.3075E-05   0.99632
FLUX  453   541.00        5.541451E+14   4.2653E-05   4.2925E-05   0.99366
FLUX  454   543.00        5.521041E+14   4.2594E-05   4.2775E-05   0.99577
FLUX  455   545.00        5.500780E+14   4.2517E-05   4.2626E-05   0.99743
FLUX  456   547.00        5.480667E+14   4.2371E-05   4.2479E-05   0.99746
FLUX  457   549.00        5.460701E+14   4.2252E-05   4.2331E-05   0.99812
FLUX  458   551.00        5.440880E+14   4.2109E-05   4.2185E-05   0.99819
FLUX  459   553.00        5.421203E+14   4.1894E-05   4.2040E-05   0.99653
FLUX  460   555.00        5.401667E+14   4.1839E-05   4.1895E-05   0.99866
FLUX  461   557.00        5.382271E+14   4.1666E-05   4.1751E-05   0.99798
FLUX  462   559.00        5.363014E+14   4.1522E-05   4.1607E-05   0.99796
FLUX  463   561.00        5.343895E+14   4.1409E-05   4.1465E-05   0.99866
FLUX  464   563.00        5.324911E+14   4.1291E-05   4.1323E-05   0.99921
FLUX  465   565.00        5.306062E+14   4.1131E-05   4.1182E-05   0.99877
FLUX  466   567.00        5.287346E+14   4.0976E-05   4.1042E-05   0.99841
FLUX  467   569.00        5.268761E+14   4.0863E-05   4.0902E-05   0.99905
FLUX  468   571.00        5.250306E+14   4.0729E-05   4.0763E-05   0.99917
FLUX  469   573.00        5.231981E+14   4.0619E-05   4.0625E-05   0.99985
FLUX  470   575.00        5.213783E+14   4.0456E-05   4.0488E-05   0.99922
FLUX  471   577.00        5.195711E+14   4.0332E-05   4.0351E-05   0.99952
FLUX  472   579.00        5.177763E+14   4.0186E-05   4.0215E-05   0.99928
FLUX  473   581.00        5.159940E+14   4.0059E-05   4.0080E-05   0.99947
FLUX  474   583.00        5.142238E+14   3.9931E-05   3.9945E-05   0.99964
FLUX  475   585.00        5.124658E+14   3.9795E-05   3.9812E-05   0.99959
FLUX  476   587.00        5.107198E+14   3.9637E-05   3.9678E-05   0.99895
FLUX  477   589.00        5.089856E+14   3.9271E-05   3.9546E-05   0.99306
FLUX  478   591.00        5.072631E+14   3.9395E-05   3.9414E-05   0.99953
FLUX  479   593.00        5.055523E+14   3.9270E-05   3.9283E-05   0.99966
FLUX  480   595.00        5.038529E+14   3.9116E-05   3.9153E-05   0.99906
FLUX  481   597.00        5.021650E+14   3.9003E-05   3.9023E-05   0.99948
FLUX  482   599.00        5.004883E+14   3.8844E-05   3.8894E-05   0.99873
FLUX  483   601.00        4.988228E+14   3.8714E-05   3.8765E-05   0.99868
FLUX  484   603.00        4.971683E+14   3.8615E-05   3.8637E-05   0.99943
FLUX  485   605.00        4.955248E+14   3.8483E-05   3.8511E-05   0.99929
FLUX  486   607.00        4.938921E+14   3.8373E-05   3.8385E-05   0.99971
FLUX  487   609.00        4.922701E+14   3.8244E-05   3.8259E-05   0.99960
FLUX  488   611.00        4.906588E+14   3.8110E-05   3.8134E-05   0.99936
FLUX  489   613.00        4.890579E+14   3.7965E-05   3.8010E-05   0.99880
FLUX  490   615.00        4.874675E+14   3.7673E-05   3.7887E-05   0.99436
FLUX  491   617.00        4.858874E+14   3.7705E-05   3.7764E-05   0.99844
FLUX  492   619.00        4.843174E+14   3.7629E-05   3.7641E-05   0.99966
FLUX  493   621.00        4.827576E+14   3.7507E-05   3.7520E-05   0.99967
FLUX  494   623.00        4.812079E+14   3.7369E-05   3.7399E-05   0.99922
FLUX  495   625.00        4.796680E+14   3.7136E-05   3.7278E-05   0.99619
FLUX  496   627.00        4.781380E+14   3.7152E-05   3.7158E-05   0.99984
FLUX  497   629.00        4.766176E+14   3.7032E-05   3.7039E-05   0.99982
FLUX  498   631.00        4.751070E+14   3.6878E-05   3.6920E-05   0.99885
FLUX  499   633.00        4.736058E+14   3.6779E-05   3.6802E-05   0.99937
FLUX  500   635.00        4.721142E+14   3.6480E-05   3.6685E-05   0.99442
FLUX  501   637.00        4.706319E+14   3.6435E-05   3.6567E-05   0.99639
FLUX  502   639.00        4.691588E+14   3.6419E-05   3.6451E-05   0.99914
FLUX  503   641.00        4.676950E+14   3.6264E-05   3.6335E-05   0.99807
FLUX  504   643.00        4.662403E+14   3.6130E-05   3.6219E-05   0.99754
FLUX  505   645.00        4.647946E+14   3.5848E-05   3.6104E-05   0.99291
FLUX  506   647.00        4.633578E+14   3.5792E-05   3.5990E-05   0.99451
FLUX  507   649.00        4.619299E+14   3.5505E-05   3.5876E-05   0.98966
FLUX  508   651.00        4.605108E+14   3.5099E-05   3.5763E-05   0.98146
FLUX  509   653.00        4.591003E+14   3.3948E-05   3.5650E-05   0.95226
FLUX  510   655.00        4.576985E+14   2.9115E-05   3.5538E-05   0.81926
FLUX  511   657.00        4.563052E+14   2.3551E-05   3.5426E-05   0.66480
FLUX  512   659.00        4.549203E+14   3.2373E-05   3.5315E-05   0.91668
FLUX  513   661.00        4.535439E+14   3.4278E-05   3.5204E-05   0.97369
FLUX  514   663.00        4.521757E+14   3.4688E-05   3.5094E-05   0.98842
FLUX  515   665.00        4.508158E+14   3.4762E-05   3.4985E-05   0.99362
FLUX  516   667.00        4.494640E+14   3.4727E-05   3.4876E-05   0.99574
FLUX  517   669.00        4.481203E+14   3.4672E-05   3.4767E-05   0.99727
FLUX  518   671.00        4.467846E+14   3.4631E-05   3.4659E-05   0.99919
FLUX  519   673.00        4.454569E+14   3.4517E-05   3.4551E-05   0.99901
FLUX  520   675.00        4.441370E+14   3.4413E-05   3.4444E-05   0.99908
FLUX  521   677.00        4.428250E+14   3.4334E-05   3.4338E-05   0.99988
FLUX  522   679.00        4.415206E+14   3.4224E-05   3.4232E-05   0.99978
FLUX  523   681.00        4.402239E+14   3.4120E-05   3.4126E-05   0.99981
FLUX  524   683.00        4.389348E+14   3.4002E-05   3.4021E-05   0.99944
FLUX  525   685.00        4.376533E+14   3.3904E-05   3.3917E-05   0.99964
FLUX  526   687.00        4.363792E+14   3.3805E-05   3.3812E-05   0.99978
FLUX  527   689.00        4.351125E+14   3.3704E-05   3.3709E-05   0.99986
FLUX  528   691.00        4.338531E+14   3.3600E-05   3.3606E-05   0.99984
FLUX  529   693.00        4.326010E+14   3.3492E-05   3.3503E-05   0.99968
FLUX  530   695.00        4.313561E+14   3.3393E-05   3.3401E-05   0.99977
FLUX  531   697.00        4.301184E+14   3.3289E-05   3.3299E-05   0.99971
FLUX  532   699.00        4.288877E+14   3.3194E-05   3.3198E-05   0.99989
FLUX  533   701.00        4.276641E+14   3.3057E-05   3.3097E-05   0.99878
FLUX  534   703.00        4.264474E+14   3.2979E-05   3.2997E-05   0.99945
FLUX  535   705.00        4.252376E+14   3.2883E-05   3.2897E-05   0.99958
FLUX  536   707.00        4.240347E+14   3.2792E-05   3.2798E-05   0.99983
FLUX  537   709.00        4.228385E+14   3.2696E-05   3.2699E-05   0.99992
FLUX  538   711.00        4.216491E+14   3.2443E-05   3.2600E-05   0.99518
FLUX  539   713.00        4.204663E+14   3.2472E-05   3.2502E-05   0.99908
FLUX  540   715.00        4.192902E+14   3.2379E-05   3.2405E-05   0.99920
FLUX  541   717.00        4.181206E+14   3.2294E-05   3.2307E-05   0.99959
FLUX  542   719.00        4.169576E+14   3.2193E-05   3.2211E-05   0.99947
FLUX  543   721.00        4.158010E+14   3.2101E-05   3.2114E-05   0.99958
FLUX  544   723.00        4.146508E+14   3.2001E-05   3.2018E-05   0.99946
FLUX  545   725.00        4.135069E+14   3.1892E-05   3.1923E-05   0.99903
FLUX  546   727.00        4.123693E+14   3.1819E-05   3.1828E-05   0.99973
FLUX  547   729.00        4.112380E+14   3.1711E-05   3.1733E-05   0.99930
FLUX  548   731.00        4.101129E+14   3.1618E-05   3.1639E-05   0.99931
FLUX  549   733.00        4.089939E+14   3.1529E-05   3.1546E-05   0.99949
FLUX  550   735.00        4.078810E+14   3.1445E-05   3.1452E-05   0.99977
FLUX  551   737.00        4.067741E+14   3.1355E-05   3.1359E-05   0.99989
FLUX  552   739.00        4.056732E+14   3.1254E-05   3.1266E-05   0.99961
FLUX  553   741.00        4.045783E+14   3.1145E-05   3.1174E-05   0.99909
FLUX  554   743.00        4.034892E+14   3.1027E-05   3.1082E-05   0.99823
FLUX  555   745.00        4.024060E+14   3.0954E-05   3.0990E-05   0.99883
FLUX  556   747.00        4.013286E+14   3.0814E-05   3.0899E-05   0.99726
FLUX  557   749.00        4.002570E+14   3.0756E-05   3.0808E-05   0.99829
FLUX  558   751.00        3.991911E+14   3.0692E-05   3.0718E-05   0.99915
FLUX  559   753.00        3.981308E+14   3.0614E-05   3.0628E-05   0.99954
FLUX  560   755.00        3.970762E+14   3.0536E-05   3.0539E-05   0.99991
FLUX  561   757.00        3.960271E+14   3.0442E-05   3.0449E-05   0.99977
FLUX  562   759.00        3.949835E+14   3.0357E-05   3.0361E-05   0.99988
FLUX  563   761.00        3.939455E+14   3.0269E-05   3.0272E-05   0.99991
FLUX  564   763.00        3.929128E+14   3.0178E-05   3.0184E-05   0.99980
FLUX  565   765.00        3.918856E+14   3.0084E-05   3.0097E-05   0.99959
FLUX  566   767.00        3.908638E+14   2.9986E-05   3.0009E-05   0.99923
FLUX  567   769.00        3.898472E+14   2.9907E-05   2.9923E-05   0.99948
FLUX  568   771.00        3.888359E+14   2.9814E-05   2.9836E-05   0.99926
FLUX  569   773.00        3.878299E+14   2.9746E-05   2.9750E-05   0.99986
FLUX  570   775.00        3.868290E+14   2.9656E-05   2.9664E-05   0.99972
FLUX  571   777.00        3.858333E+14   2.9120E-05   2.9579E-05   0.98448
FLUX  572   779.00        3.848427E+14   2.9491E-05   2.9494E-05   0.99990
FLUX  573   781.00        3.838572E+14   2.9406E-05   2.9409E-05   0.99989
FLUX  574   783.00        3.828768E+14   2.9307E-05   2.9325E-05   0.99941
FLUX  575   785.00        3.819013E+14   2.9206E-05   2.9241E-05   0.99882
FLUX  576   787.00        3.809307E+14   2.9075E-05   2.9157E-05   0.99719
FLUX  577   789.00        3.799651E+14   2.8958E-05   2.9074E-05   0.99603
FLUX  578   791.00        3.790044E+14   2.8956E-05   2.8991E-05   0.99878
FLUX  579   793.00        3.780485E+14   2.8884E-05   2.8908E-05   0.99914
FLUX  580   795.00        3.770975E+14   2.8758E-05   2.8826E-05   0.99763
FLUX  581   797.00        3.761512E+14   2.8741E-05   2.8744E-05   0.99990
FLUX  582   799.00        3.752096E+14   2.8519E-05   2.8663E-05   0.99497
FLUX  583   801.00        3.742728E+14   2.8571E-05   2.8582E-05   0.99963
FLUX  584   803.00        3.733406E+14   2.8486E-05   2.8501E-05   0.99949
FLUX  585   805.00        3.724130E+14   2.8413E-05   2.8420E-05   0.99975
FLUX  586   807.00        3.714901E+14   2.8327E-05   2.8340E-05   0.99955
FLUX  587   809.00        3.705717E+14   2.8249E-05   2.8260E-05   0.99961
FLUX  588   811.00        3.696578E+14   2.8174E-05   2.8180E-05   0.99977
FLUX  589   813.00        3.687485E+14   2.8099E-05   2.8101E-05   0.99993
FLUX  590   815.00        3.678436E+14   2.8020E-05   2.8022E-05   0.99994
FLUX  591   817.00        3.669431E+14   2.7942E-05   2.7944E-05   0.99994
FLUX  592   819.00        3.660470E+14   2.7770E-05   2.7866E-05   0.99658
FLUX  593   821.00        3.651553E+14   2.7786E-05   3.4071E-05   0.81553
FLUX  594   823.00        3.642679E+14   2.7710E-05   3.3960E-05   0.81594
FLUX  595   825.00        3.633848E+14   2.7648E-05   3.3851E-05   0.81678
FLUX  596   827.00        3.625060E+14   2.7696E-05   3.3741E-05   0.82083
FLUX  597   829.00        3.616315E+14   2.7625E-05   3.3633E-05   0.82138
FLUX  598   831.00        3.607611E+14   2.7570E-05   3.3525E-05   0.82239
FLUX  599   833.00        3.598950E+14   2.7400E-05   3.3417E-05   0.81994
FLUX  600   835.00        3.590329E+14   2.7434E-05   3.3310E-05   0.82359
FLUX  601   837.00        3.581750E+14   2.7351E-05   3.3203E-05   0.82374
FLUX  602   839.00        3.573212E+14   2.7235E-05   3.3097E-05   0.82289
FLUX  603   841.00        3.564715E+14   2.7115E-05   3.2992E-05   0.82189
FLUX  604   843.00        3.556257E+14   2.7010E-05   3.2887E-05   0.82131
FLUX  605   845.00        3.547840E+14   2.6719E-05   3.2782E-05   0.81505
FLUX  606   847.00        3.539463E+14   2.6458E-05   3.2678E-05   0.80965
FLUX  607   849.00        3.531125E+14   2.6897E-05   3.2575E-05   0.82570
FLUX  608   851.00        3.522826E+14   2.5782E-05   3.2471E-05   0.79398
FLUX  609   853.00        3.514566E+14   2.6995E-05   3.2369E-05   0.83399
FLUX  610   855.00        3.506345E+14   2.4606E-05   3.2267E-05   0.76257
FLUX  611   857.00        3.498162E+14   2.7368E-05   3.2165E-05   0.85086
FLUX  612   859.00        3.490017E+14   2.5485E-05   3.2064E-05   0.79482
FLUX  613   861.00        3.481911E+14   2.4968E-05   3.1964E-05   0.78114
FLUX  614   863.00        3.473841E+14   2.7873E-05   3.1864E-05   0.87477
FLUX  615   865.00        3.465809E+14   2.6679E-05   3.1764E-05   0.83990
FLUX  616   867.00        3.457814E+14   2.2301E-05   3.1665E-05   0.70427
FLUX  617   869.00        3.449856E+14   2.7481E-05   3.1566E-05   0.87059
FLUX  618   871.00        3.441935E+14   2.8715E-05   3.1468E-05   0.91253
FLUX  619   873.00        3.434049E+14   2.7456E-05   3.1370E-05   0.87524
FLUX  620   875.00        3.426200E+14   2.1587E-05   3.1273E-05   0.69027
FLUX  621   877.00        3.418387E+14   2.6175E-05   3.1176E-05   0.83958
FLUX  622   879.00        3.410609E+14   2.9006E-05   3.1080E-05   0.93329
FLUX  623   881.00        3.402866E+14   2.9442E-05   3.0984E-05   0.95026
FLUX  624   883.00        3.395159E+14   2.8626E-05   3.0888E-05   0.92678
FLUX  625   885.00        3.387486E+14   2.5098E-05   3.0793E-05   0.81506
FLUX  626   887.00        3.379848E+14   2.1284E-05   3.0698E-05   0.69333
FLUX  627   889.00        3.372244E+14   2.7278E-05   3.0604E-05   0.89131
FLUX  628   891.00        3.364675E+14   2.9049E-05   3.0510E-05   0.95209
FLUX  629   893.00        3.357139E+14   2.9484E-05   3.0417E-05   0.96931
FLUX  630   895.00        3.349637E+14   2.9589E-05   3.0324E-05   0.97576
FLUX  631   897.00        3.342168E+14   2.9021E-05   3.0232E-05   0.95997
FLUX  632   899.00        3.334733E+14   2.7257E-05   3.0140E-05   0.90435
FLUX  633   901.00        3.327331E+14   2.1475E-05   3.0048E-05   0.71469
FLUX  634   903.00        3.319961E+14   2.3603E-05   2.9957E-05   0.78790
FLUX  635   905.00        3.312624E+14   2.7706E-05   2.9866E-05   0.92766
FLUX  636   907.00        3.305320E+14   2.8544E-05   2.9776E-05   0.95863
FLUX  637   909.00        3.298047E+14   2.8643E-05   2.9686E-05   0.96488
FLUX  638   911.00        3.290807E+14   2.9083E-05   2.9596E-05   0.98265
FLUX  639   913.00        3.283598E+14   2.9158E-05   2.9507E-05   0.98817
FLUX  640   915.00        3.276421E+14   2.9025E-05   2.9419E-05   0.98664
FLUX  641   917.00        3.269275E+14   2.8663E-05   2.9330E-05   0.97726
FLUX  642   919.00        3.262160E+14   2.7800E-05   2.9242E-05   0.95068
FLUX  643   921.00        3.255076E+14   2.5354E-05   2.9155E-05   0.86964
FLUX  644   923.00        3.248023E+14   1.9739E-05   2.9068E-05   0.67908
FLUX  645   925.00        3.241000E+14   2.4512E-05   2.8981E-05   0.84578
FLUX  646   927.00        3.234008E+14   2.6927E-05   2.8895E-05   0.93191
FLUX  647   929.00        3.227045E+14   2.8136E-05   2.8809E-05   0.97665
FLUX  648   931.00        3.220113E+14   2.8375E-05   2.8723E-05   0.98788
FLUX  649   933.00        3.213210E+14   2.8411E-05   2.8638E-05   0.99206
FLUX  650   935.00        3.206337E+14   2.8398E-05   2.8553E-05   0.99455
FLUX  651   937.00        3.199493E+14   2.8344E-05   2.8469E-05   0.99563
FLUX  652   939.00        3.192678E+14   2.8192E-05   2.8385E-05   0.99321
FLUX  653   941.00        3.185893E+14   2.7829E-05   2.8301E-05   0.98332
FLUX  654   943.00        3.179136E+14   2.8017E-05   2.8218E-05   0.99288
FLUX  655   945.00        3.172407E+14   2.7900E-05   2.8135E-05   0.99164
FLUX  656   947.00        3.165707E+14   2.7692E-05   2.8053E-05   0.98713
FLUX  657   949.00        3.159036E+14   2.7302E-05   2.7970E-05   0.97610
FLUX  658   951.00        3.152392E+14   2.6373E-05   2.7889E-05   0.94564
FLUX  659   953.00        3.145776E+14   2.3709E-05   2.7807E-05   0.85262
FLUX  660   955.00        3.139188E+14   1.9106E-05   2.7726E-05   0.68911
FLUX  661   957.00        3.132628E+14   2.4159E-05   2.7645E-05   0.87389
FLUX  662   959.00        3.126095E+14   2.6271E-05   2.7565E-05   0.95306
FLUX  663   961.00        3.119589E+14   2.6832E-05   2.7485E-05   0.97627
FLUX  664   963.00        3.113110E+14   2.6867E-05   2.7405E-05   0.98036
FLUX  665   965.00        3.106658E+14   2.7124E-05   2.7325E-05   0.99262
FLUX  666   967.00        3.100233E+14   2.6947E-05   2.7246E-05   0.98900
FLUX  667   969.00        3.093834E+14   2.7035E-05   2.7168E-05   0.99513
FLUX  668   971.00        3.087461E+14   2.7026E-05   2.7089E-05   0.99766
FLUX  669   973.00        3.081115E+14   2.6986E-05   2.7011E-05   0.99908
FLUX  670   975.00        3.074795E+14   2.6897E-05   2.6933E-05   0.99864
FLUX  671   977.00        3.068501E+14   2.6849E-05   2.6856E-05   0.99972
FLUX  672   979.00        3.062232E+14   2.6767E-05   2.6779E-05   0.99953
FLUX  673   981.00        3.055989E+14   2.6686E-05   2.6702E-05   0.99940
FLUX  674   983.00        3.049771E+14   2.6591E-05   2.6626E-05   0.99871
FLUX  675   985.00        3.043579E+14   2.6492E-05   2.6550E-05   0.99782
FLUX  676   987.00        3.037411E+14   2.6403E-05   2.6474E-05   0.99730
FLUX  677   989.00        3.031269E+14   2.6207E-05   2.6399E-05   0.99276
FLUX  678   991.00        3.025151E+14   2.6206E-05   2.6323E-05   0.99556
FLUX  679   993.00        3.019058E+14   2.6084E-05   2.6249E-05   0.99372
FLUX  680   995.00        3.012990E+14   2.5973E-05   2.6174E-05   0.99232
FLUX  681   997.00        3.006946E+14   2.5798E-05   2.6100E-05   0.98843
FLUX  682   999.00        3.000926E+14   2.5466E-05   2.6026E-05   0.97847
FLUX  683  1002.50        2.990449E+14   2.2827E-05   2.5897E-05   0.88144
FLUX  684  1007.50        2.975608E+14   2.1862E-05   2.5716E-05   0.85014
FLUX  685  1012.50        2.960914E+14   2.5028E-05   2.5535E-05   0.98014
FLUX  686  1017.50        2.946364E+14   2.5228E-05   2.5357E-05   0.99491
FLUX  687  1022.50        2.931956E+14   2.5150E-05   2.5181E-05   0.99875
FLUX  688  1027.50        2.917689E+14   2.4999E-05   2.5007E-05   0.99970
FLUX  689  1032.50        2.903559E+14   2.4819E-05   2.4834E-05   0.99940
FLUX  690  1037.50        2.889566E+14   2.4651E-05   2.4663E-05   0.99951
FLUX  691  1042.50        2.875707E+14   2.4483E-05   2.4494E-05   0.99955
FLUX  692  1047.50        2.861981E+14   2.4242E-05   2.4326E-05   0.99655
FLUX  693  1052.50        2.848385E+14   2.4114E-05   2.4160E-05   0.99810
FLUX  694  1057.50        2.834917E+14   2.3964E-05   2.3996E-05   0.99864
FLUX  695  1062.50        2.821576E+14   2.3806E-05   2.3834E-05   0.99885
FLUX  696  1067.50        2.808361E+14   2.3414E-05   2.3673E-05   0.98906
FLUX  697  1072.50        2.795268E+14   2.3380E-05   2.3514E-05   0.99433
FLUX  698  1077.50        2.782297E+14   2.3247E-05   2.3356E-05   0.99533
FLUX  699  1082.50        2.769446E+14   2.3002E-05   2.3200E-05   0.99149
FLUX  700  1087.50        2.756713E+14   2.2440E-05   2.3045E-05   0.97372
FLUX  701  1092.50        2.744096E+14   1.8815E-05   2.2892E-05   0.82191
FLUX  702  1097.50        2.731595E+14   2.0772E-05   2.2741E-05   0.91343
FLUX  703  1102.50        2.719206E+14   2.2269E-05   2.2591E-05   0.98574
FLUX  704  1107.50        2.706930E+14   2.2342E-05   2.2442E-05   0.99555
FLUX  705  1112.50        2.694764E+14   2.2256E-05   2.2295E-05   0.99822
FLUX  706  1117.50        2.682707E+14   2.2140E-05   2.2150E-05   0.99956
FLUX  707  1122.50        2.670757E+14   2.2001E-05   2.2005E-05   0.99982
FLUX  708  1127.50        2.658914E+14   2.1706E-05   2.1862E-05   0.99285
FLUX  709  1132.50        2.647174E+14   2.1570E-05   2.1721E-05   0.99305
FLUX  710  1137.50        2.635538E+14   2.1551E-05   2.1581E-05   0.99862
FLUX  711  1142.50        2.624004E+14   2.1397E-05   2.1442E-05   0.99792
FLUX  712  1147.50        2.612571E+14   2.1299E-05   2.1304E-05   0.99975
FLUX  713  1152.50        2.601236E+14   2.1167E-05   2.1168E-05   0.99993
FLUX  714  1157.50        2.590000E+14   2.1028E-05   2.1033E-05   0.99976
FLUX  715  1162.50        2.578860E+14   2.0830E-05   2.0899E-05   0.99668
FLUX  716  1167.50        2.567816E+14   2.0626E-05   2.0767E-05   0.99320
FLUX  717  1172.50        2.556866E+14   2.0633E-05   2.0636E-05   0.99986
FLUX  718  1177.50        2.546008E+14   2.0322E-05   2.0506E-05   0.99106
FLUX  719  1182.50        2.535243E+14   2.0295E-05   2.0377E-05   0.99597
FLUX  720  1187.50        2.524568E+14   2.0146E-05   2.0249E-05   0.99493
FLUX  721  1192.50        2.513983E+14   2.0122E-05   2.0123E-05   0.99999
FLUX  722  1197.50        2.503486E+14   1.9931E-05   1.9997E-05   0.99666
FLUX  723  1202.50        2.493077E+14   1.9858E-05   1.9873E-05   0.99921
FLUX  724  1207.50        2.482754E+14   1.9716E-05   1.9750E-05   0.99827
FLUX  725  1212.50        2.472515E+14   1.9602E-05   1.9628E-05   0.99868
FLUX  726  1217.50        2.462361E+14   1.9499E-05   1.9507E-05   0.99958
FLUX  727  1222.50        2.452290E+14   1.9375E-05   1.9387E-05   0.99937
FLUX  728  1227.50        2.442301E+14   1.9243E-05   1.9269E-05   0.99864
FLUX  729  1232.50        2.432394E+14   1.9131E-05   1.9151E-05   0.99894
FLUX  730  1237.50        2.422566E+14   1.9022E-05   1.9035E-05   0.99935
FLUX  731  1242.50        2.412817E+14   1.8917E-05   1.8919E-05   0.99990
FLUX  732  1247.50        2.403146E+14   1.8780E-05   1.8805E-05   0.99870
FLUX  733  1252.50        2.393553E+14   1.8680E-05   1.8691E-05   0.99942
FLUX  734  1257.50        2.384036E+14   1.8524E-05   1.8579E-05   0.99704
FLUX  735  1262.50        2.374594E+14   1.8407E-05   1.8467E-05   0.99673
FLUX  736  1267.50        2.365227E+14   1.8278E-05   1.8357E-05   0.99573
FLUX  737  1272.50        2.355933E+14   1.8047E-05   1.8247E-05   0.98901
FLUX  738  1277.50        2.346712E+14   1.7257E-05   1.8139E-05   0.95137
FLUX  739  1282.50        2.337563E+14   1.4837E-05   1.8031E-05   0.82287
FLUX  740  1287.50        2.328485E+14   1.7250E-05   1.7924E-05   0.96235
FLUX  741  1292.50        2.319478E+14   1.7654E-05   1.7819E-05   0.99074
FLUX  742  1297.50        2.310539E+14   1.7648E-05   1.7714E-05   0.99629
FLUX  743  1302.50        2.301670E+14   1.7594E-05   1.7610E-05   0.99910
FLUX  744  1307.50        2.292868E+14   1.7505E-05   1.7507E-05   0.99991
FLUX  745  1312.50        2.284133E+14   1.7401E-05   1.7405E-05   0.99979
FLUX  746  1317.50        2.275465E+14   1.7279E-05   1.7304E-05   0.99855
FLUX  747  1322.50        2.266862E+14   1.7201E-05   1.7203E-05   0.99990
FLUX  748  1327.50        2.258324E+14   1.7102E-05   1.7104E-05   0.99992
FLUX  749  1332.50        2.249850E+14   1.7004E-05   1.7005E-05   0.99997
FLUX  750  1337.50        2.241439E+14   1.6906E-05   1.6907E-05   0.99994
FLUX  751  1342.50        2.233091E+14   1.6808E-05   1.6810E-05   0.99990
FLUX  752  1347.50        2.224805E+14   1.6710E-05   1.6714E-05   0.99980
FLUX  753  1352.50        2.216580E+14   1.6602E-05   1.6618E-05   0.99900
FLUX  754  1357.50        2.208416E+14   1.6513E-05   1.6524E-05   0.99934
FLUX  755  1362.50        2.200312E+14   1.6425E-05   1.6430E-05   0.99973
FLUX  756  1367.50        2.192267E+14   1.6328E-05   1.6337E-05   0.99945
FLUX  757  1372.50        2.184281E+14   1.6200E-05   1.6244E-05   0.99729
FLUX  758  1377.50        2.176352E+14   1.6143E-05   1.6153E-05   0.99942
FLUX  759  1382.50        2.168481E+14   1.6055E-05   1.6062E-05   0.99956
FLUX  760  1387.50        2.160667E+14   1.5972E-05   1.5972E-05   0.99999
FLUX  761  1392.50        2.152908E+14   1.5871E-05   1.5882E-05   0.99928
FLUX  762  1397.50        2.145206E+14   1.5790E-05   1.5794E-05   0.99975
FLUX  763  1402.50        2.137558E+14   1.5704E-05   1.5706E-05   0.99986
FLUX  764  1407.50        2.129964E+14   1.5618E-05   1.5619E-05   0.99997
FLUX  765  1412.50        2.122425E+14   1.5529E-05   1.5532E-05   0.99981
FLUX  766  1417.50        2.114938E+14   1.5444E-05   1.5446E-05   0.99986
FLUX  767  1422.50        2.107504E+14   1.5358E-05   1.5361E-05   0.99981
FLUX  768  1427.50        2.100123E+14   1.5273E-05   1.5277E-05   0.99976
FLUX  769  1432.50        2.092792E+14   1.5191E-05   1.5193E-05   0.99985
FLUX  770  1437.50        2.085513E+14   1.5110E-05   1.5110E-05   0.99998
FLUX  771  1442.50        2.078284E+14   1.4931E-05   1.5028E-05   0.99356
FLUX  772  1447.50        2.071105E+14   1.4943E-05   1.4946E-05   0.99984
FLUX  773  1452.50        2.063976E+14   1.4817E-05   1.4865E-05   0.99681
FLUX  774  1457.00        2.057601E+14   1.4789E-05   1.4792E-05   0.99979
FLUX  775  1462.00        2.050564E+14   1.4709E-05   1.5613E-05   0.94212
FLUX  776  1467.50        2.042879E+14   1.4644E-05   1.5518E-05   0.94369
FLUX  777  1472.50        2.035942E+14   1.4566E-05   1.5432E-05   0.94389
FLUX  778  1477.50        2.029052E+14   1.4471E-05   1.5347E-05   0.94292
FLUX  779  1482.50        2.022209E+14   1.4414E-05   1.5263E-05   0.94439
FLUX  780  1487.50        2.015412E+14   1.4318E-05   1.5179E-05   0.94326
FLUX  781  1492.50        2.008660E+14   1.4283E-05   1.5096E-05   0.94617
FLUX  782  1497.50        2.001953E+14   1.4203E-05   1.5013E-05   0.94603
FLUX  783  1502.50        1.995291E+14   1.4111E-05   1.4932E-05   0.94502
FLUX  784  1507.50        1.988673E+14   1.4048E-05   1.4850E-05   0.94596
FLUX  785  1512.50        1.982099E+14   1.3985E-05   1.4770E-05   0.94683
FLUX  786  1517.50        1.975568E+14   1.3906E-05   1.4690E-05   0.94666
FLUX  787  1522.50        1.969080E+14   1.3838E-05   1.4611E-05   0.94710
FLUX  788  1527.50        1.962635E+14   1.3741E-05   1.4532E-05   0.94555
FLUX  789  1532.50        1.956232E+14   1.3655E-05   1.4454E-05   0.94470
FLUX  790  1537.50        1.949870E+14   1.3614E-05   1.4376E-05   0.94699
FLUX  791  1542.50        1.943549E+14   1.3439E-05   1.4300E-05   0.93980
FLUX  792  1547.50        1.937270E+14   1.3462E-05   1.4223E-05   0.94646
FLUX  793  1552.50        1.931031E+14   1.3380E-05   1.4148E-05   0.94577
FLUX  794  1557.50        1.924831E+14   1.3102E-05   1.4072E-05   0.93101
FLUX  795  1562.50        1.918672E+14   1.3386E-05   1.3998E-05   0.95629
FLUX  796  1567.50        1.912552E+14   1.3038E-05   1.3924E-05   0.93638
FLUX  797  1572.50        1.906471E+14   1.2780E-05   1.3850E-05   0.92273
FLUX  798  1577.50        1.900428E+14   1.3234E-05   1.3777E-05   0.96053
FLUX  799  1582.50        1.894423E+14   1.3132E-05   1.3705E-05   0.95818
FLUX  800  1587.50        1.888457E+14   1.2158E-05   1.3633E-05   0.89180
FLUX  801  1592.50        1.882527E+14   1.2799E-05   1.3562E-05   0.94380
FLUX  802  1597.50        1.876635E+14   1.3100E-05   1.3491E-05   0.97105
FLUX  803  1605.00        1.867866E+14   1.2756E-05   1.3385E-05   0.95299
FLUX  804  1615.00        1.856300E+14   1.2141E-05   1.3247E-05   0.91650
FLUX  805  1625.00        1.844877E+14   1.2899E-05   1.3110E-05   0.98388
FLUX  806  1635.00        1.833593E+14   1.2334E-05   1.2975E-05   0.95058
FLUX  807  1645.00        1.822447E+14   1.1689E-05   1.2842E-05   0.91024
FLUX  808  1655.00        1.811435E+14   1.2587E-05   1.2710E-05   0.99029
FLUX  809  1665.00        1.800556E+14   1.2486E-05   1.2580E-05   0.99252
FLUX  810  1675.00        1.789806E+14   1.1815E-05   1.2453E-05   0.94879
FLUX  811  1685.00        1.779184E+14   1.1176E-05   1.2327E-05   0.90658
FLUX  812  1695.00        1.768687E+14   1.2102E-05   1.2204E-05   0.99165
FLUX  813  1705.00        1.758314E+14   1.2039E-05   1.2082E-05   0.99646
FLUX  814  1715.00        1.748061E+14   1.1921E-05   1.1962E-05   0.99657
FLUX  815  1725.00        1.737928E+14   1.1675E-05   1.1843E-05   0.98578
FLUX  816  1735.00        1.727911E+14   1.0382E-05   1.1727E-05   0.88535
FLUX  817  1745.00        1.718009E+14   1.1273E-05   1.1612E-05   0.97081
FLUX  818  1755.00        1.708219E+14   1.1435E-05   1.1499E-05   0.99442
FLUX  819  1765.00        1.698541E+14   1.1362E-05   1.1387E-05   0.99774
FLUX  820  1775.00        1.688972E+14   1.1267E-05   1.1277E-05   0.99906
FLUX  821  1785.00        1.679510E+14   1.1156E-05   1.1169E-05   0.99879
FLUX  822  1795.00        1.670153E+14   1.1037E-05   1.1062E-05   0.99773
FLUX  823  1805.00        1.660900E+14   1.0829E-05   1.0957E-05   0.98827
FLUX  824  1815.00        1.651749E+14   9.7305E-06   1.0853E-05   0.89654
FLUX  825  1825.00        1.642699E+14   1.0330E-05   1.0751E-05   0.96085
FLUX  826  1835.00        1.633747E+14   1.0591E-05   1.0650E-05   0.99438
FLUX  827  1845.00        1.624892E+14   1.0522E-05   1.0551E-05   0.99724
FLUX  828  1855.00        1.616132E+14   1.0406E-05   1.0453E-05   0.99551
FLUX  829  1865.00        1.607466E+14   1.0201E-05   1.0356E-05   0.98501
FLUX  830  1875.00        1.598893E+14   9.1362E-06   1.0261E-05   0.89036
FLUX  831  1885.00        1.590411E+14   9.9659E-06   1.0167E-05   0.98020
FLUX  832  1895.00        1.582018E+14   1.0024E-05   1.0075E-05   0.99493
FLUX  833  1905.00        1.573714E+14   9.9767E-06   9.9832E-06   0.99934
FLUX  834  1915.00        1.565496E+14   9.8862E-06   9.8931E-06   0.99931
FLUX  835  1925.00        1.557364E+14   9.7671E-06   9.8042E-06   0.99622
FLUX  836  1935.00        1.549315E+14   9.5404E-06   9.7164E-06   0.98188
FLUX  837  1945.00        1.541350E+14   8.5633E-06   9.6299E-06   0.88924
FLUX  838  1955.00        1.533465E+14   9.3696E-06   9.5445E-06   0.98167
FLUX  839  1965.00        1.525662E+14   9.4284E-06   9.4603E-06   0.99664
FLUX  840  1975.00        1.517937E+14   9.3715E-06   9.3771E-06   0.99941
FLUX  841  1985.00        1.510290E+14   9.2941E-06   9.2950E-06   0.99989
FLUX  842  1995.00        1.502719E+14   9.2131E-06   9.2141E-06   0.99990
FLUX  843  2005.00        1.495224E+14   9.1338E-06   9.1341E-06   0.99997
FLUX  844  2015.00        1.487804E+14   9.0551E-06   9.0553E-06   0.99998
FLUX  845  2025.00        1.480457E+14   8.9765E-06   8.9774E-06   0.99989
FLUX  846  2035.00        1.473182E+14   8.8991E-06   8.9006E-06   0.99983
FLUX  847  2045.00        1.465978E+14   8.8246E-06   8.8247E-06   0.99999
FLUX  848  2055.00        1.458844E+14   8.7496E-06   8.7498E-06   0.99998
FLUX  849  2065.00        1.451780E+14   8.6736E-06   8.6758E-06   0.99974
FLUX  850  2075.00        1.444783E+14   8.6016E-06   8.6028E-06   0.99986
FLUX  851  2085.00        1.437854E+14   8.5301E-06   8.5307E-06   0.99993
FLUX  852  2095.00        1.430990E+14   8.4585E-06   8.4596E-06   0.99987
FLUX  853  2105.00        1.424192E+14   8.3874E-06   8.3893E-06   0.99977
FLUX  854  2115.00        1.417459E+14   8.3122E-06   8.3199E-06   0.99908
FLUX  855  2125.00        1.410788E+14   8.2422E-06   8.2513E-06   0.99889
FLUX  856  2135.00        1.404180E+14   8.1757E-06   8.1837E-06   0.99903
FLUX  857  2145.00        1.397634E+14   8.0890E-06   8.1168E-06   0.99657
FLUX  858  2155.00        1.391148E+14   7.9296E-06   8.0508E-06   0.98495
FLUX  859  2165.00        1.384723E+14   7.1676E-06   7.9855E-06   0.89757
FLUX  860  2175.00        1.378356E+14   7.7321E-06   7.9211E-06   0.97614
FLUX  861  2185.00        1.372048E+14   7.8233E-06   7.8575E-06   0.99565
FLUX  862  2195.00        1.365797E+14   7.7915E-06   7.7946E-06   0.99960
FLUX  863  2205.00        1.359603E+14   7.7300E-06   7.7325E-06   0.99968
FLUX  864  2215.00        1.353465E+14   7.6653E-06   7.6711E-06   0.99925
FLUX  865  2225.00        1.347382E+14   7.6103E-06   7.6104E-06   0.99999
FLUX  866  2235.00        1.341353E+14   7.5504E-06   7.5505E-06   0.99998
FLUX  867  2245.00        1.335379E+14   7.4911E-06   7.4913E-06   0.99998
FLUX  868  2255.00        1.329457E+14   7.4300E-06   7.4327E-06   0.99964
FLUX  869  2265.00        1.323587E+14   7.3744E-06   7.3749E-06   0.99993
FLUX  870  2275.00        1.317769E+14   7.3171E-06   7.3177E-06   0.99992
FLUX  871  2285.00        1.312002E+14   7.2635E-06   7.4172E-06   0.97928
FLUX  872  2295.00        1.306285E+14   7.2079E-06   7.3595E-06   0.97940
FLUX  873  2305.00        1.300618E+14   7.1554E-06   7.3024E-06   0.97986
FLUX  874  2315.00        1.295000E+14   7.1016E-06   7.2460E-06   0.98007
FLUX  875  2325.00        1.289430E+14   7.0493E-06   7.1903E-06   0.98039
FLUX  876  2335.00        1.283908E+14   6.9967E-06   7.1352E-06   0.98059
FLUX  877  2345.00        1.278433E+14   6.9452E-06   7.0807E-06   0.98086
FLUX  878  2355.00        1.273004E+14   6.8940E-06   7.0269E-06   0.98109
FLUX  879  2365.00        1.267622E+14   6.8433E-06   6.9736E-06   0.98131
FLUX  880  2375.00        1.262284E+14   6.7928E-06   6.9210E-06   0.98147
FLUX  881  2385.00        1.256992E+14   6.7426E-06   6.8690E-06   0.98160
FLUX  882  2395.00        1.251743E+14   6.6931E-06   6.8176E-06   0.98174
FLUX  883  2405.00        1.246538E+14   6.6428E-06   6.7667E-06   0.98168
FLUX  884  2415.00        1.241377E+14   6.5931E-06   6.7165E-06   0.98164
FLUX  885  2425.00        1.236258E+14   6.5461E-06   6.6667E-06   0.98191
FLUX  886  2435.00        1.231181E+14   6.4962E-06   6.6176E-06   0.98165
FLUX  887  2445.00        1.226145E+14   6.4450E-06   6.5689E-06   0.98113
FLUX  888  2455.00        1.221151E+14   6.4031E-06   6.5209E-06   0.98194
FLUX  889  2465.00        1.216197E+14   6.3475E-06   6.4733E-06   0.98057
FLUX  890  2475.00        1.211283E+14   6.3027E-06   6.4263E-06   0.98077
FLUX  891  2485.00        1.206408E+14   6.2718E-06   6.3797E-06   0.98308
FLUX  892  2495.00        1.201573E+14   6.1753E-06   6.3337E-06   0.97499
FLUX  893  2505.00        1.196776E+14   6.1873E-06   6.2882E-06   0.98396
FLUX  894  2515.00        1.192018E+14   6.1449E-06   6.2431E-06   0.98427
FLUX  895  2525.00        1.187297E+14   6.0082E-06   6.1986E-06   0.96928
FLUX  896  2535.00        1.182613E+14   6.0493E-06   6.1545E-06   0.98291
FLUX  897  2545.00        1.177967E+14   6.0359E-06   6.1109E-06   0.98772
FLUX  898  2555.00        1.173356E+14   5.9582E-06   6.0678E-06   0.98193
FLUX  899  2565.00        1.168782E+14   5.7760E-06   6.0251E-06   0.95867
FLUX  900  2575.00        1.164243E+14   5.8878E-06   5.9828E-06   0.98411
FLUX  901  2585.00        1.159739E+14   5.8771E-06   5.9411E-06   0.98923
FLUX  902  2595.00        1.155270E+14   5.8314E-06   5.8997E-06   0.98843
FLUX  903  2605.00        1.150835E+14   5.6980E-06   5.8588E-06   0.97256
FLUX  904  2615.00        1.146434E+14   5.4589E-06   5.8183E-06   0.93823
FLUX  905  2625.00        1.142067E+14   5.1725E-06   5.7782E-06   0.89518
FLUX  906  2635.00        1.137732E+14   5.5576E-06   5.7385E-06   0.96847
FLUX  907  2645.00        1.133431E+14   5.6363E-06   5.6993E-06   0.98894
FLUX  908  2655.00        1.129162E+14   5.6097E-06   5.6604E-06   0.99103
FLUX  909  2665.00        1.124925E+14   5.5092E-06   5.6220E-06   0.97995
FLUX  910  2675.00        1.120720E+14   5.1767E-06   5.5839E-06   0.92707
FLUX  911  2685.00        1.116546E+14   5.4351E-06   5.5462E-06   0.97996
FLUX  912  2695.00        1.112403E+14   5.4762E-06   5.5089E-06   0.99405
FLUX  913  2705.00        1.108290E+14   5.4535E-06   5.4720E-06   0.99661
FLUX  914  2715.00        1.104208E+14   5.4222E-06   5.4355E-06   0.99756
FLUX  915  2725.00        1.100156E+14   5.3856E-06   5.3993E-06   0.99747
FLUX  916  2735.00        1.096133E+14   5.3414E-06   5.3635E-06   0.99589
FLUX  917  2745.00        1.092140E+14   5.2600E-06   5.3280E-06   0.98723
FLUX  918  2755.00        1.088176E+14   4.9057E-06   5.2929E-06   0.92685
FLUX  919  2765.00        1.084241E+14   5.0465E-06   5.2582E-06   0.95975
FLUX  920  2775.00        1.080333E+14   5.1835E-06   5.2237E-06   0.99229
FLUX  921  2785.00        1.076454E+14   5.1769E-06   5.1897E-06   0.99755
FLUX  922  2795.00        1.072603E+14   5.1558E-06   5.1559E-06   0.99997
FLUX  923  2805.00        1.068779E+14   5.1224E-06   5.1225E-06   0.99998
FLUX  924  2815.00        1.064982E+14   5.0891E-06   5.0894E-06   0.99993
FLUX  925  2825.00        1.061212E+14   5.0565E-06   5.0566E-06   0.99997
FLUX  926  2835.00        1.057469E+14   5.0241E-06   5.0242E-06   0.99997
FLUX  927  2845.00        1.053752E+14   4.9807E-06   4.9920E-06   0.99773
FLUX  928  2855.00        1.050061E+14   4.9260E-06   4.9602E-06   0.99310
FLUX  929  2865.00        1.046396E+14   4.7675E-06   4.9287E-06   0.96729
FLUX  930  2875.00        1.042757E+14   4.4859E-06   4.8975E-06   0.91595
FLUX  931  2885.00        1.039142E+14   4.7883E-06   4.8665E-06   0.98392
FLUX  932  2895.00        1.035553E+14   4.8144E-06   4.8359E-06   0.99556
FLUX  933  2905.00        1.031988E+14   4.8025E-06   4.8055E-06   0.99936
FLUX  934  2915.00        1.028448E+14   4.7730E-06   4.7755E-06   0.99949
FLUX  935  2925.00        1.024932E+14   4.7453E-06   4.7457E-06   0.99991
FLUX  936  2935.00        1.021440E+14   4.7161E-06   4.7162E-06   0.99998
FLUX  937  2945.00        1.017971E+14   4.6868E-06   4.6869E-06   0.99998
FLUX  938  2955.00        1.014526E+14   4.6579E-06   4.6580E-06   0.99999
FLUX  939  2965.00        1.011105E+14   4.6292E-06   4.6293E-06   0.99999
FLUX  940  2975.00        1.007706E+14   4.6008E-06   4.6009E-06   0.99998
FLUX  941  2985.00        1.004330E+14   4.5726E-06   4.5727E-06   0.99999
FLUX  942  2995.00        1.000977E+14   4.5444E-06   4.5448E-06   0.99991
FLUX  943  3005.00        9.976456E+13   4.5150E-06   4.5171E-06   0.99952
FLUX  944  3015.00        9.943367E+13   4.4737E-06   4.4897E-06   0.99643
FLUX  945  3025.00        9.910496E+13   4.4101E-06   4.4626E-06   0.98824
FLUX  946  3035.00        9.877842E+13   4.1234E-06   4.4357E-06   0.92960
FLUX  947  3045.00        9.845402E+13   4.1873E-06   4.4090E-06   0.94972
FLUX  948  3055.00        9.813175E+13   4.3422E-06   4.3826E-06   0.99077
FLUX  949  3065.00        9.781158E+13   4.3437E-06   4.3564E-06   0.99709
FLUX  950  3075.00        9.749350E+13   4.3294E-06   4.3305E-06   0.99976
FLUX  951  3085.00        9.717747E+13   4.3027E-06   4.3047E-06   0.99952
FLUX  952  3095.00        9.686349E+13   4.2786E-06   4.2793E-06   0.99984
FLUX  953  3105.00        9.655153E+13   4.2532E-06   4.2540E-06   0.99981
FLUX  954  3115.00        9.624157E+13   4.2274E-06   4.2289E-06   0.99963
FLUX  955  3125.00        9.593360E+13   4.2029E-06   4.2041E-06   0.99971
FLUX  956  3135.00        9.562759E+13   4.1788E-06   4.1795E-06   0.99983
FLUX  957  3145.00        9.532353E+13   4.1537E-06   4.1551E-06   0.99965
FLUX  958  3155.00        9.502139E+13   4.1307E-06   4.1310E-06   0.99993
FLUX  959  3165.00        9.472117E+13   4.1070E-06   4.1070E-06   0.99999
FLUX  960  3175.00        9.442283E+13   4.0825E-06   4.0833E-06   0.99982
FLUX  961  3185.00        9.412637E+13   4.0597E-06   4.0597E-06   0.99999
FLUX  962  3195.00        9.383177E+13   4.0363E-06   4.0364E-06   0.99997
FLUX  963  3210.00        9.339330E+13   4.0015E-06   4.0017E-06   0.99994
FLUX  964  3230.00        9.281502E+13   3.9562E-06   3.9563E-06   0.99999
FLUX  965  3250.00        9.224385E+13   3.9115E-06   3.9116E-06   0.99997
FLUX  966  3270.00        9.167966E+13   3.8540E-06   3.8676E-06   0.99649
FLUX  967  3290.00        9.112234E+13   3.6082E-06   3.8584E-06   0.93515
FLUX  968  3310.00        9.057175E+13   3.7008E-06   3.8153E-06   0.96999
FLUX  969  3330.00        9.002778E+13   3.7239E-06   3.7730E-06   0.98700
FLUX  970  3350.00        8.949030E+13   3.6886E-06   3.7313E-06   0.98855
FLUX  971  3370.00        8.895920E+13   3.6479E-06   3.6903E-06   0.98852
FLUX  972  3390.00        8.843437E+13   3.6101E-06   3.6500E-06   0.98907
FLUX  973  3410.00        8.791569E+13   3.5720E-06   3.6104E-06   0.98936
FLUX  974  3430.00        8.740306E+13   3.5346E-06   3.5714E-06   0.98971
FLUX  975  3450.00        8.689638E+13   3.4978E-06   3.5330E-06   0.99003
FLUX  976  3470.00        8.639553E+13   3.4609E-06   3.4953E-06   0.99016
FLUX  977  3490.00        8.590043E+13   3.4247E-06   3.4581E-06   0.99034
FLUX  978  3510.00        8.541097E+13   3.3890E-06   3.4216E-06   0.99048
FLUX  979  3530.00        8.492705E+13   3.3538E-06   3.3856E-06   0.99061
FLUX  980  3550.00        8.444859E+13   3.3189E-06   3.3502E-06   0.99068
FLUX  981  3570.00        8.397549E+13   3.2842E-06   3.3153E-06   0.99062
FLUX  982  3590.00        8.350766E+13   3.2516E-06   3.2810E-06   0.99104
FLUX  983  3610.00        8.304501E+13   3.2164E-06   3.2472E-06   0.99053
FLUX  984  3630.00        8.258747E+13   3.1859E-06   3.2139E-06   0.99129
FLUX  985  3650.00        8.213493E+13   3.1498E-06   3.1811E-06   0.99014
FLUX  986  3670.00        8.168733E+13   3.1229E-06   3.1489E-06   0.99174
FLUX  987  3690.00        8.124458E+13   3.0808E-06   3.1171E-06   0.98836
FLUX  988  3710.00        8.080660E+13   3.0537E-06   3.0858E-06   0.98959
FLUX  989  3730.00        8.037332E+13   2.9423E-06   3.0550E-06   0.96311
FLUX  990  3750.00        7.994467E+13   2.8792E-06   3.0246E-06   0.95192
FLUX  991  3770.00        7.952056E+13   2.9656E-06   2.9947E-06   0.99029
FLUX  992  3790.00        7.910092E+13   2.9450E-06   2.9652E-06   0.99318
FLUX  993  3810.00        7.868570E+13   2.8982E-06   2.9362E-06   0.98705
FLUX  994  3830.00        7.827480E+13   2.8734E-06   2.9076E-06   0.98823
FLUX  995  3850.00        7.786818E+13   2.8641E-06   2.8794E-06   0.99470
FLUX  996  3870.00        7.746576E+13   2.8371E-06   2.8516E-06   0.99492
FLUX  997  3890.00        7.706748E+13   2.8006E-06   2.8242E-06   0.99164
FLUX  998  3910.00        7.667327E+13   2.7362E-06   2.7972E-06   0.97817
FLUX  999  3930.00        7.628308E+13   2.7541E-06   2.7706E-06   0.99403
FLUX 1000  3950.00        7.589684E+13   2.7342E-06   2.7444E-06   0.99629
FLUX 1001  3970.00        7.551448E+13   2.7095E-06   2.7186E-06   0.99665
FLUX 1002  3990.00        7.513596E+13   2.6803E-06   2.6931E-06   0.99526
FLUX 1003  4010.00        7.476122E+13   2.6184E-06   2.6679E-06   0.98142
FLUX 1004  4030.00        7.439020E+13   2.5775E-06   2.6432E-06   0.97517
FLUX 1005  4050.00        7.402284E+13   2.4834E-06   2.6187E-06   0.94833
FLUX 1006  4070.00        7.365909E+13   2.5713E-06   2.5946E-06   0.99102
FLUX 1007  4090.00        7.329890E+13   2.5632E-06   2.5709E-06   0.99704
FLUX 1008  4110.00        7.294221E+13   2.5453E-06   2.5474E-06   0.99916
FLUX 1009  4130.00        7.258898E+13   2.5189E-06   2.5243E-06   0.99785
FLUX 1010  4150.00        7.223916E+13   2.4831E-06   2.5015E-06   0.99264
FLUX 1011  4170.00        7.189269E+13   2.3774E-06   2.4790E-06   0.95901
FLUX 1012  4190.00        7.154952E+13   2.4357E-06   2.4568E-06   0.99142
FLUX 1013  4210.00        7.120962E+13   2.4316E-06   2.4349E-06   0.99866
FLUX 1014  4230.00        7.087293E+13   2.4132E-06   2.4133E-06   0.99997
FLUX 1015  4250.00        7.053941E+13   2.3919E-06   2.3919E-06   0.99998
FLUX 1016  4270.00        7.020902E+13   2.3709E-06   2.3709E-06   0.99999
FLUX 1017  4290.00        6.988170E+13   2.3501E-06   2.3501E-06   0.99999
FLUX 1018  4310.00        6.955742E+13   2.3296E-06   2.3296E-06   0.99998
FLUX 1019  4330.00        6.923614E+13   2.3091E-06   2.3094E-06   0.99989
FLUX 1020  4350.00        6.891782E+13   2.2787E-06   2.2894E-06   0.99532
FLUX 1021  4370.00        6.860240E+13   2.1762E-06   2.2697E-06   0.95881
FLUX 1022  4390.00        6.828986E+13   2.2086E-06   2.2503E-06   0.98149
FLUX 1023  4410.00        6.798016E+13   2.2262E-06   2.2311E-06   0.99782
FLUX 1024  4430.00        6.767325E+13   2.2119E-06   2.2121E-06   0.99992
FLUX 1025  4450.00        6.736910E+13   2.1933E-06   2.1934E-06   0.99994
FLUX 1026  4470.00        6.706767E+13   2.1780E-06   2.1841E-06   0.99720
FLUX 1027  4490.00        6.676893E+13   2.1559E-06   2.1657E-06   0.99547
FLUX 1028  4510.00        6.647284E+13   2.1381E-06   2.1476E-06   0.99559
FLUX 1029  4530.00        6.617936E+13   2.1203E-06   2.1297E-06   0.99558
FLUX 1030  4550.00        6.588846E+13   2.1027E-06   2.1120E-06   0.99557
FLUX 1031  4570.00        6.560011E+13   2.0849E-06   2.0945E-06   0.99541
FLUX 1032  4590.00        6.531427E+13   2.0669E-06   2.0773E-06   0.99502
FLUX 1033  4610.00        6.503091E+13   2.0480E-06   2.0602E-06   0.99406
FLUX 1034  4630.00        6.475000E+13   2.0209E-06   2.0434E-06   0.98898
FLUX 1035  4650.00        6.447151E+13   1.9087E-06   2.0268E-06   0.94173
FLUX 1036  4670.00        6.419540E+13   1.8957E-06   2.0104E-06   0.94293
FLUX 1037  4690.00        6.392164E+13   1.9605E-06   1.9942E-06   0.98310
FLUX 1038  4710.00        6.365021E+13   1.9654E-06   1.9781E-06   0.99354
FLUX 1039  4730.00        6.338108E+13   1.9531E-06   1.9623E-06   0.99529
FLUX 1040  4750.00        6.311421E+13   1.9384E-06   1.9466E-06   0.99576
FLUX 1041  4770.00        6.284958E+13   1.9236E-06   1.9312E-06   0.99605
FLUX 1042  4790.00        6.258716E+13   1.9088E-06   1.9159E-06   0.99626
FLUX 1043  4810.00        6.232692E+13   1.8939E-06   1.9008E-06   0.99636
FLUX 1044  4830.00        6.206884E+13   1.8792E-06   1.8859E-06   0.99644
FLUX 1045  4850.00        6.181289E+13   1.8646E-06   1.8712E-06   0.99650
FLUX 1046  4870.00        6.155903E+13   1.8502E-06   1.8566E-06   0.99655
FLUX 1047  4890.00        6.130726E+13   1.8359E-06   1.8422E-06   0.99657
FLUX 1048  4910.00        6.105754E+13   1.8217E-06   1.8280E-06   0.99657
FLUX 1049  4930.00        6.080984E+13   1.8077E-06   1.8139E-06   0.99659
FLUX 1050  4950.00        6.056414E+13   1.7940E-06   1.8000E-06   0.99669
FLUX 1051  4970.00        6.032042E+13   1.7800E-06   1.7862E-06   0.99648
FLUX 1052  4990.00        6.007866E+13   1.7668E-06   1.7727E-06   0.99667
FLUX 1053  5010.00        5.983882E+13   1.7532E-06   1.7592E-06   0.99656
FLUX 1054  5030.00        5.960089E+13   1.7393E-06   1.7459E-06   0.99622
FLUX 1055  5050.00        5.936485E+13   1.7268E-06   1.7328E-06   0.99655
FLUX 1056  5070.00        5.913067E+13   1.7131E-06   1.7198E-06   0.99609
FLUX 1057  5090.00        5.889833E+13   1.6967E-06   1.7070E-06   0.99399
FLUX 1058  5110.00        5.866781E+13   1.6701E-06   1.6943E-06   0.98571
FLUX 1059  5130.00        5.843908E+13   1.5897E-06   1.6817E-06   0.94527
FLUX 1060  5150.00        5.821214E+13   1.6500E-06   1.6693E-06   0.98845
FLUX 1061  5170.00        5.798694E+13   1.6467E-06   1.6570E-06   0.99379
FLUX 1062  5190.00        5.776349E+13   1.6387E-06   1.6449E-06   0.99623
FLUX 1063  5210.00        5.754175E+13   1.6281E-06   1.6329E-06   0.99711
FLUX 1064  5230.00        5.732170E+13   1.6163E-06   1.6210E-06   0.99714
FLUX 1065  5250.00        5.710333E+13   1.6025E-06   1.6092E-06   0.99580
FLUX 1066  5270.00        5.688662E+13   1.5892E-06   1.5976E-06   0.99472
FLUX 1067  5290.00        5.667155E+13   1.5815E-06   1.5861E-06   0.99710
FLUX 1068  5310.00        5.645810E+13   1.5712E-06   1.5747E-06   0.99773
FLUX 1069  5330.00        5.624625E+13   1.5600E-06   1.5635E-06   0.99779
FLUX 1070  5350.00        5.603598E+13   1.5480E-06   1.5523E-06   0.99723
FLUX 1071  5370.00        5.582728E+13   1.5320E-06   1.5413E-06   0.99396
FLUX 1072  5390.00        5.562013E+13   1.5213E-06   1.5304E-06   0.99406
FLUX 1073  5410.00        5.541451E+13   1.5156E-06   1.5197E-06   0.99735
FLUX 1074  5430.00        5.521041E+13   1.5077E-06   1.5090E-06   0.99918
FLUX 1075  5450.00        5.500780E+13   1.4983E-06   1.4984E-06   0.99989
FLUX 1076  5470.00        5.480667E+13   1.4877E-06   1.4880E-06   0.99978
FLUX 1077  5490.00        5.460701E+13   1.4741E-06   1.4776E-06   0.99758
FLUX 1078  5510.00        5.440880E+13   1.4589E-06   1.4674E-06   0.99420
FLUX 1079  5530.00        5.421203E+13   1.4421E-06   1.4573E-06   0.98959
FLUX 1080  5550.00        5.401667E+13   1.4423E-06   1.4473E-06   0.99656
FLUX 1081  5570.00        5.382271E+13   1.4361E-06   1.4374E-06   0.99914
FLUX 1082  5590.00        5.363014E+13   1.4272E-06   1.4275E-06   0.99977
FLUX 1083  5610.00        5.343895E+13   1.4177E-06   1.4178E-06   0.99991
FLUX 1084  5630.00        5.324911E+13   1.4082E-06   1.4082E-06   0.99997
FLUX 1085  5650.00        5.306062E+13   1.3986E-06   1.3987E-06   0.99997
FLUX 1086  5670.00        5.287346E+13   1.3877E-06   1.3893E-06   0.99886
FLUX 1087  5690.00        5.268761E+13   1.3731E-06   1.3799E-06   0.99503
FLUX 1088  5710.00        5.250306E+13   1.3478E-06   1.3707E-06   0.98330
FLUX 1089  5730.00        5.231981E+13   1.3532E-06   1.3616E-06   0.99384
FLUX 1090  5750.00        5.213783E+13   1.3503E-06   1.3525E-06   0.99835
FLUX 1091  5770.00        5.195711E+13   1.3435E-06   1.3435E-06   0.99997
FLUX 1092  5790.00        5.177763E+13   1.3346E-06   1.3347E-06   0.99992
FLUX 1093  5810.00        5.159940E+13   1.3258E-06   1.3259E-06   0.99998
FLUX 1094  5830.00        5.142238E+13   1.3160E-06   1.3172E-06   0.99914
FLUX 1095  5850.00        5.124658E+13   1.3062E-06   1.3115E-06   0.99600
FLUX 1096  5870.00        5.107198E+13   1.2956E-06   1.3029E-06   0.99439
FLUX 1097  5890.00        5.089856E+13   1.2743E-06   1.2944E-06   0.98447
FLUX 1098  5910.00        5.072631E+13   1.2144E-06   1.2860E-06   0.94431
FLUX 1099  5930.00        5.055523E+13   1.2598E-06   1.2777E-06   0.98593
FLUX 1100  5950.00        5.038529E+13   1.2375E-06   1.2695E-06   0.97475
FLUX 1101  5970.00        5.021650E+13   1.2417E-06   1.2614E-06   0.98441
FLUX 1102  5990.00        5.004883E+13   1.2465E-06   1.2533E-06   0.99459
FLUX 1103  6010.00        4.988228E+13   1.2409E-06   1.2453E-06   0.99645
FLUX 1104  6030.00        4.971683E+13   1.2337E-06   1.2374E-06   0.99703
FLUX 1105  6050.00        4.955248E+13   1.2262E-06   1.2295E-06   0.99728
FLUX 1106  6070.00        4.938921E+13   1.2186E-06   1.2217E-06   0.99742
FLUX 1107  6090.00        4.922701E+13   1.2110E-06   1.2140E-06   0.99751
FLUX 1108  6110.00        4.906588E+13   1.2034E-06   1.2064E-06   0.99754
FLUX 1109  6130.00        4.890579E+13   1.1960E-06   1.1989E-06   0.99765
FLUX 1110  6150.00        4.874675E+13   1.1886E-06   1.1914E-06   0.99768
FLUX 1111  6170.00        4.858874E+13   1.1812E-06   1.1840E-06   0.99770
FLUX 1112  6190.00        4.843174E+13   1.1738E-06   1.1766E-06   0.99765
FLUX 1113  6210.00        4.827576E+13   1.1665E-06   1.1693E-06   0.99755
FLUX 1114  6230.00        4.812079E+13   1.1588E-06   1.1621E-06   0.99716
FLUX 1115  6250.00        4.796680E+13   1.1503E-06   1.1550E-06   0.99597
FLUX 1116  6270.00        4.781380E+13   1.1364E-06   1.1479E-06   0.98997
FLUX 1117  6290.00        4.766176E+13   1.0985E-06   1.1409E-06   0.96285
FLUX 1118  6310.00        4.751070E+13   1.1191E-06   1.1339E-06   0.98690
FLUX 1119  6330.00        4.736058E+13   1.1220E-06   1.1271E-06   0.99551
FLUX 1120  6350.00        4.721142E+13   1.1171E-06   1.1202E-06   0.99719
FLUX 1121  6370.00        4.706319E+13   1.1109E-06   1.1135E-06   0.99772
FLUX 1122  6390.00        4.691588E+13   1.1045E-06   1.1068E-06   0.99793
FLUX 1123  6420.00        4.669665E+13   1.0967E-06   1.0968E-06   0.99990
FLUX 1124  6460.00        4.640751E+13   1.0837E-06   1.0838E-06   0.99990
FLUX 1125  6500.00        4.612192E+13   1.0709E-06   1.0710E-06   0.99989
FLUX 1126  6540.00        4.583983E+13   1.0583E-06   1.0584E-06   0.99997
FLUX 1127  6580.00        4.556117E+13   1.0459E-06   1.0460E-06   0.99989
FLUX 1128  6620.00        4.528588E+13   1.0336E-06   1.0339E-06   0.99979
FLUX 1129  6660.00        4.501389E+13   1.0215E-06   1.0219E-06   0.99958
FLUX 1130  6700.00        4.474515E+13   1.0080E-06   1.0102E-06   0.99783
FLUX 1131  6740.00        4.447960E+13   9.9102E-07   9.9864E-07   0.99237
FLUX 1132  6780.00        4.421718E+13   9.5895E-07   9.8730E-07   0.97129
FLUX 1133  6820.00        4.395784E+13   9.7233E-07   9.7615E-07   0.99609
FLUX 1134  6860.00        4.370153E+13   9.6432E-07   9.6519E-07   0.99910
FLUX 1135  6900.00        4.344819E+13   9.5420E-07   9.5441E-07   0.99979
FLUX 1136  6940.00        4.319777E+13   9.4230E-07   9.4381E-07   0.99840
FLUX 1137  6980.00        4.295021E+13   9.3317E-07   9.3338E-07   0.99978
FLUX 1138  7020.00        4.270548E+13   9.2304E-07   9.2313E-07   0.99991
FLUX 1139  7060.00        4.246353E+13   9.1264E-07   9.1305E-07   0.99955
FLUX 1140  7100.00        4.222430E+13   9.0129E-07   9.0313E-07   0.99797
FLUX 1141  7140.00        4.198775E+13   8.9327E-07   8.9337E-07   0.99989
FLUX 1142  7180.00        4.175383E+13   8.8369E-07   8.8376E-07   0.99991
FLUX 1143  7220.00        4.152251E+13   8.7409E-07   8.7431E-07   0.99974
FLUX 1144  7260.00        4.129373E+13   8.6250E-07   8.6502E-07   0.99709
FLUX 1145  7300.00        4.106747E+13   8.5460E-07   8.5587E-07   0.99852
FLUX 1146  7340.00        4.084366E+13   8.4678E-07   8.4686E-07   0.99991
FLUX 1147  7380.00        4.062229E+13   8.3679E-07   8.3799E-07   0.99856
FLUX 1148  7420.00        4.040330E+13   8.2451E-07   8.2929E-07   0.99423
FLUX 1149  7460.00        4.018666E+13   7.9082E-07   8.2073E-07   0.96356
FLUX 1150  7500.00        3.997233E+13   7.7368E-07   8.1229E-07   0.95247
FLUX 1151  7540.00        3.976028E+13   7.9544E-07   8.0399E-07   0.98937
FLUX 1152  7580.00        3.955046E+13   7.9311E-07   7.9581E-07   0.99661
FLUX 1153  7620.00        3.934285E+13   7.8591E-07   7.8775E-07   0.99766
FLUX 1154  7660.00        3.913740E+13   7.7837E-07   7.7982E-07   0.99815
FLUX 1155  7700.00        3.893409E+13   7.7104E-07   7.7200E-07   0.99876
FLUX 1156  7740.00        3.873288E+13   7.6206E-07   7.6430E-07   0.99706
FLUX 1157  7780.00        3.853374E+13   7.5082E-07   7.5672E-07   0.99221
FLUX 1158  7820.00        3.833664E+13   7.4706E-07   7.4924E-07   0.99709
FLUX 1159  7860.00        3.814154E+13   7.4180E-07   7.4188E-07   0.99990
FLUX 1160  7900.00        3.794842E+13   7.3460E-07   7.3462E-07   0.99997
FLUX 1161  7940.00        3.775724E+13   7.2745E-07   7.2747E-07   0.99997
FLUX 1162  7980.00        3.756798E+13   7.2040E-07   7.2042E-07   0.99997
FLUX 1163  8020.00        3.738061E+13   7.1346E-07   7.1348E-07   0.99997
FLUX 1164  8060.00        3.719510E+13   7.0661E-07   7.0663E-07   0.99997
FLUX 1165  8100.00        3.701142E+13   6.9869E-07   6.9988E-07   0.99829
FLUX 1166  8140.00        3.682955E+13   6.8650E-07   6.9323E-07   0.99029
FLUX 1167  8180.00        3.664945E+13   6.8259E-07   6.8667E-07   0.99405
FLUX 1168  8220.00        3.647111E+13   6.7962E-07   6.8021E-07   0.99913
FLUX 1169  8260.00        3.629449E+13   6.7381E-07   6.7383E-07   0.99997
FLUX 1170  8300.00        3.611958E+13   6.6753E-07   6.6755E-07   0.99998
FLUX 1171  8340.00        3.594634E+13   6.6128E-07   6.6135E-07   0.99991
FLUX 1172  8380.00        3.577476E+13   6.5515E-07   6.5523E-07   0.99988
FLUX 1173  8420.00        3.560481E+13   6.4914E-07   6.4920E-07   0.99991
FLUX 1174  8460.00        3.543647E+13   6.4324E-07   6.4326E-07   0.99997
FLUX 1175  8500.00        3.526971E+13   6.3738E-07   6.3739E-07   0.99998
FLUX 1176  8540.00        3.510451E+13   6.3159E-07   6.3161E-07   0.99997
FLUX 1177  8580.00        3.494085E+13   6.2583E-07   6.2590E-07   0.99990
FLUX 1178  8620.00        3.477871E+13   6.1814E-07   6.2027E-07   0.99658
FLUX 1179  8660.00        3.461807E+13   6.0380E-07   6.1471E-07   0.98225
FLUX 1180  8700.00        3.445891E+13   6.0558E-07   6.0923E-07   0.99401
FLUX 1181  8740.00        3.430120E+13   5.9106E-07   6.0382E-07   0.97886
FLUX 1182  8780.00        3.414493E+13   5.8594E-07   5.9848E-07   0.97904
FLUX 1183  8820.00        3.399008E+13   5.9196E-07   5.9322E-07   0.99787
FLUX 1184  8860.00        3.383663E+13   5.8796E-07   5.8802E-07   0.99990
FLUX 1185  8900.00        3.368455E+13   5.8287E-07   5.8289E-07   0.99997
FLUX 1186  8940.00        3.353384E+13   5.7781E-07   5.7782E-07   0.99998
FLUX 1187  8980.00        3.338447E+13   5.7281E-07   5.7283E-07   0.99998
FLUX 1188  9020.00        3.323642E+13   5.6788E-07   5.6789E-07   0.99998
FLUX 1189  9060.00        3.308968E+13   5.6301E-07   5.6302E-07   0.99998
FLUX 1190  9100.00        3.294423E+13   5.5820E-07   5.5821E-07   0.99997
FLUX 1191  9140.00        3.280005E+13   5.5345E-07   5.5346E-07   0.99997
FLUX 1192  9180.00        3.265714E+13   5.4876E-07   5.4877E-07   0.99997
FLUX 1193  9220.00        3.251546E+13   5.4409E-07   5.4415E-07   0.99990
FLUX 1194  9260.00        3.237500E+13   5.3835E-07   5.3957E-07   0.99773
FLUX 1195  9300.00        3.223575E+13   5.3413E-07   5.3506E-07   0.99825
FLUX 1196  9340.00        3.209770E+13   5.2869E-07   5.3060E-07   0.99640
FLUX 1197  9380.00        3.196082E+13   5.1422E-07   5.2620E-07   0.97724
FLUX 1198  9420.00        3.182511E+13   5.1681E-07   5.2185E-07   0.99034
FLUX 1199  9460.00        3.169054E+13   5.1622E-07   5.1756E-07   0.99742
FLUX 1200  9500.00        3.155711E+13   5.1219E-07   5.1332E-07   0.99780
FLUX 1201  9540.00        3.142479E+13   5.0813E-07   5.0913E-07   0.99805
FLUX 1202  9580.00        3.129358E+13   5.0497E-07   5.0499E-07   0.99997
FLUX 1203  9620.00        3.116346E+13   5.0089E-07   5.0090E-07   0.99998
FLUX 1204  9660.00        3.103442E+13   4.9685E-07   4.9686E-07   0.99998
FLUX 1205  9700.00        3.090644E+13   4.9286E-07   4.9287E-07   0.99998
FLUX 1206  9740.00        3.077952E+13   4.8891E-07   4.8892E-07   0.99998
FLUX 1207  9780.00        3.065363E+13   4.8502E-07   4.8503E-07   0.99997
FLUX 1208  9820.00        3.052877E+13   4.8046E-07   4.8118E-07   0.99851
FLUX 1209  9860.00        3.040492E+13   4.7603E-07   4.7737E-07   0.99718
FLUX 1210  9900.00        3.028207E+13   4.7360E-07   4.7361E-07   0.99997
FLUX 1211  9940.00        3.016021E+13   4.6989E-07   4.6990E-07   0.99998
FLUX 1212  9980.00        3.003933E+13   4.6622E-07   4.6623E-07   0.99998
FLUX 1213 10020.00        2.991941E+13   4.6259E-07   4.6260E-07   0.99998
FLUX 1214 20000.00        1.498963E+13   1.1819E-07   1.1819E-07   1.00000
FLUX 1215 40000.00        7.494813E+12   2.9444E-08   2.9444E-08   1.00000
FLUX 1216 60000.00        4.996542E+12   1.2982E-08   1.2982E-08   1.00000
FLUX 1217 80000.00        3.747406E+12   7.2481E-09   7.2481E-09   1.00000
FLUX 1218100000.00        2.997925E+12   4.6087E-09   4.6087E-09   1.00000
FLUX 1219120000.00        2.498271E+12   3.1824E-09   3.1824E-09   1.00000
FLUX 1220140000.00        2.141375E+12   2.3265E-09   2.3265E-09   1.00000
FLUX 1221160000.00        1.873703E+12   1.7735E-09   1.7735E-09   1.00000
FLUX
