TEFF  11500.  GRAVITY 4.00000 LTE 
TITLE  [-0.5] N(He)/Ntot=0.0784 VTURB=2.0  L/H=1.25 NOVER                       
FLUX    1     9.09        3.298047E+16   1.0000E-50   0.0000E+00   1.00000
FLUX    2     9.35        3.206337E+16   1.0000E-50   0.0000E+00   1.00000
FLUX    3     9.61        3.119589E+16   1.0000E-50   0.0000E+00   1.00000
FLUX    4     9.77        3.068501E+16   1.0000E-50   0.0000E+00   1.00000
FLUX    5     9.96        3.009965E+16   1.0000E-50   0.0000E+00   1.00000
FLUX    6    10.20        2.939142E+16   1.0000E-50   0.0000E+00   1.00000
FLUX    7    10.38        2.888174E+16   1.0000E-50   0.0000E+00   1.00000
FLUX    8    10.56        2.838944E+16   1.0000E-50   0.0000E+00   1.00000
FLUX    9    10.77        2.783589E+16   1.0000E-50   0.0000E+00   1.00000
FLUX   10    11.04        2.715512E+16   1.0000E-50   0.0000E+00   1.00000
FLUX   11    11.40        2.629759E+16   1.0000E-50   0.0000E+00   1.00000
FLUX   12    11.78        2.544928E+16   1.0000E-50   0.0000E+00   1.00000
FLUX   13    12.13        2.471496E+16   1.0000E-50   0.0000E+00   1.00000
FLUX   14    12.48        2.402183E+16   1.0000E-50   0.0000E+00   1.00000
FLUX   15    12.71        2.358714E+16   1.0000E-50   0.0000E+00   1.00000
FLUX   16    12.84        2.334833E+16   1.0000E-50   0.0000E+00   1.00000
FLUX   17    13.05        2.297261E+16   1.0000E-50   0.0000E+00   1.00000
FLUX   18    13.24        2.264294E+16   1.0000E-50   0.0000E+00   1.00000
FLUX   19    13.39        2.238928E+16   1.0000E-50   0.0000E+00   1.00000
FLUX   20    13.66        2.194674E+16   1.0000E-50   0.0000E+00   1.00000
FLUX   21    13.98        2.144438E+16   1.0000E-50   0.0000E+00   1.00000
FLUX   22    14.33        2.092062E+16   1.0000E-50   0.0000E+00   1.00000
FLUX   23    14.72        2.036634E+16   1.0000E-50   0.0000E+00   1.00000
FLUX   24    15.10        1.985381E+16   1.0000E-50   0.0000E+00   1.00000
FLUX   25    15.52        1.931653E+16   1.0000E-50   0.0000E+00   1.00000
FLUX   26    15.88        1.887862E+16   1.0000E-50   0.0000E+00   1.00000
FLUX   27    16.20        1.850571E+16   1.0000E-50   0.0000E+00   1.00000
FLUX   28    16.60        1.805979E+16   1.0000E-50   0.0000E+00   1.00000
FLUX   29    17.03        1.760379E+16   1.0000E-50   0.0000E+00   1.00000
FLUX   30    17.34        1.728907E+16   1.0000E-50   0.0000E+00   1.00000
FLUX   31    17.68        1.695659E+16   1.0000E-50   0.0000E+00   1.00000
FLUX   32    18.02        1.663665E+16   1.0000E-50   0.0000E+00   1.00000
FLUX   33    18.17        1.649931E+16   1.0000E-50   0.0000E+00   1.00000
FLUX   34    18.61        1.610922E+16   1.0000E-50   0.0000E+00   1.00000
FLUX   35    19.10        1.569594E+16   1.0000E-50   0.0000E+00   1.00000
FLUX   36    19.39        1.546119E+16   1.0000E-50   0.0000E+00   1.00000
FLUX   37    19.84        1.511051E+16   1.0000E-50   0.0000E+00   1.00000
FLUX   38    20.18        1.485592E+16   1.0000E-50   0.0000E+00   1.00000
FLUX   39    20.50        1.462402E+16   1.0000E-50   0.0000E+00   1.00000
FLUX   40    21.05        1.424192E+16   1.0000E-50   0.0000E+00   1.00000
FLUX   41    21.62        1.386644E+16   1.0000E-50   0.0000E+00   1.00000
FLUX   42    21.98        1.363933E+16   1.0000E-50   0.0000E+00   1.00000
FLUX   43    22.30        1.344361E+16   1.0000E-50   0.0000E+00   1.00000
FLUX   44    22.68        1.321836E+16   6.7458E-38   6.7639E-38   0.99732
FLUX   45    23.00        1.303446E+16   2.2556E-37   2.2615E-37   0.99737
FLUX   46    23.40        1.281165E+16   8.7310E-37   8.7520E-37   0.99759
FLUX   47    24.00        1.249135E+16   5.8708E-36   5.8839E-36   0.99778
FLUX   48    24.65        1.216197E+16   4.1758E-35   4.1846E-35   0.99792
FLUX   49    25.24        1.187767E+16   2.2944E-34   2.2946E-34   0.99989
FLUX   50    25.68        1.167416E+16   7.7972E-34   7.7980E-34   0.99989
FLUX   51    26.00        1.153048E+16   1.8541E-33   1.8541E-33   0.99997
FLUX   52    26.40        1.135578E+16   5.3295E-33   5.3301E-33   0.99990
FLUX   53    26.85        1.116546E+16   1.6819E-32   1.6819E-32   0.99997
FLUX   54    27.35        1.096133E+16   5.7856E-32   5.7861E-32   0.99991
FLUX   55    27.85        1.076454E+16   1.9190E-31   1.9191E-31   0.99997
FLUX   56    28.40        1.055607E+16   6.8421E-31   6.8422E-31   0.99997
FLUX   57    29.00        1.033767E+16   2.5988E-30   2.5988E-30   0.99998
FLUX   58    29.60        1.012813E+16   9.3518E-30   9.3520E-30   0.99998
FLUX   59    30.10        9.959884E+15   2.6306E-29   2.6310E-29   0.99985
FLUX   60    30.80        9.733523E+15   1.0595E-28   1.0595E-28   0.99998
FLUX   61    31.80        9.427437E+15   6.9998E-28   6.9999E-28   0.99998
FLUX   62    32.80        9.140015E+15   4.1451E-27   4.1452E-27   0.99998
FLUX   63    33.80        8.869601E+15   2.2153E-26   2.2153E-26   0.99998
FLUX   64    34.80        8.614727E+15   1.0797E-25   1.0797E-25   0.99999
FLUX   65    35.70        8.397549E+15   4.1774E-25   4.1777E-25   0.99993
FLUX   66    36.60        8.191052E+15   1.5139E-24   1.5140E-24   0.99998
FLUX   67    37.50        7.994467E+15   5.1554E-24   5.1572E-24   0.99964
FLUX   68    38.50        7.786818E+15   1.8842E-23   1.8844E-23   0.99990
FLUX   69    39.50        7.589684E+15   6.4469E-23   6.4495E-23   0.99960
FLUX   70    40.50        7.402284E+15   2.0791E-22   2.0793E-22   0.99993
FLUX   71    41.40        7.241365E+15   5.6856E-22   5.6860E-22   0.99993
FLUX   72    42.20        7.104088E+15   1.3408E-21   1.3410E-21   0.99983
FLUX   73    43.00        6.971919E+15   3.0581E-21   3.0630E-21   0.99838
FLUX   74    44.10        6.798016E+15   9.0818E-21   9.0831E-21   0.99985
FLUX   75    45.10        6.647284E+15   2.3294E-20   2.3296E-20   0.99990
FLUX   76    46.00        6.517228E+15   5.2493E-20   5.2497E-20   0.99993
FLUX   77    47.00        6.378564E+15   1.2478E-19   1.2480E-19   0.99982
FLUX   78    48.00        6.245677E+15   2.8602E-19   2.8606E-19   0.99988
FLUX   79    49.00        6.118214E+15   6.3358E-19   6.3360E-19   0.99997
FLUX   80    50.00        5.995850E+15   1.3583E-18   1.3583E-18   0.99999
FLUX   81    50.60        5.924753E+15   4.5690E-18   5.8634E-18   0.77925
FLUX   82    51.20        5.855322E+15   8.6676E-18   8.8015E-18   0.98479
FLUX   83    52.00        5.765240E+15   1.4642E-17   1.4862E-17   0.98518
FLUX   84    53.00        5.656462E+15   2.7823E-17   2.7993E-17   0.99390
FLUX   85    54.00        5.551713E+15   5.0665E-17   5.1537E-17   0.98309
FLUX   86    55.00        5.450773E+15   9.2678E-17   9.2867E-17   0.99797
FLUX   87    56.00        5.353438E+15   1.6369E-16   1.6392E-16   0.99859
FLUX   88    57.00        5.259518E+15   2.8368E-16   2.8370E-16   0.99992
FLUX   89    58.00        5.168836E+15   4.7388E-16   4.8225E-16   0.98262
FLUX   90    59.00        5.081229E+15   8.0327E-16   8.0474E-16   0.99818
FLUX   91    60.00        4.996542E+15   1.3181E-15   1.3202E-15   0.99839
FLUX   92    61.00        4.914631E+15   2.1309E-15   2.1310E-15   0.99998
FLUX   93    62.00        4.835363E+15   3.3855E-15   3.3869E-15   0.99958
FLUX   94    63.00        4.758611E+15   5.3041E-15   5.3046E-15   0.99991
FLUX   95    64.00        4.684258E+15   8.1758E-15   8.1942E-15   0.99775
FLUX   96    65.00        4.612192E+15   1.2487E-14   1.2489E-14   0.99980
FLUX   97    65.80        4.556117E+15   1.7335E-14   1.7336E-14   0.99993
FLUX   98    66.50        4.508158E+15   2.2934E-14   2.2946E-14   0.99944
FLUX   99    67.50        4.441370E+15   3.3860E-14   3.3900E-14   0.99882
FLUX  100    68.50        4.376533E+15   4.9452E-14   4.9504E-14   0.99895
FLUX  101    69.50        4.313561E+15   7.1491E-14   7.1497E-14   0.99992
FLUX  102    70.50        4.252376E+15   1.0212E-13   1.0217E-13   0.99942
FLUX  103    71.60        4.187046E+15   1.4951E-13   1.4956E-13   0.99968
FLUX  104    72.60        4.129373E+15   2.0932E-13   2.0934E-13   0.99991
FLUX  105    73.50        4.078810E+15   2.8097E-13   2.8106E-13   0.99967
FLUX  106    74.50        4.024060E+15   3.8651E-13   3.8662E-13   0.99971
FLUX  107    75.50        3.970762E+15   5.2708E-13   5.2723E-13   0.99971
FLUX  108    76.50        3.918856E+15   7.1260E-13   7.1301E-13   0.99942
FLUX  109    77.50        3.868290E+15   9.5635E-13   9.5653E-13   0.99981
FLUX  110    78.50        3.819013E+15   1.2733E-12   1.2733E-12   0.99999
FLUX  111    79.50        3.770975E+15   1.6801E-12   1.6823E-12   0.99868
FLUX  112    80.50        3.724130E+15   2.2062E-12   2.2071E-12   0.99958
FLUX  113    81.50        3.678436E+15   2.8752E-12   2.8757E-12   0.99982
FLUX  114    82.50        3.633848E+15   3.7212E-12   3.7223E-12   0.99972
FLUX  115    83.50        3.590329E+15   4.7712E-12   4.7875E-12   0.99659
FLUX  116    84.50        3.547840E+15   6.1184E-12   6.1197E-12   0.99979
FLUX  117    85.50        3.506345E+15   7.7717E-12   7.7757E-12   0.99949
FLUX  118    86.50        3.465809E+15   9.8212E-12   9.8221E-12   0.99991
FLUX  119    87.50        3.426200E+15   1.2330E-11   1.2338E-11   0.99931
FLUX  120    88.50        3.387486E+15   1.5416E-11   1.5416E-11   0.99999
FLUX  121    89.50        3.349637E+15   1.9161E-11   1.9162E-11   0.99995
FLUX  122    90.50        3.312624E+15   2.3617E-11   2.3698E-11   0.99658
FLUX  123    91.50        3.276421E+15   1.8800E-10   3.4873E-06   0.00005
FLUX  124    92.50        3.241000E+15   1.1090E-09   3.8566E-06   0.00029
FLUX  125    93.50        3.206337E+15   1.8314E-09   4.0257E-06   0.00045
FLUX  126    94.50        3.172407E+15   3.6229E-09   4.1068E-06   0.00088
FLUX  127    95.50        3.139188E+15   1.2539E-08   4.1892E-06   0.00299
FLUX  128    96.50        3.106658E+15   2.0880E-08   4.0876E-06   0.00511
FLUX  129    97.50        3.074795E+15   6.7000E-09   3.8271E-06   0.00175
FLUX  130    98.50        3.043579E+15   2.0850E-07   4.1406E-06   0.05036
FLUX  131    99.50        3.012990E+15   5.8781E-07   4.0509E-06   0.14511
FLUX  132   100.50        2.983010E+15   5.8971E-07   3.8965E-06   0.15134
FLUX  133   101.50        2.953621E+15   1.1978E-07   3.5451E-06   0.03379
FLUX  134   102.50        2.924805E+15   9.1197E-09   4.2866E-06   0.00213
FLUX  135   103.50        2.896546E+15   8.3261E-08   4.2920E-06   0.01940
FLUX  136   104.50        2.868828E+15   8.2097E-07   4.4139E-06   0.18600
FLUX  137   105.50        2.841635E+15   1.7312E-06   4.5295E-06   0.38221
FLUX  138   106.50        2.814953E+15   1.8470E-06   4.7157E-06   0.39166
FLUX  139   107.50        2.788767E+15   2.3989E-06   4.9775E-06   0.48195
FLUX  140   108.50        2.763065E+15   2.6133E-06   5.2740E-06   0.49551
FLUX  141   109.50        2.737831E+15   2.7808E-06   5.5568E-06   0.50044
FLUX  142   110.50        2.713054E+15   3.7573E-06   1.7496E-05   0.21475
FLUX  143   111.50        2.688722E+15   7.0313E-06   1.8132E-05   0.38778
FLUX  144   112.50        2.664822E+15   8.0145E-06   1.8561E-05   0.43180
FLUX  145   113.50        2.641344E+15   8.9833E-06   1.9297E-05   0.46553
FLUX  146   114.50        2.618275E+15   8.3367E-06   1.9440E-05   0.42883
FLUX  147   115.50        2.595606E+15   8.9610E-06   1.9388E-05   0.46220
FLUX  148   116.50        2.573326E+15   9.5663E-06   1.9071E-05   0.50161
FLUX  149   117.50        2.551426E+15   8.4491E-06   1.8413E-05   0.45886
FLUX  150   118.50        2.529895E+15   6.1221E-06   2.1134E-05   0.28968
FLUX  151   119.50        2.508724E+15   5.7444E-07   2.1280E-05   0.02699
FLUX  152   120.50        2.487905E+15   1.6242E-07   2.1411E-05   0.00759
FLUX  153   121.50        2.467428E+15   3.1663E-08   2.1527E-05   0.00147
FLUX  154   122.50        2.447286E+15   1.2239E-07   2.1982E-05   0.00557
FLUX  155   123.50        2.427470E+15   1.5546E-06   2.2083E-05   0.07040
FLUX  156   124.50        2.407972E+15   6.8290E-06   1.8474E-05   0.36965
FLUX  157   125.50        2.388785E+15   1.1138E-05   2.1209E-05   0.52517
FLUX  158   126.50        2.369901E+15   9.7281E-06   2.2707E-05   0.42842
FLUX  159   127.50        2.351314E+15   1.4482E-05   2.3458E-05   0.61738
FLUX  160   128.50        2.333016E+15   1.7592E-05   2.4063E-05   0.73111
FLUX  161   129.50        2.315000E+15   1.5805E-05   2.4448E-05   0.64647
FLUX  162   130.50        2.297261E+15   1.1109E-05   2.4775E-05   0.44838
FLUX  163   131.50        2.279791E+15   1.7351E-05   2.5027E-05   0.69327
FLUX  164   132.50        2.262585E+15   1.8742E-05   2.5249E-05   0.74227
FLUX  165   133.50        2.245637E+15   1.7836E-05   2.5439E-05   0.70110
FLUX  166   134.50        2.228941E+15   2.0850E-05   2.5608E-05   0.81418
FLUX  167   135.50        2.212491E+15   1.9784E-05   2.5760E-05   0.76798
FLUX  168   136.50        2.196282E+15   1.7945E-05   2.5902E-05   0.69278
FLUX  169   137.50        2.180309E+15   1.9897E-05   2.6033E-05   0.76430
FLUX  170   138.50        2.164567E+15   2.0459E-05   2.6155E-05   0.78221
FLUX  171   139.50        2.149050E+15   2.0996E-05   2.6269E-05   0.79928
FLUX  172   140.50        2.133754E+15   2.1521E-05   2.6378E-05   0.81587
FLUX  173   141.50        2.118675E+15   2.0431E-05   2.6480E-05   0.77154
FLUX  174   142.50        2.103807E+15   2.1383E-05   2.6592E-05   0.80411
FLUX  175   143.50        2.089146E+15   2.0167E-05   2.6686E-05   0.75572
FLUX  176   144.20        2.079005E+15   2.2280E-05   2.6750E-05   0.83288
FLUX  177   144.70        2.071821E+15   2.3421E-05   2.6924E-05   0.86989
FLUX  178   145.50        2.060430E+15   2.3453E-05   2.6993E-05   0.86885
FLUX  179   146.50        2.046365E+15   2.2405E-05   2.7077E-05   0.82743
FLUX  180   147.50        2.032492E+15   2.1648E-05   2.7158E-05   0.79711
FLUX  181   148.50        2.018805E+15   2.2389E-05   2.7236E-05   0.82205
FLUX  182   149.50        2.005301E+15   2.3596E-05   2.7311E-05   0.86396
FLUX  183   150.50        1.991977E+15   2.3817E-05   2.7383E-05   0.86978
FLUX  184   151.20        1.982755E+15   2.2923E-05   2.7433E-05   0.83559
FLUX  185   151.70        1.976220E+15   2.4359E-05   2.7562E-05   0.88380
FLUX  186   152.50        1.965852E+15   2.3133E-05   2.7781E-05   0.83267
FLUX  187   153.50        1.953046E+15   2.2537E-05   2.7909E-05   0.80753
FLUX  188   154.50        1.940405E+15   2.4568E-05   2.7977E-05   0.87817
FLUX  189   155.50        1.927926E+15   2.2668E-05   2.8042E-05   0.80837
FLUX  190   156.50        1.915607E+15   2.1239E-05   2.8106E-05   0.75569
FLUX  191   157.50        1.903444E+15   2.2391E-05   2.8170E-05   0.79485
FLUX  192   158.50        1.891435E+15   2.4205E-05   2.8231E-05   0.85741
FLUX  193   159.50        1.879577E+15   2.5215E-05   2.8291E-05   0.89130
FLUX  194   160.50        1.867866E+15   2.4039E-05   2.8349E-05   0.84798
FLUX  195   161.50        1.856300E+15   2.4440E-05   2.8406E-05   0.86037
FLUX  196   162.50        1.844877E+15   2.2865E-05   2.8463E-05   0.80332
FLUX  197   163.50        1.833593E+15   2.3739E-05   2.8517E-05   0.83242
FLUX  198   164.50        1.822447E+15   2.4428E-05   2.8571E-05   0.85501
FLUX  199   165.50        1.811435E+15   2.1994E-05   2.8623E-05   0.76839
FLUX  200   166.50        1.800556E+15   2.4634E-05   2.8675E-05   0.85908
FLUX  201   167.20        1.793017E+15   2.1448E-05   2.8710E-05   0.74705
FLUX  202   167.70        1.787671E+15   2.3770E-05   2.8759E-05   0.82652
FLUX  203   168.50        1.779184E+15   2.5569E-05   2.8810E-05   0.88750
FLUX  204   169.50        1.768687E+15   2.4456E-05   2.8859E-05   0.84742
FLUX  205   170.50        1.758314E+15   2.3805E-05   2.8908E-05   0.82347
FLUX  206   171.50        1.748061E+15   2.3493E-05   2.8956E-05   0.81133
FLUX  207   172.50        1.737928E+15   2.3402E-05   2.9004E-05   0.80684
FLUX  208   173.50        1.727911E+15   2.4580E-05   2.9051E-05   0.84613
FLUX  209   174.50        1.718009E+15   2.4369E-05   2.9097E-05   0.83751
FLUX  210   175.50        1.708219E+15   2.6027E-05   2.9142E-05   0.89313
FLUX  211   176.50        1.698541E+15   2.3682E-05   2.9186E-05   0.81141
FLUX  212   177.50        1.688972E+15   2.5892E-05   2.9230E-05   0.88581
FLUX  213   178.50        1.679510E+15   2.5916E-05   2.9274E-05   0.88531
FLUX  214   179.50        1.670153E+15   2.7296E-05   2.9317E-05   0.93106
FLUX  215   180.50        1.660900E+15   2.6703E-05   2.9360E-05   0.90952
FLUX  216   181.50        1.651749E+15   2.6633E-05   2.9402E-05   0.90582
FLUX  217   182.50        1.642699E+15   2.6130E-05   2.9445E-05   0.88739
FLUX  218   183.50        1.633747E+15   2.5681E-05   2.9491E-05   0.87081
FLUX  219   184.50        1.624892E+15   2.4794E-05   2.9537E-05   0.83943
FLUX  220   185.50        1.616132E+15   2.5361E-05   2.9582E-05   0.85731
FLUX  221   186.50        1.607466E+15   2.5599E-05   2.9627E-05   0.86404
FLUX  222   187.50        1.598893E+15   2.7012E-05   2.9672E-05   0.91035
FLUX  223   188.50        1.590411E+15   2.6812E-05   2.9717E-05   0.90227
FLUX  224   189.50        1.582018E+15   2.6476E-05   2.9761E-05   0.88961
FLUX  225   190.50        1.573714E+15   2.6535E-05   2.9805E-05   0.89029
FLUX  226   191.50        1.565496E+15   2.6689E-05   2.9854E-05   0.89396
FLUX  227   192.50        1.557364E+15   2.6938E-05   2.9898E-05   0.90098
FLUX  228   193.50        1.549315E+15   2.7049E-05   2.9942E-05   0.90340
FLUX  229   194.50        1.541350E+15   2.7962E-05   2.9985E-05   0.93253
FLUX  230   195.50        1.533465E+15   2.7586E-05   3.0028E-05   0.91866
FLUX  231   196.70        1.524110E+15   2.8545E-05   3.0080E-05   0.94895
FLUX  232   197.60        1.517169E+15   2.8608E-05   3.0120E-05   0.94981
FLUX  233   198.40        1.511051E+15   2.8200E-05   3.0155E-05   0.93514
FLUX  234   199.50        1.502719E+15   2.7567E-05   3.0203E-05   0.91273
FLUX  235   200.50        1.495224E+15   2.7909E-05   3.0246E-05   0.92273
FLUX  236   201.50        1.487804E+15   2.6752E-05   3.0289E-05   0.88323
FLUX  237   202.50        1.480457E+15   2.7745E-05   3.0332E-05   0.91472
FLUX  238   203.50        1.473182E+15   2.7827E-05   3.0375E-05   0.91611
FLUX  239   204.50        1.465978E+15   2.8407E-05   3.0418E-05   0.93388
FLUX  240   205.50        1.458844E+15   2.7502E-05   3.0461E-05   0.90287
FLUX  241   206.50        1.451780E+15   2.7619E-05   3.0503E-05   0.90543
FLUX  242   207.40        1.445480E+15   2.8326E-05   3.0542E-05   0.92744
FLUX  243   207.80        1.442697E+15   2.8737E-05   3.0565E-05   0.94022
FLUX  244   208.50        1.437854E+15   2.9066E-05   3.0595E-05   0.95002
FLUX  245   209.50        1.430990E+15   2.8327E-05   3.0638E-05   0.92460
FLUX  246   210.50        1.424192E+15   2.8428E-05   3.0680E-05   0.92657
FLUX  247   211.50        1.417459E+15   2.8473E-05   3.0723E-05   0.92674
FLUX  248   212.50        1.410788E+15   2.8717E-05   3.0766E-05   0.93338
FLUX  249   213.50        1.404180E+15   2.6582E-05   3.0809E-05   0.86279
FLUX  250   214.50        1.397634E+15   2.8550E-05   3.0852E-05   0.92538
FLUX  251   215.50        1.391148E+15   2.8811E-05   3.0896E-05   0.93253
FLUX  252   216.50        1.384723E+15   2.7897E-05   3.0939E-05   0.90167
FLUX  253   217.50        1.378356E+15   2.7737E-05   3.0982E-05   0.89525
FLUX  254   218.50        1.372048E+15   2.7707E-05   3.1025E-05   0.89304
FLUX  255   219.50        1.365797E+15   2.9116E-05   3.1069E-05   0.93713
FLUX  256   220.50        1.359603E+15   2.8309E-05   3.1112E-05   0.90989
FLUX  257   221.50        1.353465E+15   2.7031E-05   3.1156E-05   0.86761
FLUX  258   222.50        1.347382E+15   2.6520E-05   3.1199E-05   0.85001
FLUX  259   223.50        1.341353E+15   2.8727E-05   3.1243E-05   0.91948
FLUX  260   224.50        1.335379E+15   2.6920E-05   3.1286E-05   0.86045
FLUX  261   225.50        1.329457E+15   2.6744E-05   3.1330E-05   0.85362
FLUX  262   226.50        1.323587E+15   2.7104E-05   3.1374E-05   0.86389
FLUX  263   227.50        1.317769E+15   2.8439E-05   3.1418E-05   0.90520
FLUX  264   228.50        1.312002E+15   2.9027E-05   3.1461E-05   0.92264
FLUX  265   229.50        1.306285E+15   2.8004E-05   3.1505E-05   0.88887
FLUX  266   230.50        1.300618E+15   2.7580E-05   3.1549E-05   0.87419
FLUX  267   231.50        1.295000E+15   2.7091E-05   3.1593E-05   0.85750
FLUX  268   232.50        1.289430E+15   2.7395E-05   3.1637E-05   0.86590
FLUX  269   233.50        1.283908E+15   2.6641E-05   3.1682E-05   0.84091
FLUX  270   234.50        1.278433E+15   2.5419E-05   3.1726E-05   0.80121
FLUX  271   235.50        1.273004E+15   2.7211E-05   3.1770E-05   0.85649
FLUX  272   236.50        1.267622E+15   2.5697E-05   3.1815E-05   0.80770
FLUX  273   237.50        1.262284E+15   2.6692E-05   3.1859E-05   0.83783
FLUX  274   238.50        1.256992E+15   2.4770E-05   3.1903E-05   0.77641
FLUX  275   239.50        1.251743E+15   2.6711E-05   3.1948E-05   0.83607
FLUX  276   240.50        1.246538E+15   2.5785E-05   3.1992E-05   0.80599
FLUX  277   241.50        1.241377E+15   2.6392E-05   3.2037E-05   0.82379
FLUX  278   242.50        1.236258E+15   2.7290E-05   3.2082E-05   0.85065
FLUX  279   243.50        1.231181E+15   2.6303E-05   3.2126E-05   0.81873
FLUX  280   244.50        1.226145E+15   2.7880E-05   3.2171E-05   0.86664
FLUX  281   245.50        1.221151E+15   2.7189E-05   3.2216E-05   0.84398
FLUX  282   246.50        1.216197E+15   2.7285E-05   3.2260E-05   0.84577
FLUX  283   247.50        1.211283E+15   2.6571E-05   3.2305E-05   0.82252
FLUX  284   248.50        1.206408E+15   2.8177E-05   3.2350E-05   0.87101
FLUX  285   249.50        1.201573E+15   2.7528E-05   3.2395E-05   0.84975
FLUX  286   250.50        1.196776E+15   2.9171E-05   3.2440E-05   0.89924
FLUX  287   251.30        1.192967E+15   2.7826E-05   3.2475E-05   0.85683
FLUX  288   251.80        1.190598E+15   2.8316E-05   3.2499E-05   0.87129
FLUX  289   252.50        1.187297E+15   2.6872E-05   3.2531E-05   0.82606
FLUX  290   253.50        1.182613E+15   2.6984E-05   3.2578E-05   0.82829
FLUX  291   254.50        1.177967E+15   2.6963E-05   3.2625E-05   0.82646
FLUX  292   255.50        1.173356E+15   2.8216E-05   3.2672E-05   0.86361
FLUX  293   256.50        1.168782E+15   2.8120E-05   3.2719E-05   0.85942
FLUX  294   257.50        1.164243E+15   2.9580E-05   3.2766E-05   0.90276
FLUX  295   258.50        1.159739E+15   2.9700E-05   3.2813E-05   0.90514
FLUX  296   259.50        1.155270E+15   2.9753E-05   3.2860E-05   0.90545
FLUX  297   260.50        1.150835E+15   2.8911E-05   3.2909E-05   0.87851
FLUX  298   261.50        1.146434E+15   2.8975E-05   3.2955E-05   0.87921
FLUX  299   262.50        1.142067E+15   2.9572E-05   3.3002E-05   0.89605
FLUX  300   263.50        1.137732E+15   2.9918E-05   3.3048E-05   0.90527
FLUX  301   264.50        1.133431E+15   3.1754E-05   3.3095E-05   0.95947
FLUX  302   265.50        1.129162E+15   3.1516E-05   3.3141E-05   0.95097
FLUX  303   266.50        1.124925E+15   3.0303E-05   3.3188E-05   0.91309
FLUX  304   267.50        1.120720E+15   3.1214E-05   3.3234E-05   0.93923
FLUX  305   268.50        1.116546E+15   3.1330E-05   3.3280E-05   0.94140
FLUX  306   269.50        1.112403E+15   3.0661E-05   3.3326E-05   0.92003
FLUX  307   270.50        1.108290E+15   3.1118E-05   3.3372E-05   0.93246
FLUX  308   271.50        1.104208E+15   3.0369E-05   3.3418E-05   0.90877
FLUX  309   272.50        1.100156E+15   3.0611E-05   3.3463E-05   0.91474
FLUX  310   273.50        1.096133E+15   3.2030E-05   3.3509E-05   0.95586
FLUX  311   274.50        1.092140E+15   2.9496E-05   3.3555E-05   0.87904
FLUX  312   275.50        1.088176E+15   2.9537E-05   3.3600E-05   0.87906
FLUX  313   276.50        1.084241E+15   3.0457E-05   3.3646E-05   0.90523
FLUX  314   277.50        1.080333E+15   3.1681E-05   3.3691E-05   0.94035
FLUX  315   278.50        1.076454E+15   3.1679E-05   3.3736E-05   0.93902
FLUX  316   279.50        1.072603E+15   2.8727E-05   3.3781E-05   0.85040
FLUX  317   280.50        1.068779E+15   3.0549E-05   3.3825E-05   0.90313
FLUX  318   281.50        1.064982E+15   3.2538E-05   3.3870E-05   0.96067
FLUX  319   282.50        1.061212E+15   3.2538E-05   3.3914E-05   0.95941
FLUX  320   283.50        1.057469E+15   3.1807E-05   3.3959E-05   0.93664
FLUX  321   284.50        1.053752E+15   3.1123E-05   3.4003E-05   0.91530
FLUX  322   285.50        1.050061E+15   3.1050E-05   3.4047E-05   0.91198
FLUX  323   286.50        1.046396E+15   3.2050E-05   3.4090E-05   0.94014
FLUX  324   287.50        1.042757E+15   3.1641E-05   3.4134E-05   0.92696
FLUX  325   288.50        1.039142E+15   3.2333E-05   3.4177E-05   0.94604
FLUX  326   289.50        1.035553E+15   3.2049E-05   3.4221E-05   0.93655
FLUX  327   291.00        1.030215E+15   3.3620E-05   3.4286E-05   0.98057
FLUX  328   293.00        1.023183E+15   3.2933E-05   3.4371E-05   0.95814
FLUX  329   295.00        1.016246E+15   3.3160E-05   3.4456E-05   0.96237
FLUX  330   297.00        1.009402E+15   3.3456E-05   3.4540E-05   0.96860
FLUX  331   299.00        1.002651E+15   3.3652E-05   3.4624E-05   0.97194
FLUX  332   301.00        9.959884E+14   3.4283E-05   3.4706E-05   0.98782
FLUX  333   303.00        9.894142E+14   3.4396E-05   3.4788E-05   0.98874
FLUX  334   305.00        9.829262E+14   3.4316E-05   3.4868E-05   0.98417
FLUX  335   307.00        9.765228E+14   3.4297E-05   3.4948E-05   0.98137
FLUX  336   309.00        9.702023E+14   3.4658E-05   3.5027E-05   0.98948
FLUX  337   311.00        9.639630E+14   3.4459E-05   3.5105E-05   0.98161
FLUX  338   313.00        9.578035E+14   3.4483E-05   3.5182E-05   0.98014
FLUX  339   315.00        9.517222E+14   3.4778E-05   3.5258E-05   0.98638
FLUX  340   317.00        9.457177E+14   3.4824E-05   3.5335E-05   0.98555
FLUX  341   319.00        9.397884E+14   3.4343E-05   3.5410E-05   0.96986
FLUX  342   321.00        9.339330E+14   3.4909E-05   3.5485E-05   0.98377
FLUX  343   323.00        9.281502E+14   3.4837E-05   3.5558E-05   0.97971
FLUX  344   325.00        9.224385E+14   3.5070E-05   3.5631E-05   0.98427
FLUX  345   327.00        9.167966E+14   3.5325E-05   3.5702E-05   0.98945
FLUX  346   329.00        9.112234E+14   3.5491E-05   3.5772E-05   0.99217
FLUX  347   331.00        9.057175E+14   3.5684E-05   3.5840E-05   0.99565
FLUX  348   333.00        9.002778E+14   3.5559E-05   3.5908E-05   0.99028
FLUX  349   335.00        8.949030E+14   3.5410E-05   3.5974E-05   0.98432
FLUX  350   337.00        8.895920E+14   3.5574E-05   3.6039E-05   0.98709
FLUX  351   339.00        8.843437E+14   3.5572E-05   3.6104E-05   0.98526
FLUX  352   341.00        8.791569E+14   3.5920E-05   3.6167E-05   0.99316
FLUX  353   343.00        8.740306E+14   3.5962E-05   3.6229E-05   0.99264
FLUX  354   345.00        8.689638E+14   3.6110E-05   3.6290E-05   0.99505
FLUX  355   347.00        8.639553E+14   3.6072E-05   3.6349E-05   0.99236
FLUX  356   349.00        8.590043E+14   3.6150E-05   3.6408E-05   0.99292
FLUX  357   351.00        8.541097E+14   3.6353E-05   3.6465E-05   0.99694
FLUX  358   353.00        8.492705E+14   3.6485E-05   3.6521E-05   0.99903
FLUX  359   355.00        8.444859E+14   3.6558E-05   3.6575E-05   0.99953
FLUX  360   357.00        8.397549E+14   3.6558E-05   3.6629E-05   0.99808
FLUX  361   359.00        8.350766E+14   3.6611E-05   3.6681E-05   0.99810
FLUX  362   361.00        8.304501E+14   3.6671E-05   3.6733E-05   0.99833
FLUX  363   363.00        8.258747E+14   3.6701E-05   3.6782E-05   0.99781
FLUX  364   364.00        8.236058E+14   3.6750E-05   3.6807E-05   0.99845
FLUX  365   365.00        8.213493E+14   3.7472E-05   1.0195E-04   0.36756
FLUX  366   367.00        8.168733E+14   3.7568E-05   1.0143E-04   0.37038
FLUX  367   369.00        8.124458E+14   3.6615E-05   1.0105E-04   0.36234
FLUX  368   371.00        8.080660E+14   3.7433E-05   1.0054E-04   0.37232
FLUX  369   373.00        8.037332E+14   3.8540E-05   1.0003E-04   0.38529
FLUX  370   375.00        7.994467E+14   4.9060E-05   9.9522E-05   0.49296
FLUX  371   377.00        7.952056E+14   5.2478E-05   9.9020E-05   0.52997
FLUX  372   379.00        7.910092E+14   6.3222E-05   9.8521E-05   0.64171
FLUX  373   381.00        7.868570E+14   7.2575E-05   9.8025E-05   0.74037
FLUX  374   383.00        7.827480E+14   5.9379E-05   9.7533E-05   0.60882
FLUX  375   385.00        7.786818E+14   7.9307E-05   9.7044E-05   0.81723
FLUX  376   387.00        7.746576E+14   8.7784E-05   9.6557E-05   0.90914
FLUX  377   389.00        7.706748E+14   5.3753E-05   9.6074E-05   0.55949
FLUX  378   391.00        7.667327E+14   8.8062E-05   9.5593E-05   0.92122
FLUX  379   393.00        7.628308E+14   9.1284E-05   9.5115E-05   0.95972
FLUX  380   395.00        7.589684E+14   8.8275E-05   9.4640E-05   0.93274
FLUX  381   397.00        7.551448E+14   5.3097E-05   9.4168E-05   0.56386
FLUX  382   399.00        7.513596E+14   8.5894E-05   9.3699E-05   0.91670
FLUX  383   401.00        7.476122E+14   9.1492E-05   9.3233E-05   0.98133
FLUX  384   403.00        7.439020E+14   9.0757E-05   9.2770E-05   0.97830
FLUX  385   405.00        7.402284E+14   9.1359E-05   9.2311E-05   0.98969
FLUX  386   407.00        7.365909E+14   8.9432E-05   9.1855E-05   0.97363
FLUX  387   409.00        7.329890E+14   7.4447E-05   9.1402E-05   0.81450
FLUX  388   411.00        7.294221E+14   5.8875E-05   9.0952E-05   0.64732
FLUX  389   413.00        7.258898E+14   8.6501E-05   9.0508E-05   0.95573
FLUX  390   415.00        7.223916E+14   8.9045E-05   9.0065E-05   0.98867
FLUX  391   417.00        7.189269E+14   8.8972E-05   8.9626E-05   0.99270
FLUX  392   419.00        7.154952E+14   8.8830E-05   8.9189E-05   0.99598
FLUX  393   421.00        7.120962E+14   8.8539E-05   8.8755E-05   0.99757
FLUX  394   423.00        7.087293E+14   8.7966E-05   8.8324E-05   0.99596
FLUX  395   425.00        7.053941E+14   8.7467E-05   8.7895E-05   0.99512
FLUX  396   427.00        7.020902E+14   8.6795E-05   8.7471E-05   0.99228
FLUX  397   429.00        6.988170E+14   8.6239E-05   8.7049E-05   0.99070
FLUX  398   431.00        6.955742E+14   8.4059E-05   8.6630E-05   0.97032
FLUX  399   433.00        6.923614E+14   6.7517E-05   8.6214E-05   0.78313
FLUX  400   435.00        6.891782E+14   5.8570E-05   8.5802E-05   0.68262
FLUX  401   437.00        6.860240E+14   8.2499E-05   8.5391E-05   0.96613
FLUX  402   439.00        6.828986E+14   8.3450E-05   8.4983E-05   0.98195
FLUX  403   441.00        6.798016E+14   8.4049E-05   8.4579E-05   0.99374
FLUX  404   443.00        6.767325E+14   8.3735E-05   8.4177E-05   0.99476
FLUX  405   445.00        6.736910E+14   8.3609E-05   8.3778E-05   0.99799
FLUX  406   447.00        6.706767E+14   8.2584E-05   8.3381E-05   0.99044
FLUX  407   449.00        6.676893E+14   8.1876E-05   8.2987E-05   0.98661
FLUX  408   451.00        6.647284E+14   8.2224E-05   8.2595E-05   0.99551
FLUX  409   453.00        6.617936E+14   8.1817E-05   8.2206E-05   0.99527
FLUX  410   455.00        6.588846E+14   8.1027E-05   8.1819E-05   0.99032
FLUX  411   457.00        6.560011E+14   8.1261E-05   8.1434E-05   0.99787
FLUX  412   459.00        6.531427E+14   8.0545E-05   8.1052E-05   0.99374
FLUX  413   461.00        6.503091E+14   8.0642E-05   8.0673E-05   0.99962
FLUX  414   463.00        6.475000E+14   7.9828E-05   8.0296E-05   0.99417
FLUX  415   465.00        6.447151E+14   7.9883E-05   7.9922E-05   0.99952
FLUX  416   467.00        6.419540E+14   7.9432E-05   7.9550E-05   0.99852
FLUX  417   469.00        6.392164E+14   7.9028E-05   7.9181E-05   0.99807
FLUX  418   471.00        6.365021E+14   7.8138E-05   7.8814E-05   0.99142
FLUX  419   473.00        6.338108E+14   7.8348E-05   7.8450E-05   0.99870
FLUX  420   475.00        6.311421E+14   7.7955E-05   7.8089E-05   0.99829
FLUX  421   477.00        6.284958E+14   7.7590E-05   7.7730E-05   0.99820
FLUX  422   479.00        6.258716E+14   7.7064E-05   7.7373E-05   0.99601
FLUX  423   481.00        6.232692E+14   7.6312E-05   7.7019E-05   0.99083
FLUX  424   483.00        6.206884E+14   7.4510E-05   7.6667E-05   0.97188
FLUX  425   485.00        6.181289E+14   6.1865E-05   7.6317E-05   0.81064
FLUX  426   487.00        6.155903E+14   5.1477E-05   7.5969E-05   0.67760
FLUX  427   489.00        6.130726E+14   7.2520E-05   7.5624E-05   0.95896
FLUX  428   491.00        6.105754E+14   7.4429E-05   7.5281E-05   0.98868
FLUX  429   493.00        6.080984E+14   7.4154E-05   7.4940E-05   0.98950
FLUX  430   495.00        6.056414E+14   7.4384E-05   7.4602E-05   0.99708
FLUX  431   497.00        6.032042E+14   7.4211E-05   7.4266E-05   0.99925
FLUX  432   499.00        6.007866E+14   7.3832E-05   7.3933E-05   0.99864
FLUX  433   501.00        5.983882E+14   7.2976E-05   7.3602E-05   0.99150
FLUX  434   503.00        5.960089E+14   7.3049E-05   7.3272E-05   0.99695
FLUX  435   505.00        5.936485E+14   7.2301E-05   7.2946E-05   0.99117
FLUX  436   507.00        5.913067E+14   7.2487E-05   7.2621E-05   0.99816
FLUX  437   509.00        5.889833E+14   7.2169E-05   7.2298E-05   0.99821
FLUX  438   511.00        5.866781E+14   7.1787E-05   7.1978E-05   0.99736
FLUX  439   513.00        5.843908E+14   7.1565E-05   7.1659E-05   0.99868
FLUX  440   515.00        5.821214E+14   7.1134E-05   7.1342E-05   0.99707
FLUX  441   517.00        5.798694E+14   7.0532E-05   7.1028E-05   0.99302
FLUX  442   519.00        5.776349E+14   7.0413E-05   7.0715E-05   0.99572
FLUX  443   521.00        5.754175E+14   7.0176E-05   7.0404E-05   0.99676
FLUX  444   523.00        5.732170E+14   6.9747E-05   7.0095E-05   0.99503
FLUX  445   525.00        5.710333E+14   6.9636E-05   6.9789E-05   0.99782
FLUX  446   527.00        5.688662E+14   6.9078E-05   6.9484E-05   0.99415
FLUX  447   529.00        5.667155E+14   6.9087E-05   6.9181E-05   0.99864
FLUX  448   531.00        5.645810E+14   6.8577E-05   6.8881E-05   0.99559
FLUX  449   533.00        5.624625E+14   6.8440E-05   6.8582E-05   0.99792
FLUX  450   535.00        5.603598E+14   6.8210E-05   6.8285E-05   0.99889
FLUX  451   537.00        5.582728E+14   6.7902E-05   6.7991E-05   0.99869
FLUX  452   539.00        5.562013E+14   6.7610E-05   6.7698E-05   0.99870
FLUX  453   541.00        5.541451E+14   6.7261E-05   6.7407E-05   0.99783
FLUX  454   543.00        5.521041E+14   6.7002E-05   6.7118E-05   0.99828
FLUX  455   545.00        5.500780E+14   6.6762E-05   6.6831E-05   0.99897
FLUX  456   547.00        5.480667E+14   6.6449E-05   6.6546E-05   0.99854
FLUX  457   549.00        5.460701E+14   6.6181E-05   6.6262E-05   0.99877
FLUX  458   551.00        5.440880E+14   6.5888E-05   6.5981E-05   0.99860
FLUX  459   553.00        5.421203E+14   6.5638E-05   6.5701E-05   0.99904
FLUX  460   555.00        5.401667E+14   6.5376E-05   6.5423E-05   0.99928
FLUX  461   557.00        5.382271E+14   6.5099E-05   6.5147E-05   0.99926
FLUX  462   559.00        5.363014E+14   6.4829E-05   6.4872E-05   0.99933
FLUX  463   561.00        5.343895E+14   6.4586E-05   6.4600E-05   0.99978
FLUX  464   563.00        5.324911E+14   6.4314E-05   6.4329E-05   0.99977
FLUX  465   565.00        5.306062E+14   6.3993E-05   6.4060E-05   0.99896
FLUX  466   567.00        5.287346E+14   6.3739E-05   6.3792E-05   0.99917
FLUX  467   569.00        5.268761E+14   6.3507E-05   6.3526E-05   0.99970
FLUX  468   571.00        5.250306E+14   6.3252E-05   6.3262E-05   0.99984
FLUX  469   573.00        5.231981E+14   6.2990E-05   6.2999E-05   0.99985
FLUX  470   575.00        5.213783E+14   6.2723E-05   6.2738E-05   0.99976
FLUX  471   577.00        5.195711E+14   6.2470E-05   6.2479E-05   0.99985
FLUX  472   579.00        5.177763E+14   6.2185E-05   6.2221E-05   0.99943
FLUX  473   581.00        5.159940E+14   6.1944E-05   6.1965E-05   0.99966
FLUX  474   583.00        5.142238E+14   6.1693E-05   6.1710E-05   0.99972
FLUX  475   585.00        5.124658E+14   6.1445E-05   6.1457E-05   0.99980
FLUX  476   587.00        5.107198E+14   6.0935E-05   6.1206E-05   0.99558
FLUX  477   589.00        5.089856E+14   6.0874E-05   6.0956E-05   0.99866
FLUX  478   591.00        5.072631E+14   6.0690E-05   6.0708E-05   0.99970
FLUX  479   593.00        5.055523E+14   6.0456E-05   6.0461E-05   0.99992
FLUX  480   595.00        5.038529E+14   6.0135E-05   6.0215E-05   0.99866
FLUX  481   597.00        5.021650E+14   5.9940E-05   5.9971E-05   0.99947
FLUX  482   599.00        5.004883E+14   5.9646E-05   5.9729E-05   0.99861
FLUX  483   601.00        4.988228E+14   5.9474E-05   5.9488E-05   0.99977
FLUX  484   603.00        4.971683E+14   5.9242E-05   5.9248E-05   0.99989
FLUX  485   605.00        4.955248E+14   5.8995E-05   5.9011E-05   0.99973
FLUX  486   607.00        4.938921E+14   5.8760E-05   5.8774E-05   0.99975
FLUX  487   609.00        4.922701E+14   5.8529E-05   5.8540E-05   0.99981
FLUX  488   611.00        4.906588E+14   5.8299E-05   5.8307E-05   0.99987
FLUX  489   613.00        4.890579E+14   5.8063E-05   5.8075E-05   0.99979
FLUX  490   615.00        4.874675E+14   5.7670E-05   5.7844E-05   0.99698
FLUX  491   617.00        4.858874E+14   5.7598E-05   5.7616E-05   0.99970
FLUX  492   619.00        4.843174E+14   5.7381E-05   5.7388E-05   0.99988
FLUX  493   621.00        4.827576E+14   5.7156E-05   5.7162E-05   0.99990
FLUX  494   623.00        4.812079E+14   5.6917E-05   5.6937E-05   0.99964
FLUX  495   625.00        4.796680E+14   5.6600E-05   5.6714E-05   0.99800
FLUX  496   627.00        4.781380E+14   5.6485E-05   5.6491E-05   0.99989
FLUX  497   629.00        4.766176E+14   5.6262E-05   5.6271E-05   0.99985
FLUX  498   631.00        4.751070E+14   5.6021E-05   5.6051E-05   0.99946
FLUX  499   633.00        4.736058E+14   5.5822E-05   5.5833E-05   0.99981
FLUX  500   635.00        4.721142E+14   5.5290E-05   5.5616E-05   0.99414
FLUX  501   637.00        4.706319E+14   5.5190E-05   5.5401E-05   0.99619
FLUX  502   639.00        4.691588E+14   5.5167E-05   5.5186E-05   0.99965
FLUX  503   641.00        4.676950E+14   5.4941E-05   5.4973E-05   0.99942
FLUX  504   643.00        4.662403E+14   5.4744E-05   5.4761E-05   0.99968
FLUX  505   645.00        4.647946E+14   5.4440E-05   5.4551E-05   0.99797
FLUX  506   647.00        4.633578E+14   5.4279E-05   5.4341E-05   0.99886
FLUX  507   649.00        4.619299E+14   5.3920E-05   5.4133E-05   0.99606
FLUX  508   651.00        4.605108E+14   5.3528E-05   5.3926E-05   0.99262
FLUX  509   653.00        4.591003E+14   5.2621E-05   5.3720E-05   0.97953
FLUX  510   655.00        4.576985E+14   4.7347E-05   5.3515E-05   0.88474
FLUX  511   657.00        4.563052E+14   3.9236E-05   5.3312E-05   0.73597
FLUX  512   659.00        4.549203E+14   5.0996E-05   5.3110E-05   0.96020
FLUX  513   661.00        4.535439E+14   5.2353E-05   5.2908E-05   0.98950
FLUX  514   663.00        4.521757E+14   5.2466E-05   5.2708E-05   0.99539
FLUX  515   665.00        4.508158E+14   5.2391E-05   5.2510E-05   0.99775
FLUX  516   667.00        4.494640E+14   5.2247E-05   5.2312E-05   0.99877
FLUX  517   669.00        4.481203E+14   5.2063E-05   5.2115E-05   0.99901
FLUX  518   671.00        4.467846E+14   5.1913E-05   5.1920E-05   0.99987
FLUX  519   673.00        4.454569E+14   5.1703E-05   5.1725E-05   0.99958
FLUX  520   675.00        4.441370E+14   5.1522E-05   5.1532E-05   0.99980
FLUX  521   677.00        4.428250E+14   5.1335E-05   5.1340E-05   0.99990
FLUX  522   679.00        4.415206E+14   5.1142E-05   5.1149E-05   0.99986
FLUX  523   681.00        4.402239E+14   5.0951E-05   5.0959E-05   0.99985
FLUX  524   683.00        4.389348E+14   5.0754E-05   5.0770E-05   0.99968
FLUX  525   685.00        4.376533E+14   5.0569E-05   5.0582E-05   0.99974
FLUX  526   687.00        4.363792E+14   5.0385E-05   5.0395E-05   0.99980
FLUX  527   689.00        4.351125E+14   5.0202E-05   5.0209E-05   0.99986
FLUX  528   691.00        4.338531E+14   5.0014E-05   5.0024E-05   0.99979
FLUX  529   693.00        4.326010E+14   4.9819E-05   4.9841E-05   0.99957
FLUX  530   695.00        4.313561E+14   4.9648E-05   4.9658E-05   0.99981
FLUX  531   697.00        4.301184E+14   4.9470E-05   4.9476E-05   0.99987
FLUX  532   699.00        4.288877E+14   4.9293E-05   4.9296E-05   0.99993
FLUX  533   701.00        4.276641E+14   4.9088E-05   4.9116E-05   0.99943
FLUX  534   703.00        4.264474E+14   4.8932E-05   4.8938E-05   0.99989
FLUX  535   705.00        4.252376E+14   4.8726E-05   4.8760E-05   0.99931
FLUX  536   707.00        4.240347E+14   4.8543E-05   4.8584E-05   0.99916
FLUX  537   709.00        4.228385E+14   4.8405E-05   4.8408E-05   0.99993
FLUX  538   711.00        4.216491E+14   4.8196E-05   4.8233E-05   0.99922
FLUX  539   713.00        4.204663E+14   4.8046E-05   4.8060E-05   0.99972
FLUX  540   715.00        4.192902E+14   4.7873E-05   4.7887E-05   0.99971
FLUX  541   717.00        4.181206E+14   4.7711E-05   4.7715E-05   0.99990
FLUX  542   719.00        4.169576E+14   4.7540E-05   4.7545E-05   0.99990
FLUX  543   721.00        4.158010E+14   4.7371E-05   4.7375E-05   0.99993
FLUX  544   723.00        4.146508E+14   4.7191E-05   4.7206E-05   0.99969
FLUX  545   725.00        4.135069E+14   4.7023E-05   4.7038E-05   0.99967
FLUX  546   727.00        4.123693E+14   4.6867E-05   4.6871E-05   0.99991
FLUX  547   729.00        4.112380E+14   4.6690E-05   4.6705E-05   0.99969
FLUX  548   731.00        4.101129E+14   4.6530E-05   4.6540E-05   0.99978
FLUX  549   733.00        4.089939E+14   4.6370E-05   4.6375E-05   0.99989
FLUX  550   735.00        4.078810E+14   4.6211E-05   4.6212E-05   0.99998
FLUX  551   737.00        4.067741E+14   4.6048E-05   4.6049E-05   0.99998
FLUX  552   739.00        4.056732E+14   4.5886E-05   4.5887E-05   0.99997
FLUX  553   741.00        4.045783E+14   4.5721E-05   4.5726E-05   0.99989
FLUX  554   743.00        4.034892E+14   4.5531E-05   4.5566E-05   0.99925
FLUX  555   745.00        4.024060E+14   4.5386E-05   4.5406E-05   0.99956
FLUX  556   747.00        4.013286E+14   4.5205E-05   4.5248E-05   0.99905
FLUX  557   749.00        4.002570E+14   4.5070E-05   4.5090E-05   0.99956
FLUX  558   751.00        3.991911E+14   4.4913E-05   4.4933E-05   0.99955
FLUX  559   753.00        3.981308E+14   4.4773E-05   4.4777E-05   0.99991
FLUX  560   755.00        3.970762E+14   4.4619E-05   4.4622E-05   0.99993
FLUX  561   757.00        3.960271E+14   4.4464E-05   4.4468E-05   0.99993
FLUX  562   759.00        3.949835E+14   4.4310E-05   4.4314E-05   0.99991
FLUX  563   761.00        3.939455E+14   4.4161E-05   4.4161E-05   0.99999
FLUX  564   763.00        3.929128E+14   4.4006E-05   4.4009E-05   0.99992
FLUX  565   765.00        3.918856E+14   4.3851E-05   4.3858E-05   0.99983
FLUX  566   767.00        3.908638E+14   4.3702E-05   4.3708E-05   0.99987
FLUX  567   769.00        3.898472E+14   4.3553E-05   4.3558E-05   0.99989
FLUX  568   771.00        3.888359E+14   4.3399E-05   4.3410E-05   0.99975
FLUX  569   773.00        3.878299E+14   4.3258E-05   4.3262E-05   0.99991
FLUX  570   775.00        3.868290E+14   4.3110E-05   4.3114E-05   0.99990
FLUX  571   777.00        3.858333E+14   4.2471E-05   4.2968E-05   0.98843
FLUX  572   779.00        3.848427E+14   4.2817E-05   4.2822E-05   0.99989
FLUX  573   781.00        3.838572E+14   4.2676E-05   4.2677E-05   0.99998
FLUX  574   783.00        3.828768E+14   4.2529E-05   4.2533E-05   0.99992
FLUX  575   785.00        3.819013E+14   4.2364E-05   4.2389E-05   0.99940
FLUX  576   787.00        3.809307E+14   4.2150E-05   4.2247E-05   0.99772
FLUX  577   789.00        3.799651E+14   4.1949E-05   4.2105E-05   0.99630
FLUX  578   791.00        3.790044E+14   4.1953E-05   4.1963E-05   0.99976
FLUX  579   793.00        3.780485E+14   4.1822E-05   4.1823E-05   0.99997
FLUX  580   795.00        3.770975E+14   4.1623E-05   4.1683E-05   0.99855
FLUX  581   797.00        3.761512E+14   4.1543E-05   4.1544E-05   0.99997
FLUX  582   799.00        3.752096E+14   4.1248E-05   4.1406E-05   0.99619
FLUX  583   801.00        3.742728E+14   4.1265E-05   4.1268E-05   0.99994
FLUX  584   803.00        3.733406E+14   4.1130E-05   4.1131E-05   0.99997
FLUX  585   805.00        3.724130E+14   4.0993E-05   4.0995E-05   0.99997
FLUX  586   807.00        3.714901E+14   4.0855E-05   4.0859E-05   0.99991
FLUX  587   809.00        3.705717E+14   4.0720E-05   4.0724E-05   0.99991
FLUX  588   811.00        3.696578E+14   4.0584E-05   4.0590E-05   0.99986
FLUX  589   813.00        3.687485E+14   4.0455E-05   4.0456E-05   0.99997
FLUX  590   815.00        3.678436E+14   4.0321E-05   4.0323E-05   0.99994
FLUX  591   817.00        3.669431E+14   4.0190E-05   4.0191E-05   0.99998
FLUX  592   819.00        3.660470E+14   4.0030E-05   4.0060E-05   0.99926
FLUX  593   821.00        3.651553E+14   4.0091E-05   4.7256E-05   0.84837
FLUX  594   823.00        3.642679E+14   3.9945E-05   4.7084E-05   0.84838
FLUX  595   825.00        3.633848E+14   3.9921E-05   4.6913E-05   0.85096
FLUX  596   827.00        3.625060E+14   3.9849E-05   4.6742E-05   0.85252
FLUX  597   829.00        3.616315E+14   3.9713E-05   4.6573E-05   0.85271
FLUX  598   831.00        3.607611E+14   3.9629E-05   4.6404E-05   0.85399
FLUX  599   833.00        3.598950E+14   3.9489E-05   4.6236E-05   0.85407
FLUX  600   835.00        3.590329E+14   3.9386E-05   4.6070E-05   0.85493
FLUX  601   837.00        3.581750E+14   3.9242E-05   4.5904E-05   0.85487
FLUX  602   839.00        3.573212E+14   3.9081E-05   4.5739E-05   0.85445
FLUX  603   841.00        3.564715E+14   3.8856E-05   4.5575E-05   0.85257
FLUX  604   843.00        3.556257E+14   3.8669E-05   4.5412E-05   0.85152
FLUX  605   845.00        3.547840E+14   3.8331E-05   4.5249E-05   0.84711
FLUX  606   847.00        3.539463E+14   3.7852E-05   4.5088E-05   0.83950
FLUX  607   849.00        3.531125E+14   3.8469E-05   4.4927E-05   0.85625
FLUX  608   851.00        3.522826E+14   3.7068E-05   4.4767E-05   0.82801
FLUX  609   853.00        3.514566E+14   3.8666E-05   4.4608E-05   0.86678
FLUX  610   855.00        3.506345E+14   3.5569E-05   4.4450E-05   0.80020
FLUX  611   857.00        3.498162E+14   3.9231E-05   4.4293E-05   0.88573
FLUX  612   859.00        3.490017E+14   3.6613E-05   4.4136E-05   0.82953
FLUX  613   861.00        3.481911E+14   3.5908E-05   4.3981E-05   0.81644
FLUX  614   863.00        3.473841E+14   3.9957E-05   4.3826E-05   0.91172
FLUX  615   865.00        3.465809E+14   3.8371E-05   4.3672E-05   0.87861
FLUX  616   867.00        3.457814E+14   3.2599E-05   4.3519E-05   0.74908
FLUX  617   869.00        3.449856E+14   3.9576E-05   4.3366E-05   0.91261
FLUX  618   871.00        3.441935E+14   4.1023E-05   4.3215E-05   0.94929
FLUX  619   873.00        3.434049E+14   3.9507E-05   4.3064E-05   0.91741
FLUX  620   875.00        3.426200E+14   3.1589E-05   4.2914E-05   0.73610
FLUX  621   877.00        3.418387E+14   3.7772E-05   4.2764E-05   0.88325
FLUX  622   879.00        3.410609E+14   4.1167E-05   4.2616E-05   0.96600
FLUX  623   881.00        3.402866E+14   4.1539E-05   4.2468E-05   0.97811
FLUX  624   883.00        3.395159E+14   4.0732E-05   4.2321E-05   0.96245
FLUX  625   885.00        3.387486E+14   3.6406E-05   4.2175E-05   0.86321
FLUX  626   887.00        3.379848E+14   3.1184E-05   4.2030E-05   0.74195
FLUX  627   889.00        3.372244E+14   3.9107E-05   4.1885E-05   0.93366
FLUX  628   891.00        3.364675E+14   4.0841E-05   4.1741E-05   0.97842
FLUX  629   893.00        3.357139E+14   4.1054E-05   4.1598E-05   0.98692
FLUX  630   895.00        3.349637E+14   4.1019E-05   4.1456E-05   0.98945
FLUX  631   897.00        3.342168E+14   4.0554E-05   4.1314E-05   0.98158
FLUX  632   899.00        3.334733E+14   3.8882E-05   4.1174E-05   0.94434
FLUX  633   901.00        3.327331E+14   3.1361E-05   4.1034E-05   0.76428
FLUX  634   903.00        3.319961E+14   3.4163E-05   4.0894E-05   0.83539
FLUX  635   905.00        3.312624E+14   3.9179E-05   4.0756E-05   0.96131
FLUX  636   907.00        3.305320E+14   3.9916E-05   4.0618E-05   0.98271
FLUX  637   909.00        3.298047E+14   3.9961E-05   4.0480E-05   0.98717
FLUX  638   911.00        3.290807E+14   4.0081E-05   4.0344E-05   0.99347
FLUX  639   913.00        3.283598E+14   3.9977E-05   4.0208E-05   0.99425
FLUX  640   915.00        3.276421E+14   3.9840E-05   4.0073E-05   0.99419
FLUX  641   917.00        3.269275E+14   3.9520E-05   3.9938E-05   0.98952
FLUX  642   919.00        3.262160E+14   3.8808E-05   3.9804E-05   0.97497
FLUX  643   921.00        3.255076E+14   3.6307E-05   3.9671E-05   0.91521
FLUX  644   923.00        3.248023E+14   2.8773E-05   3.9539E-05   0.72773
FLUX  645   925.00        3.241000E+14   3.5159E-05   3.9407E-05   0.89221
FLUX  646   927.00        3.234008E+14   3.7727E-05   3.9276E-05   0.96057
FLUX  647   929.00        3.227045E+14   3.8717E-05   3.9145E-05   0.98905
FLUX  648   931.00        3.220113E+14   3.8808E-05   3.9016E-05   0.99468
FLUX  649   933.00        3.213210E+14   3.8744E-05   3.8886E-05   0.99634
FLUX  650   935.00        3.206337E+14   3.8672E-05   3.8758E-05   0.99778
FLUX  651   937.00        3.199493E+14   3.8609E-05   3.8630E-05   0.99945
FLUX  652   939.00        3.192678E+14   3.8435E-05   3.8503E-05   0.99825
FLUX  653   941.00        3.185893E+14   3.8141E-05   3.8376E-05   0.99387
FLUX  654   943.00        3.179136E+14   3.8147E-05   3.8250E-05   0.99730
FLUX  655   945.00        3.172407E+14   3.7997E-05   3.8125E-05   0.99666
FLUX  656   947.00        3.165707E+14   3.7786E-05   3.8000E-05   0.99437
FLUX  657   949.00        3.159036E+14   3.7465E-05   3.7876E-05   0.98914
FLUX  658   951.00        3.152392E+14   3.6704E-05   3.7752E-05   0.97222
FLUX  659   953.00        3.145776E+14   3.3754E-05   3.7629E-05   0.89700
FLUX  660   955.00        3.139188E+14   2.7649E-05   3.7507E-05   0.73716
FLUX  661   957.00        3.132628E+14   3.4269E-05   3.7385E-05   0.91663
FLUX  662   959.00        3.126095E+14   3.6400E-05   3.7264E-05   0.97681
FLUX  663   961.00        3.119589E+14   3.6786E-05   3.7144E-05   0.99036
FLUX  664   963.00        3.113110E+14   3.6662E-05   3.7024E-05   0.99021
FLUX  665   965.00        3.106658E+14   3.6801E-05   3.6905E-05   0.99718
FLUX  666   967.00        3.100233E+14   3.6702E-05   3.6786E-05   0.99771
FLUX  667   969.00        3.093834E+14   3.6648E-05   3.6668E-05   0.99947
FLUX  668   971.00        3.087461E+14   3.6547E-05   3.6550E-05   0.99992
FLUX  669   973.00        3.081115E+14   3.6430E-05   3.6433E-05   0.99990
FLUX  670   975.00        3.074795E+14   3.6310E-05   3.6317E-05   0.99980
FLUX  671   977.00        3.068501E+14   3.6200E-05   3.6201E-05   0.99997
FLUX  672   979.00        3.062232E+14   3.6082E-05   3.6086E-05   0.99991
FLUX  673   981.00        3.055989E+14   3.5963E-05   3.5971E-05   0.99978
FLUX  674   983.00        3.049771E+14   3.5835E-05   3.5856E-05   0.99940
FLUX  675   985.00        3.043579E+14   3.5729E-05   3.5743E-05   0.99961
FLUX  676   987.00        3.037411E+14   3.5613E-05   3.5629E-05   0.99955
FLUX  677   989.00        3.031269E+14   3.5462E-05   3.5517E-05   0.99846
FLUX  678   991.00        3.025151E+14   3.5387E-05   3.5405E-05   0.99951
FLUX  679   993.00        3.019058E+14   3.5246E-05   3.5293E-05   0.99866
FLUX  680   995.00        3.012990E+14   3.5073E-05   3.5182E-05   0.99691
FLUX  681   997.00        3.006946E+14   3.4897E-05   3.5071E-05   0.99503
FLUX  682   999.00        3.000926E+14   3.4623E-05   3.4961E-05   0.99033
FLUX  683  1002.50        2.990449E+14   3.1846E-05   3.4770E-05   0.91590
FLUX  684  1007.50        2.975608E+14   3.0605E-05   3.4499E-05   0.88712
FLUX  685  1012.50        2.960914E+14   3.3920E-05   3.4232E-05   0.99090
FLUX  686  1017.50        2.946364E+14   3.3917E-05   3.3967E-05   0.99853
FLUX  687  1022.50        2.931956E+14   3.3703E-05   3.3706E-05   0.99991
FLUX  688  1027.50        2.917689E+14   3.3444E-05   3.3448E-05   0.99988
FLUX  689  1032.50        2.903559E+14   3.3184E-05   3.3193E-05   0.99972
FLUX  690  1037.50        2.889566E+14   3.2935E-05   3.2941E-05   0.99983
FLUX  691  1042.50        2.875707E+14   3.2688E-05   3.2691E-05   0.99991
FLUX  692  1047.50        2.861981E+14   3.2431E-05   3.2445E-05   0.99957
FLUX  693  1052.50        2.848385E+14   3.2181E-05   3.2201E-05   0.99937
FLUX  694  1057.50        2.834917E+14   3.1950E-05   3.1960E-05   0.99968
FLUX  695  1062.50        2.821576E+14   3.1717E-05   3.1722E-05   0.99985
FLUX  696  1067.50        2.808361E+14   3.1374E-05   3.1486E-05   0.99642
FLUX  697  1072.50        2.795268E+14   3.1219E-05   3.1253E-05   0.99891
FLUX  698  1077.50        2.782297E+14   3.1008E-05   3.1023E-05   0.99952
FLUX  699  1082.50        2.769446E+14   3.0676E-05   3.0795E-05   0.99612
FLUX  700  1087.50        2.756713E+14   3.0202E-05   3.0570E-05   0.98797
FLUX  701  1092.50        2.744096E+14   2.6144E-05   3.0347E-05   0.86148
FLUX  702  1097.50        2.731595E+14   2.8426E-05   3.0127E-05   0.94353
FLUX  703  1102.50        2.719206E+14   2.9720E-05   2.9909E-05   0.99367
FLUX  704  1107.50        2.706930E+14   2.9660E-05   2.9694E-05   0.99884
FLUX  705  1112.50        2.694764E+14   2.9477E-05   2.9481E-05   0.99989
FLUX  706  1117.50        2.682707E+14   2.9267E-05   2.9270E-05   0.99991
FLUX  707  1122.50        2.670757E+14   2.9060E-05   2.9061E-05   0.99997
FLUX  708  1127.50        2.658914E+14   2.8751E-05   2.8855E-05   0.99640
FLUX  709  1132.50        2.647174E+14   2.8581E-05   2.8651E-05   0.99759
FLUX  710  1137.50        2.635538E+14   2.8444E-05   2.8449E-05   0.99983
FLUX  711  1142.50        2.624004E+14   2.8242E-05   2.8249E-05   0.99977
FLUX  712  1147.50        2.612571E+14   2.8050E-05   2.8051E-05   0.99995
FLUX  713  1152.50        2.601236E+14   2.7855E-05   2.7855E-05   0.99999
FLUX  714  1157.50        2.590000E+14   2.7661E-05   2.7662E-05   0.99998
FLUX  715  1162.50        2.578860E+14   2.7450E-05   2.7470E-05   0.99925
FLUX  716  1167.50        2.567816E+14   2.7250E-05   2.7281E-05   0.99886
FLUX  717  1172.50        2.556866E+14   2.7091E-05   2.7093E-05   0.99993
FLUX  718  1177.50        2.546008E+14   2.6842E-05   2.6907E-05   0.99759
FLUX  719  1182.50        2.535243E+14   2.6709E-05   2.6724E-05   0.99946
FLUX  720  1187.50        2.524568E+14   2.6523E-05   2.6542E-05   0.99929
FLUX  721  1192.50        2.513983E+14   2.6362E-05   2.6362E-05   0.99999
FLUX  722  1197.50        2.503486E+14   2.6173E-05   2.6184E-05   0.99959
FLUX  723  1202.50        2.493077E+14   2.6005E-05   2.6007E-05   0.99989
FLUX  724  1207.50        2.482754E+14   2.5828E-05   2.5833E-05   0.99982
FLUX  725  1212.50        2.472515E+14   2.5656E-05   2.5660E-05   0.99984
FLUX  726  1217.50        2.462361E+14   2.5487E-05   2.5489E-05   0.99993
FLUX  727  1222.50        2.452290E+14   2.5318E-05   2.5320E-05   0.99992
FLUX  728  1227.50        2.442301E+14   2.5146E-05   2.5152E-05   0.99976
FLUX  729  1232.50        2.432394E+14   2.4982E-05   2.4987E-05   0.99982
FLUX  730  1237.50        2.422566E+14   2.4819E-05   2.4822E-05   0.99986
FLUX  731  1242.50        2.412817E+14   2.4659E-05   2.4660E-05   0.99999
FLUX  732  1247.50        2.403146E+14   2.4479E-05   2.4499E-05   0.99919
FLUX  733  1252.50        2.393553E+14   2.4337E-05   2.4339E-05   0.99993
FLUX  734  1257.50        2.384036E+14   2.4166E-05   2.4181E-05   0.99937
FLUX  735  1262.50        2.374594E+14   2.4017E-05   2.4025E-05   0.99969
FLUX  736  1267.50        2.365227E+14   2.3848E-05   2.3870E-05   0.99910
FLUX  737  1272.50        2.355933E+14   2.3600E-05   2.3717E-05   0.99509
FLUX  738  1277.50        2.346712E+14   2.2904E-05   2.3565E-05   0.97195
FLUX  739  1282.50        2.337563E+14   2.0172E-05   2.3414E-05   0.86153
FLUX  740  1287.50        2.328485E+14   2.2794E-05   2.3266E-05   0.97972
FLUX  741  1292.50        2.319478E+14   2.3025E-05   2.3118E-05   0.99598
FLUX  742  1297.50        2.310539E+14   2.2962E-05   2.2972E-05   0.99957
FLUX  743  1302.50        2.301670E+14   2.2827E-05   2.2827E-05   0.99998
FLUX  744  1307.50        2.292868E+14   2.2683E-05   2.2684E-05   0.99998
FLUX  745  1312.50        2.284133E+14   2.2541E-05   2.2542E-05   0.99998
FLUX  746  1317.50        2.275465E+14   2.2385E-05   2.2401E-05   0.99928
FLUX  747  1322.50        2.266862E+14   2.2262E-05   2.2262E-05   0.99999
FLUX  748  1327.50        2.258324E+14   2.2124E-05   2.2124E-05   0.99999
FLUX  749  1332.50        2.249850E+14   2.1987E-05   2.1987E-05   0.99999
FLUX  750  1337.50        2.241439E+14   2.1851E-05   2.1852E-05   0.99999
FLUX  751  1342.50        2.233091E+14   2.1716E-05   2.1717E-05   0.99994
FLUX  752  1347.50        2.224805E+14   2.1582E-05   2.1584E-05   0.99990
FLUX  753  1352.50        2.216580E+14   2.1447E-05   2.1453E-05   0.99975
FLUX  754  1357.50        2.208416E+14   2.1319E-05   2.1322E-05   0.99987
FLUX  755  1362.50        2.200312E+14   2.1190E-05   2.1193E-05   0.99987
FLUX  756  1367.50        2.192267E+14   2.1059E-05   2.1065E-05   0.99974
FLUX  757  1372.50        2.184281E+14   2.0931E-05   2.0938E-05   0.99969
FLUX  758  1377.50        2.176352E+14   2.0811E-05   2.0812E-05   0.99995
FLUX  759  1382.50        2.168481E+14   2.0686E-05   2.0687E-05   0.99996
FLUX  760  1387.50        2.160667E+14   2.0563E-05   2.0564E-05   0.99999
FLUX  761  1392.50        2.152908E+14   2.0439E-05   2.0441E-05   0.99992
FLUX  762  1397.50        2.145206E+14   2.0319E-05   2.0320E-05   0.99998
FLUX  763  1402.50        2.137558E+14   2.0199E-05   2.0200E-05   0.99999
FLUX  764  1407.50        2.129964E+14   2.0080E-05   2.0080E-05   0.99999
FLUX  765  1412.50        2.122425E+14   1.9962E-05   1.9962E-05   0.99998
FLUX  766  1417.50        2.114938E+14   1.9845E-05   1.9845E-05   0.99999
FLUX  767  1422.50        2.107504E+14   1.9729E-05   1.9729E-05   0.99999
FLUX  768  1427.50        2.100123E+14   1.9614E-05   1.9614E-05   0.99999
FLUX  769  1432.50        2.092792E+14   1.9500E-05   1.9500E-05   0.99998
FLUX  770  1437.50        2.085513E+14   1.9387E-05   1.9387E-05   0.99999
FLUX  771  1442.50        2.078284E+14   1.9256E-05   1.9275E-05   0.99902
FLUX  772  1447.50        2.071105E+14   1.9164E-05   1.9164E-05   0.99998
FLUX  773  1452.50        2.063976E+14   1.9047E-05   1.9054E-05   0.99962
FLUX  774  1457.00        2.057601E+14   1.8955E-05   1.8956E-05   0.99998
FLUX  775  1462.00        2.050564E+14   1.8889E-05   1.9746E-05   0.95656
FLUX  776  1467.50        2.042879E+14   1.8778E-05   1.9619E-05   0.95713
FLUX  777  1472.50        2.035942E+14   1.8676E-05   1.9505E-05   0.95749
FLUX  778  1477.50        2.029052E+14   1.8568E-05   1.9391E-05   0.95756
FLUX  779  1482.50        2.022209E+14   1.8474E-05   1.9279E-05   0.95825
FLUX  780  1487.50        2.015412E+14   1.8370E-05   1.9168E-05   0.95838
FLUX  781  1492.50        2.008660E+14   1.8277E-05   1.9057E-05   0.95905
FLUX  782  1497.50        2.001953E+14   1.8174E-05   1.8948E-05   0.95918
FLUX  783  1502.50        1.995291E+14   1.8075E-05   1.8839E-05   0.95945
FLUX  784  1507.50        1.988673E+14   1.7971E-05   1.8731E-05   0.95943
FLUX  785  1512.50        1.982099E+14   1.7870E-05   1.8625E-05   0.95950
FLUX  786  1517.50        1.975568E+14   1.7768E-05   1.8519E-05   0.95945
FLUX  787  1522.50        1.969080E+14   1.7671E-05   1.8414E-05   0.95965
FLUX  788  1527.50        1.962635E+14   1.7544E-05   1.8310E-05   0.95817
FLUX  789  1532.50        1.956232E+14   1.7428E-05   1.8207E-05   0.95723
FLUX  790  1537.50        1.949870E+14   1.7371E-05   1.8104E-05   0.95948
FLUX  791  1542.50        1.943549E+14   1.7160E-05   1.8003E-05   0.95316
FLUX  792  1547.50        1.937270E+14   1.7176E-05   1.7902E-05   0.95941
FLUX  793  1552.50        1.931031E+14   1.7068E-05   1.7803E-05   0.95873
FLUX  794  1557.50        1.924831E+14   1.6725E-05   1.7704E-05   0.94470
FLUX  795  1562.50        1.918672E+14   1.7061E-05   1.7606E-05   0.96907
FLUX  796  1567.50        1.912552E+14   1.6646E-05   1.7508E-05   0.95075
FLUX  797  1572.50        1.906471E+14   1.6336E-05   1.7412E-05   0.93821
FLUX  798  1577.50        1.900428E+14   1.6868E-05   1.7316E-05   0.97409
FLUX  799  1582.50        1.894423E+14   1.6735E-05   1.7221E-05   0.97178
FLUX  800  1587.50        1.888457E+14   1.5625E-05   1.7127E-05   0.91230
FLUX  801  1592.50        1.882527E+14   1.6339E-05   1.7034E-05   0.95919
FLUX  802  1597.50        1.876635E+14   1.6643E-05   1.6941E-05   0.98238
FLUX  803  1605.00        1.867866E+14   1.6272E-05   1.6804E-05   0.96832
FLUX  804  1615.00        1.856300E+14   1.5570E-05   1.6623E-05   0.93661
FLUX  805  1625.00        1.844877E+14   1.6317E-05   1.6446E-05   0.99218
FLUX  806  1635.00        1.833593E+14   1.5737E-05   1.6271E-05   0.96721
FLUX  807  1645.00        1.822447E+14   1.5025E-05   1.6099E-05   0.93333
FLUX  808  1655.00        1.811435E+14   1.5863E-05   1.5929E-05   0.99587
FLUX  809  1665.00        1.800556E+14   1.5713E-05   1.5762E-05   0.99688
FLUX  810  1675.00        1.789806E+14   1.5073E-05   1.5598E-05   0.96632
FLUX  811  1685.00        1.779184E+14   1.4381E-05   1.5437E-05   0.93162
FLUX  812  1695.00        1.768687E+14   1.5223E-05   1.5278E-05   0.99644
FLUX  813  1705.00        1.758314E+14   1.5117E-05   1.5121E-05   0.99974
FLUX  814  1715.00        1.748061E+14   1.4961E-05   1.4967E-05   0.99956
FLUX  815  1725.00        1.737928E+14   1.4723E-05   1.4815E-05   0.99376
FLUX  816  1735.00        1.727911E+14   1.3411E-05   1.4666E-05   0.91447
FLUX  817  1745.00        1.718009E+14   1.4291E-05   1.4519E-05   0.98431
FLUX  818  1755.00        1.708219E+14   1.4356E-05   1.4374E-05   0.99879
FLUX  819  1765.00        1.698541E+14   1.4227E-05   1.4231E-05   0.99970
FLUX  820  1775.00        1.688972E+14   1.4087E-05   1.4090E-05   0.99977
FLUX  821  1785.00        1.679510E+14   1.3949E-05   1.3952E-05   0.99980
FLUX  822  1795.00        1.670153E+14   1.3814E-05   1.3815E-05   0.99991
FLUX  823  1805.00        1.660900E+14   1.3602E-05   1.3680E-05   0.99425
FLUX  824  1815.00        1.651749E+14   1.2499E-05   1.3548E-05   0.92262
FLUX  825  1825.00        1.642699E+14   1.3094E-05   1.3417E-05   0.97591
FLUX  826  1835.00        1.633747E+14   1.3265E-05   1.3288E-05   0.99823
FLUX  827  1845.00        1.624892E+14   1.3160E-05   1.3161E-05   0.99991
FLUX  828  1855.00        1.616132E+14   1.3025E-05   1.3036E-05   0.99915
FLUX  829  1865.00        1.607466E+14   1.2822E-05   1.2913E-05   0.99298
FLUX  830  1875.00        1.598893E+14   1.1781E-05   1.2791E-05   0.92099
FLUX  831  1885.00        1.590411E+14   1.2555E-05   1.2672E-05   0.99083
FLUX  832  1895.00        1.582018E+14   1.2544E-05   1.2553E-05   0.99925
FLUX  833  1905.00        1.573714E+14   1.2437E-05   1.2437E-05   0.99997
FLUX  834  1915.00        1.565496E+14   1.2322E-05   1.2322E-05   0.99997
FLUX  835  1925.00        1.557364E+14   1.2198E-05   1.2209E-05   0.99911
FLUX  836  1935.00        1.549315E+14   1.1981E-05   1.2097E-05   0.99038
FLUX  837  1945.00        1.541350E+14   1.0984E-05   1.1987E-05   0.91634
FLUX  838  1955.00        1.533465E+14   1.1761E-05   1.1878E-05   0.99016
FLUX  839  1965.00        1.525662E+14   1.1763E-05   1.1771E-05   0.99934
FLUX  840  1975.00        1.517937E+14   1.1665E-05   1.1665E-05   0.99993
FLUX  841  1985.00        1.510290E+14   1.1561E-05   1.1561E-05   0.99999
FLUX  842  1995.00        1.502719E+14   1.1458E-05   1.1458E-05   0.99999
FLUX  843  2005.00        1.495224E+14   1.1357E-05   1.1357E-05   1.00000
FLUX  844  2015.00        1.487804E+14   1.1256E-05   1.1257E-05   0.99999
FLUX  845  2025.00        1.480457E+14   1.1158E-05   1.1158E-05   0.99999
FLUX  846  2035.00        1.473182E+14   1.1060E-05   1.1060E-05   0.99999
FLUX  847  2045.00        1.465978E+14   1.0964E-05   1.0964E-05   1.00000
FLUX  848  2055.00        1.458844E+14   1.0869E-05   1.0869E-05   0.99999
FLUX  849  2065.00        1.451780E+14   1.0775E-05   1.0775E-05   0.99998
FLUX  850  2075.00        1.444783E+14   1.0682E-05   1.0682E-05   0.99999
FLUX  851  2085.00        1.437854E+14   1.0591E-05   1.0591E-05   0.99999
FLUX  852  2095.00        1.430990E+14   1.0501E-05   1.0501E-05   0.99999
FLUX  853  2105.00        1.424192E+14   1.0412E-05   1.0412E-05   0.99998
FLUX  854  2115.00        1.417459E+14   1.0322E-05   1.0324E-05   0.99986
FLUX  855  2125.00        1.410788E+14   1.0236E-05   1.0237E-05   0.99985
FLUX  856  2135.00        1.404180E+14   1.0150E-05   1.0151E-05   0.99981
FLUX  857  2145.00        1.397634E+14   1.0058E-05   1.0067E-05   0.99908
FLUX  858  2155.00        1.391148E+14   9.9015E-06   9.9832E-06   0.99181
FLUX  859  2165.00        1.384723E+14   9.1291E-06   9.9007E-06   0.92207
FLUX  860  2175.00        1.378356E+14   9.6808E-06   9.8192E-06   0.98591
FLUX  861  2185.00        1.372048E+14   9.7256E-06   9.7387E-06   0.99866
FLUX  862  2195.00        1.365797E+14   9.6590E-06   9.6592E-06   0.99998
FLUX  863  2205.00        1.359603E+14   9.5805E-06   9.5807E-06   0.99998
FLUX  864  2215.00        1.353465E+14   9.5024E-06   9.5031E-06   0.99993
FLUX  865  2225.00        1.347382E+14   9.4264E-06   9.4265E-06   1.00000
FLUX  866  2235.00        1.341353E+14   9.3508E-06   9.3508E-06   1.00000
FLUX  867  2245.00        1.335379E+14   9.2760E-06   9.2760E-06   1.00000
FLUX  868  2255.00        1.329457E+14   9.2020E-06   9.2022E-06   0.99999
FLUX  869  2265.00        1.323587E+14   9.1292E-06   9.1292E-06   1.00000
FLUX  870  2275.00        1.317769E+14   9.0570E-06   9.0571E-06   0.99999
FLUX  871  2285.00        1.312002E+14   8.9940E-06   9.1359E-06   0.98447
FLUX  872  2295.00        1.306285E+14   8.9245E-06   9.0636E-06   0.98465
FLUX  873  2305.00        1.300618E+14   8.8561E-06   8.9921E-06   0.98487
FLUX  874  2315.00        1.295000E+14   8.7882E-06   8.9215E-06   0.98506
FLUX  875  2325.00        1.289430E+14   8.7212E-06   8.8518E-06   0.98525
FLUX  876  2335.00        1.283908E+14   8.6549E-06   8.7828E-06   0.98543
FLUX  877  2345.00        1.278433E+14   8.5893E-06   8.7147E-06   0.98561
FLUX  878  2355.00        1.273004E+14   8.5244E-06   8.6474E-06   0.98578
FLUX  879  2365.00        1.267622E+14   8.4601E-06   8.5808E-06   0.98594
FLUX  880  2375.00        1.262284E+14   8.3965E-06   8.5150E-06   0.98608
FLUX  881  2385.00        1.256992E+14   8.3334E-06   8.4500E-06   0.98620
FLUX  882  2395.00        1.251743E+14   8.2705E-06   8.3857E-06   0.98626
FLUX  883  2405.00        1.246538E+14   8.2069E-06   8.3221E-06   0.98616
FLUX  884  2415.00        1.241377E+14   8.1442E-06   8.2593E-06   0.98607
FLUX  885  2425.00        1.236258E+14   8.0855E-06   8.1972E-06   0.98637
FLUX  886  2435.00        1.231181E+14   8.0228E-06   8.1357E-06   0.98612
FLUX  887  2445.00        1.226145E+14   7.9584E-06   8.0750E-06   0.98556
FLUX  888  2455.00        1.221151E+14   7.9060E-06   8.0150E-06   0.98641
FLUX  889  2465.00        1.216197E+14   7.8370E-06   7.9556E-06   0.98509
FLUX  890  2475.00        1.211283E+14   7.7807E-06   7.8969E-06   0.98528
FLUX  891  2485.00        1.206408E+14   7.7428E-06   7.8388E-06   0.98775
FLUX  892  2495.00        1.201573E+14   7.6272E-06   7.7814E-06   0.98018
FLUX  893  2505.00        1.196776E+14   7.6340E-06   7.7247E-06   0.98826
FLUX  894  2515.00        1.192018E+14   7.5817E-06   7.6685E-06   0.98869
FLUX  895  2525.00        1.187297E+14   7.4238E-06   7.6129E-06   0.97515
FLUX  896  2535.00        1.182613E+14   7.4635E-06   7.5580E-06   0.98749
FLUX  897  2545.00        1.177967E+14   7.4406E-06   7.5036E-06   0.99160
FLUX  898  2555.00        1.173356E+14   7.3533E-06   7.4499E-06   0.98704
FLUX  899  2565.00        1.168782E+14   7.1490E-06   7.3967E-06   0.96652
FLUX  900  2575.00        1.164243E+14   7.2632E-06   7.3440E-06   0.98900
FLUX  901  2585.00        1.159739E+14   7.2429E-06   7.2920E-06   0.99327
FLUX  902  2595.00        1.155270E+14   7.1870E-06   7.2404E-06   0.99262
FLUX  903  2605.00        1.150835E+14   7.0489E-06   7.1895E-06   0.98045
FLUX  904  2615.00        1.146434E+14   6.7981E-06   7.1391E-06   0.95224
FLUX  905  2625.00        1.142067E+14   6.5173E-06   7.0892E-06   0.91933
FLUX  906  2635.00        1.137732E+14   6.8995E-06   7.0398E-06   0.98007
FLUX  907  2645.00        1.133431E+14   6.9470E-06   6.9909E-06   0.99372
FLUX  908  2655.00        1.129162E+14   6.9069E-06   6.9426E-06   0.99486
FLUX  909  2665.00        1.124925E+14   6.8034E-06   6.8947E-06   0.98676
FLUX  910  2675.00        1.120720E+14   6.4501E-06   6.8474E-06   0.94199
FLUX  911  2685.00        1.116546E+14   6.7085E-06   6.8005E-06   0.98647
FLUX  912  2695.00        1.112403E+14   6.7318E-06   6.7541E-06   0.99669
FLUX  913  2705.00        1.108290E+14   6.7068E-06   6.7082E-06   0.99978
FLUX  914  2715.00        1.104208E+14   6.6626E-06   6.6628E-06   0.99998
FLUX  915  2725.00        1.100156E+14   6.6176E-06   6.6178E-06   0.99997
FLUX  916  2735.00        1.096133E+14   6.5635E-06   6.5733E-06   0.99851
FLUX  917  2745.00        1.092140E+14   6.4783E-06   6.5292E-06   0.99221
FLUX  918  2755.00        1.088176E+14   6.1165E-06   6.4856E-06   0.94309
FLUX  919  2765.00        1.084241E+14   6.2546E-06   6.4424E-06   0.97086
FLUX  920  2775.00        1.080333E+14   6.3719E-06   6.3996E-06   0.99567
FLUX  921  2785.00        1.076454E+14   6.3567E-06   6.3573E-06   0.99990
FLUX  922  2795.00        1.072603E+14   6.3153E-06   6.3154E-06   0.99999
FLUX  923  2805.00        1.068779E+14   6.2738E-06   6.2739E-06   0.99999
FLUX  924  2815.00        1.064982E+14   6.2327E-06   6.2328E-06   0.99999
FLUX  925  2825.00        1.061212E+14   6.1920E-06   6.1921E-06   0.99998
FLUX  926  2835.00        1.057469E+14   6.1517E-06   6.1518E-06   0.99998
FLUX  927  2845.00        1.053752E+14   6.1113E-06   6.1119E-06   0.99989
FLUX  928  2855.00        1.050061E+14   6.0495E-06   6.0724E-06   0.99623
FLUX  929  2865.00        1.046396E+14   5.8965E-06   6.0333E-06   0.97732
FLUX  930  2875.00        1.042757E+14   5.6016E-06   5.9946E-06   0.93446
FLUX  931  2885.00        1.039142E+14   5.8971E-06   5.9562E-06   0.99008
FLUX  932  2895.00        1.035553E+14   5.9077E-06   5.9182E-06   0.99822
FLUX  933  2905.00        1.031988E+14   5.8804E-06   5.8806E-06   0.99998
FLUX  934  2915.00        1.028448E+14   5.8428E-06   5.8433E-06   0.99991
FLUX  935  2925.00        1.024932E+14   5.8063E-06   5.8064E-06   0.99999
FLUX  936  2935.00        1.021440E+14   5.7697E-06   5.7698E-06   0.99998
FLUX  937  2945.00        1.017971E+14   5.7335E-06   5.7335E-06   0.99999
FLUX  938  2955.00        1.014526E+14   5.6976E-06   5.6976E-06   1.00000
FLUX  939  2965.00        1.011105E+14   5.6621E-06   5.6621E-06   0.99999
FLUX  940  2975.00        1.007706E+14   5.6268E-06   5.6269E-06   0.99999
FLUX  941  2985.00        1.004330E+14   5.5919E-06   5.5920E-06   0.99999
FLUX  942  2995.00        1.000977E+14   5.5573E-06   5.5574E-06   0.99999
FLUX  943  3005.00        9.976456E+13   5.5230E-06   5.5232E-06   0.99997
FLUX  944  3015.00        9.943367E+13   5.4828E-06   5.4892E-06   0.99883
FLUX  945  3025.00        9.910496E+13   5.4176E-06   5.4556E-06   0.99303
FLUX  946  3035.00        9.877842E+13   5.1287E-06   5.4223E-06   0.94586
FLUX  947  3045.00        9.845402E+13   5.1895E-06   5.3893E-06   0.96293
FLUX  948  3055.00        9.813175E+13   5.3279E-06   5.3566E-06   0.99465
FLUX  949  3065.00        9.781158E+13   5.3209E-06   5.3242E-06   0.99938
FLUX  950  3075.00        9.749350E+13   5.2919E-06   5.2921E-06   0.99998
FLUX  951  3085.00        9.717747E+13   5.2591E-06   5.2602E-06   0.99979
FLUX  952  3095.00        9.686349E+13   5.2286E-06   5.2287E-06   0.99999
FLUX  953  3105.00        9.655153E+13   5.1974E-06   5.1975E-06   0.99999
FLUX  954  3115.00        9.624157E+13   5.1664E-06   5.1665E-06   0.99999
FLUX  955  3125.00        9.593360E+13   5.1357E-06   5.1358E-06   0.99997
FLUX  956  3135.00        9.562759E+13   5.1053E-06   5.1054E-06   0.99999
FLUX  957  3145.00        9.532353E+13   5.0751E-06   5.0752E-06   0.99997
FLUX  958  3155.00        9.502139E+13   5.0453E-06   5.0453E-06   0.99999
FLUX  959  3165.00        9.472117E+13   5.0157E-06   5.0157E-06   0.99999
FLUX  960  3175.00        9.442283E+13   4.9863E-06   4.9864E-06   0.99998
FLUX  961  3185.00        9.412637E+13   4.9572E-06   4.9573E-06   1.00000
FLUX  962  3195.00        9.383177E+13   4.9284E-06   4.9284E-06   0.99999
FLUX  963  3210.00        9.339330E+13   4.8856E-06   4.8856E-06   0.99999
FLUX  964  3230.00        9.281502E+13   4.8294E-06   4.8294E-06   1.00000
FLUX  965  3250.00        9.224385E+13   4.7741E-06   4.7742E-06   0.99999
FLUX  966  3270.00        9.167966E+13   4.7124E-06   4.7199E-06   0.99842
FLUX  967  3290.00        9.112234E+13   4.4654E-06   4.6991E-06   0.95028
FLUX  968  3310.00        9.057175E+13   4.5472E-06   4.6460E-06   0.97872
FLUX  969  3330.00        9.002778E+13   4.5511E-06   4.5939E-06   0.99068
FLUX  970  3350.00        8.949030E+13   4.5042E-06   4.5426E-06   0.99154
FLUX  971  3370.00        8.895920E+13   4.4553E-06   4.4922E-06   0.99178
FLUX  972  3390.00        8.843437E+13   4.4072E-06   4.4426E-06   0.99202
FLUX  973  3410.00        8.791569E+13   4.3596E-06   4.3939E-06   0.99219
FLUX  974  3430.00        8.740306E+13   4.3126E-06   4.3459E-06   0.99234
FLUX  975  3450.00        8.689638E+13   4.2665E-06   4.2988E-06   0.99250
FLUX  976  3470.00        8.639553E+13   4.2210E-06   4.2524E-06   0.99262
FLUX  977  3490.00        8.590043E+13   4.1761E-06   4.2067E-06   0.99273
FLUX  978  3510.00        8.541097E+13   4.1320E-06   4.1618E-06   0.99286
FLUX  979  3530.00        8.492705E+13   4.0885E-06   4.1176E-06   0.99294
FLUX  980  3550.00        8.444859E+13   4.0455E-06   4.0741E-06   0.99298
FLUX  981  3570.00        8.397549E+13   4.0028E-06   4.0313E-06   0.99293
FLUX  982  3590.00        8.350766E+13   3.9624E-06   3.9891E-06   0.99331
FLUX  983  3610.00        8.304501E+13   3.9194E-06   3.9476E-06   0.99284
FLUX  984  3630.00        8.258747E+13   3.8815E-06   3.9068E-06   0.99352
FLUX  985  3650.00        8.213493E+13   3.8375E-06   3.8666E-06   0.99247
FLUX  986  3670.00        8.168733E+13   3.8040E-06   3.8270E-06   0.99399
FLUX  987  3690.00        8.124458E+13   3.7548E-06   3.7880E-06   0.99123
FLUX  988  3710.00        8.080660E+13   3.7227E-06   3.7496E-06   0.99282
FLUX  989  3730.00        8.037332E+13   3.6123E-06   3.7118E-06   0.97320
FLUX  990  3750.00        7.994467E+13   3.5394E-06   3.6745E-06   0.96322
FLUX  991  3770.00        7.952056E+13   3.6140E-06   3.6379E-06   0.99344
FLUX  992  3790.00        7.910092E+13   3.5848E-06   3.6017E-06   0.99529
FLUX  993  3810.00        7.868570E+13   3.5306E-06   3.5661E-06   0.99004
FLUX  994  3830.00        7.827480E+13   3.4992E-06   3.5310E-06   0.99097
FLUX  995  3850.00        7.786818E+13   3.4836E-06   3.4965E-06   0.99632
FLUX  996  3870.00        7.746576E+13   3.4509E-06   3.4624E-06   0.99668
FLUX  997  3890.00        7.706748E+13   3.4085E-06   3.4289E-06   0.99406
FLUX  998  3910.00        7.667327E+13   3.3368E-06   3.3958E-06   0.98263
FLUX  999  3930.00        7.628308E+13   3.3493E-06   3.3632E-06   0.99587
FLUX 1000  3950.00        7.589684E+13   3.3227E-06   3.3311E-06   0.99749
FLUX 1001  3970.00        7.551448E+13   3.2921E-06   3.2994E-06   0.99776
FLUX 1002  3990.00        7.513596E+13   3.2587E-06   3.2682E-06   0.99708
FLUX 1003  4010.00        7.476122E+13   3.1921E-06   3.2374E-06   0.98599
FLUX 1004  4030.00        7.439020E+13   3.1465E-06   3.2071E-06   0.98111
FLUX 1005  4050.00        7.402284E+13   3.0539E-06   3.1772E-06   0.96118
FLUX 1006  4070.00        7.365909E+13   3.1308E-06   3.1477E-06   0.99462
FLUX 1007  4090.00        7.329890E+13   3.1173E-06   3.1186E-06   0.99958
FLUX 1008  4110.00        7.294221E+13   3.0898E-06   3.0899E-06   0.99997
FLUX 1009  4130.00        7.258898E+13   3.0613E-06   3.0616E-06   0.99990
FLUX 1010  4150.00        7.223916E+13   3.0189E-06   3.0337E-06   0.99512
FLUX 1011  4170.00        7.189269E+13   2.9091E-06   3.0062E-06   0.96770
FLUX 1012  4190.00        7.154952E+13   2.9619E-06   2.9790E-06   0.99425
FLUX 1013  4210.00        7.120962E+13   2.9520E-06   2.9523E-06   0.99990
FLUX 1014  4230.00        7.087293E+13   2.9258E-06   2.9258E-06   0.99999
FLUX 1015  4250.00        7.053941E+13   2.8997E-06   2.8997E-06   0.99999
FLUX 1016  4270.00        7.020902E+13   2.8740E-06   2.8740E-06   1.00000
FLUX 1017  4290.00        6.988170E+13   2.8486E-06   2.8486E-06   1.00000
FLUX 1018  4310.00        6.955742E+13   2.8236E-06   2.8236E-06   0.99999
FLUX 1019  4330.00        6.923614E+13   2.7988E-06   2.7989E-06   0.99998
FLUX 1020  4350.00        6.891782E+13   2.7676E-06   2.7745E-06   0.99751
FLUX 1021  4370.00        6.860240E+13   2.6622E-06   2.7504E-06   0.96794
FLUX 1022  4390.00        6.828986E+13   2.6904E-06   2.7266E-06   0.98673
FLUX 1023  4410.00        6.798016E+13   2.7012E-06   2.7032E-06   0.99928
FLUX 1024  4430.00        6.767325E+13   2.6800E-06   2.6800E-06   0.99999
FLUX 1025  4450.00        6.736910E+13   2.6571E-06   2.6571E-06   0.99999
FLUX 1026  4470.00        6.706767E+13   2.6379E-06   2.6433E-06   0.99794
FLUX 1027  4490.00        6.676893E+13   2.6122E-06   2.6209E-06   0.99667
FLUX 1028  4510.00        6.647284E+13   2.5903E-06   2.5988E-06   0.99671
FLUX 1029  4530.00        6.617936E+13   2.5685E-06   2.5770E-06   0.99671
FLUX 1030  4550.00        6.588846E+13   2.5470E-06   2.5554E-06   0.99672
FLUX 1031  4570.00        6.560011E+13   2.5256E-06   2.5341E-06   0.99665
FLUX 1032  4590.00        6.531427E+13   2.5042E-06   2.5131E-06   0.99645
FLUX 1033  4610.00        6.503091E+13   2.4820E-06   2.4923E-06   0.99584
FLUX 1034  4630.00        6.475000E+13   2.4536E-06   2.4718E-06   0.99261
FLUX 1035  4650.00        6.447151E+13   2.3404E-06   2.4516E-06   0.95466
FLUX 1036  4670.00        6.419540E+13   2.3232E-06   2.4316E-06   0.95541
FLUX 1037  4690.00        6.392164E+13   2.3833E-06   2.4118E-06   0.98817
FLUX 1038  4710.00        6.365021E+13   2.3816E-06   2.3923E-06   0.99554
FLUX 1039  4730.00        6.338108E+13   2.3650E-06   2.3730E-06   0.99662
FLUX 1040  4750.00        6.311421E+13   2.3467E-06   2.3539E-06   0.99693
FLUX 1041  4770.00        6.284958E+13   2.3284E-06   2.3351E-06   0.99712
FLUX 1042  4790.00        6.258716E+13   2.3101E-06   2.3165E-06   0.99723
FLUX 1043  4810.00        6.232692E+13   2.2919E-06   2.2981E-06   0.99729
FLUX 1044  4830.00        6.206884E+13   2.2739E-06   2.2800E-06   0.99735
FLUX 1045  4850.00        6.181289E+13   2.2561E-06   2.2620E-06   0.99736
FLUX 1046  4870.00        6.155903E+13   2.2385E-06   2.2443E-06   0.99740
FLUX 1047  4890.00        6.130726E+13   2.2210E-06   2.2268E-06   0.99742
FLUX 1048  4910.00        6.105754E+13   2.2038E-06   2.2094E-06   0.99746
FLUX 1049  4930.00        6.080984E+13   2.1867E-06   2.1923E-06   0.99742
FLUX 1050  4950.00        6.056414E+13   2.1700E-06   2.1754E-06   0.99751
FLUX 1051  4970.00        6.032042E+13   2.1529E-06   2.1587E-06   0.99732
FLUX 1052  4990.00        6.007866E+13   2.1368E-06   2.1421E-06   0.99752
FLUX 1053  5010.00        5.983882E+13   2.1203E-06   2.1258E-06   0.99742
FLUX 1054  5030.00        5.960089E+13   2.1035E-06   2.1096E-06   0.99713
FLUX 1055  5050.00        5.936485E+13   2.0883E-06   2.0936E-06   0.99747
FLUX 1056  5070.00        5.913067E+13   2.0719E-06   2.0778E-06   0.99716
FLUX 1057  5090.00        5.889833E+13   2.0532E-06   2.0622E-06   0.99566
FLUX 1058  5110.00        5.866781E+13   2.0264E-06   2.0467E-06   0.99005
FLUX 1059  5130.00        5.843908E+13   1.9440E-06   2.0315E-06   0.95692
FLUX 1060  5150.00        5.821214E+13   2.0003E-06   2.0164E-06   0.99205
FLUX 1061  5170.00        5.798694E+13   1.9922E-06   2.0014E-06   0.99538
FLUX 1062  5190.00        5.776349E+13   1.9812E-06   1.9866E-06   0.99726
FLUX 1063  5210.00        5.754175E+13   1.9683E-06   1.9720E-06   0.99813
FLUX 1064  5230.00        5.732170E+13   1.9543E-06   1.9576E-06   0.99831
FLUX 1065  5250.00        5.710333E+13   1.9370E-06   1.9433E-06   0.99678
FLUX 1066  5270.00        5.688662E+13   1.9210E-06   1.9292E-06   0.99578
FLUX 1067  5290.00        5.667155E+13   1.9121E-06   1.9152E-06   0.99841
FLUX 1068  5310.00        5.645810E+13   1.9013E-06   1.9013E-06   0.99997
FLUX 1069  5330.00        5.624625E+13   1.8876E-06   1.8877E-06   0.99997
FLUX 1070  5350.00        5.603598E+13   1.8720E-06   1.8741E-06   0.99887
FLUX 1071  5370.00        5.582728E+13   1.8518E-06   1.8607E-06   0.99519
FLUX 1072  5390.00        5.562013E+13   1.8388E-06   1.8475E-06   0.99529
FLUX 1073  5410.00        5.541451E+13   1.8324E-06   1.8344E-06   0.99892
FLUX 1074  5430.00        5.521041E+13   1.8214E-06   1.8214E-06   0.99997
FLUX 1075  5450.00        5.500780E+13   1.8085E-06   1.8086E-06   0.99998
FLUX 1076  5470.00        5.480667E+13   1.7958E-06   1.7959E-06   0.99998
FLUX 1077  5490.00        5.460701E+13   1.7822E-06   1.7833E-06   0.99938
FLUX 1078  5510.00        5.440880E+13   1.7630E-06   1.7709E-06   0.99556
FLUX 1079  5530.00        5.421203E+13   1.7437E-06   1.7586E-06   0.99152
FLUX 1080  5550.00        5.401667E+13   1.7427E-06   1.7464E-06   0.99785
FLUX 1081  5570.00        5.382271E+13   1.7343E-06   1.7344E-06   0.99997
FLUX 1082  5590.00        5.363014E+13   1.7224E-06   1.7224E-06   0.99998
FLUX 1083  5610.00        5.343895E+13   1.7106E-06   1.7106E-06   0.99998
FLUX 1084  5630.00        5.324911E+13   1.6989E-06   1.6990E-06   0.99998
FLUX 1085  5650.00        5.306062E+13   1.6874E-06   1.6874E-06   0.99998
FLUX 1086  5670.00        5.287346E+13   1.6759E-06   1.6760E-06   0.99997
FLUX 1087  5690.00        5.268761E+13   1.6586E-06   1.6646E-06   0.99638
FLUX 1088  5710.00        5.250306E+13   1.6309E-06   1.6534E-06   0.98637
FLUX 1089  5730.00        5.231981E+13   1.6348E-06   1.6423E-06   0.99543
FLUX 1090  5750.00        5.213783E+13   1.6310E-06   1.6313E-06   0.99980
FLUX 1091  5770.00        5.195711E+13   1.6204E-06   1.6205E-06   0.99998
FLUX 1092  5790.00        5.177763E+13   1.6097E-06   1.6097E-06   0.99999
FLUX 1093  5810.00        5.159940E+13   1.5990E-06   1.5990E-06   0.99999
FLUX 1094  5830.00        5.142238E+13   1.5875E-06   1.5885E-06   0.99938
FLUX 1095  5850.00        5.124658E+13   1.5763E-06   1.5808E-06   0.99716
FLUX 1096  5870.00        5.107198E+13   1.5643E-06   1.5704E-06   0.99615
FLUX 1097  5890.00        5.089856E+13   1.5432E-06   1.5601E-06   0.98913
FLUX 1098  5910.00        5.072631E+13   1.4812E-06   1.5499E-06   0.95567
FLUX 1099  5930.00        5.055523E+13   1.5247E-06   1.5399E-06   0.99016
FLUX 1100  5950.00        5.038529E+13   1.4991E-06   1.5299E-06   0.97985
FLUX 1101  5970.00        5.021650E+13   1.5019E-06   1.5200E-06   0.98812
FLUX 1102  5990.00        5.004883E+13   1.5044E-06   1.5102E-06   0.99616
FLUX 1103  6010.00        4.988228E+13   1.4967E-06   1.5005E-06   0.99746
FLUX 1104  6030.00        4.971683E+13   1.4877E-06   1.4909E-06   0.99784
FLUX 1105  6050.00        4.955248E+13   1.4799E-06   1.4814E-06   0.99899
FLUX 1106  6070.00        4.938921E+13   1.4719E-06   1.4720E-06   0.99997
FLUX 1107  6090.00        4.922701E+13   1.4626E-06   1.4627E-06   0.99997
FLUX 1108  6110.00        4.906588E+13   1.4534E-06   1.4534E-06   0.99997
FLUX 1109  6130.00        4.890579E+13   1.4442E-06   1.4443E-06   0.99997
FLUX 1110  6150.00        4.874675E+13   1.4352E-06   1.4352E-06   0.99997
FLUX 1111  6170.00        4.858874E+13   1.4262E-06   1.4262E-06   0.99997
FLUX 1112  6190.00        4.843174E+13   1.4173E-06   1.4173E-06   0.99997
FLUX 1113  6210.00        4.827576E+13   1.4085E-06   1.4085E-06   0.99997
FLUX 1114  6230.00        4.812079E+13   1.3980E-06   1.3998E-06   0.99875
FLUX 1115  6250.00        4.796680E+13   1.3872E-06   1.3911E-06   0.99718
FLUX 1116  6270.00        4.781380E+13   1.3726E-06   1.3825E-06   0.99279
FLUX 1117  6290.00        4.766176E+13   1.3329E-06   1.3740E-06   0.97002
FLUX 1118  6310.00        4.751070E+13   1.3525E-06   1.3656E-06   0.99042
FLUX 1119  6330.00        4.736058E+13   1.3530E-06   1.3573E-06   0.99688
FLUX 1120  6350.00        4.721142E+13   1.3476E-06   1.3490E-06   0.99894
FLUX 1121  6370.00        4.706319E+13   1.3408E-06   1.3408E-06   0.99997
FLUX 1122  6390.00        4.691588E+13   1.3327E-06   1.3327E-06   0.99997
FLUX 1123  6420.00        4.669665E+13   1.3207E-06   1.3207E-06   0.99998
FLUX 1124  6460.00        4.640751E+13   1.3049E-06   1.3049E-06   0.99998
FLUX 1125  6500.00        4.612192E+13   1.2894E-06   1.2894E-06   0.99998
FLUX 1126  6540.00        4.583983E+13   1.2741E-06   1.2741E-06   0.99998
FLUX 1127  6580.00        4.556117E+13   1.2591E-06   1.2592E-06   0.99998
FLUX 1128  6620.00        4.528588E+13   1.2444E-06   1.2445E-06   0.99991
FLUX 1129  6660.00        4.501389E+13   1.2300E-06   1.2300E-06   0.99997
FLUX 1130  6700.00        4.474515E+13   1.2151E-06   1.2158E-06   0.99939
FLUX 1131  6740.00        4.447960E+13   1.1954E-06   1.2019E-06   0.99461
FLUX 1132  6780.00        4.421718E+13   1.1613E-06   1.1882E-06   0.97742
FLUX 1133  6820.00        4.395784E+13   1.1716E-06   1.1747E-06   0.99742
FLUX 1134  6860.00        4.370153E+13   1.1613E-06   1.1614E-06   0.99991
FLUX 1135  6900.00        4.344819E+13   1.1484E-06   1.1484E-06   0.99998
FLUX 1136  6940.00        4.319777E+13   1.1351E-06   1.1356E-06   0.99960
FLUX 1137  6980.00        4.295021E+13   1.1229E-06   1.1230E-06   0.99997
FLUX 1138  7020.00        4.270548E+13   1.1105E-06   1.1106E-06   0.99998
FLUX 1139  7060.00        4.246353E+13   1.0983E-06   1.0984E-06   0.99997
FLUX 1140  7100.00        4.222430E+13   1.0851E-06   1.0864E-06   0.99887
FLUX 1141  7140.00        4.198775E+13   1.0745E-06   1.0746E-06   0.99997
FLUX 1142  7180.00        4.175383E+13   1.0629E-06   1.0630E-06   0.99998
FLUX 1143  7220.00        4.152251E+13   1.0515E-06   1.0515E-06   0.99998
FLUX 1144  7260.00        4.129373E+13   1.0382E-06   1.0403E-06   0.99800
FLUX 1145  7300.00        4.106747E+13   1.0286E-06   1.0292E-06   0.99934
FLUX 1146  7340.00        4.084366E+13   1.0183E-06   1.0184E-06   0.99998
FLUX 1147  7380.00        4.062229E+13   1.0068E-06   1.0077E-06   0.99913
FLUX 1148  7420.00        4.040330E+13   9.9325E-07   9.9713E-07   0.99611
FLUX 1149  7460.00        4.018666E+13   9.5845E-07   9.8678E-07   0.97129
FLUX 1150  7500.00        3.997233E+13   9.3873E-07   9.7658E-07   0.96124
FLUX 1151  7540.00        3.976028E+13   9.5926E-07   9.6654E-07   0.99246
FLUX 1152  7580.00        3.955046E+13   9.5459E-07   9.5666E-07   0.99784
FLUX 1153  7620.00        3.934285E+13   9.4689E-07   9.4692E-07   0.99997
FLUX 1154  7660.00        3.913740E+13   9.3731E-07   9.3733E-07   0.99997
FLUX 1155  7700.00        3.893409E+13   9.2786E-07   9.2789E-07   0.99997
FLUX 1156  7740.00        3.873288E+13   9.1722E-07   9.1859E-07   0.99851
FLUX 1157  7780.00        3.853374E+13   9.0365E-07   9.0942E-07   0.99365
FLUX 1158  7820.00        3.833664E+13   8.9904E-07   9.0040E-07   0.99850
FLUX 1159  7860.00        3.814154E+13   8.9148E-07   8.9151E-07   0.99998
FLUX 1160  7900.00        3.794842E+13   8.8273E-07   8.8274E-07   0.99998
FLUX 1161  7940.00        3.775724E+13   8.7409E-07   8.7411E-07   0.99998
FLUX 1162  7980.00        3.756798E+13   8.6558E-07   8.6560E-07   0.99998
FLUX 1163  8020.00        3.738061E+13   8.5720E-07   8.5721E-07   0.99998
FLUX 1164  8060.00        3.719510E+13   8.4893E-07   8.4895E-07   0.99998
FLUX 1165  8100.00        3.701142E+13   8.4027E-07   8.4080E-07   0.99937
FLUX 1166  8140.00        3.682955E+13   8.2616E-07   8.3277E-07   0.99206
FLUX 1167  8180.00        3.664945E+13   8.2106E-07   8.2485E-07   0.99541
FLUX 1168  8220.00        3.647111E+13   8.1702E-07   8.1704E-07   0.99997
FLUX 1169  8260.00        3.629449E+13   8.0933E-07   8.0935E-07   0.99998
FLUX 1170  8300.00        3.611958E+13   8.0175E-07   8.0176E-07   0.99998
FLUX 1171  8340.00        3.594634E+13   7.9426E-07   7.9428E-07   0.99998
FLUX 1172  8380.00        3.577476E+13   7.8688E-07   7.8690E-07   0.99998
FLUX 1173  8420.00        3.560481E+13   7.7961E-07   7.7962E-07   0.99998
FLUX 1174  8460.00        3.543647E+13   7.7243E-07   7.7245E-07   0.99998
FLUX 1175  8500.00        3.526971E+13   7.6536E-07   7.6537E-07   0.99998
FLUX 1176  8540.00        3.510451E+13   7.5837E-07   7.5839E-07   0.99998
FLUX 1177  8580.00        3.494085E+13   7.5148E-07   7.5150E-07   0.99998
FLUX 1178  8620.00        3.477871E+13   7.4322E-07   7.4471E-07   0.99800
FLUX 1179  8660.00        3.461807E+13   7.2729E-07   7.3800E-07   0.98548
FLUX 1180  8700.00        3.445891E+13   7.2823E-07   7.3139E-07   0.99567
FLUX 1181  8740.00        3.430120E+13   7.1283E-07   7.2487E-07   0.98339
FLUX 1182  8780.00        3.414493E+13   7.0658E-07   7.1843E-07   0.98350
FLUX 1183  8820.00        3.399008E+13   7.1159E-07   7.1208E-07   0.99932
FLUX 1184  8860.00        3.383663E+13   7.0579E-07   7.0581E-07   0.99998
FLUX 1185  8900.00        3.368455E+13   6.9961E-07   6.9962E-07   0.99998
FLUX 1186  8940.00        3.353384E+13   6.9351E-07   6.9352E-07   0.99999
FLUX 1187  8980.00        3.338447E+13   6.8748E-07   6.8749E-07   0.99999
FLUX 1188  9020.00        3.323642E+13   6.8153E-07   6.8154E-07   0.99998
FLUX 1189  9060.00        3.308968E+13   6.7566E-07   6.7567E-07   0.99998
FLUX 1190  9100.00        3.294423E+13   6.6986E-07   6.6987E-07   0.99998
FLUX 1191  9140.00        3.280005E+13   6.6414E-07   6.6415E-07   0.99998
FLUX 1192  9180.00        3.265714E+13   6.5849E-07   6.5850E-07   0.99998
FLUX 1193  9220.00        3.251546E+13   6.5291E-07   6.5292E-07   0.99997
FLUX 1194  9260.00        3.237500E+13   6.4702E-07   6.4741E-07   0.99940
FLUX 1195  9300.00        3.223575E+13   6.4196E-07   6.4198E-07   0.99997
FLUX 1196  9340.00        3.209770E+13   6.3517E-07   6.3660E-07   0.99775
FLUX 1197  9380.00        3.196082E+13   6.1952E-07   6.3130E-07   0.98134
FLUX 1198  9420.00        3.182511E+13   6.2148E-07   6.2606E-07   0.99269
FLUX 1199  9460.00        3.169054E+13   6.2035E-07   6.2089E-07   0.99913
FLUX 1200  9500.00        3.155711E+13   6.1523E-07   6.1578E-07   0.99911
FLUX 1201  9540.00        3.142479E+13   6.1018E-07   6.1073E-07   0.99910
FLUX 1202  9580.00        3.129358E+13   6.0573E-07   6.0574E-07   0.99998
FLUX 1203  9620.00        3.116346E+13   6.0081E-07   6.0082E-07   0.99998
FLUX 1204  9660.00        3.103442E+13   5.9594E-07   5.9595E-07   0.99998
FLUX 1205  9700.00        3.090644E+13   5.9113E-07   5.9114E-07   0.99998
FLUX 1206  9740.00        3.077952E+13   5.8638E-07   5.8639E-07   0.99998
FLUX 1207  9780.00        3.065363E+13   5.8169E-07   5.8170E-07   0.99998
FLUX 1208  9820.00        3.052877E+13   5.7655E-07   5.7706E-07   0.99912
FLUX 1209  9860.00        3.040492E+13   5.7141E-07   5.7248E-07   0.99814
FLUX 1210  9900.00        3.028207E+13   5.6794E-07   5.6795E-07   0.99998
FLUX 1211  9940.00        3.016021E+13   5.6346E-07   5.6347E-07   0.99998
FLUX 1212  9980.00        3.003933E+13   5.5904E-07   5.5905E-07   0.99999
FLUX 1213 10020.00        2.991941E+13   5.5467E-07   5.5468E-07   0.99999
FLUX 1214 20000.00        1.498963E+13   1.4107E-07   1.4107E-07   1.00000
FLUX 1215 40000.00        7.494813E+12   3.5066E-08   3.5066E-08   1.00000
FLUX 1216 60000.00        4.996542E+12   1.5446E-08   1.5446E-08   1.00000
FLUX 1217 80000.00        3.747406E+12   8.6156E-09   8.6156E-09   1.00000
FLUX 1218100000.00        2.997925E+12   5.4735E-09   5.4735E-09   1.00000
FLUX 1219120000.00        2.498271E+12   3.7766E-09   3.7766E-09   1.00000
FLUX 1220140000.00        2.141375E+12   2.7590E-09   2.7590E-09   1.00000
FLUX 1221160000.00        1.873703E+12   2.1017E-09   2.1017E-09   1.00000
FLUX
