TEFF   8750.  GRAVITY 4.00000 LTE 
TITLE  [-0.5] N(He)/Ntot=0.0784 VTURB=2.0  L/H=1.25 NOVER                       
FLUX    1     9.09        3.298047E+16   1.0000E-50   0.0000E+00   1.00000
FLUX    2     9.35        3.206337E+16   1.0000E-50   0.0000E+00   1.00000
FLUX    3     9.61        3.119589E+16   1.0000E-50   0.0000E+00   1.00000
FLUX    4     9.77        3.068501E+16   1.0000E-50   0.0000E+00   1.00000
FLUX    5     9.96        3.009965E+16   1.0000E-50   0.0000E+00   1.00000
FLUX    6    10.20        2.939142E+16   1.0000E-50   0.0000E+00   1.00000
FLUX    7    10.38        2.888174E+16   1.0000E-50   0.0000E+00   1.00000
FLUX    8    10.56        2.838944E+16   1.0000E-50   0.0000E+00   1.00000
FLUX    9    10.77        2.783589E+16   1.0000E-50   0.0000E+00   1.00000
FLUX   10    11.04        2.715512E+16   1.0000E-50   0.0000E+00   1.00000
FLUX   11    11.40        2.629759E+16   1.0000E-50   0.0000E+00   1.00000
FLUX   12    11.78        2.544928E+16   1.0000E-50   0.0000E+00   1.00000
FLUX   13    12.13        2.471496E+16   1.0000E-50   0.0000E+00   1.00000
FLUX   14    12.48        2.402183E+16   1.0000E-50   0.0000E+00   1.00000
FLUX   15    12.71        2.358714E+16   1.0000E-50   0.0000E+00   1.00000
FLUX   16    12.84        2.334833E+16   1.0000E-50   0.0000E+00   1.00000
FLUX   17    13.05        2.297261E+16   1.0000E-50   0.0000E+00   1.00000
FLUX   18    13.24        2.264294E+16   1.0000E-50   0.0000E+00   1.00000
FLUX   19    13.39        2.238928E+16   1.0000E-50   0.0000E+00   1.00000
FLUX   20    13.66        2.194674E+16   1.0000E-50   0.0000E+00   1.00000
FLUX   21    13.98        2.144438E+16   1.0000E-50   0.0000E+00   1.00000
FLUX   22    14.33        2.092062E+16   1.0000E-50   0.0000E+00   1.00000
FLUX   23    14.72        2.036634E+16   1.0000E-50   0.0000E+00   1.00000
FLUX   24    15.10        1.985381E+16   1.0000E-50   0.0000E+00   1.00000
FLUX   25    15.52        1.931653E+16   1.0000E-50   0.0000E+00   1.00000
FLUX   26    15.88        1.887862E+16   1.0000E-50   0.0000E+00   1.00000
FLUX   27    16.20        1.850571E+16   1.0000E-50   0.0000E+00   1.00000
FLUX   28    16.60        1.805979E+16   1.0000E-50   0.0000E+00   1.00000
FLUX   29    17.03        1.760379E+16   1.0000E-50   0.0000E+00   1.00000
FLUX   30    17.34        1.728907E+16   1.0000E-50   0.0000E+00   1.00000
FLUX   31    17.68        1.695659E+16   1.0000E-50   0.0000E+00   1.00000
FLUX   32    18.02        1.663665E+16   1.0000E-50   0.0000E+00   1.00000
FLUX   33    18.17        1.649931E+16   1.0000E-50   0.0000E+00   1.00000
FLUX   34    18.61        1.610922E+16   1.0000E-50   0.0000E+00   1.00000
FLUX   35    19.10        1.569594E+16   1.0000E-50   0.0000E+00   1.00000
FLUX   36    19.39        1.546119E+16   1.0000E-50   0.0000E+00   1.00000
FLUX   37    19.84        1.511051E+16   1.0000E-50   0.0000E+00   1.00000
FLUX   38    20.18        1.485592E+16   1.0000E-50   0.0000E+00   1.00000
FLUX   39    20.50        1.462402E+16   1.0000E-50   0.0000E+00   1.00000
FLUX   40    21.05        1.424192E+16   1.0000E-50   0.0000E+00   1.00000
FLUX   41    21.62        1.386644E+16   1.0000E-50   0.0000E+00   1.00000
FLUX   42    21.98        1.363933E+16   1.0000E-50   0.0000E+00   1.00000
FLUX   43    22.30        1.344361E+16   1.0000E-50   0.0000E+00   1.00000
FLUX   44    22.68        1.321836E+16   1.0000E-50   0.0000E+00   1.00000
FLUX   45    23.00        1.303446E+16   1.0000E-50   0.0000E+00   1.00000
FLUX   46    23.40        1.281165E+16   1.0000E-50   0.0000E+00   1.00000
FLUX   47    24.00        1.249135E+16   1.0000E-50   0.0000E+00   1.00000
FLUX   48    24.65        1.216197E+16   1.0000E-50   0.0000E+00   1.00000
FLUX   49    25.24        1.187767E+16   1.0000E-50   0.0000E+00   1.00000
FLUX   50    25.68        1.167416E+16   1.0000E-50   0.0000E+00   1.00000
FLUX   51    26.00        1.153048E+16   1.0000E-50   0.0000E+00   1.00000
FLUX   52    26.40        1.135578E+16   1.0000E-50   0.0000E+00   1.00000
FLUX   53    26.85        1.116546E+16   1.0000E-50   0.0000E+00   1.00000
FLUX   54    27.35        1.096133E+16   1.0000E-50   0.0000E+00   1.00000
FLUX   55    27.85        1.076454E+16   1.0000E-50   0.0000E+00   1.00000
FLUX   56    28.40        1.055607E+16   1.0000E-50   0.0000E+00   1.00000
FLUX   57    29.00        1.033767E+16   1.0000E-50   0.0000E+00   1.00000
FLUX   58    29.60        1.012813E+16   1.0000E-50   0.0000E+00   1.00000
FLUX   59    30.10        9.959884E+15   1.0000E-50   0.0000E+00   1.00000
FLUX   60    30.80        9.733523E+15   6.2041E-38   6.2041E-38   1.00000
FLUX   61    31.80        9.427437E+15   1.1010E-36   1.1010E-36   1.00000
FLUX   62    32.80        9.140015E+15   1.2999E-35   1.2999E-35   1.00000
FLUX   63    33.80        8.869601E+15   1.3156E-34   1.3156E-34   1.00000
FLUX   64    34.80        8.614727E+15   1.1627E-33   1.1627E-33   1.00000
FLUX   65    35.70        8.397549E+15   7.4347E-33   7.4347E-33   1.00000
FLUX   66    36.60        8.191052E+15   4.3320E-32   4.3320E-32   1.00000
FLUX   67    37.50        7.994467E+15   2.3165E-31   2.3165E-31   1.00000
FLUX   68    38.50        7.786818E+15   1.3587E-30   1.3587E-30   1.00000
FLUX   69    39.50        7.589684E+15   7.2735E-30   7.2735E-30   1.00000
FLUX   70    40.50        7.402284E+15   3.5780E-29   3.5780E-29   1.00000
FLUX   71    41.40        7.241365E+15   1.4032E-28   1.4032E-28   1.00000
FLUX   72    42.20        7.104088E+15   4.4969E-28   4.4969E-28   1.00000
FLUX   73    43.00        6.971919E+15   1.3786E-27   1.3786E-27   1.00000
FLUX   74    44.10        6.798016E+15   6.0104E-27   6.0104E-27   1.00000
FLUX   75    45.10        6.647284E+15   2.1502E-26   2.1502E-26   1.00000
FLUX   76    46.00        6.517228E+15   6.4504E-26   6.4504E-26   1.00000
FLUX   77    47.00        6.378564E+15   2.0783E-25   2.0783E-25   1.00000
FLUX   78    48.00        6.245677E+15   6.3693E-25   6.3693E-25   1.00000
FLUX   79    49.00        6.118214E+15   1.8624E-24   1.8624E-24   1.00000
FLUX   80    50.00        5.995850E+15   5.2103E-24   5.2103E-24   1.00000
FLUX   81    50.60        5.924753E+15   9.0127E-24   9.4693E-24   0.95179
FLUX   82    51.20        5.855322E+15   1.6689E-23   1.6959E-23   0.98411
FLUX   83    52.00        5.765240E+15   3.6098E-23   3.6098E-23   1.00000
FLUX   84    53.00        5.656462E+15   8.9791E-23   8.9791E-23   1.00000
FLUX   85    54.00        5.551713E+15   2.1572E-22   2.1572E-22   1.00000
FLUX   86    55.00        5.450773E+15   5.0149E-22   5.0149E-22   1.00000
FLUX   87    56.00        5.353438E+15   1.1301E-21   1.1301E-21   1.00000
FLUX   88    57.00        5.259518E+15   2.4730E-21   2.4730E-21   1.00000
FLUX   89    58.00        5.168836E+15   5.1793E-21   5.2624E-21   0.98423
FLUX   90    59.00        5.081229E+15   1.0905E-20   1.0905E-20   1.00000
FLUX   91    60.00        4.996542E+15   2.2039E-20   2.2039E-20   1.00000
FLUX   92    61.00        4.914631E+15   4.3488E-20   4.3488E-20   1.00000
FLUX   93    62.00        4.835363E+15   8.3884E-20   8.3884E-20   1.00000
FLUX   94    63.00        4.758611E+15   1.5834E-19   1.5834E-19   1.00000
FLUX   95    64.00        4.684258E+15   2.9280E-19   2.9280E-19   1.00000
FLUX   96    65.00        4.612192E+15   5.3090E-19   5.3090E-19   1.00000
FLUX   97    65.80        4.556117E+15   8.4312E-19   8.4312E-19   1.00000
FLUX   98    66.50        4.508158E+15   1.2518E-18   1.2518E-18   1.00000
FLUX   99    67.50        4.441370E+15   2.1694E-18   2.1694E-18   1.00000
FLUX  100    68.50        4.376533E+15   3.6972E-18   3.6972E-18   1.00000
FLUX  101    69.50        4.313561E+15   6.2011E-18   6.2011E-18   1.00000
FLUX  102    70.50        4.252376E+15   1.0243E-17   1.0243E-17   1.00000
FLUX  103    71.60        4.187046E+15   1.7493E-17   1.7493E-17   1.00000
FLUX  104    72.60        4.129373E+15   2.8040E-17   2.8040E-17   1.00000
FLUX  105    73.50        4.078810E+15   4.2388E-17   4.2388E-17   1.00000
FLUX  106    74.50        4.024060E+15   6.6271E-17   6.6271E-17   1.00000
FLUX  107    75.50        3.970762E+15   1.0234E-16   1.0234E-16   1.00000
FLUX  108    76.50        3.918856E+15   1.5617E-16   1.5617E-16   1.00000
FLUX  109    77.50        3.868290E+15   2.3560E-16   2.3560E-16   1.00000
FLUX  110    78.50        3.819013E+15   3.5157E-16   3.5157E-16   1.00000
FLUX  111    79.50        3.770975E+15   5.1073E-16   5.1911E-16   0.98387
FLUX  112    80.50        3.724130E+15   7.4660E-16   7.5875E-16   0.98399
FLUX  113    81.50        3.678436E+15   1.0982E-15   1.0982E-15   1.00000
FLUX  114    82.50        3.633848E+15   5.9825E-17   5.9832E-17   0.99989
FLUX  115    83.50        3.590329E+15   8.1218E-17   8.1235E-17   0.99979
FLUX  116    84.50        3.547840E+15   1.0939E-16   1.0940E-16   0.99993
FLUX  117    85.50        3.506345E+15   1.4615E-16   1.4617E-16   0.99987
FLUX  118    86.50        3.465809E+15   1.9381E-16   1.9382E-16   0.99997
FLUX  119    87.50        3.426200E+15   2.5483E-16   2.5511E-16   0.99888
FLUX  120    88.50        3.387486E+15   3.3345E-16   3.3347E-16   0.99993
FLUX  121    89.50        3.349637E+15   4.3293E-16   4.3294E-16   0.99997
FLUX  122    90.50        3.312624E+15   5.5707E-16   5.5838E-16   0.99765
FLUX  123    91.50        3.276421E+15   2.0976E-13   2.0414E-12   0.10276
FLUX  124    92.50        3.241000E+15   1.3240E-12   2.6194E-12   0.50545
FLUX  125    93.50        3.206337E+15   2.0567E-12   3.2972E-12   0.62377
FLUX  126    94.50        3.172407E+15   3.0682E-12   4.1069E-12   0.74709
FLUX  127    95.50        3.139188E+15   4.3329E-12   5.0895E-12   0.85134
FLUX  128    96.50        3.106658E+15   5.6831E-12   6.2203E-12   0.91363
FLUX  129    97.50        3.074795E+15   5.7643E-12   7.5068E-12   0.76788
FLUX  130    98.50        3.043579E+15   8.4687E-12   9.2896E-12   0.91163
FLUX  131    99.50        3.012990E+15   9.8521E-12   1.1222E-11   0.87793
FLUX  132   100.50        2.983010E+15   1.2775E-11   1.3468E-11   0.94854
FLUX  133   101.50        2.953621E+15   1.5139E-11   1.5947E-11   0.94933
FLUX  134   102.50        2.924805E+15   1.4122E-11   1.9440E-11   0.72643
FLUX  135   103.50        2.896546E+15   2.1605E-11   2.3134E-11   0.93392
FLUX  136   104.50        2.868828E+15   2.6768E-11   2.7632E-11   0.96872
FLUX  137   105.50        2.841635E+15   3.2033E-11   3.2931E-11   0.97274
FLUX  138   106.50        2.814953E+15   3.7208E-11   3.9249E-11   0.94801
FLUX  139   107.50        2.788767E+15   4.5280E-11   4.6762E-11   0.96832
FLUX  140   108.50        2.763065E+15   5.3761E-11   5.5579E-11   0.96728
FLUX  141   109.50        2.737831E+15   6.1721E-11   6.5778E-11   0.93833
FLUX  142   110.50        2.713054E+15   1.2809E-10   3.7926E-10   0.33774
FLUX  143   111.50        2.688722E+15   3.0042E-10   4.7882E-10   0.62741
FLUX  144   112.50        2.664822E+15   3.9575E-10   6.0149E-10   0.65795
FLUX  145   113.50        2.641344E+15   5.2122E-10   7.5725E-10   0.68830
FLUX  146   114.50        2.618275E+15   6.1153E-10   8.9237E-10   0.68529
FLUX  147   115.50        2.595606E+15   6.4585E-10   9.8548E-10   0.65536
FLUX  148   116.50        2.573326E+15   7.9355E-10   1.0232E-09   0.77555
FLUX  149   117.50        2.551426E+15   8.5806E-10   1.0081E-09   0.85113
FLUX  150   118.50        2.529895E+15   9.1732E-10   2.2100E-09   0.41509
FLUX  151   119.50        2.508724E+15   4.8503E-10   2.4399E-09   0.19880
FLUX  152   120.50        2.487905E+15   3.6133E-10   2.6597E-09   0.13586
FLUX  153   121.50        2.467428E+15   8.0104E-11   2.8776E-09   0.02784
FLUX  154   122.50        2.447286E+15   4.0029E-10   3.5856E-09   0.11164
FLUX  155   123.50        2.427470E+15   9.7951E-10   3.8141E-09   0.25681
FLUX  156   124.50        2.407972E+15   1.6558E-09   1.5571E-08   0.10634
FLUX  157   125.50        2.388785E+15   2.9080E-09   8.4691E-08   0.03434
FLUX  158   126.50        2.369901E+15   3.8659E-09   2.1454E-07   0.01802
FLUX  159   127.50        2.351314E+15   9.4340E-09   3.3551E-07   0.02812
FLUX  160   128.50        2.333016E+15   3.7185E-08   4.8445E-07   0.07676
FLUX  161   129.50        2.315000E+15   6.5053E-08   5.9939E-07   0.10853
FLUX  162   130.50        2.297261E+15   5.8610E-08   7.1433E-07   0.08205
FLUX  163   131.50        2.279791E+15   1.3795E-07   8.0503E-07   0.17136
FLUX  164   132.50        2.262585E+15   1.9292E-07   8.8691E-07   0.21752
FLUX  165   133.50        2.245637E+15   2.2359E-07   9.5321E-07   0.23457
FLUX  166   134.50        2.228941E+15   3.2408E-07   1.0083E-06   0.32141
FLUX  167   135.50        2.212491E+15   3.1821E-07   1.0568E-06   0.30111
FLUX  168   136.50        2.196282E+15   3.2942E-07   1.1050E-06   0.29811
FLUX  169   137.50        2.180309E+15   3.3414E-07   1.1458E-06   0.29162
FLUX  170   138.50        2.164567E+15   2.6630E-07   1.1814E-06   0.22542
FLUX  171   139.50        2.149050E+15   2.8165E-07   1.2110E-06   0.23258
FLUX  172   140.50        2.133754E+15   4.2155E-07   1.2376E-06   0.34063
FLUX  173   141.50        2.118675E+15   5.4917E-07   1.2596E-06   0.43598
FLUX  174   142.50        2.103807E+15   6.4971E-07   1.2921E-06   0.50284
FLUX  175   143.50        2.089146E+15   5.8877E-07   1.3093E-06   0.44967
FLUX  176   144.20        2.079005E+15   7.3071E-07   1.3209E-06   0.55320
FLUX  177   144.70        2.071821E+15   7.6617E-07   1.6152E-06   0.47434
FLUX  178   145.50        2.060430E+15   8.6323E-07   1.6285E-06   0.53009
FLUX  179   146.50        2.046365E+15   7.9724E-07   1.6436E-06   0.48506
FLUX  180   147.50        2.032492E+15   8.2635E-07   1.6561E-06   0.49896
FLUX  181   148.50        2.018805E+15   8.9055E-07   1.6662E-06   0.53447
FLUX  182   149.50        2.005301E+15   1.0031E-06   1.6748E-06   0.59893
FLUX  183   150.50        1.991977E+15   1.0662E-06   1.6809E-06   0.63429
FLUX  184   151.20        1.982755E+15   9.7676E-07   1.6846E-06   0.57982
FLUX  185   151.70        1.976220E+15   1.0371E-06   2.1949E-06   0.47248
FLUX  186   152.50        1.965852E+15   1.0300E-06   3.5303E-06   0.29177
FLUX  187   153.50        1.953046E+15   1.3113E-06   4.2413E-06   0.30919
FLUX  188   154.50        1.940405E+15   1.6959E-06   4.2805E-06   0.39620
FLUX  189   155.50        1.927926E+15   1.4118E-06   4.3169E-06   0.32704
FLUX  190   156.50        1.915607E+15   1.1574E-06   4.3527E-06   0.26590
FLUX  191   157.50        1.903444E+15   1.7065E-06   4.4150E-06   0.38653
FLUX  192   158.50        1.891435E+15   1.9552E-06   4.4478E-06   0.43959
FLUX  193   159.50        1.879577E+15   2.1606E-06   4.4793E-06   0.48234
FLUX  194   160.50        1.867866E+15   2.1070E-06   4.5094E-06   0.46724
FLUX  195   161.50        1.856300E+15   2.2288E-06   4.5385E-06   0.49109
FLUX  196   162.50        1.844877E+15   2.1299E-06   4.5796E-06   0.46508
FLUX  197   163.50        1.833593E+15   2.4607E-06   4.6077E-06   0.53403
FLUX  198   164.50        1.822447E+15   3.1947E-06   4.6352E-06   0.68922
FLUX  199   165.50        1.811435E+15   2.2956E-06   4.6624E-06   0.49236
FLUX  200   166.50        1.800556E+15   3.3816E-06   4.6887E-06   0.72123
FLUX  201   167.20        1.793017E+15   2.2287E-06   4.7068E-06   0.47351
FLUX  202   167.70        1.787671E+15   3.2873E-06   4.9836E-06   0.65962
FLUX  203   168.50        1.779184E+15   3.8131E-06   5.1426E-06   0.74147
FLUX  204   169.50        1.768687E+15   3.2887E-06   5.1681E-06   0.63634
FLUX  205   170.50        1.758314E+15   3.3328E-06   5.1935E-06   0.64172
FLUX  206   171.50        1.748061E+15   3.6399E-06   5.2308E-06   0.69586
FLUX  207   172.50        1.737928E+15   3.6347E-06   5.2564E-06   0.69148
FLUX  208   173.50        1.727911E+15   4.0266E-06   5.2813E-06   0.76243
FLUX  209   174.50        1.718009E+15   3.8908E-06   5.3068E-06   0.73317
FLUX  210   175.50        1.708219E+15   4.3975E-06   5.3317E-06   0.82479
FLUX  211   176.50        1.698541E+15   3.5928E-06   5.3562E-06   0.67078
FLUX  212   177.50        1.688972E+15   4.2659E-06   5.3808E-06   0.79280
FLUX  213   178.50        1.679510E+15   4.2839E-06   5.4054E-06   0.79252
FLUX  214   179.50        1.670153E+15   4.8137E-06   5.4298E-06   0.88654
FLUX  215   180.50        1.660900E+15   4.4842E-06   5.4545E-06   0.82211
FLUX  216   181.50        1.651749E+15   4.5627E-06   5.4791E-06   0.83275
FLUX  217   182.50        1.642699E+15   4.3059E-06   5.5043E-06   0.78229
FLUX  218   183.50        1.633747E+15   4.2840E-06   5.5302E-06   0.77466
FLUX  219   184.50        1.624892E+15   3.9023E-06   5.5562E-06   0.70233
FLUX  220   185.50        1.616132E+15   4.2115E-06   5.5825E-06   0.75442
FLUX  221   186.50        1.607466E+15   4.3770E-06   5.6087E-06   0.78040
FLUX  222   187.50        1.598893E+15   4.5162E-06   5.6376E-06   0.80108
FLUX  223   188.50        1.590411E+15   4.5721E-06   5.6638E-06   0.80724
FLUX  224   189.50        1.582018E+15   4.6834E-06   5.6901E-06   0.82308
FLUX  225   190.50        1.573714E+15   4.4101E-06   5.7165E-06   0.77146
FLUX  226   191.50        1.565496E+15   4.7775E-06   5.7432E-06   0.83185
FLUX  227   192.50        1.557364E+15   4.8835E-06   5.7699E-06   0.84639
FLUX  228   193.50        1.549315E+15   4.5026E-06   5.7968E-06   0.77675
FLUX  229   194.50        1.541350E+15   5.1064E-06   5.8238E-06   0.87682
FLUX  230   195.50        1.533465E+15   5.1011E-06   5.8509E-06   0.87185
FLUX  231   196.70        1.524110E+15   5.3483E-06   5.8837E-06   0.90901
FLUX  232   197.60        1.517169E+15   5.2328E-06   5.9154E-06   0.88461
FLUX  233   198.40        1.511051E+15   5.1421E-06   5.9378E-06   0.86600
FLUX  234   199.50        1.502719E+15   5.0420E-06   5.9721E-06   0.84426
FLUX  235   200.50        1.495224E+15   4.9033E-06   6.0004E-06   0.81717
FLUX  236   201.50        1.487804E+15   4.8863E-06   6.0289E-06   0.81049
FLUX  237   202.50        1.480457E+15   4.6875E-06   6.0577E-06   0.77381
FLUX  238   203.50        1.473182E+15   5.0827E-06   6.0867E-06   0.83506
FLUX  239   204.50        1.465978E+15   5.4058E-06   6.1158E-06   0.88390
FLUX  240   205.50        1.458844E+15   5.2111E-06   6.1452E-06   0.84799
FLUX  241   206.50        1.451780E+15   5.1437E-06   6.1748E-06   0.83301
FLUX  242   207.40        1.445480E+15   5.5714E-06   6.2016E-06   0.89838
FLUX  243   207.80        1.442697E+15   5.7246E-06   6.2711E-06   0.91285
FLUX  244   208.50        1.437854E+15   5.6358E-06   6.2929E-06   0.89557
FLUX  245   209.50        1.430990E+15   5.4743E-06   6.3243E-06   0.86560
FLUX  246   210.50        1.424192E+15   5.3120E-06   6.3558E-06   0.83578
FLUX  247   211.50        1.417459E+15   5.4054E-06   6.3876E-06   0.84623
FLUX  248   212.50        1.410788E+15   5.5706E-06   6.4196E-06   0.86774
FLUX  249   213.50        1.404180E+15   4.7169E-06   6.4519E-06   0.73108
FLUX  250   214.50        1.397634E+15   5.4027E-06   6.4844E-06   0.83318
FLUX  251   215.50        1.391148E+15   5.4510E-06   6.5172E-06   0.83640
FLUX  252   216.50        1.384723E+15   5.1865E-06   6.5502E-06   0.79180
FLUX  253   217.50        1.378356E+15   5.1664E-06   6.5834E-06   0.78476
FLUX  254   218.50        1.372048E+15   5.3553E-06   6.6169E-06   0.80934
FLUX  255   219.50        1.365797E+15   5.7387E-06   6.6505E-06   0.86290
FLUX  256   220.50        1.359603E+15   5.5621E-06   6.6844E-06   0.83211
FLUX  257   221.50        1.353465E+15   5.1118E-06   6.7185E-06   0.76086
FLUX  258   222.50        1.347382E+15   5.1585E-06   6.7531E-06   0.76388
FLUX  259   223.50        1.341353E+15   5.8439E-06   6.7876E-06   0.86096
FLUX  260   224.50        1.335379E+15   5.2876E-06   6.8224E-06   0.77504
FLUX  261   225.50        1.329457E+15   5.1775E-06   6.8594E-06   0.75480
FLUX  262   226.50        1.323587E+15   5.1918E-06   6.8946E-06   0.75303
FLUX  263   227.50        1.317769E+15   5.6000E-06   6.9299E-06   0.80809
FLUX  264   228.50        1.312002E+15   5.8409E-06   6.9654E-06   0.83855
FLUX  265   229.50        1.306285E+15   5.4744E-06   7.0011E-06   0.78193
FLUX  266   230.50        1.300618E+15   5.5531E-06   7.0371E-06   0.78912
FLUX  267   231.50        1.295000E+15   5.5014E-06   7.0732E-06   0.77779
FLUX  268   232.50        1.289430E+15   5.5044E-06   7.1095E-06   0.77423
FLUX  269   233.50        1.283908E+15   5.2766E-06   7.1465E-06   0.73834
FLUX  270   234.50        1.278433E+15   4.7872E-06   7.1832E-06   0.66644
FLUX  271   235.50        1.273004E+15   5.6785E-06   7.2201E-06   0.78648
FLUX  272   236.50        1.267622E+15   4.9951E-06   7.2572E-06   0.68830
FLUX  273   237.50        1.262284E+15   5.4418E-06   7.2944E-06   0.74603
FLUX  274   238.50        1.256992E+15   4.6844E-06   7.3319E-06   0.63892
FLUX  275   239.50        1.251743E+15   5.2074E-06   7.3695E-06   0.70662
FLUX  276   240.50        1.246538E+15   5.0351E-06   7.4072E-06   0.67975
FLUX  277   241.50        1.241377E+15   5.1878E-06   7.4452E-06   0.69680
FLUX  278   242.50        1.236258E+15   5.6914E-06   7.4833E-06   0.76056
FLUX  279   243.50        1.231181E+15   5.5052E-06   7.5216E-06   0.73193
FLUX  280   244.50        1.226145E+15   5.8964E-06   7.5608E-06   0.77987
FLUX  281   245.50        1.221151E+15   5.7597E-06   7.5994E-06   0.75791
FLUX  282   246.50        1.216197E+15   5.8026E-06   7.6383E-06   0.75967
FLUX  283   247.50        1.211283E+15   5.5639E-06   7.6772E-06   0.72473
FLUX  284   248.50        1.206408E+15   5.8349E-06   7.7163E-06   0.75618
FLUX  285   249.50        1.201573E+15   5.6682E-06   7.7556E-06   0.73085
FLUX  286   250.50        1.196776E+15   6.4131E-06   7.7956E-06   0.82267
FLUX  287   251.30        1.192967E+15   5.7528E-06   7.8272E-06   0.73497
FLUX  288   251.80        1.190598E+15   5.8674E-06   7.8714E-06   0.74540
FLUX  289   252.50        1.187297E+15   5.4903E-06   7.8993E-06   0.69504
FLUX  290   253.50        1.182613E+15   5.3954E-06   7.9400E-06   0.67952
FLUX  291   254.50        1.177967E+15   5.3960E-06   7.9808E-06   0.67612
FLUX  292   255.50        1.173356E+15   5.8757E-06   8.0216E-06   0.73248
FLUX  293   256.50        1.168782E+15   5.9375E-06   8.0626E-06   0.73642
FLUX  294   257.50        1.164243E+15   6.4449E-06   8.1038E-06   0.79530
FLUX  295   258.50        1.159739E+15   6.5401E-06   8.1450E-06   0.80296
FLUX  296   259.50        1.155270E+15   6.4764E-06   8.1864E-06   0.79112
FLUX  297   260.50        1.150835E+15   6.2481E-06   8.2279E-06   0.75939
FLUX  298   261.50        1.146434E+15   6.1749E-06   8.2695E-06   0.74671
FLUX  299   262.50        1.142067E+15   6.7175E-06   8.3111E-06   0.80826
FLUX  300   263.50        1.137732E+15   6.7998E-06   8.3531E-06   0.81404
FLUX  301   264.50        1.133431E+15   7.6545E-06   8.3950E-06   0.91179
FLUX  302   265.50        1.129162E+15   7.6502E-06   8.4370E-06   0.90674
FLUX  303   266.50        1.124925E+15   7.0662E-06   8.4791E-06   0.83337
FLUX  304   267.50        1.120720E+15   7.4178E-06   8.5213E-06   0.87050
FLUX  305   268.50        1.116546E+15   7.5071E-06   8.5636E-06   0.87663
FLUX  306   269.50        1.112403E+15   7.1483E-06   8.6059E-06   0.83063
FLUX  307   270.50        1.108290E+15   7.3594E-06   8.6485E-06   0.85095
FLUX  308   271.50        1.104208E+15   7.0227E-06   8.6910E-06   0.80804
FLUX  309   272.50        1.100156E+15   7.1382E-06   8.7336E-06   0.81733
FLUX  310   273.50        1.096133E+15   7.7285E-06   8.7762E-06   0.88062
FLUX  311   274.50        1.092140E+15   6.6028E-06   8.8189E-06   0.74870
FLUX  312   275.50        1.088176E+15   6.8385E-06   8.8617E-06   0.77168
FLUX  313   276.50        1.084241E+15   7.1510E-06   8.9046E-06   0.80307
FLUX  314   277.50        1.080333E+15   7.7180E-06   8.9475E-06   0.86259
FLUX  315   278.50        1.076454E+15   7.5589E-06   8.9904E-06   0.84078
FLUX  316   279.50        1.072603E+15   5.5869E-06   9.0335E-06   0.61847
FLUX  317   280.50        1.068779E+15   6.3781E-06   9.0765E-06   0.70270
FLUX  318   281.50        1.064982E+15   8.1876E-06   9.1196E-06   0.89780
FLUX  319   282.50        1.061212E+15   8.3132E-06   9.1627E-06   0.90728
FLUX  320   283.50        1.057469E+15   8.0820E-06   9.2059E-06   0.87791
FLUX  321   284.50        1.053752E+15   7.8535E-06   9.2492E-06   0.84911
FLUX  322   285.50        1.050061E+15   7.6069E-06   9.2924E-06   0.81861
FLUX  323   286.50        1.046396E+15   8.1924E-06   9.3358E-06   0.87753
FLUX  324   287.50        1.042757E+15   8.0497E-06   9.3791E-06   0.85826
FLUX  325   288.50        1.039142E+15   8.2898E-06   9.4224E-06   0.87979
FLUX  326   289.50        1.035553E+15   8.0494E-06   9.4658E-06   0.85037
FLUX  327   291.00        1.030215E+15   8.9210E-06   9.5310E-06   0.93600
FLUX  328   293.00        1.023183E+15   8.7098E-06   9.6179E-06   0.90558
FLUX  329   295.00        1.016246E+15   8.7803E-06   9.7048E-06   0.90474
FLUX  330   297.00        1.009402E+15   9.0225E-06   9.7917E-06   0.92144
FLUX  331   299.00        1.002651E+15   9.1796E-06   9.8787E-06   0.92923
FLUX  332   301.00        9.959884E+14   9.3938E-06   9.9657E-06   0.94261
FLUX  333   303.00        9.894142E+14   9.4543E-06   1.0053E-05   0.94048
FLUX  334   305.00        9.829262E+14   9.5289E-06   1.0140E-05   0.93977
FLUX  335   307.00        9.765228E+14   9.5929E-06   1.0226E-05   0.93806
FLUX  336   309.00        9.702023E+14   9.8101E-06   1.0313E-05   0.95123
FLUX  337   311.00        9.639630E+14   9.7425E-06   1.0400E-05   0.93682
FLUX  338   313.00        9.578035E+14   9.8344E-06   1.0486E-05   0.93785
FLUX  339   315.00        9.517222E+14   1.0097E-05   1.0572E-05   0.95503
FLUX  340   317.00        9.457177E+14   1.0172E-05   1.0659E-05   0.95433
FLUX  341   319.00        9.397884E+14   9.9171E-06   1.0745E-05   0.92292
FLUX  342   321.00        9.339330E+14   1.0217E-05   1.0831E-05   0.94325
FLUX  343   323.00        9.281502E+14   1.0113E-05   1.0917E-05   0.92631
FLUX  344   325.00        9.224385E+14   1.0394E-05   1.1003E-05   0.94464
FLUX  345   327.00        9.167966E+14   1.0584E-05   1.1088E-05   0.95455
FLUX  346   329.00        9.112234E+14   1.0794E-05   1.1173E-05   0.96610
FLUX  347   331.00        9.057175E+14   1.0954E-05   1.1258E-05   0.97300
FLUX  348   333.00        9.002778E+14   1.0877E-05   1.1342E-05   0.95900
FLUX  349   335.00        8.949030E+14   1.0846E-05   1.1426E-05   0.94923
FLUX  350   337.00        8.895920E+14   1.0966E-05   1.1510E-05   0.95274
FLUX  351   339.00        8.843437E+14   1.1031E-05   1.1593E-05   0.95155
FLUX  352   341.00        8.791569E+14   1.1299E-05   1.1676E-05   0.96772
FLUX  353   343.00        8.740306E+14   1.1417E-05   1.1759E-05   0.97096
FLUX  354   345.00        8.689638E+14   1.1463E-05   1.1841E-05   0.96811
FLUX  355   347.00        8.639553E+14   1.1475E-05   1.1923E-05   0.96248
FLUX  356   349.00        8.590043E+14   1.1576E-05   1.2004E-05   0.96437
FLUX  357   351.00        8.541097E+14   1.1816E-05   1.2085E-05   0.97775
FLUX  358   353.00        8.492705E+14   1.1935E-05   1.2165E-05   0.98112
FLUX  359   355.00        8.444859E+14   1.2092E-05   1.2245E-05   0.98752
FLUX  360   357.00        8.397549E+14   1.1981E-05   1.2324E-05   0.97214
FLUX  361   359.00        8.350766E+14   1.2058E-05   1.2403E-05   0.97218
FLUX  362   361.00        8.304501E+14   1.2168E-05   1.2482E-05   0.97482
FLUX  363   363.00        8.258747E+14   1.2305E-05   1.2560E-05   0.97973
FLUX  364   364.00        8.236058E+14   1.2296E-05   1.2599E-05   0.97598
FLUX  365   365.00        8.213493E+14   1.2542E-05   4.9693E-05   0.25238
FLUX  366   367.00        8.168733E+14   1.2638E-05   4.9509E-05   0.25527
FLUX  367   369.00        8.124458E+14   1.2272E-05   4.9328E-05   0.24878
FLUX  368   371.00        8.080660E+14   1.2770E-05   4.9146E-05   0.25983
FLUX  369   373.00        8.037332E+14   1.3255E-05   4.8965E-05   0.27070
FLUX  370   375.00        7.994467E+14   1.6828E-05   4.8785E-05   0.34495
FLUX  371   377.00        7.952056E+14   1.8133E-05   4.8610E-05   0.37303
FLUX  372   379.00        7.910092E+14   2.2625E-05   4.8432E-05   0.46716
FLUX  373   381.00        7.868570E+14   2.7059E-05   4.8254E-05   0.56076
FLUX  374   383.00        7.827480E+14   2.1500E-05   4.8078E-05   0.44719
FLUX  375   385.00        7.786818E+14   3.0998E-05   4.7904E-05   0.64708
FLUX  376   387.00        7.746576E+14   3.5996E-05   4.7730E-05   0.75415
FLUX  377   389.00        7.706748E+14   1.9547E-05   4.7557E-05   0.41103
FLUX  378   391.00        7.667327E+14   3.6895E-05   4.7385E-05   0.77861
FLUX  379   393.00        7.628308E+14   3.8731E-05   4.7215E-05   0.82031
FLUX  380   395.00        7.589684E+14   3.7711E-05   4.7046E-05   0.80159
FLUX  381   397.00        7.551448E+14   1.9477E-05   4.6877E-05   0.41548
FLUX  382   399.00        7.513596E+14   3.6708E-05   4.6710E-05   0.78587
FLUX  383   401.00        7.476122E+14   4.3321E-05   4.6545E-05   0.93075
FLUX  384   403.00        7.439020E+14   4.4111E-05   4.6379E-05   0.95109
FLUX  385   405.00        7.402284E+14   4.3811E-05   4.6215E-05   0.94797
FLUX  386   407.00        7.365909E+14   4.1364E-05   4.6052E-05   0.89820
FLUX  387   409.00        7.329890E+14   3.0660E-05   4.5890E-05   0.66812
FLUX  388   411.00        7.294221E+14   2.3286E-05   4.5729E-05   0.50921
FLUX  389   413.00        7.258898E+14   3.9888E-05   4.5570E-05   0.87531
FLUX  390   415.00        7.223916E+14   4.3229E-05   4.5412E-05   0.95194
FLUX  391   417.00        7.189269E+14   4.3714E-05   4.5255E-05   0.96596
FLUX  392   419.00        7.154952E+14   4.3666E-05   4.5098E-05   0.96825
FLUX  393   421.00        7.120962E+14   4.3687E-05   4.4944E-05   0.97203
FLUX  394   423.00        7.087293E+14   4.3142E-05   4.4789E-05   0.96323
FLUX  395   425.00        7.053941E+14   4.3174E-05   4.4636E-05   0.96725
FLUX  396   427.00        7.020902E+14   4.2473E-05   4.4484E-05   0.95480
FLUX  397   429.00        6.988170E+14   4.2223E-05   4.4332E-05   0.95242
FLUX  398   431.00        6.955742E+14   3.9029E-05   4.4181E-05   0.88338
FLUX  399   433.00        6.923614E+14   2.8333E-05   4.4031E-05   0.64347
FLUX  400   435.00        6.891782E+14   2.4224E-05   4.3882E-05   0.55202
FLUX  401   437.00        6.860240E+14   3.8982E-05   4.3733E-05   0.89137
FLUX  402   439.00        6.828986E+14   4.1305E-05   4.3585E-05   0.94767
FLUX  403   441.00        6.798016E+14   4.1677E-05   4.3439E-05   0.95945
FLUX  404   443.00        6.767325E+14   4.1925E-05   4.3293E-05   0.96841
FLUX  405   445.00        6.736910E+14   4.2254E-05   4.3148E-05   0.97927
FLUX  406   447.00        6.706767E+14   4.2172E-05   4.3004E-05   0.98065
FLUX  407   449.00        6.676893E+14   4.1795E-05   4.2861E-05   0.97512
FLUX  408   451.00        6.647284E+14   4.2121E-05   4.2719E-05   0.98600
FLUX  409   453.00        6.617936E+14   4.1730E-05   4.2577E-05   0.98010
FLUX  410   455.00        6.588846E+14   4.1239E-05   4.2437E-05   0.97178
FLUX  411   457.00        6.560011E+14   4.1782E-05   4.2297E-05   0.98782
FLUX  412   459.00        6.531427E+14   4.1367E-05   4.2158E-05   0.98125
FLUX  413   461.00        6.503091E+14   4.1812E-05   4.2019E-05   0.99506
FLUX  414   463.00        6.475000E+14   4.1215E-05   4.1882E-05   0.98407
FLUX  415   465.00        6.447151E+14   4.1508E-05   4.1745E-05   0.99431
FLUX  416   467.00        6.419540E+14   4.1379E-05   4.1609E-05   0.99447
FLUX  417   469.00        6.392164E+14   4.0727E-05   4.1474E-05   0.98198
FLUX  418   471.00        6.365021E+14   3.9760E-05   4.1340E-05   0.96178
FLUX  419   473.00        6.338108E+14   4.0850E-05   4.1206E-05   0.99136
FLUX  420   475.00        6.311421E+14   4.0746E-05   4.1073E-05   0.99204
FLUX  421   477.00        6.284958E+14   4.0453E-05   4.0940E-05   0.98811
FLUX  422   479.00        6.258716E+14   4.0101E-05   4.0808E-05   0.98267
FLUX  423   481.00        6.232692E+14   3.9310E-05   4.0677E-05   0.96638
FLUX  424   483.00        6.206884E+14   3.7055E-05   4.0547E-05   0.91389
FLUX  425   485.00        6.181289E+14   2.8086E-05   4.0418E-05   0.69490
FLUX  426   487.00        6.155903E+14   2.2813E-05   4.0289E-05   0.56623
FLUX  427   489.00        6.130726E+14   3.5443E-05   4.0161E-05   0.88252
FLUX  428   491.00        6.105754E+14   3.8401E-05   4.0033E-05   0.95922
FLUX  429   493.00        6.080984E+14   3.8656E-05   3.9907E-05   0.96866
FLUX  430   495.00        6.056414E+14   3.9155E-05   3.9781E-05   0.98427
FLUX  431   497.00        6.032042E+14   3.9373E-05   3.9655E-05   0.99288
FLUX  432   499.00        6.007866E+14   3.9095E-05   3.9530E-05   0.98900
FLUX  433   501.00        5.983882E+14   3.8563E-05   3.9406E-05   0.97861
FLUX  434   503.00        5.960089E+14   3.8954E-05   3.9282E-05   0.99165
FLUX  435   505.00        5.936485E+14   3.8683E-05   3.9159E-05   0.98785
FLUX  436   507.00        5.913067E+14   3.8866E-05   3.9037E-05   0.99564
FLUX  437   509.00        5.889833E+14   3.8729E-05   3.8915E-05   0.99523
FLUX  438   511.00        5.866781E+14   3.8644E-05   3.8794E-05   0.99614
FLUX  439   513.00        5.843908E+14   3.8433E-05   3.8673E-05   0.99379
FLUX  440   515.00        5.821214E+14   3.8214E-05   3.8553E-05   0.99119
FLUX  441   517.00        5.798694E+14   3.7538E-05   3.8434E-05   0.97668
FLUX  442   519.00        5.776349E+14   3.7538E-05   3.8315E-05   0.97972
FLUX  443   521.00        5.754175E+14   3.7825E-05   3.8197E-05   0.99025
FLUX  444   523.00        5.732170E+14   3.7436E-05   3.8080E-05   0.98310
FLUX  445   525.00        5.710333E+14   3.7811E-05   3.7962E-05   0.99601
FLUX  446   527.00        5.688662E+14   3.7062E-05   3.7846E-05   0.97929
FLUX  447   529.00        5.667155E+14   3.7529E-05   3.7730E-05   0.99466
FLUX  448   531.00        5.645810E+14   3.7200E-05   3.7615E-05   0.98897
FLUX  449   533.00        5.624625E+14   3.6946E-05   3.7501E-05   0.98522
FLUX  450   535.00        5.603598E+14   3.7227E-05   3.7387E-05   0.99574
FLUX  451   537.00        5.582728E+14   3.6970E-05   3.7273E-05   0.99188
FLUX  452   539.00        5.562013E+14   3.6912E-05   3.7160E-05   0.99333
FLUX  453   541.00        5.541451E+14   3.6634E-05   3.7047E-05   0.98883
FLUX  454   543.00        5.521041E+14   3.6665E-05   3.6935E-05   0.99268
FLUX  455   545.00        5.500780E+14   3.6633E-05   3.6824E-05   0.99482
FLUX  456   547.00        5.480667E+14   3.6540E-05   3.6713E-05   0.99528
FLUX  457   549.00        5.460701E+14   3.6486E-05   3.6603E-05   0.99681
FLUX  458   551.00        5.440880E+14   3.6385E-05   3.6493E-05   0.99706
FLUX  459   553.00        5.421203E+14   3.6173E-05   3.6384E-05   0.99421
FLUX  460   555.00        5.401667E+14   3.6192E-05   3.6275E-05   0.99772
FLUX  461   557.00        5.382271E+14   3.6027E-05   3.6166E-05   0.99614
FLUX  462   559.00        5.363014E+14   3.5892E-05   3.6059E-05   0.99537
FLUX  463   561.00        5.343895E+14   3.5842E-05   3.5951E-05   0.99695
FLUX  464   563.00        5.324911E+14   3.5792E-05   3.5845E-05   0.99851
FLUX  465   565.00        5.306062E+14   3.5661E-05   3.5739E-05   0.99782
FLUX  466   567.00        5.287346E+14   3.5526E-05   3.5633E-05   0.99700
FLUX  467   569.00        5.268761E+14   3.5460E-05   3.5528E-05   0.99810
FLUX  468   571.00        5.250306E+14   3.5358E-05   3.5423E-05   0.99816
FLUX  469   573.00        5.231981E+14   3.5308E-05   3.5318E-05   0.99971
FLUX  470   575.00        5.213783E+14   3.5165E-05   3.5214E-05   0.99862
FLUX  471   577.00        5.195711E+14   3.5077E-05   3.5110E-05   0.99906
FLUX  472   579.00        5.177763E+14   3.4964E-05   3.5007E-05   0.99876
FLUX  473   581.00        5.159940E+14   3.4874E-05   3.4904E-05   0.99914
FLUX  474   583.00        5.142238E+14   3.4780E-05   3.4802E-05   0.99936
FLUX  475   585.00        5.124658E+14   3.4667E-05   3.4700E-05   0.99905
FLUX  476   587.00        5.107198E+14   3.4556E-05   3.4598E-05   0.99878
FLUX  477   589.00        5.089856E+14   3.4172E-05   3.4497E-05   0.99057
FLUX  478   591.00        5.072631E+14   3.4366E-05   3.4397E-05   0.99911
FLUX  479   593.00        5.055523E+14   3.4271E-05   3.4297E-05   0.99925
FLUX  480   595.00        5.038529E+14   3.4154E-05   3.4197E-05   0.99875
FLUX  481   597.00        5.021650E+14   3.4073E-05   3.4098E-05   0.99927
FLUX  482   599.00        5.004883E+14   3.3940E-05   3.3999E-05   0.99825
FLUX  483   601.00        4.988228E+14   3.3820E-05   3.3901E-05   0.99763
FLUX  484   603.00        4.971683E+14   3.3760E-05   3.3803E-05   0.99874
FLUX  485   605.00        4.955248E+14   3.3668E-05   3.3706E-05   0.99888
FLUX  486   607.00        4.938921E+14   3.3595E-05   3.3609E-05   0.99958
FLUX  487   609.00        4.922701E+14   3.3486E-05   3.3513E-05   0.99921
FLUX  488   611.00        4.906588E+14   3.3377E-05   3.3417E-05   0.99882
FLUX  489   613.00        4.890579E+14   3.3234E-05   3.3321E-05   0.99737
FLUX  490   615.00        4.874675E+14   3.2983E-05   3.3226E-05   0.99269
FLUX  491   617.00        4.858874E+14   3.3016E-05   3.3132E-05   0.99651
FLUX  492   619.00        4.843174E+14   3.3017E-05   3.3037E-05   0.99940
FLUX  493   621.00        4.827576E+14   3.2922E-05   3.2943E-05   0.99937
FLUX  494   623.00        4.812079E+14   3.2801E-05   3.2849E-05   0.99853
FLUX  495   625.00        4.796680E+14   3.2563E-05   3.2756E-05   0.99411
FLUX  496   627.00        4.781380E+14   3.2652E-05   3.2663E-05   0.99964
FLUX  497   629.00        4.766176E+14   3.2559E-05   3.2571E-05   0.99964
FLUX  498   631.00        4.751070E+14   3.2418E-05   3.2479E-05   0.99812
FLUX  499   633.00        4.736058E+14   3.2351E-05   3.2387E-05   0.99888
FLUX  500   635.00        4.721142E+14   3.2105E-05   3.2295E-05   0.99409
FLUX  501   637.00        4.706319E+14   3.2068E-05   3.2204E-05   0.99576
FLUX  502   639.00        4.691588E+14   3.2067E-05   3.2114E-05   0.99853
FLUX  503   641.00        4.676950E+14   3.1908E-05   3.2024E-05   0.99639
FLUX  504   643.00        4.662403E+14   3.1811E-05   3.1934E-05   0.99617
FLUX  505   645.00        4.647946E+14   3.1537E-05   3.1844E-05   0.99036
FLUX  506   647.00        4.633578E+14   3.1527E-05   3.1755E-05   0.99282
FLUX  507   649.00        4.619299E+14   3.1246E-05   3.1666E-05   0.98673
FLUX  508   651.00        4.605108E+14   3.0888E-05   3.1578E-05   0.97815
FLUX  509   653.00        4.591003E+14   2.9823E-05   3.1489E-05   0.94707
FLUX  510   655.00        4.576985E+14   2.5630E-05   3.1402E-05   0.81618
FLUX  511   657.00        4.563052E+14   2.0716E-05   3.1315E-05   0.66155
FLUX  512   659.00        4.549203E+14   2.8453E-05   3.1228E-05   0.91113
FLUX  513   661.00        4.535439E+14   3.0205E-05   3.1141E-05   0.96993
FLUX  514   663.00        4.521757E+14   3.0632E-05   3.1055E-05   0.98639
FLUX  515   665.00        4.508158E+14   3.0730E-05   3.0968E-05   0.99230
FLUX  516   667.00        4.494640E+14   3.0718E-05   3.0882E-05   0.99467
FLUX  517   669.00        4.481203E+14   3.0694E-05   3.0797E-05   0.99667
FLUX  518   671.00        4.467846E+14   3.0657E-05   3.0712E-05   0.99823
FLUX  519   673.00        4.454569E+14   3.0584E-05   3.0627E-05   0.99862
FLUX  520   675.00        4.441370E+14   3.0489E-05   3.0542E-05   0.99824
FLUX  521   677.00        4.428250E+14   3.0450E-05   3.0458E-05   0.99974
FLUX  522   679.00        4.415206E+14   3.0364E-05   3.0374E-05   0.99967
FLUX  523   681.00        4.402239E+14   3.0281E-05   3.0291E-05   0.99968
FLUX  524   683.00        4.389348E+14   3.0180E-05   3.0207E-05   0.99910
FLUX  525   685.00        4.376533E+14   3.0103E-05   3.0124E-05   0.99928
FLUX  526   687.00        4.363792E+14   3.0032E-05   3.0042E-05   0.99966
FLUX  527   689.00        4.351125E+14   2.9951E-05   2.9960E-05   0.99972
FLUX  528   691.00        4.338531E+14   2.9868E-05   2.9878E-05   0.99968
FLUX  529   693.00        4.326010E+14   2.9780E-05   2.9796E-05   0.99946
FLUX  530   695.00        4.313561E+14   2.9704E-05   2.9715E-05   0.99964
FLUX  531   697.00        4.301184E+14   2.9620E-05   2.9634E-05   0.99954
FLUX  532   699.00        4.288877E+14   2.9546E-05   2.9553E-05   0.99976
FLUX  533   701.00        4.276641E+14   2.9420E-05   2.9473E-05   0.99822
FLUX  534   703.00        4.264474E+14   2.9364E-05   2.9393E-05   0.99901
FLUX  535   705.00        4.252376E+14   2.9295E-05   2.9313E-05   0.99939
FLUX  536   707.00        4.240347E+14   2.9225E-05   2.9234E-05   0.99969
FLUX  537   709.00        4.228385E+14   2.9148E-05   2.9154E-05   0.99979
FLUX  538   711.00        4.216491E+14   2.8862E-05   2.9076E-05   0.99265
FLUX  539   713.00        4.204663E+14   2.8949E-05   2.8997E-05   0.99835
FLUX  540   715.00        4.192902E+14   2.8880E-05   2.8919E-05   0.99867
FLUX  541   717.00        4.181206E+14   2.8814E-05   2.8841E-05   0.99907
FLUX  542   719.00        4.169576E+14   2.8729E-05   2.8763E-05   0.99880
FLUX  543   721.00        4.158010E+14   2.8661E-05   2.8686E-05   0.99915
FLUX  544   723.00        4.146508E+14   2.8580E-05   2.8608E-05   0.99900
FLUX  545   725.00        4.135069E+14   2.8487E-05   2.8532E-05   0.99843
FLUX  546   727.00        4.123693E+14   2.8442E-05   2.8456E-05   0.99954
FLUX  547   729.00        4.112380E+14   2.8339E-05   2.8379E-05   0.99858
FLUX  548   731.00        4.101129E+14   2.8271E-05   2.8304E-05   0.99881
FLUX  549   733.00        4.089939E+14   2.8200E-05   2.8228E-05   0.99899
FLUX  550   735.00        4.078810E+14   2.8141E-05   2.8153E-05   0.99958
FLUX  551   737.00        4.067741E+14   2.8070E-05   2.8078E-05   0.99973
FLUX  552   739.00        4.056732E+14   2.7978E-05   2.8003E-05   0.99911
FLUX  553   741.00        4.045783E+14   2.7878E-05   2.7928E-05   0.99820
FLUX  554   743.00        4.034892E+14   2.7781E-05   2.7854E-05   0.99737
FLUX  555   745.00        4.024060E+14   2.7731E-05   2.7780E-05   0.99825
FLUX  556   747.00        4.013286E+14   2.7597E-05   2.7706E-05   0.99606
FLUX  557   749.00        4.002570E+14   2.7555E-05   2.7632E-05   0.99719
FLUX  558   751.00        3.991911E+14   2.7521E-05   2.7559E-05   0.99863
FLUX  559   753.00        3.981308E+14   2.7463E-05   2.7486E-05   0.99917
FLUX  560   755.00        3.970762E+14   2.7409E-05   2.7413E-05   0.99984
FLUX  561   757.00        3.960271E+14   2.7329E-05   2.7341E-05   0.99959
FLUX  562   759.00        3.949835E+14   2.7262E-05   2.7268E-05   0.99977
FLUX  563   761.00        3.939455E+14   2.7191E-05   2.7196E-05   0.99978
FLUX  564   763.00        3.929128E+14   2.7115E-05   2.7125E-05   0.99966
FLUX  565   765.00        3.918856E+14   2.7035E-05   2.7053E-05   0.99934
FLUX  566   767.00        3.908638E+14   2.6943E-05   2.6982E-05   0.99856
FLUX  567   769.00        3.898472E+14   2.6885E-05   2.6911E-05   0.99904
FLUX  568   771.00        3.888359E+14   2.6806E-05   2.6840E-05   0.99874
FLUX  569   773.00        3.878299E+14   2.6762E-05   2.6769E-05   0.99971
FLUX  570   775.00        3.868290E+14   2.6684E-05   2.6699E-05   0.99942
FLUX  571   777.00        3.858333E+14   2.6198E-05   2.6629E-05   0.98380
FLUX  572   779.00        3.848427E+14   2.6555E-05   2.6559E-05   0.99985
FLUX  573   781.00        3.838572E+14   2.6483E-05   2.6490E-05   0.99973
FLUX  574   783.00        3.828768E+14   2.6390E-05   2.6421E-05   0.99883
FLUX  575   785.00        3.819013E+14   2.6301E-05   2.6352E-05   0.99807
FLUX  576   787.00        3.809307E+14   2.6195E-05   2.6283E-05   0.99667
FLUX  577   789.00        3.799651E+14   2.6103E-05   2.6214E-05   0.99576
FLUX  578   791.00        3.790044E+14   2.6094E-05   2.6146E-05   0.99800
FLUX  579   793.00        3.780485E+14   2.6031E-05   2.6078E-05   0.99822
FLUX  580   795.00        3.770975E+14   2.5930E-05   2.6010E-05   0.99694
FLUX  581   797.00        3.761512E+14   2.5937E-05   2.5943E-05   0.99978
FLUX  582   799.00        3.752096E+14   2.5744E-05   2.5875E-05   0.99495
FLUX  583   801.00        3.742728E+14   2.5790E-05   2.5808E-05   0.99931
FLUX  584   803.00        3.733406E+14   2.5715E-05   2.5741E-05   0.99897
FLUX  585   805.00        3.724130E+14   2.5660E-05   2.5675E-05   0.99943
FLUX  586   807.00        3.714901E+14   2.5587E-05   2.5608E-05   0.99917
FLUX  587   809.00        3.705717E+14   2.5521E-05   2.5542E-05   0.99919
FLUX  588   811.00        3.696578E+14   2.5468E-05   2.5476E-05   0.99969
FLUX  589   813.00        3.687485E+14   2.5408E-05   2.5410E-05   0.99990
FLUX  590   815.00        3.678436E+14   2.5342E-05   2.5345E-05   0.99989
FLUX  591   817.00        3.669431E+14   2.5277E-05   2.5280E-05   0.99989
FLUX  592   819.00        3.660470E+14   2.5086E-05   2.5215E-05   0.99488
FLUX  593   821.00        3.651553E+14   2.5107E-05   3.0402E-05   0.82584
FLUX  594   823.00        3.642679E+14   2.5039E-05   3.0312E-05   0.82604
FLUX  595   825.00        3.633848E+14   2.4981E-05   3.0223E-05   0.82653
FLUX  596   827.00        3.625060E+14   2.5054E-05   3.0135E-05   0.83139
FLUX  597   829.00        3.616315E+14   2.4994E-05   3.0047E-05   0.83185
FLUX  598   831.00        3.607611E+14   2.4943E-05   2.9959E-05   0.83259
FLUX  599   833.00        3.598950E+14   2.4760E-05   2.9872E-05   0.82889
FLUX  600   835.00        3.590329E+14   2.4831E-05   2.9784E-05   0.83369
FLUX  601   837.00        3.581750E+14   2.4764E-05   2.9698E-05   0.83386
FLUX  602   839.00        3.573212E+14   2.4657E-05   2.9611E-05   0.83268
FLUX  603   841.00        3.564715E+14   2.4570E-05   2.9526E-05   0.83215
FLUX  604   843.00        3.556257E+14   2.4486E-05   2.9440E-05   0.83171
FLUX  605   845.00        3.547840E+14   2.4220E-05   2.9355E-05   0.82509
FLUX  606   847.00        3.539463E+14   2.4013E-05   2.9270E-05   0.82042
FLUX  607   849.00        3.531125E+14   2.4403E-05   2.9185E-05   0.83614
FLUX  608   851.00        3.522826E+14   2.3375E-05   2.9101E-05   0.80323
FLUX  609   853.00        3.514566E+14   2.4472E-05   2.9017E-05   0.84335
FLUX  610   855.00        3.506345E+14   2.2280E-05   2.8934E-05   0.77004
FLUX  611   857.00        3.498162E+14   2.4778E-05   2.8851E-05   0.85882
FLUX  612   859.00        3.490017E+14   2.3175E-05   2.8768E-05   0.80559
FLUX  613   861.00        3.481911E+14   2.2713E-05   2.8686E-05   0.79178
FLUX  614   863.00        3.473841E+14   2.5175E-05   2.8604E-05   0.88012
FLUX  615   865.00        3.465809E+14   2.4178E-05   2.8522E-05   0.84768
FLUX  616   867.00        3.457814E+14   2.0273E-05   2.8441E-05   0.71281
FLUX  617   869.00        3.449856E+14   2.4782E-05   2.8360E-05   0.87383
FLUX  618   871.00        3.441935E+14   2.5839E-05   2.8279E-05   0.91372
FLUX  619   873.00        3.434049E+14   2.4787E-05   2.8199E-05   0.87901
FLUX  620   875.00        3.426200E+14   1.9676E-05   2.8119E-05   0.69974
FLUX  621   877.00        3.418387E+14   2.3717E-05   2.8040E-05   0.84582
FLUX  622   879.00        3.410609E+14   2.6050E-05   2.7961E-05   0.93167
FLUX  623   881.00        3.402866E+14   2.6377E-05   2.7882E-05   0.94604
FLUX  624   883.00        3.395159E+14   2.5695E-05   2.7803E-05   0.92416
FLUX  625   885.00        3.387486E+14   2.2762E-05   2.7725E-05   0.82101
FLUX  626   887.00        3.379848E+14   1.9380E-05   2.7647E-05   0.70097
FLUX  627   889.00        3.372244E+14   2.4621E-05   2.7569E-05   0.89304
FLUX  628   891.00        3.364675E+14   2.6088E-05   2.7492E-05   0.94894
FLUX  629   893.00        3.357139E+14   2.6477E-05   2.7415E-05   0.96576
FLUX  630   895.00        3.349637E+14   2.6601E-05   2.7339E-05   0.97299
FLUX  631   897.00        3.342168E+14   2.6092E-05   2.7263E-05   0.95706
FLUX  632   899.00        3.334733E+14   2.4608E-05   2.7187E-05   0.90513
FLUX  633   901.00        3.327331E+14   1.9549E-05   2.7111E-05   0.72109
FLUX  634   903.00        3.319961E+14   2.1493E-05   2.7036E-05   0.79500
FLUX  635   905.00        3.312624E+14   2.4990E-05   2.6961E-05   0.92691
FLUX  636   907.00        3.305320E+14   2.5641E-05   2.6886E-05   0.95370
FLUX  637   909.00        3.298047E+14   2.5725E-05   2.6812E-05   0.95946
FLUX  638   911.00        3.290807E+14   2.6201E-05   2.6738E-05   0.97994
FLUX  639   913.00        3.283598E+14   2.6304E-05   2.6664E-05   0.98649
FLUX  640   915.00        3.276421E+14   2.6189E-05   2.6590E-05   0.98492
FLUX  641   917.00        3.269275E+14   2.5851E-05   2.6517E-05   0.97489
FLUX  642   919.00        3.262160E+14   2.5082E-05   2.6444E-05   0.94848
FLUX  643   921.00        3.255076E+14   2.2992E-05   2.6372E-05   0.87184
FLUX  644   923.00        3.248023E+14   1.8010E-05   2.6299E-05   0.68480
FLUX  645   925.00        3.241000E+14   2.2274E-05   2.6227E-05   0.84927
FLUX  646   927.00        3.234008E+14   2.4334E-05   2.6156E-05   0.93036
FLUX  647   929.00        3.227045E+14   2.5418E-05   2.6084E-05   0.97445
FLUX  648   931.00        3.220113E+14   2.5658E-05   2.6013E-05   0.98634
FLUX  649   933.00        3.213210E+14   2.5706E-05   2.5942E-05   0.99090
FLUX  650   935.00        3.206337E+14   2.5709E-05   2.5872E-05   0.99371
FLUX  651   937.00        3.199493E+14   2.5671E-05   2.5801E-05   0.99496
FLUX  652   939.00        3.192678E+14   2.5537E-05   2.5731E-05   0.99246
FLUX  653   941.00        3.185893E+14   2.5124E-05   2.5662E-05   0.97905
FLUX  654   943.00        3.179136E+14   2.5362E-05   2.5592E-05   0.99101
FLUX  655   945.00        3.172407E+14   2.5269E-05   2.5523E-05   0.99006
FLUX  656   947.00        3.165707E+14   2.5088E-05   2.5454E-05   0.98560
FLUX  657   949.00        3.159036E+14   2.4727E-05   2.5386E-05   0.97406
FLUX  658   951.00        3.152392E+14   2.3901E-05   2.5317E-05   0.94406
FLUX  659   953.00        3.145776E+14   2.1635E-05   2.5249E-05   0.85687
FLUX  660   955.00        3.139188E+14   1.7472E-05   2.5181E-05   0.69385
FLUX  661   957.00        3.132628E+14   2.2021E-05   2.5114E-05   0.87687
FLUX  662   959.00        3.126095E+14   2.3824E-05   2.5046E-05   0.95121
FLUX  663   961.00        3.119589E+14   2.4307E-05   2.4979E-05   0.97307
FLUX  664   963.00        3.113110E+14   2.4359E-05   2.4912E-05   0.97778
FLUX  665   965.00        3.106658E+14   2.4624E-05   2.4846E-05   0.99105
FLUX  666   967.00        3.100233E+14   2.4452E-05   2.4780E-05   0.98677
FLUX  667   969.00        3.093834E+14   2.4549E-05   2.4714E-05   0.99333
FLUX  668   971.00        3.087461E+14   2.4580E-05   2.4648E-05   0.99725
FLUX  669   973.00        3.081115E+14   2.4522E-05   2.4582E-05   0.99753
FLUX  670   975.00        3.074795E+14   2.4458E-05   2.4517E-05   0.99759
FLUX  671   977.00        3.068501E+14   2.4438E-05   2.4452E-05   0.99941
FLUX  672   979.00        3.062232E+14   2.4372E-05   2.4388E-05   0.99938
FLUX  673   981.00        3.055989E+14   2.4305E-05   2.4323E-05   0.99926
FLUX  674   983.00        3.049771E+14   2.4224E-05   2.4259E-05   0.99856
FLUX  675   985.00        3.043579E+14   2.4112E-05   2.4195E-05   0.99657
FLUX  676   987.00        3.037411E+14   2.4025E-05   2.4131E-05   0.99560
FLUX  677   989.00        3.031269E+14   2.3859E-05   2.4068E-05   0.99132
FLUX  678   991.00        3.025151E+14   2.3866E-05   2.4004E-05   0.99424
FLUX  679   993.00        3.019058E+14   2.3761E-05   2.3941E-05   0.99246
FLUX  680   995.00        3.012990E+14   2.3663E-05   2.3879E-05   0.99098
FLUX  681   997.00        3.006946E+14   2.3506E-05   2.3816E-05   0.98699
FLUX  682   999.00        3.000926E+14   2.3197E-05   2.3754E-05   0.97657
FLUX  683  1002.50        2.990449E+14   2.0871E-05   2.3645E-05   0.88267
FLUX  684  1007.50        2.975608E+14   1.9999E-05   2.3492E-05   0.85134
FLUX  685  1012.50        2.960914E+14   2.2825E-05   2.3339E-05   0.97797
FLUX  686  1017.50        2.946364E+14   2.3047E-05   2.3188E-05   0.99391
FLUX  687  1022.50        2.931956E+14   2.2994E-05   2.3039E-05   0.99804
FLUX  688  1027.50        2.917689E+14   2.2882E-05   2.2891E-05   0.99962
FLUX  689  1032.50        2.903559E+14   2.2720E-05   2.2744E-05   0.99892
FLUX  690  1037.50        2.889566E+14   2.2580E-05   2.2599E-05   0.99917
FLUX  691  1042.50        2.875707E+14   2.2437E-05   2.2455E-05   0.99919
FLUX  692  1047.50        2.861981E+14   2.2190E-05   2.2312E-05   0.99453
FLUX  693  1052.50        2.848385E+14   2.2112E-05   2.2171E-05   0.99734
FLUX  694  1057.50        2.834917E+14   2.1986E-05   2.2031E-05   0.99794
FLUX  695  1062.50        2.821576E+14   2.1848E-05   2.1892E-05   0.99797
FLUX  696  1067.50        2.808361E+14   2.1451E-05   2.1755E-05   0.98605
FLUX  697  1072.50        2.795268E+14   2.1461E-05   2.1618E-05   0.99273
FLUX  698  1077.50        2.782297E+14   2.1347E-05   2.1483E-05   0.99364
FLUX  699  1082.50        2.769446E+14   2.1121E-05   2.1349E-05   0.98932
FLUX  700  1087.50        2.756713E+14   2.0604E-05   2.1217E-05   0.97111
FLUX  701  1092.50        2.744096E+14   1.7331E-05   2.1085E-05   0.82196
FLUX  702  1097.50        2.731595E+14   1.9128E-05   2.0955E-05   0.91281
FLUX  703  1102.50        2.719206E+14   2.0496E-05   2.0826E-05   0.98418
FLUX  704  1107.50        2.706930E+14   2.0592E-05   2.0698E-05   0.99491
FLUX  705  1112.50        2.694764E+14   2.0515E-05   2.0571E-05   0.99727
FLUX  706  1117.50        2.682707E+14   2.0425E-05   2.0445E-05   0.99903
FLUX  707  1122.50        2.670757E+14   2.0313E-05   2.0320E-05   0.99963
FLUX  708  1127.50        2.658914E+14   2.0021E-05   2.0197E-05   0.99131
FLUX  709  1132.50        2.647174E+14   1.9898E-05   2.0074E-05   0.99122
FLUX  710  1137.50        2.635538E+14   1.9906E-05   1.9953E-05   0.99766
FLUX  711  1142.50        2.624004E+14   1.9761E-05   1.9832E-05   0.99642
FLUX  712  1147.50        2.612571E+14   1.9704E-05   1.9713E-05   0.99955
FLUX  713  1152.50        2.601236E+14   1.9592E-05   1.9594E-05   0.99986
FLUX  714  1157.50        2.590000E+14   1.9469E-05   1.9477E-05   0.99958
FLUX  715  1162.50        2.578860E+14   1.9262E-05   1.9361E-05   0.99491
FLUX  716  1167.50        2.567816E+14   1.9064E-05   1.9245E-05   0.99059
FLUX  717  1172.50        2.556866E+14   1.9126E-05   1.9131E-05   0.99977
FLUX  718  1177.50        2.546008E+14   1.8799E-05   1.9017E-05   0.98850
FLUX  719  1182.50        2.535243E+14   1.8801E-05   1.8905E-05   0.99449
FLUX  720  1187.50        2.524568E+14   1.8653E-05   1.8793E-05   0.99251
FLUX  721  1192.50        2.513983E+14   1.8682E-05   1.8683E-05   0.99998
FLUX  722  1197.50        2.503486E+14   1.8482E-05   1.8573E-05   0.99508
FLUX  723  1202.50        2.493077E+14   1.8438E-05   1.8464E-05   0.99859
FLUX  724  1207.50        2.482754E+14   1.8302E-05   1.8356E-05   0.99703
FLUX  725  1212.50        2.472515E+14   1.8210E-05   1.8249E-05   0.99784
FLUX  726  1217.50        2.462361E+14   1.8131E-05   1.8143E-05   0.99935
FLUX  727  1222.50        2.452290E+14   1.8018E-05   1.8038E-05   0.99891
FLUX  728  1227.50        2.442301E+14   1.7894E-05   1.7933E-05   0.99781
FLUX  729  1232.50        2.432394E+14   1.7801E-05   1.7830E-05   0.99838
FLUX  730  1237.50        2.422566E+14   1.7710E-05   1.7727E-05   0.99903
FLUX  731  1242.50        2.412817E+14   1.7622E-05   1.7625E-05   0.99983
FLUX  732  1247.50        2.403146E+14   1.7499E-05   1.7524E-05   0.99859
FLUX  733  1252.50        2.393553E+14   1.7404E-05   1.7424E-05   0.99886
FLUX  734  1257.50        2.384036E+14   1.7251E-05   1.7324E-05   0.99574
FLUX  735  1262.50        2.374594E+14   1.7143E-05   1.7226E-05   0.99522
FLUX  736  1267.50        2.365227E+14   1.7043E-05   1.7128E-05   0.99504
FLUX  737  1272.50        2.355933E+14   1.6824E-05   1.7031E-05   0.98784
FLUX  738  1277.50        2.346712E+14   1.6080E-05   1.6935E-05   0.94954
FLUX  739  1282.50        2.337563E+14   1.3796E-05   1.6839E-05   0.81931
FLUX  740  1287.50        2.328485E+14   1.6081E-05   1.6744E-05   0.96038
FLUX  741  1292.50        2.319478E+14   1.6476E-05   1.6650E-05   0.98955
FLUX  742  1297.50        2.310539E+14   1.6485E-05   1.6557E-05   0.99564
FLUX  743  1302.50        2.301670E+14   1.6440E-05   1.6465E-05   0.99848
FLUX  744  1307.50        2.292868E+14   1.6371E-05   1.6373E-05   0.99988
FLUX  745  1312.50        2.284133E+14   1.6274E-05   1.6282E-05   0.99950
FLUX  746  1317.50        2.275465E+14   1.6160E-05   1.6191E-05   0.99804
FLUX  747  1322.50        2.266862E+14   1.6099E-05   1.6102E-05   0.99982
FLUX  748  1327.50        2.258324E+14   1.6010E-05   1.6013E-05   0.99983
FLUX  749  1332.50        2.249850E+14   1.5923E-05   1.5924E-05   0.99989
FLUX  750  1337.50        2.241439E+14   1.5835E-05   1.5837E-05   0.99986
FLUX  751  1342.50        2.233091E+14   1.5748E-05   1.5750E-05   0.99986
FLUX  752  1347.50        2.224805E+14   1.5659E-05   1.5664E-05   0.99974
FLUX  753  1352.50        2.216580E+14   1.5557E-05   1.5578E-05   0.99863
FLUX  754  1357.50        2.208416E+14   1.5476E-05   1.5493E-05   0.99893
FLUX  755  1362.50        2.200312E+14   1.5403E-05   1.5409E-05   0.99965
FLUX  756  1367.50        2.192267E+14   1.5314E-05   1.5325E-05   0.99931
FLUX  757  1372.50        2.184281E+14   1.5177E-05   1.5242E-05   0.99571
FLUX  758  1377.50        2.176352E+14   1.5143E-05   1.5160E-05   0.99890
FLUX  759  1382.50        2.168481E+14   1.5064E-05   1.5078E-05   0.99910
FLUX  760  1387.50        2.160667E+14   1.4996E-05   1.4997E-05   0.99998
FLUX  761  1392.50        2.152908E+14   1.4898E-05   1.4916E-05   0.99879
FLUX  762  1397.50        2.145206E+14   1.4829E-05   1.4836E-05   0.99953
FLUX  763  1402.50        2.137558E+14   1.4752E-05   1.4757E-05   0.99967
FLUX  764  1407.50        2.129964E+14   1.4677E-05   1.4678E-05   0.99991
FLUX  765  1412.50        2.122425E+14   1.4593E-05   1.4600E-05   0.99954
FLUX  766  1417.50        2.114938E+14   1.4518E-05   1.4522E-05   0.99972
FLUX  767  1422.50        2.107504E+14   1.4438E-05   1.4445E-05   0.99952
FLUX  768  1427.50        2.100123E+14   1.4360E-05   1.4369E-05   0.99941
FLUX  769  1432.50        2.092792E+14   1.4288E-05   1.4293E-05   0.99968
FLUX  770  1437.50        2.085513E+14   1.4217E-05   1.4217E-05   0.99997
FLUX  771  1442.50        2.078284E+14   1.4012E-05   1.4142E-05   0.99075
FLUX  772  1447.50        2.071105E+14   1.4064E-05   1.4068E-05   0.99967
FLUX  773  1452.50        2.063976E+14   1.3928E-05   1.3994E-05   0.99527
FLUX  774  1457.00        2.057601E+14   1.3923E-05   1.3929E-05   0.99958
FLUX  775  1462.00        2.050564E+14   1.3838E-05   1.4692E-05   0.94188
FLUX  776  1467.50        2.042879E+14   1.3787E-05   1.4606E-05   0.94390
FLUX  777  1472.50        2.035942E+14   1.3713E-05   1.4529E-05   0.94383
FLUX  778  1477.50        2.029052E+14   1.3618E-05   1.4452E-05   0.94228
FLUX  779  1482.50        2.022209E+14   1.3571E-05   1.4376E-05   0.94400
FLUX  780  1487.50        2.015412E+14   1.3471E-05   1.4300E-05   0.94202
FLUX  781  1492.50        2.008660E+14   1.3462E-05   1.4224E-05   0.94638
FLUX  782  1497.50        2.001953E+14   1.3386E-05   1.4150E-05   0.94600
FLUX  783  1502.50        1.995291E+14   1.3287E-05   1.4075E-05   0.94398
FLUX  784  1507.50        1.988673E+14   1.3236E-05   1.4002E-05   0.94533
FLUX  785  1512.50        1.982099E+14   1.3187E-05   1.3929E-05   0.94679
FLUX  786  1517.50        1.975568E+14   1.3117E-05   1.3856E-05   0.94666
FLUX  787  1522.50        1.969080E+14   1.3054E-05   1.3784E-05   0.94707
FLUX  788  1527.50        1.962635E+14   1.2963E-05   1.3712E-05   0.94541
FLUX  789  1532.50        1.956232E+14   1.2886E-05   1.3641E-05   0.94467
FLUX  790  1537.50        1.949870E+14   1.2850E-05   1.3570E-05   0.94696
FLUX  791  1542.50        1.943549E+14   1.2680E-05   1.3500E-05   0.93927
FLUX  792  1547.50        1.937270E+14   1.2707E-05   1.3430E-05   0.94615
FLUX  793  1552.50        1.931031E+14   1.2636E-05   1.3360E-05   0.94574
FLUX  794  1557.50        1.924831E+14   1.2374E-05   1.3292E-05   0.93100
FLUX  795  1562.50        1.918672E+14   1.2637E-05   1.3223E-05   0.95567
FLUX  796  1567.50        1.912552E+14   1.2317E-05   1.3155E-05   0.93631
FLUX  797  1572.50        1.906471E+14   1.2073E-05   1.3088E-05   0.92245
FLUX  798  1577.50        1.900428E+14   1.2481E-05   1.3021E-05   0.95857
FLUX  799  1582.50        1.894423E+14   1.2397E-05   1.2954E-05   0.95704
FLUX  800  1587.50        1.888457E+14   1.1479E-05   1.2888E-05   0.89067
FLUX  801  1592.50        1.882527E+14   1.2093E-05   1.2822E-05   0.94315
FLUX  802  1597.50        1.876635E+14   1.2369E-05   1.2756E-05   0.96960
FLUX  803  1605.00        1.867866E+14   1.2044E-05   1.2659E-05   0.95141
FLUX  804  1615.00        1.856300E+14   1.1460E-05   1.2530E-05   0.91456
FLUX  805  1625.00        1.844877E+14   1.2185E-05   1.2403E-05   0.98241
FLUX  806  1635.00        1.833593E+14   1.1645E-05   1.2278E-05   0.94851
FLUX  807  1645.00        1.822447E+14   1.1023E-05   1.2153E-05   0.90702
FLUX  808  1655.00        1.811435E+14   1.1895E-05   1.2029E-05   0.98883
FLUX  809  1665.00        1.800556E+14   1.1805E-05   1.1908E-05   0.99134
FLUX  810  1675.00        1.789806E+14   1.1157E-05   1.1788E-05   0.94648
FLUX  811  1685.00        1.779184E+14   1.0535E-05   1.1670E-05   0.90274
FLUX  812  1695.00        1.768687E+14   1.1444E-05   1.1554E-05   0.99055
FLUX  813  1705.00        1.758314E+14   1.1387E-05   1.1439E-05   0.99545
FLUX  814  1715.00        1.748061E+14   1.1280E-05   1.1326E-05   0.99591
FLUX  815  1725.00        1.737928E+14   1.1031E-05   1.1215E-05   0.98363
FLUX  816  1735.00        1.727911E+14   9.7812E-06   1.1105E-05   0.88076
FLUX  817  1745.00        1.718009E+14   1.0646E-05   1.0997E-05   0.96807
FLUX  818  1755.00        1.708219E+14   1.0815E-05   1.0891E-05   0.99303
FLUX  819  1765.00        1.698541E+14   1.0748E-05   1.0786E-05   0.99646
FLUX  820  1775.00        1.688972E+14   1.0668E-05   1.0683E-05   0.99856
FLUX  821  1785.00        1.679510E+14   1.0559E-05   1.0581E-05   0.99796
FLUX  822  1795.00        1.670153E+14   1.0451E-05   1.0481E-05   0.99713
FLUX  823  1805.00        1.660900E+14   1.0246E-05   1.0382E-05   0.98694
FLUX  824  1815.00        1.651749E+14   9.1784E-06   1.0284E-05   0.89248
FLUX  825  1825.00        1.642699E+14   9.7675E-06   1.0188E-05   0.95873
FLUX  826  1835.00        1.633747E+14   1.0027E-05   1.0093E-05   0.99343
FLUX  827  1845.00        1.624892E+14   9.9655E-06   9.9996E-06   0.99659
FLUX  828  1855.00        1.616132E+14   9.8530E-06   9.9073E-06   0.99451
FLUX  829  1865.00        1.607466E+14   9.6533E-06   9.8164E-06   0.98338
FLUX  830  1875.00        1.598893E+14   8.6093E-06   9.7267E-06   0.88512
FLUX  831  1885.00        1.590411E+14   9.4262E-06   9.6382E-06   0.97800
FLUX  832  1895.00        1.582018E+14   9.4866E-06   9.5510E-06   0.99326
FLUX  833  1905.00        1.573714E+14   9.4534E-06   9.4649E-06   0.99878
FLUX  834  1915.00        1.565496E+14   9.3679E-06   9.3800E-06   0.99871
FLUX  835  1925.00        1.557364E+14   9.2557E-06   9.2962E-06   0.99564
FLUX  836  1935.00        1.549315E+14   9.0344E-06   9.2136E-06   0.98055
FLUX  837  1945.00        1.541350E+14   8.0818E-06   9.1320E-06   0.88500
FLUX  838  1955.00        1.533465E+14   8.8743E-06   9.0515E-06   0.98042
FLUX  839  1965.00        1.525662E+14   8.9375E-06   8.9721E-06   0.99615
FLUX  840  1975.00        1.517937E+14   8.8824E-06   8.8937E-06   0.99873
FLUX  841  1985.00        1.510290E+14   8.8139E-06   8.8163E-06   0.99973
FLUX  842  1995.00        1.502719E+14   8.7381E-06   8.7399E-06   0.99979
FLUX  843  2005.00        1.495224E+14   8.6635E-06   8.6645E-06   0.99989
FLUX  844  2015.00        1.487804E+14   8.5896E-06   8.5901E-06   0.99994
FLUX  845  2025.00        1.480457E+14   8.5149E-06   8.5167E-06   0.99979
FLUX  846  2035.00        1.473182E+14   8.4408E-06   8.4442E-06   0.99960
FLUX  847  2045.00        1.465978E+14   8.3724E-06   8.3726E-06   0.99998
FLUX  848  2055.00        1.458844E+14   8.3017E-06   8.3020E-06   0.99997
FLUX  849  2065.00        1.451780E+14   8.2278E-06   8.2322E-06   0.99946
FLUX  850  2075.00        1.444783E+14   8.1609E-06   8.1633E-06   0.99970
FLUX  851  2085.00        1.437854E+14   8.0943E-06   8.0953E-06   0.99987
FLUX  852  2095.00        1.430990E+14   8.0259E-06   8.0281E-06   0.99973
FLUX  853  2105.00        1.424192E+14   7.9585E-06   7.9618E-06   0.99958
FLUX  854  2115.00        1.417459E+14   7.8850E-06   7.8963E-06   0.99857
FLUX  855  2125.00        1.410788E+14   7.8187E-06   7.8316E-06   0.99835
FLUX  856  2135.00        1.404180E+14   7.7571E-06   7.7677E-06   0.99864
FLUX  857  2145.00        1.397634E+14   7.6755E-06   7.7045E-06   0.99622
FLUX  858  2155.00        1.391148E+14   7.5204E-06   7.6422E-06   0.98407
FLUX  859  2165.00        1.384723E+14   6.7733E-06   7.5806E-06   0.89350
FLUX  860  2175.00        1.378356E+14   7.3313E-06   7.5198E-06   0.97494
FLUX  861  2185.00        1.372048E+14   7.4233E-06   7.4596E-06   0.99512
FLUX  862  2195.00        1.365797E+14   7.3956E-06   7.4002E-06   0.99937
FLUX  863  2205.00        1.359603E+14   7.3373E-06   7.3415E-06   0.99942
FLUX  864  2215.00        1.353465E+14   7.2745E-06   7.2836E-06   0.99876
FLUX  865  2225.00        1.347382E+14   7.2260E-06   7.2263E-06   0.99997
FLUX  866  2235.00        1.341353E+14   7.1692E-06   7.1696E-06   0.99994
FLUX  867  2245.00        1.335379E+14   7.1134E-06   7.1137E-06   0.99997
FLUX  868  2255.00        1.329457E+14   7.0529E-06   7.0584E-06   0.99922
FLUX  869  2265.00        1.323587E+14   7.0026E-06   7.0037E-06   0.99984
FLUX  870  2275.00        1.317769E+14   6.9485E-06   6.9497E-06   0.99983
FLUX  871  2285.00        1.312002E+14   6.8971E-06   7.0417E-06   0.97946
FLUX  872  2295.00        1.306285E+14   6.8439E-06   6.9872E-06   0.97949
FLUX  873  2305.00        1.300618E+14   6.7954E-06   6.9333E-06   0.98012
FLUX  874  2315.00        1.295000E+14   6.7443E-06   6.8800E-06   0.98027
FLUX  875  2325.00        1.289430E+14   6.6952E-06   6.8273E-06   0.98065
FLUX  876  2335.00        1.283908E+14   6.6453E-06   6.7753E-06   0.98081
FLUX  877  2345.00        1.278433E+14   6.5968E-06   6.7238E-06   0.98111
FLUX  878  2355.00        1.273004E+14   6.5484E-06   6.6729E-06   0.98135
FLUX  879  2365.00        1.267622E+14   6.5006E-06   6.6226E-06   0.98158
FLUX  880  2375.00        1.262284E+14   6.4525E-06   6.5729E-06   0.98168
FLUX  881  2385.00        1.256992E+14   6.4049E-06   6.5237E-06   0.98179
FLUX  882  2395.00        1.251743E+14   6.3582E-06   6.4751E-06   0.98195
FLUX  883  2405.00        1.246538E+14   6.3106E-06   6.4270E-06   0.98187
FLUX  884  2415.00        1.241377E+14   6.2636E-06   6.3795E-06   0.98183
FLUX  885  2425.00        1.236258E+14   6.2195E-06   6.3325E-06   0.98216
FLUX  886  2435.00        1.231181E+14   6.1718E-06   6.2860E-06   0.98183
FLUX  887  2445.00        1.226145E+14   6.1238E-06   6.2400E-06   0.98137
FLUX  888  2455.00        1.221151E+14   6.0838E-06   6.1946E-06   0.98211
FLUX  889  2465.00        1.216197E+14   6.0318E-06   6.1496E-06   0.98085
FLUX  890  2475.00        1.211283E+14   5.9891E-06   6.1051E-06   0.98100
FLUX  891  2485.00        1.206408E+14   5.9583E-06   6.0611E-06   0.98304
FLUX  892  2495.00        1.201573E+14   5.8681E-06   6.0176E-06   0.97516
FLUX  893  2505.00        1.196776E+14   5.8802E-06   5.9745E-06   0.98422
FLUX  894  2515.00        1.192018E+14   5.8395E-06   5.9319E-06   0.98443
FLUX  895  2525.00        1.187297E+14   5.7113E-06   5.8897E-06   0.96971
FLUX  896  2535.00        1.182613E+14   5.7497E-06   5.8480E-06   0.98319
FLUX  897  2545.00        1.177967E+14   5.7354E-06   5.8068E-06   0.98771
FLUX  898  2555.00        1.173356E+14   5.6628E-06   5.7660E-06   0.98211
FLUX  899  2565.00        1.168782E+14   5.4909E-06   5.7256E-06   0.95902
FLUX  900  2575.00        1.164243E+14   5.5955E-06   5.6856E-06   0.98416
FLUX  901  2585.00        1.159739E+14   5.5827E-06   5.6460E-06   0.98879
FLUX  902  2595.00        1.155270E+14   5.5415E-06   5.6069E-06   0.98834
FLUX  903  2605.00        1.150835E+14   5.4166E-06   5.5682E-06   0.97278
FLUX  904  2615.00        1.146434E+14   5.1863E-06   5.5298E-06   0.93789
FLUX  905  2625.00        1.142067E+14   4.8979E-06   5.4919E-06   0.89184
FLUX  906  2635.00        1.137732E+14   5.2786E-06   5.4543E-06   0.96778
FLUX  907  2645.00        1.133431E+14   5.3555E-06   5.4172E-06   0.98862
FLUX  908  2655.00        1.129162E+14   5.3304E-06   5.3804E-06   0.99071
FLUX  909  2665.00        1.124925E+14   5.2359E-06   5.3440E-06   0.97977
FLUX  910  2675.00        1.120720E+14   4.9184E-06   5.3080E-06   0.92661
FLUX  911  2685.00        1.116546E+14   5.1672E-06   5.2723E-06   0.98006
FLUX  912  2695.00        1.112403E+14   5.2053E-06   5.2370E-06   0.99394
FLUX  913  2705.00        1.108290E+14   5.1835E-06   5.2020E-06   0.99643
FLUX  914  2715.00        1.104208E+14   5.1542E-06   5.1674E-06   0.99744
FLUX  915  2725.00        1.100156E+14   5.1195E-06   5.1332E-06   0.99733
FLUX  916  2735.00        1.096133E+14   5.0774E-06   5.0993E-06   0.99571
FLUX  917  2745.00        1.092140E+14   5.0005E-06   5.0657E-06   0.98713
FLUX  918  2755.00        1.088176E+14   4.6587E-06   5.0324E-06   0.92573
FLUX  919  2765.00        1.084241E+14   4.7978E-06   4.9995E-06   0.95965
FLUX  920  2775.00        1.080333E+14   4.9276E-06   4.9669E-06   0.99209
FLUX  921  2785.00        1.076454E+14   4.9219E-06   4.9346E-06   0.99743
FLUX  922  2795.00        1.072603E+14   4.9025E-06   4.9026E-06   0.99997
FLUX  923  2805.00        1.068779E+14   4.8709E-06   4.8710E-06   0.99997
FLUX  924  2815.00        1.064982E+14   4.8392E-06   4.8396E-06   0.99991
FLUX  925  2825.00        1.061212E+14   4.8082E-06   4.8086E-06   0.99991
FLUX  926  2835.00        1.057469E+14   4.7777E-06   4.7778E-06   0.99997
FLUX  927  2845.00        1.053752E+14   4.7348E-06   4.7474E-06   0.99734
FLUX  928  2855.00        1.050061E+14   4.6839E-06   4.7172E-06   0.99294
FLUX  929  2865.00        1.046396E+14   4.5335E-06   4.6873E-06   0.96718
FLUX  930  2875.00        1.042757E+14   4.2576E-06   4.6578E-06   0.91408
FLUX  931  2885.00        1.039142E+14   4.5533E-06   4.6284E-06   0.98376
FLUX  932  2895.00        1.035553E+14   4.5784E-06   4.5994E-06   0.99543
FLUX  933  2905.00        1.031988E+14   4.5676E-06   4.5706E-06   0.99933
FLUX  934  2915.00        1.028448E+14   4.5389E-06   4.5421E-06   0.99928
FLUX  935  2925.00        1.024932E+14   4.5133E-06   4.5139E-06   0.99986
FLUX  936  2935.00        1.021440E+14   4.4858E-06   4.4859E-06   0.99998
FLUX  937  2945.00        1.017971E+14   4.4580E-06   4.4582E-06   0.99994
FLUX  938  2955.00        1.014526E+14   4.4307E-06   4.4308E-06   0.99999
FLUX  939  2965.00        1.011105E+14   4.4035E-06   4.4036E-06   0.99998
FLUX  940  2975.00        1.007706E+14   4.3765E-06   4.3766E-06   0.99997
FLUX  941  2985.00        1.004330E+14   4.3499E-06   4.3499E-06   0.99998
FLUX  942  2995.00        1.000977E+14   4.3229E-06   4.3235E-06   0.99987
FLUX  943  3005.00        9.976456E+13   4.2949E-06   4.2973E-06   0.99946
FLUX  944  3015.00        9.943367E+13   4.2554E-06   4.2713E-06   0.99628
FLUX  945  3025.00        9.910496E+13   4.1951E-06   4.2455E-06   0.98811
FLUX  946  3035.00        9.877842E+13   3.9160E-06   4.2200E-06   0.92797
FLUX  947  3045.00        9.845402E+13   3.9805E-06   4.1947E-06   0.94894
FLUX  948  3055.00        9.813175E+13   4.1306E-06   4.1697E-06   0.99064
FLUX  949  3065.00        9.781158E+13   4.1323E-06   4.1448E-06   0.99697
FLUX  950  3075.00        9.749350E+13   4.1190E-06   4.1202E-06   0.99971
FLUX  951  3085.00        9.717747E+13   4.0931E-06   4.0958E-06   0.99932
FLUX  952  3095.00        9.686349E+13   4.0705E-06   4.0717E-06   0.99972
FLUX  953  3105.00        9.655153E+13   4.0463E-06   4.0477E-06   0.99966
FLUX  954  3115.00        9.624157E+13   4.0210E-06   4.0239E-06   0.99926
FLUX  955  3125.00        9.593360E+13   3.9985E-06   4.0004E-06   0.99952
FLUX  956  3135.00        9.562759E+13   3.9757E-06   3.9771E-06   0.99965
FLUX  957  3145.00        9.532353E+13   3.9516E-06   3.9539E-06   0.99942
FLUX  958  3155.00        9.502139E+13   3.9304E-06   3.9310E-06   0.99986
FLUX  959  3165.00        9.472117E+13   3.9082E-06   3.9083E-06   0.99999
FLUX  960  3175.00        9.442283E+13   3.8845E-06   3.8857E-06   0.99967
FLUX  961  3185.00        9.412637E+13   3.8633E-06   3.8634E-06   0.99998
FLUX  962  3195.00        9.383177E+13   3.8410E-06   3.8413E-06   0.99994
FLUX  963  3210.00        9.339330E+13   3.8080E-06   3.8084E-06   0.99990
FLUX  964  3230.00        9.281502E+13   3.7652E-06   3.7652E-06   0.99998
FLUX  965  3250.00        9.224385E+13   3.7227E-06   3.7228E-06   0.99997
FLUX  966  3270.00        9.167966E+13   3.6679E-06   3.6811E-06   0.99642
FLUX  967  3290.00        9.112234E+13   3.4292E-06   3.6712E-06   0.93407
FLUX  968  3310.00        9.057175E+13   3.5216E-06   3.6303E-06   0.97004
FLUX  969  3330.00        9.002778E+13   3.5440E-06   3.5901E-06   0.98716
FLUX  970  3350.00        8.949030E+13   3.5109E-06   3.5506E-06   0.98882
FLUX  971  3370.00        8.895920E+13   3.4714E-06   3.5117E-06   0.98852
FLUX  972  3390.00        8.843437E+13   3.4358E-06   3.4735E-06   0.98915
FLUX  973  3410.00        8.791569E+13   3.3998E-06   3.4359E-06   0.98949
FLUX  974  3430.00        8.740306E+13   3.3647E-06   3.3989E-06   0.98993
FLUX  975  3450.00        8.689638E+13   3.3301E-06   3.3625E-06   0.99037
FLUX  976  3470.00        8.639553E+13   3.2949E-06   3.3266E-06   0.99047
FLUX  977  3490.00        8.590043E+13   3.2606E-06   3.2914E-06   0.99066
FLUX  978  3510.00        8.541097E+13   3.2267E-06   3.2567E-06   0.99080
FLUX  979  3530.00        8.492705E+13   3.1933E-06   3.2225E-06   0.99092
FLUX  980  3550.00        8.444859E+13   3.1601E-06   3.1889E-06   0.99098
FLUX  981  3570.00        8.397549E+13   3.1270E-06   3.1558E-06   0.99088
FLUX  982  3590.00        8.350766E+13   3.0961E-06   3.1232E-06   0.99133
FLUX  983  3610.00        8.304501E+13   3.0626E-06   3.0911E-06   0.99078
FLUX  984  3630.00        8.258747E+13   3.0338E-06   3.0595E-06   0.99160
FLUX  985  3650.00        8.213493E+13   2.9994E-06   3.0284E-06   0.99040
FLUX  986  3670.00        8.168733E+13   2.9738E-06   2.9978E-06   0.99199
FLUX  987  3690.00        8.124458E+13   2.9333E-06   2.9676E-06   0.98843
FLUX  988  3710.00        8.080660E+13   2.9078E-06   2.9379E-06   0.98976
FLUX  989  3730.00        8.037332E+13   2.8000E-06   2.9086E-06   0.96267
FLUX  990  3750.00        7.994467E+13   2.7394E-06   2.8798E-06   0.95124
FLUX  991  3770.00        7.952056E+13   2.8241E-06   2.8514E-06   0.99044
FLUX  992  3790.00        7.910092E+13   2.8046E-06   2.8234E-06   0.99334
FLUX  993  3810.00        7.868570E+13   2.7604E-06   2.7958E-06   0.98733
FLUX  994  3830.00        7.827480E+13   2.7371E-06   2.7687E-06   0.98860
FLUX  995  3850.00        7.786818E+13   2.7278E-06   2.7419E-06   0.99486
FLUX  996  3870.00        7.746576E+13   2.7015E-06   2.7155E-06   0.99485
FLUX  997  3890.00        7.706748E+13   2.6677E-06   2.6895E-06   0.99190
FLUX  998  3910.00        7.667327E+13   2.6068E-06   2.6638E-06   0.97859
FLUX  999  3930.00        7.628308E+13   2.6234E-06   2.6386E-06   0.99425
FLUX 1000  3950.00        7.589684E+13   2.6042E-06   2.6136E-06   0.99637
FLUX 1001  3970.00        7.551448E+13   2.5806E-06   2.5891E-06   0.99674
FLUX 1002  3990.00        7.513596E+13   2.5524E-06   2.5649E-06   0.99515
FLUX 1003  4010.00        7.476122E+13   2.4947E-06   2.5410E-06   0.98178
FLUX 1004  4030.00        7.439020E+13   2.4559E-06   2.5174E-06   0.97556
FLUX 1005  4050.00        7.402284E+13   2.3629E-06   2.4942E-06   0.94737
FLUX 1006  4070.00        7.365909E+13   2.4493E-06   2.4713E-06   0.99108
FLUX 1007  4090.00        7.329890E+13   2.4412E-06   2.4487E-06   0.99694
FLUX 1008  4110.00        7.294221E+13   2.4249E-06   2.4264E-06   0.99936
FLUX 1009  4130.00        7.258898E+13   2.3999E-06   2.4045E-06   0.99810
FLUX 1010  4150.00        7.223916E+13   2.3658E-06   2.3828E-06   0.99289
FLUX 1011  4170.00        7.189269E+13   2.2651E-06   2.3614E-06   0.95923
FLUX 1012  4190.00        7.154952E+13   2.3209E-06   2.3403E-06   0.99170
FLUX 1013  4210.00        7.120962E+13   2.3164E-06   2.3195E-06   0.99868
FLUX 1014  4230.00        7.087293E+13   2.2988E-06   2.2989E-06   0.99997
FLUX 1015  4250.00        7.053941E+13   2.2786E-06   2.2786E-06   0.99997
FLUX 1016  4270.00        7.020902E+13   2.2586E-06   2.2586E-06   0.99999
FLUX 1017  4290.00        6.988170E+13   2.2389E-06   2.2389E-06   0.99999
FLUX 1018  4310.00        6.955742E+13   2.2194E-06   2.2194E-06   0.99998
FLUX 1019  4330.00        6.923614E+13   2.1999E-06   2.2002E-06   0.99988
FLUX 1020  4350.00        6.891782E+13   2.1714E-06   2.1812E-06   0.99549
FLUX 1021  4370.00        6.860240E+13   2.0733E-06   2.1625E-06   0.95876
FLUX 1022  4390.00        6.828986E+13   2.1052E-06   2.1440E-06   0.98191
FLUX 1023  4410.00        6.798016E+13   2.1211E-06   2.1257E-06   0.99781
FLUX 1024  4430.00        6.767325E+13   2.1075E-06   2.1077E-06   0.99989
FLUX 1025  4450.00        6.736910E+13   2.0897E-06   2.0899E-06   0.99990
FLUX 1026  4470.00        6.706767E+13   2.0750E-06   2.0806E-06   0.99733
FLUX 1027  4490.00        6.676893E+13   2.0542E-06   2.0631E-06   0.99568
FLUX 1028  4510.00        6.647284E+13   2.0373E-06   2.0459E-06   0.99583
FLUX 1029  4530.00        6.617936E+13   2.0204E-06   2.0289E-06   0.99581
FLUX 1030  4550.00        6.588846E+13   2.0036E-06   2.0120E-06   0.99581
FLUX 1031  4570.00        6.560011E+13   1.9867E-06   1.9954E-06   0.99561
FLUX 1032  4590.00        6.531427E+13   1.9695E-06   1.9790E-06   0.99520
FLUX 1033  4610.00        6.503091E+13   1.9517E-06   1.9628E-06   0.99433
FLUX 1034  4630.00        6.475000E+13   1.9262E-06   1.9468E-06   0.98938
FLUX 1035  4650.00        6.447151E+13   1.8173E-06   1.9310E-06   0.94111
FLUX 1036  4670.00        6.419540E+13   1.8055E-06   1.9154E-06   0.94264
FLUX 1037  4690.00        6.392164E+13   1.8690E-06   1.9000E-06   0.98369
FLUX 1038  4710.00        6.365021E+13   1.8731E-06   1.8848E-06   0.99382
FLUX 1039  4730.00        6.338108E+13   1.8613E-06   1.8697E-06   0.99552
FLUX 1040  4750.00        6.311421E+13   1.8473E-06   1.8548E-06   0.99592
FLUX 1041  4770.00        6.284958E+13   1.8332E-06   1.8401E-06   0.99622
FLUX 1042  4790.00        6.258716E+13   1.8192E-06   1.8256E-06   0.99647
FLUX 1043  4810.00        6.232692E+13   1.8050E-06   1.8113E-06   0.99655
FLUX 1044  4830.00        6.206884E+13   1.7910E-06   1.7971E-06   0.99663
FLUX 1045  4850.00        6.181289E+13   1.7771E-06   1.7830E-06   0.99668
FLUX 1046  4870.00        6.155903E+13   1.7634E-06   1.7692E-06   0.99672
FLUX 1047  4890.00        6.130726E+13   1.7498E-06   1.7555E-06   0.99674
FLUX 1048  4910.00        6.105754E+13   1.7362E-06   1.7420E-06   0.99671
FLUX 1049  4930.00        6.080984E+13   1.7230E-06   1.7286E-06   0.99675
FLUX 1050  4950.00        6.056414E+13   1.7099E-06   1.7153E-06   0.99685
FLUX 1051  4970.00        6.032042E+13   1.6966E-06   1.7023E-06   0.99665
FLUX 1052  4990.00        6.007866E+13   1.6840E-06   1.6893E-06   0.99684
FLUX 1053  5010.00        5.983882E+13   1.6711E-06   1.6766E-06   0.99674
FLUX 1054  5030.00        5.960089E+13   1.6579E-06   1.6639E-06   0.99638
FLUX 1055  5050.00        5.936485E+13   1.6460E-06   1.6514E-06   0.99674
FLUX 1056  5070.00        5.913067E+13   1.6330E-06   1.6391E-06   0.99630
FLUX 1057  5090.00        5.889833E+13   1.6175E-06   1.6269E-06   0.99425
FLUX 1058  5110.00        5.866781E+13   1.5925E-06   1.6148E-06   0.98624
FLUX 1059  5130.00        5.843908E+13   1.5147E-06   1.6028E-06   0.94500
FLUX 1060  5150.00        5.821214E+13   1.5734E-06   1.5910E-06   0.98895
FLUX 1061  5170.00        5.798694E+13   1.5699E-06   1.5793E-06   0.99404
FLUX 1062  5190.00        5.776349E+13   1.5622E-06   1.5678E-06   0.99643
FLUX 1063  5210.00        5.754175E+13   1.5521E-06   1.5563E-06   0.99727
FLUX 1064  5230.00        5.732170E+13   1.5409E-06   1.5450E-06   0.99731
FLUX 1065  5250.00        5.710333E+13   1.5277E-06   1.5339E-06   0.99600
FLUX 1066  5270.00        5.688662E+13   1.5151E-06   1.5228E-06   0.99493
FLUX 1067  5290.00        5.667155E+13   1.5078E-06   1.5119E-06   0.99728
FLUX 1068  5310.00        5.645810E+13   1.4978E-06   1.5010E-06   0.99787
FLUX 1069  5330.00        5.624625E+13   1.4872E-06   1.4903E-06   0.99793
FLUX 1070  5350.00        5.603598E+13   1.4759E-06   1.4797E-06   0.99741
FLUX 1071  5370.00        5.582728E+13   1.4607E-06   1.4692E-06   0.99419
FLUX 1072  5390.00        5.562013E+13   1.4506E-06   1.4589E-06   0.99430
FLUX 1073  5410.00        5.541451E+13   1.4450E-06   1.4486E-06   0.99753
FLUX 1074  5430.00        5.521041E+13   1.4381E-06   1.4385E-06   0.99977
FLUX 1075  5450.00        5.500780E+13   1.4282E-06   1.4284E-06   0.99988
FLUX 1076  5470.00        5.480667E+13   1.4181E-06   1.4185E-06   0.99976
FLUX 1077  5490.00        5.460701E+13   1.4060E-06   1.4086E-06   0.99812
FLUX 1078  5510.00        5.440880E+13   1.3912E-06   1.3989E-06   0.99449
FLUX 1079  5530.00        5.421203E+13   1.3753E-06   1.3893E-06   0.98991
FLUX 1080  5550.00        5.401667E+13   1.3753E-06   1.3797E-06   0.99678
FLUX 1081  5570.00        5.382271E+13   1.3697E-06   1.3703E-06   0.99953
FLUX 1082  5590.00        5.363014E+13   1.3606E-06   1.3609E-06   0.99971
FLUX 1083  5610.00        5.343895E+13   1.3516E-06   1.3517E-06   0.99989
FLUX 1084  5630.00        5.324911E+13   1.3424E-06   1.3425E-06   0.99992
FLUX 1085  5650.00        5.306062E+13   1.3334E-06   1.3335E-06   0.99997
FLUX 1086  5670.00        5.287346E+13   1.3233E-06   1.3245E-06   0.99912
FLUX 1087  5690.00        5.268761E+13   1.3095E-06   1.3156E-06   0.99535
FLUX 1088  5710.00        5.250306E+13   1.2856E-06   1.3068E-06   0.98377
FLUX 1089  5730.00        5.231981E+13   1.2906E-06   1.2981E-06   0.99420
FLUX 1090  5750.00        5.213783E+13   1.2880E-06   1.2895E-06   0.99885
FLUX 1091  5770.00        5.195711E+13   1.2810E-06   1.2810E-06   0.99997
FLUX 1092  5790.00        5.177763E+13   1.2724E-06   1.2725E-06   0.99991
FLUX 1093  5810.00        5.159940E+13   1.2641E-06   1.2642E-06   0.99997
FLUX 1094  5830.00        5.142238E+13   1.2549E-06   1.2559E-06   0.99919
FLUX 1095  5850.00        5.124658E+13   1.2456E-06   1.2503E-06   0.99627
FLUX 1096  5870.00        5.107198E+13   1.2356E-06   1.2421E-06   0.99474
FLUX 1097  5890.00        5.089856E+13   1.2157E-06   1.2341E-06   0.98510
FLUX 1098  5910.00        5.072631E+13   1.1577E-06   1.2261E-06   0.94421
FLUX 1099  5930.00        5.055523E+13   1.2019E-06   1.2182E-06   0.98662
FLUX 1100  5950.00        5.038529E+13   1.1805E-06   1.2103E-06   0.97536
FLUX 1101  5970.00        5.021650E+13   1.1846E-06   1.2026E-06   0.98507
FLUX 1102  5990.00        5.004883E+13   1.1889E-06   1.1949E-06   0.99496
FLUX 1103  6010.00        4.988228E+13   1.1833E-06   1.1873E-06   0.99668
FLUX 1104  6030.00        4.971683E+13   1.1765E-06   1.1797E-06   0.99723
FLUX 1105  6050.00        4.955248E+13   1.1693E-06   1.1723E-06   0.99747
FLUX 1106  6070.00        4.938921E+13   1.1621E-06   1.1649E-06   0.99759
FLUX 1107  6090.00        4.922701E+13   1.1548E-06   1.1575E-06   0.99766
FLUX 1108  6110.00        4.906588E+13   1.1476E-06   1.1503E-06   0.99766
FLUX 1109  6130.00        4.890579E+13   1.1406E-06   1.1431E-06   0.99781
FLUX 1110  6150.00        4.874675E+13   1.1335E-06   1.1360E-06   0.99783
FLUX 1111  6170.00        4.858874E+13   1.1265E-06   1.1289E-06   0.99785
FLUX 1112  6190.00        4.843174E+13   1.1195E-06   1.1219E-06   0.99780
FLUX 1113  6210.00        4.827576E+13   1.1125E-06   1.1150E-06   0.99772
FLUX 1114  6230.00        4.812079E+13   1.1052E-06   1.1081E-06   0.99731
FLUX 1115  6250.00        4.796680E+13   1.0972E-06   1.1013E-06   0.99625
FLUX 1116  6270.00        4.781380E+13   1.0843E-06   1.0946E-06   0.99056
FLUX 1117  6290.00        4.766176E+13   1.0481E-06   1.0879E-06   0.96339
FLUX 1118  6310.00        4.751070E+13   1.0678E-06   1.0813E-06   0.98754
FLUX 1119  6330.00        4.736058E+13   1.0703E-06   1.0748E-06   0.99581
FLUX 1120  6350.00        4.721142E+13   1.0654E-06   1.0683E-06   0.99737
FLUX 1121  6370.00        4.706319E+13   1.0596E-06   1.0618E-06   0.99787
FLUX 1122  6390.00        4.691588E+13   1.0552E-06   1.0554E-06   0.99978
FLUX 1123  6420.00        4.669665E+13   1.0459E-06   1.0460E-06   0.99990
FLUX 1124  6460.00        4.640751E+13   1.0334E-06   1.0336E-06   0.99989
FLUX 1125  6500.00        4.612192E+13   1.0212E-06   1.0214E-06   0.99988
FLUX 1126  6540.00        4.583983E+13   1.0093E-06   1.0094E-06   0.99997
FLUX 1127  6580.00        4.556117E+13   9.9747E-07   9.9759E-07   0.99988
FLUX 1128  6620.00        4.528588E+13   9.8581E-07   9.8602E-07   0.99979
FLUX 1129  6660.00        4.501389E+13   9.7453E-07   9.7464E-07   0.99988
FLUX 1130  6700.00        4.474515E+13   9.6187E-07   9.6346E-07   0.99834
FLUX 1131  6740.00        4.447960E+13   9.4565E-07   9.5248E-07   0.99284
FLUX 1132  6780.00        4.421718E+13   9.1516E-07   9.4167E-07   0.97185
FLUX 1133  6820.00        4.395784E+13   9.2766E-07   9.3106E-07   0.99635
FLUX 1134  6860.00        4.370153E+13   9.2000E-07   9.2061E-07   0.99933
FLUX 1135  6900.00        4.344819E+13   9.1013E-07   9.1035E-07   0.99976
FLUX 1136  6940.00        4.319777E+13   8.9903E-07   9.0025E-07   0.99864
FLUX 1137  6980.00        4.295021E+13   8.9011E-07   8.9032E-07   0.99976
FLUX 1138  7020.00        4.270548E+13   8.8045E-07   8.8056E-07   0.99988
FLUX 1139  7060.00        4.246353E+13   8.7056E-07   8.7095E-07   0.99955
FLUX 1140  7100.00        4.222430E+13   8.5984E-07   8.6150E-07   0.99807
FLUX 1141  7140.00        4.198775E+13   8.5211E-07   8.5221E-07   0.99988
FLUX 1142  7180.00        4.175383E+13   8.4297E-07   8.4306E-07   0.99990
FLUX 1143  7220.00        4.152251E+13   8.3378E-07   8.3406E-07   0.99967
FLUX 1144  7260.00        4.129373E+13   8.2290E-07   8.2520E-07   0.99721
FLUX 1145  7300.00        4.106747E+13   8.1548E-07   8.1648E-07   0.99877
FLUX 1146  7340.00        4.084366E+13   8.0782E-07   8.0790E-07   0.99990
FLUX 1147  7380.00        4.062229E+13   7.9838E-07   7.9946E-07   0.99865
FLUX 1148  7420.00        4.040330E+13   7.8687E-07   7.9116E-07   0.99457
FLUX 1149  7460.00        4.018666E+13   7.5469E-07   7.8300E-07   0.96384
FLUX 1150  7500.00        3.997233E+13   7.3835E-07   7.7496E-07   0.95276
FLUX 1151  7540.00        3.976028E+13   7.5931E-07   7.6705E-07   0.98991
FLUX 1152  7580.00        3.955046E+13   7.5686E-07   7.5925E-07   0.99684
FLUX 1153  7620.00        3.934285E+13   7.4994E-07   7.5158E-07   0.99783
FLUX 1154  7660.00        3.913740E+13   7.4385E-07   7.4401E-07   0.99978
FLUX 1155  7700.00        3.893409E+13   7.3642E-07   7.3656E-07   0.99980
FLUX 1156  7740.00        3.873288E+13   7.2725E-07   7.2923E-07   0.99729
FLUX 1157  7780.00        3.853374E+13   7.1664E-07   7.2200E-07   0.99258
FLUX 1158  7820.00        3.833664E+13   7.1295E-07   7.1487E-07   0.99730
FLUX 1159  7860.00        3.814154E+13   7.0783E-07   7.0786E-07   0.99997
FLUX 1160  7900.00        3.794842E+13   7.0092E-07   7.0094E-07   0.99997
FLUX 1161  7940.00        3.775724E+13   6.9411E-07   6.9412E-07   0.99997
FLUX 1162  7980.00        3.756798E+13   6.8739E-07   6.8741E-07   0.99997
FLUX 1163  8020.00        3.738061E+13   6.8073E-07   6.8079E-07   0.99992
FLUX 1164  8060.00        3.719510E+13   6.7420E-07   6.7426E-07   0.99991
FLUX 1165  8100.00        3.701142E+13   6.6690E-07   6.6783E-07   0.99861
FLUX 1166  8140.00        3.682955E+13   6.5536E-07   6.6149E-07   0.99073
FLUX 1167  8180.00        3.664945E+13   6.5157E-07   6.5524E-07   0.99440
FLUX 1168  8220.00        3.647111E+13   6.4867E-07   6.4907E-07   0.99938
FLUX 1169  8260.00        3.629449E+13   6.4298E-07   6.4300E-07   0.99998
FLUX 1170  8300.00        3.611958E+13   6.3699E-07   6.3701E-07   0.99997
FLUX 1171  8340.00        3.594634E+13   6.3102E-07   6.3110E-07   0.99988
FLUX 1172  8380.00        3.577476E+13   6.2517E-07   6.2527E-07   0.99984
FLUX 1173  8420.00        3.560481E+13   6.1945E-07   6.1952E-07   0.99988
FLUX 1174  8460.00        3.543647E+13   6.1384E-07   6.1385E-07   0.99997
FLUX 1175  8500.00        3.526971E+13   6.0825E-07   6.0826E-07   0.99998
FLUX 1176  8540.00        3.510451E+13   6.0273E-07   6.0275E-07   0.99997
FLUX 1177  8580.00        3.494085E+13   5.9725E-07   5.9731E-07   0.99990
FLUX 1178  8620.00        3.477871E+13   5.9018E-07   5.9194E-07   0.99704
FLUX 1179  8660.00        3.461807E+13   5.7664E-07   5.8664E-07   0.98296
FLUX 1180  8700.00        3.445891E+13   5.7818E-07   5.8142E-07   0.99444
FLUX 1181  8740.00        3.430120E+13   5.6443E-07   5.7626E-07   0.97947
FLUX 1182  8780.00        3.414493E+13   5.5954E-07   5.7117E-07   0.97964
FLUX 1183  8820.00        3.399008E+13   5.6525E-07   5.6615E-07   0.99841
FLUX 1184  8860.00        3.383663E+13   5.6114E-07   5.6119E-07   0.99990
FLUX 1185  8900.00        3.368455E+13   5.5628E-07   5.5630E-07   0.99997
FLUX 1186  8940.00        3.353384E+13   5.5146E-07   5.5147E-07   0.99998
FLUX 1187  8980.00        3.338447E+13   5.4669E-07   5.4671E-07   0.99997
FLUX 1188  9020.00        3.323642E+13   5.4199E-07   5.4200E-07   0.99998
FLUX 1189  9060.00        3.308968E+13   5.3734E-07   5.3736E-07   0.99997
FLUX 1190  9100.00        3.294423E+13   5.3276E-07   5.3277E-07   0.99997
FLUX 1191  9140.00        3.280005E+13   5.2823E-07   5.2825E-07   0.99997
FLUX 1192  9180.00        3.265714E+13   5.2376E-07   5.2378E-07   0.99997
FLUX 1193  9220.00        3.251546E+13   5.1935E-07   5.1936E-07   0.99997
FLUX 1194  9260.00        3.237500E+13   5.1411E-07   5.1501E-07   0.99827
FLUX 1195  9300.00        3.223575E+13   5.1027E-07   5.1070E-07   0.99915
FLUX 1196  9340.00        3.209770E+13   5.0478E-07   5.0645E-07   0.99671
FLUX 1197  9380.00        3.196082E+13   4.9122E-07   5.0225E-07   0.97803
FLUX 1198  9420.00        3.182511E+13   4.9357E-07   4.9811E-07   0.99090
FLUX 1199  9460.00        3.169054E+13   4.9295E-07   4.9401E-07   0.99784
FLUX 1200  9500.00        3.155711E+13   4.8915E-07   4.8997E-07   0.99833
FLUX 1201  9540.00        3.142479E+13   4.8526E-07   4.8597E-07   0.99853
FLUX 1202  9580.00        3.129358E+13   4.8201E-07   4.8203E-07   0.99997
FLUX 1203  9620.00        3.116346E+13   4.7811E-07   4.7813E-07   0.99997
FLUX 1204  9660.00        3.103442E+13   4.7427E-07   4.7428E-07   0.99998
FLUX 1205  9700.00        3.090644E+13   4.7046E-07   4.7047E-07   0.99998
FLUX 1206  9740.00        3.077952E+13   4.6670E-07   4.6671E-07   0.99997
FLUX 1207  9780.00        3.065363E+13   4.6298E-07   4.6299E-07   0.99997
FLUX 1208  9820.00        3.052877E+13   4.5876E-07   4.5932E-07   0.99878
FLUX 1209  9860.00        3.040492E+13   4.5457E-07   4.5569E-07   0.99753
FLUX 1210  9900.00        3.028207E+13   4.5210E-07   4.5211E-07   0.99997
FLUX 1211  9940.00        3.016021E+13   4.4856E-07   4.4857E-07   0.99998
FLUX 1212  9980.00        3.003933E+13   4.4505E-07   4.4506E-07   0.99997
FLUX 1213 10020.00        2.991941E+13   4.4159E-07   4.4160E-07   0.99997
FLUX 1214 20000.00        1.498963E+13   1.1298E-07   1.1298E-07   0.99999
FLUX 1215 40000.00        7.494813E+12   2.8177E-08   2.8177E-08   1.00000
FLUX 1216 60000.00        4.996542E+12   1.2427E-08   1.2427E-08   1.00000
FLUX 1217 80000.00        3.747406E+12   6.9386E-09   6.9386E-09   1.00000
FLUX 1218100000.00        2.997925E+12   4.4115E-09   4.4115E-09   1.00000
FLUX 1219120000.00        2.498271E+12   3.0460E-09   3.0460E-09   1.00000
FLUX 1220140000.00        2.141375E+12   2.2267E-09   2.2267E-09   1.00000
FLUX 1221160000.00        1.873703E+12   1.6973E-09   1.6973E-09   1.00000
FLUX
