TEFF  15000.  GRAVITY 4.00000 LTE 
TITLE  [-0.5] N(He)/Ntot=0.0784 VTURB=2.0  L/H=1.25 NOVER                       
FLUX    1     9.09        3.298047E+16   1.0000E-50   0.0000E+00   1.00000
FLUX    2     9.35        3.206337E+16   1.0000E-50   0.0000E+00   1.00000
FLUX    3     9.61        3.119589E+16   1.0000E-50   0.0000E+00   1.00000
FLUX    4     9.77        3.068501E+16   1.0000E-50   0.0000E+00   1.00000
FLUX    5     9.96        3.009965E+16   1.0000E-50   0.0000E+00   1.00000
FLUX    6    10.20        2.939142E+16   1.0000E-50   0.0000E+00   1.00000
FLUX    7    10.38        2.888174E+16   1.0000E-50   0.0000E+00   1.00000
FLUX    8    10.56        2.838944E+16   1.0000E-50   0.0000E+00   1.00000
FLUX    9    10.77        2.783589E+16   1.0000E-50   0.0000E+00   1.00000
FLUX   10    11.04        2.715512E+16   1.0000E-50   0.0000E+00   1.00000
FLUX   11    11.40        2.629759E+16   1.0000E-50   0.0000E+00   1.00000
FLUX   12    11.78        2.544928E+16   1.0000E-50   0.0000E+00   1.00000
FLUX   13    12.13        2.471496E+16   1.0000E-50   0.0000E+00   1.00000
FLUX   14    12.48        2.402183E+16   1.0000E-50   0.0000E+00   1.00000
FLUX   15    12.71        2.358714E+16   1.0000E-50   0.0000E+00   1.00000
FLUX   16    12.84        2.334833E+16   1.0000E-50   0.0000E+00   1.00000
FLUX   17    13.05        2.297261E+16   1.0000E-50   0.0000E+00   1.00000
FLUX   18    13.24        2.264294E+16   1.0000E-50   0.0000E+00   1.00000
FLUX   19    13.39        2.238928E+16   1.0000E-50   0.0000E+00   1.00000
FLUX   20    13.66        2.194674E+16   1.0000E-50   0.0000E+00   1.00000
FLUX   21    13.98        2.144438E+16   1.0000E-50   0.0000E+00   1.00000
FLUX   22    14.33        2.092062E+16   1.0000E-50   0.0000E+00   1.00000
FLUX   23    14.72        2.036634E+16   1.0000E-50   0.0000E+00   1.00000
FLUX   24    15.10        1.985381E+16   1.0000E-50   0.0000E+00   1.00000
FLUX   25    15.52        1.931653E+16   1.0000E-50   0.0000E+00   1.00000
FLUX   26    15.88        1.887862E+16   1.0000E-50   0.0000E+00   1.00000
FLUX   27    16.20        1.850571E+16   1.0000E-50   0.0000E+00   1.00000
FLUX   28    16.60        1.805979E+16   1.0000E-50   0.0000E+00   1.00000
FLUX   29    17.03        1.760379E+16   1.0000E-50   0.0000E+00   1.00000
FLUX   30    17.34        1.728907E+16   1.0000E-50   0.0000E+00   1.00000
FLUX   31    17.68        1.695659E+16   8.8941E-38   8.8943E-38   0.99998
FLUX   32    18.02        1.663665E+16   4.8427E-37   4.8428E-37   0.99998
FLUX   33    18.17        1.649931E+16   9.5076E-37   9.5086E-37   0.99989
FLUX   34    18.61        1.610922E+16   6.3714E-36   6.3721E-36   0.99989
FLUX   35    19.10        1.569594E+16   4.7525E-35   4.7526E-35   0.99998
FLUX   36    19.39        1.546119E+16   1.4839E-34   1.4839E-34   0.99998
FLUX   37    19.84        1.511051E+16   8.1508E-34   8.1509E-34   0.99998
FLUX   38    20.18        1.485592E+16   2.8188E-33   2.8188E-33   0.99999
FLUX   39    20.50        1.462402E+16   8.7495E-33   8.7497E-33   0.99999
FLUX   40    21.05        1.424192E+16   5.6295E-32   5.6295E-32   0.99999
FLUX   41    21.62        1.386644E+16   3.5140E-31   3.5140E-31   0.99999
FLUX   42    21.98        1.363933E+16   1.0648E-30   1.0649E-30   0.99999
FLUX   43    22.30        1.344361E+16   2.7631E-30   2.7631E-30   0.99999
FLUX   44    22.68        1.321836E+16   8.2941E-30   8.2943E-30   0.99998
FLUX   45    23.00        1.303446E+16   2.0149E-29   2.0586E-29   0.97879
FLUX   46    23.40        1.281165E+16   6.0984E-29   6.1040E-29   0.99907
FLUX   47    24.00        1.249135E+16   2.9135E-28   2.9137E-28   0.99992
FLUX   48    24.65        1.216197E+16   1.4554E-27   1.4556E-27   0.99992
FLUX   49    25.24        1.187767E+16   5.8387E-27   5.8388E-27   0.99999
FLUX   50    25.68        1.167416E+16   1.5774E-26   1.5785E-26   0.99932
FLUX   51    26.00        1.153048E+16   3.1857E-26   3.1857E-26   0.99999
FLUX   52    26.40        1.135578E+16   7.4825E-26   7.4826E-26   0.99999
FLUX   53    26.85        1.116546E+16   1.8944E-25   1.8944E-25   0.99999
FLUX   54    27.35        1.096133E+16   5.1295E-25   5.1297E-25   0.99995
FLUX   55    27.85        1.076454E+16   1.3420E-24   1.3420E-24   0.99999
FLUX   56    28.40        1.055607E+16   3.7139E-24   3.7139E-24   0.99999
FLUX   57    29.00        1.033767E+16   1.0778E-23   1.0778E-23   0.99998
FLUX   58    29.60        1.012813E+16   2.9909E-23   2.9910E-23   0.99999
FLUX   59    30.10        9.959884E+15   6.7954E-23   6.7958E-23   0.99995
FLUX   60    30.80        9.733523E+15   2.0471E-22   2.0484E-22   0.99936
FLUX   61    31.80        9.427437E+15   9.0943E-22   9.0944E-22   0.99999
FLUX   62    32.80        9.140015E+15   3.6826E-21   3.6839E-21   0.99962
FLUX   63    33.80        8.869601E+15   1.3714E-20   1.3714E-20   0.99999
FLUX   64    34.80        8.614727E+15   4.7293E-20   4.7294E-20   0.99999
FLUX   65    35.70        8.397549E+15   1.3562E-19   1.3568E-19   0.99957
FLUX   66    36.60        8.191052E+15   3.6913E-19   3.6915E-19   0.99997
FLUX   67    37.50        7.994467E+15   9.5546E-19   9.5569E-19   0.99976
FLUX   68    38.50        7.786818E+15   2.6077E-18   2.6080E-18   0.99989
FLUX   69    39.50        7.589684E+15   6.7523E-18   6.7541E-18   0.99974
FLUX   70    40.50        7.402284E+15   1.6671E-17   1.6673E-17   0.99987
FLUX   71    41.40        7.241365E+15   3.6190E-17   3.6192E-17   0.99992
FLUX   72    42.20        7.104088E+15   7.0007E-17   7.0022E-17   0.99979
FLUX   73    43.00        6.971919E+15   1.3193E-16   1.3206E-16   0.99902
FLUX   74    44.10        6.798016E+15   3.0396E-16   3.0403E-16   0.99980
FLUX   75    45.10        6.647284E+15   6.2545E-16   6.2551E-16   0.99990
FLUX   76    46.00        6.517228E+15   1.1645E-15   1.1647E-15   0.99986
FLUX   77    47.00        6.378564E+15   2.2577E-15   2.2579E-15   0.99989
FLUX   78    48.00        6.245677E+15   4.2527E-15   4.2531E-15   0.99991
FLUX   79    49.00        6.118214E+15   7.8013E-15   7.8015E-15   0.99997
FLUX   80    50.00        5.995850E+15   1.3951E-14   1.3951E-14   0.99999
FLUX   81    50.60        5.924753E+15   1.0338E-13   1.8510E-13   0.55848
FLUX   82    51.20        5.855322E+15   2.4245E-13   2.6329E-13   0.92087
FLUX   83    52.00        5.765240E+15   3.4955E-13   3.7665E-13   0.92803
FLUX   84    53.00        5.656462E+15   5.6070E-13   5.8061E-13   0.96572
FLUX   85    54.00        5.551713E+15   8.0471E-13   8.8121E-13   0.91319
FLUX   86    55.00        5.450773E+15   1.2987E-12   1.3183E-12   0.98517
FLUX   87    56.00        5.353438E+15   1.9153E-12   1.9445E-12   0.98501
FLUX   88    57.00        5.259518E+15   2.8217E-12   2.8303E-12   0.99698
FLUX   89    58.00        5.168836E+15   3.7241E-12   4.1341E-12   0.90082
FLUX   90    59.00        5.081229E+15   5.6918E-12   5.8615E-12   0.97105
FLUX   91    60.00        4.996542E+15   8.1045E-12   8.2167E-12   0.98635
FLUX   92    61.00        4.914631E+15   1.1389E-11   1.1394E-11   0.99958
FLUX   93    62.00        4.835363E+15   1.5503E-11   1.5637E-11   0.99143
FLUX   94    63.00        4.758611E+15   2.1211E-11   2.1249E-11   0.99821
FLUX   95    64.00        4.684258E+15   2.8176E-11   2.8613E-11   0.98473
FLUX   96    65.00        4.612192E+15   3.7932E-11   3.8183E-11   0.99341
FLUX   97    65.80        4.556117E+15   4.7756E-11   4.7797E-11   0.99913
FLUX   98    66.50        4.508158E+15   5.7440E-11   5.7919E-11   0.99173
FLUX   99    67.50        4.441370E+15   7.4667E-11   7.5684E-11   0.98657
FLUX  100    68.50        4.376533E+15   9.6977E-11   9.8132E-11   0.98823
FLUX  101    69.50        4.313561E+15   1.2600E-10   1.2629E-10   0.99764
FLUX  102    70.50        4.252376E+15   1.6083E-10   1.6137E-10   0.99664
FLUX  103    71.60        4.187046E+15   2.0808E-10   2.0965E-10   0.99251
FLUX  104    72.60        4.129373E+15   2.6259E-10   2.6413E-10   0.99418
FLUX  105    73.50        4.078810E+15   3.2013E-10   3.2344E-10   0.98976
FLUX  106    74.50        4.024060E+15   4.0064E-10   4.0276E-10   0.99473
FLUX  107    75.50        3.970762E+15   4.9735E-10   4.9860E-10   0.99749
FLUX  108    76.50        3.918856E+15   6.1012E-10   6.1385E-10   0.99394
FLUX  109    77.50        3.868290E+15   7.5037E-10   7.5149E-10   0.99850
FLUX  110    78.50        3.819013E+15   9.1476E-10   9.1518E-10   0.99954
FLUX  111    79.50        3.770975E+15   1.1051E-09   1.1089E-09   0.99662
FLUX  112    80.50        3.724130E+15   1.3341E-09   1.3370E-09   0.99786
FLUX  113    81.50        3.678436E+15   1.5949E-09   1.6044E-09   0.99406
FLUX  114    82.50        3.633848E+15   1.9105E-09   1.9167E-09   0.99674
FLUX  115    83.50        3.590329E+15   2.2502E-09   2.2798E-09   0.98703
FLUX  116    84.50        3.547840E+15   2.6802E-09   2.7002E-09   0.99260
FLUX  117    85.50        3.506345E+15   3.1557E-09   3.1850E-09   0.99079
FLUX  118    86.50        3.465809E+15   3.7209E-09   3.7419E-09   0.99439
FLUX  119    87.50        3.426200E+15   4.3527E-09   4.3793E-09   0.99394
FLUX  120    88.50        3.387486E+15   5.1019E-09   5.1064E-09   0.99913
FLUX  121    89.50        3.349637E+15   5.9250E-09   5.9328E-09   0.99869
FLUX  122    90.50        3.312624E+15   6.7673E-09   6.8690E-09   0.98519
FLUX  123    91.50        3.276421E+15   2.0326E-08   7.4289E-05   0.00027
FLUX  124    92.50        3.241000E+15   8.7430E-08   7.5804E-05   0.00115
FLUX  125    93.50        3.206337E+15   1.7249E-07   7.6610E-05   0.00225
FLUX  126    94.50        3.172407E+15   9.0706E-07   7.7121E-05   0.01176
FLUX  127    95.50        3.139188E+15   5.8314E-06   7.7547E-05   0.07520
FLUX  128    96.50        3.106658E+15   9.2849E-06   7.7653E-05   0.11957
FLUX  129    97.50        3.074795E+15   1.8850E-06   7.7469E-05   0.02433
FLUX  130    98.50        3.043579E+15   2.4333E-05   7.8098E-05   0.31157
FLUX  131    99.50        3.012990E+15   2.9583E-05   7.8056E-05   0.37899
FLUX  132   100.50        2.983010E+15   3.3976E-05   7.7819E-05   0.43661
FLUX  133   101.50        2.953621E+15   2.1088E-05   7.7152E-05   0.27333
FLUX  134   102.50        2.924805E+15   9.6277E-07   7.8819E-05   0.01221
FLUX  135   103.50        2.896546E+15   1.2474E-05   7.9297E-05   0.15731
FLUX  136   104.50        2.868828E+15   4.2965E-05   7.9820E-05   0.53828
FLUX  137   105.50        2.841635E+15   5.0073E-05   8.0334E-05   0.62331
FLUX  138   106.50        2.814953E+15   4.4242E-05   8.1046E-05   0.54588
FLUX  139   107.50        2.788767E+15   5.2962E-05   8.1942E-05   0.64633
FLUX  140   108.50        2.763065E+15   5.0569E-05   8.2894E-05   0.61004
FLUX  141   109.50        2.737831E+15   5.5641E-05   8.3773E-05   0.66419
FLUX  142   110.50        2.713054E+15   5.2071E-05   9.6013E-05   0.54234
FLUX  143   111.50        2.688722E+15   5.4113E-05   9.6702E-05   0.55959
FLUX  144   112.50        2.664822E+15   5.5475E-05   9.7229E-05   0.57056
FLUX  145   113.50        2.641344E+15   6.3392E-05   9.7946E-05   0.64721
FLUX  146   114.50        2.618275E+15   5.8950E-05   9.8250E-05   0.60000
FLUX  147   115.50        2.595606E+15   6.2415E-05   9.8441E-05   0.63404
FLUX  148   116.50        2.573326E+15   6.8710E-05   9.8494E-05   0.69761
FLUX  149   117.50        2.551426E+15   6.3606E-05   9.8445E-05   0.64610
FLUX  150   118.50        2.529895E+15   6.6148E-05   9.9711E-05   0.66340
FLUX  151   119.50        2.508724E+15   3.1022E-05   9.9907E-05   0.31051
FLUX  152   120.50        2.487905E+15   1.8885E-05   1.0008E-04   0.18869
FLUX  153   121.50        2.467428E+15   1.5857E-06   1.0025E-04   0.01582
FLUX  154   122.50        2.447286E+15   1.5133E-05   1.0067E-04   0.15033
FLUX  155   123.50        2.427470E+15   5.7052E-05   1.0081E-04   0.56592
FLUX  156   124.50        2.407972E+15   7.5857E-05   1.0004E-04   0.75827
FLUX  157   125.50        2.388785E+15   7.8786E-05   1.0141E-04   0.77694
FLUX  158   126.50        2.369901E+15   6.6644E-05   1.0209E-04   0.65281
FLUX  159   127.50        2.351314E+15   8.0452E-05   1.0244E-04   0.78533
FLUX  160   128.50        2.333016E+15   8.7444E-05   1.0273E-04   0.85121
FLUX  161   129.50        2.315000E+15   7.1150E-05   1.0293E-04   0.69126
FLUX  162   130.50        2.297261E+15   5.8474E-05   1.0310E-04   0.56717
FLUX  163   131.50        2.279791E+15   8.5326E-05   1.0324E-04   0.82649
FLUX  164   132.50        2.262585E+15   8.5793E-05   1.0337E-04   0.82992
FLUX  165   133.50        2.245637E+15   7.8146E-05   1.0349E-04   0.75508
FLUX  166   134.50        2.228941E+15   9.0924E-05   1.0360E-04   0.87765
FLUX  167   135.50        2.212491E+15   8.7775E-05   1.0370E-04   0.84647
FLUX  168   136.50        2.196282E+15   8.1608E-05   1.0378E-04   0.78633
FLUX  169   137.50        2.180309E+15   8.6113E-05   1.0386E-04   0.82910
FLUX  170   138.50        2.164567E+15   8.9078E-05   1.0394E-04   0.85704
FLUX  171   139.50        2.149050E+15   8.8179E-05   1.0400E-04   0.84784
FLUX  172   140.50        2.133754E+15   9.1263E-05   1.0407E-04   0.87698
FLUX  173   141.50        2.118675E+15   8.7141E-05   1.0412E-04   0.83690
FLUX  174   142.50        2.103807E+15   8.9622E-05   1.0419E-04   0.86021
FLUX  175   143.50        2.089146E+15   8.8564E-05   1.0423E-04   0.84968
FLUX  176   144.20        2.079005E+15   9.3485E-05   1.0426E-04   0.89663
FLUX  177   144.70        2.071821E+15   9.4732E-05   1.0438E-04   0.90759
FLUX  178   145.50        2.060430E+15   9.4167E-05   1.0441E-04   0.90193
FLUX  179   146.50        2.046365E+15   9.1819E-05   1.0444E-04   0.87917
FLUX  180   147.50        2.032492E+15   9.0209E-05   1.0447E-04   0.86353
FLUX  181   148.50        2.018805E+15   9.0701E-05   1.0449E-04   0.86805
FLUX  182   149.50        2.005301E+15   9.2780E-05   1.0451E-04   0.88779
FLUX  183   150.50        1.991977E+15   9.1845E-05   1.0452E-04   0.87872
FLUX  184   151.20        1.982755E+15   8.7995E-05   1.0453E-04   0.84182
FLUX  185   151.70        1.976220E+15   9.2450E-05   1.0455E-04   0.88426
FLUX  186   152.50        1.965852E+15   9.0560E-05   1.0459E-04   0.86589
FLUX  187   153.50        1.953046E+15   8.6943E-05   1.0460E-04   0.83118
FLUX  188   154.50        1.940405E+15   9.2717E-05   1.0460E-04   0.88636
FLUX  189   155.50        1.927926E+15   8.7854E-05   1.0460E-04   0.83988
FLUX  190   156.50        1.915607E+15   8.5851E-05   1.0460E-04   0.82076
FLUX  191   157.50        1.903444E+15   8.9284E-05   1.0459E-04   0.85364
FLUX  192   158.50        1.891435E+15   9.2872E-05   1.0458E-04   0.88804
FLUX  193   159.50        1.879577E+15   9.5798E-05   1.0457E-04   0.91613
FLUX  194   160.50        1.867866E+15   9.1542E-05   1.0455E-04   0.87557
FLUX  195   161.50        1.856300E+15   9.2843E-05   1.0453E-04   0.88818
FLUX  196   162.50        1.844877E+15   8.8853E-05   1.0451E-04   0.85018
FLUX  197   163.50        1.833593E+15   9.1986E-05   1.0449E-04   0.88036
FLUX  198   164.50        1.822447E+15   9.2786E-05   1.0446E-04   0.88824
FLUX  199   165.50        1.811435E+15   8.6341E-05   1.0443E-04   0.82676
FLUX  200   166.50        1.800556E+15   9.4320E-05   1.0440E-04   0.90341
FLUX  201   167.20        1.793017E+15   8.8348E-05   1.0438E-04   0.84638
FLUX  202   167.70        1.787671E+15   9.2188E-05   1.0437E-04   0.88326
FLUX  203   168.50        1.779184E+15   9.5753E-05   1.0435E-04   0.91762
FLUX  204   169.50        1.768687E+15   9.2955E-05   1.0431E-04   0.89111
FLUX  205   170.50        1.758314E+15   9.0246E-05   1.0428E-04   0.86543
FLUX  206   171.50        1.748061E+15   8.7696E-05   1.0424E-04   0.84130
FLUX  207   172.50        1.737928E+15   8.7548E-05   1.0420E-04   0.84020
FLUX  208   173.50        1.727911E+15   9.1681E-05   1.0416E-04   0.88023
FLUX  209   174.50        1.718009E+15   9.0001E-05   1.0411E-04   0.86446
FLUX  210   175.50        1.708219E+15   9.4682E-05   1.0407E-04   0.90983
FLUX  211   176.50        1.698541E+15   8.7267E-05   1.0402E-04   0.83895
FLUX  212   177.50        1.688972E+15   9.3246E-05   1.0397E-04   0.89686
FLUX  213   178.50        1.679510E+15   9.3739E-05   1.0392E-04   0.90204
FLUX  214   179.50        1.670153E+15   9.7018E-05   1.0387E-04   0.93406
FLUX  215   180.50        1.660900E+15   9.6324E-05   1.0381E-04   0.92784
FLUX  216   181.50        1.651749E+15   9.4109E-05   1.0376E-04   0.90700
FLUX  217   182.50        1.642699E+15   9.4590E-05   1.0370E-04   0.91211
FLUX  218   183.50        1.633747E+15   9.2512E-05   1.0366E-04   0.89248
FLUX  219   184.50        1.624892E+15   8.9299E-05   1.0361E-04   0.86190
FLUX  220   185.50        1.616132E+15   8.8044E-05   1.0356E-04   0.85020
FLUX  221   186.50        1.607466E+15   8.9639E-05   1.0351E-04   0.86604
FLUX  222   187.50        1.598893E+15   9.5257E-05   1.0345E-04   0.92078
FLUX  223   188.50        1.590411E+15   9.1325E-05   1.0340E-04   0.88322
FLUX  224   189.50        1.582018E+15   8.9193E-05   1.0334E-04   0.86307
FLUX  225   190.50        1.573714E+15   9.3644E-05   1.0329E-04   0.90662
FLUX  226   191.50        1.565496E+15   9.1160E-05   1.0325E-04   0.88288
FLUX  227   192.50        1.557364E+15   9.1072E-05   1.0320E-04   0.88252
FLUX  228   193.50        1.549315E+15   9.2622E-05   1.0314E-04   0.89804
FLUX  229   194.50        1.541350E+15   9.5078E-05   1.0308E-04   0.92239
FLUX  230   195.50        1.533465E+15   9.1495E-05   1.0302E-04   0.88814
FLUX  231   196.70        1.524110E+15   9.6529E-05   1.0295E-04   0.93763
FLUX  232   197.60        1.517169E+15   9.8336E-05   1.0290E-04   0.95566
FLUX  233   198.40        1.511051E+15   9.5301E-05   1.0286E-04   0.92653
FLUX  234   199.50        1.502719E+15   9.2720E-05   1.0279E-04   0.90202
FLUX  235   200.50        1.495224E+15   9.5015E-05   1.0273E-04   0.92488
FLUX  236   201.50        1.487804E+15   9.2463E-05   1.0267E-04   0.90057
FLUX  237   202.50        1.480457E+15   9.6818E-05   1.0261E-04   0.94355
FLUX  238   203.50        1.473182E+15   9.4510E-05   1.0255E-04   0.92161
FLUX  239   204.50        1.465978E+15   9.5821E-05   1.0249E-04   0.93497
FLUX  240   205.50        1.458844E+15   9.2307E-05   1.0242E-04   0.90124
FLUX  241   206.50        1.451780E+15   9.4232E-05   1.0236E-04   0.92061
FLUX  242   207.40        1.445480E+15   9.6363E-05   1.0230E-04   0.94198
FLUX  243   207.80        1.442697E+15   9.5212E-05   1.0227E-04   0.93096
FLUX  244   208.50        1.437854E+15   9.6975E-05   1.0223E-04   0.94863
FLUX  245   209.50        1.430990E+15   9.3934E-05   1.0216E-04   0.91948
FLUX  246   210.50        1.424192E+15   9.5409E-05   1.0209E-04   0.93453
FLUX  247   211.50        1.417459E+15   9.5530E-05   1.0202E-04   0.93635
FLUX  248   212.50        1.410788E+15   9.6897E-05   1.0196E-04   0.95038
FLUX  249   213.50        1.404180E+15   9.3232E-05   1.0189E-04   0.91506
FLUX  250   214.50        1.397634E+15   9.5596E-05   1.0182E-04   0.93891
FLUX  251   215.50        1.391148E+15   9.6934E-05   1.0175E-04   0.95270
FLUX  252   216.50        1.384723E+15   9.4342E-05   1.0168E-04   0.92787
FLUX  253   217.50        1.378356E+15   9.4154E-05   1.0160E-04   0.92666
FLUX  254   218.50        1.372048E+15   9.3244E-05   1.0153E-04   0.91836
FLUX  255   219.50        1.365797E+15   9.6347E-05   1.0146E-04   0.94958
FLUX  256   220.50        1.359603E+15   9.4369E-05   1.0139E-04   0.93076
FLUX  257   221.50        1.353465E+15   9.1962E-05   1.0132E-04   0.90767
FLUX  258   222.50        1.347382E+15   8.9460E-05   1.0124E-04   0.88362
FLUX  259   223.50        1.341353E+15   9.5071E-05   1.0117E-04   0.93972
FLUX  260   224.50        1.335379E+15   9.1736E-05   1.0110E-04   0.90742
FLUX  261   225.50        1.329457E+15   9.0174E-05   1.0102E-04   0.89262
FLUX  262   226.50        1.323587E+15   9.1595E-05   1.0095E-04   0.90736
FLUX  263   227.50        1.317769E+15   9.3978E-05   1.0087E-04   0.93166
FLUX  264   228.50        1.312002E+15   9.5317E-05   1.0080E-04   0.94563
FLUX  265   229.50        1.306285E+15   9.2750E-05   1.0072E-04   0.92085
FLUX  266   230.50        1.300618E+15   9.1285E-05   1.0065E-04   0.90699
FLUX  267   231.50        1.295000E+15   8.9892E-05   1.0057E-04   0.89381
FLUX  268   232.50        1.289430E+15   9.0586E-05   1.0050E-04   0.90139
FLUX  269   233.50        1.283908E+15   8.8153E-05   1.0042E-04   0.87786
FLUX  270   234.50        1.278433E+15   8.5467E-05   1.0034E-04   0.85176
FLUX  271   235.50        1.273004E+15   8.8852E-05   1.0026E-04   0.88617
FLUX  272   236.50        1.267622E+15   8.5703E-05   1.0019E-04   0.85543
FLUX  273   237.50        1.262284E+15   8.7800E-05   1.0011E-04   0.87704
FLUX  274   238.50        1.256992E+15   8.3713E-05   1.0003E-04   0.83688
FLUX  275   239.50        1.251743E+15   8.8576E-05   9.9953E-05   0.88618
FLUX  276   240.50        1.246538E+15   8.5656E-05   9.9874E-05   0.85764
FLUX  277   241.50        1.241377E+15   8.7018E-05   9.9796E-05   0.87196
FLUX  278   242.50        1.236258E+15   8.9042E-05   9.9717E-05   0.89295
FLUX  279   243.50        1.231181E+15   8.5837E-05   9.9638E-05   0.86149
FLUX  280   244.50        1.226145E+15   8.9436E-05   9.9559E-05   0.89833
FLUX  281   245.50        1.221151E+15   8.8246E-05   9.9480E-05   0.88708
FLUX  282   246.50        1.216197E+15   8.8076E-05   9.9400E-05   0.88607
FLUX  283   247.50        1.211283E+15   8.6393E-05   9.9321E-05   0.86984
FLUX  284   248.50        1.206408E+15   9.0572E-05   9.9241E-05   0.91264
FLUX  285   249.50        1.201573E+15   8.8595E-05   9.9161E-05   0.89345
FLUX  286   250.50        1.196776E+15   9.1739E-05   9.9081E-05   0.92590
FLUX  287   251.30        1.192967E+15   8.8913E-05   9.9017E-05   0.89796
FLUX  288   251.80        1.190598E+15   9.0658E-05   9.8977E-05   0.91595
FLUX  289   252.50        1.187297E+15   8.6698E-05   9.8920E-05   0.87644
FLUX  290   253.50        1.182613E+15   8.7080E-05   9.8845E-05   0.88098
FLUX  291   254.50        1.177967E+15   8.6258E-05   9.8770E-05   0.87333
FLUX  292   255.50        1.173356E+15   8.9392E-05   9.8694E-05   0.90575
FLUX  293   256.50        1.168782E+15   8.8802E-05   9.8618E-05   0.90046
FLUX  294   257.50        1.164243E+15   9.2112E-05   9.8542E-05   0.93474
FLUX  295   258.50        1.159739E+15   9.2383E-05   9.8466E-05   0.93822
FLUX  296   259.50        1.155270E+15   9.2876E-05   9.8389E-05   0.94397
FLUX  297   260.50        1.150835E+15   9.0716E-05   9.8492E-05   0.92105
FLUX  298   261.50        1.146434E+15   9.0707E-05   9.8410E-05   0.92172
FLUX  299   262.50        1.142067E+15   9.1230E-05   9.8329E-05   0.92781
FLUX  300   263.50        1.137732E+15   9.1966E-05   9.8246E-05   0.93608
FLUX  301   264.50        1.133431E+15   9.5530E-05   9.8164E-05   0.97317
FLUX  302   265.50        1.129162E+15   9.5091E-05   9.8082E-05   0.96951
FLUX  303   266.50        1.124925E+15   9.2898E-05   9.7999E-05   0.94794
FLUX  304   267.50        1.120720E+15   9.4700E-05   9.7916E-05   0.96715
FLUX  305   268.50        1.116546E+15   9.4468E-05   9.7834E-05   0.96560
FLUX  306   269.50        1.112403E+15   9.3511E-05   9.7751E-05   0.95663
FLUX  307   270.50        1.108290E+15   9.3874E-05   9.7667E-05   0.96115
FLUX  308   271.50        1.104208E+15   9.2326E-05   9.7584E-05   0.94612
FLUX  309   272.50        1.100156E+15   9.2363E-05   9.7501E-05   0.94730
FLUX  310   273.50        1.096133E+15   9.4667E-05   9.7418E-05   0.97176
FLUX  311   274.50        1.092140E+15   8.9969E-05   9.7334E-05   0.92433
FLUX  312   275.50        1.088176E+15   8.9857E-05   9.7251E-05   0.92397
FLUX  313   276.50        1.084241E+15   9.1803E-05   9.7167E-05   0.94479
FLUX  314   277.50        1.080333E+15   9.3763E-05   9.7084E-05   0.96579
FLUX  315   278.50        1.076454E+15   9.3915E-05   9.7000E-05   0.96819
FLUX  316   279.50        1.072603E+15   8.9860E-05   9.6916E-05   0.92719
FLUX  317   280.50        1.068779E+15   9.2902E-05   9.6833E-05   0.95941
FLUX  318   281.50        1.064982E+15   9.4781E-05   9.6748E-05   0.97966
FLUX  319   282.50        1.061212E+15   9.4237E-05   9.6664E-05   0.97489
FLUX  320   283.50        1.057469E+15   9.2323E-05   9.6580E-05   0.95593
FLUX  321   284.50        1.053752E+15   9.0949E-05   9.6495E-05   0.94252
FLUX  322   285.50        1.050061E+15   9.1821E-05   9.6410E-05   0.95241
FLUX  323   286.50        1.046396E+15   9.3557E-05   9.6325E-05   0.97127
FLUX  324   287.50        1.042757E+15   9.2663E-05   9.6240E-05   0.96283
FLUX  325   288.50        1.039142E+15   9.3458E-05   9.6155E-05   0.97196
FLUX  326   289.50        1.035553E+15   9.3548E-05   9.6069E-05   0.97376
FLUX  327   291.00        1.030215E+15   9.5015E-05   9.5941E-05   0.99034
FLUX  328   293.00        1.023183E+15   9.3749E-05   9.5770E-05   0.97890
FLUX  329   295.00        1.016246E+15   9.3529E-05   9.5597E-05   0.97836
FLUX  330   297.00        1.009402E+15   9.3785E-05   9.5425E-05   0.98282
FLUX  331   299.00        1.002651E+15   9.3602E-05   9.5251E-05   0.98269
FLUX  332   301.00        9.959884E+14   9.4465E-05   9.5076E-05   0.99357
FLUX  333   303.00        9.894142E+14   9.4565E-05   9.4901E-05   0.99646
FLUX  334   305.00        9.829262E+14   9.4079E-05   9.4725E-05   0.99318
FLUX  335   307.00        9.765228E+14   9.3856E-05   9.4549E-05   0.99268
FLUX  336   309.00        9.702023E+14   9.4075E-05   9.4372E-05   0.99685
FLUX  337   311.00        9.639630E+14   9.3476E-05   9.4194E-05   0.99237
FLUX  338   313.00        9.578035E+14   9.3330E-05   9.4026E-05   0.99260
FLUX  339   315.00        9.517222E+14   9.3275E-05   9.3848E-05   0.99389
FLUX  340   317.00        9.457177E+14   9.3083E-05   9.3672E-05   0.99372
FLUX  341   319.00        9.397884E+14   9.1932E-05   9.3494E-05   0.98328
FLUX  342   321.00        9.339330E+14   9.2560E-05   9.3316E-05   0.99190
FLUX  343   323.00        9.281502E+14   9.2474E-05   9.3137E-05   0.99288
FLUX  344   325.00        9.224385E+14   9.2403E-05   9.2958E-05   0.99403
FLUX  345   327.00        9.167966E+14   9.2452E-05   9.2778E-05   0.99649
FLUX  346   329.00        9.112234E+14   9.2330E-05   9.2597E-05   0.99712
FLUX  347   331.00        9.057175E+14   9.2314E-05   9.2415E-05   0.99891
FLUX  348   333.00        9.002778E+14   9.2034E-05   9.2232E-05   0.99786
FLUX  349   335.00        8.949030E+14   9.1647E-05   9.2048E-05   0.99564
FLUX  350   337.00        8.895920E+14   9.1493E-05   9.1864E-05   0.99597
FLUX  351   339.00        8.843437E+14   9.1327E-05   9.1679E-05   0.99616
FLUX  352   341.00        8.791569E+14   9.1277E-05   9.1494E-05   0.99763
FLUX  353   343.00        8.740306E+14   9.1097E-05   9.1343E-05   0.99730
FLUX  354   345.00        8.689638E+14   9.0938E-05   9.1155E-05   0.99762
FLUX  355   347.00        8.639553E+14   9.0682E-05   9.0966E-05   0.99687
FLUX  356   349.00        8.590043E+14   9.0538E-05   9.0777E-05   0.99736
FLUX  357   351.00        8.541097E+14   9.0465E-05   9.0587E-05   0.99865
FLUX  358   353.00        8.492705E+14   9.0325E-05   9.0397E-05   0.99920
FLUX  359   355.00        8.444859E+14   9.0151E-05   9.0207E-05   0.99938
FLUX  360   357.00        8.397549E+14   8.9968E-05   9.0016E-05   0.99948
FLUX  361   359.00        8.350766E+14   8.9664E-05   8.9824E-05   0.99822
FLUX  362   361.00        8.304501E+14   8.9553E-05   8.9633E-05   0.99911
FLUX  363   363.00        8.258747E+14   8.9315E-05   8.9439E-05   0.99861
FLUX  364   364.00        8.236058E+14   8.9325E-05   8.9345E-05   0.99979
FLUX  365   365.00        8.213493E+14   8.9342E-05   1.7144E-04   0.52114
FLUX  366   367.00        8.168733E+14   8.9351E-05   1.7040E-04   0.52435
FLUX  367   369.00        8.124458E+14   8.7754E-05   1.7059E-04   0.51441
FLUX  368   371.00        8.080660E+14   8.7589E-05   1.6956E-04   0.51658
FLUX  369   373.00        8.037332E+14   8.7368E-05   1.6853E-04   0.51841
FLUX  370   375.00        7.994467E+14   1.0230E-04   1.6751E-04   0.61071
FLUX  371   377.00        7.952056E+14   1.0692E-04   1.6650E-04   0.64213
FLUX  372   379.00        7.910092E+14   1.2084E-04   1.6550E-04   0.73015
FLUX  373   381.00        7.868570E+14   1.3301E-04   1.6451E-04   0.80852
FLUX  374   383.00        7.827480E+14   1.1288E-04   1.6352E-04   0.69031
FLUX  375   385.00        7.786818E+14   1.4211E-04   1.6254E-04   0.87428
FLUX  376   387.00        7.746576E+14   1.5122E-04   1.6158E-04   0.93594
FLUX  377   389.00        7.706748E+14   1.0647E-04   1.6062E-04   0.66289
FLUX  378   391.00        7.667327E+14   1.5207E-04   1.5966E-04   0.95246
FLUX  379   393.00        7.628308E+14   1.5390E-04   1.5872E-04   0.96965
FLUX  380   395.00        7.589684E+14   1.5127E-04   1.5779E-04   0.95872
FLUX  381   397.00        7.551448E+14   1.0450E-04   1.5686E-04   0.66620
FLUX  382   399.00        7.513596E+14   1.4760E-04   1.5594E-04   0.94649
FLUX  383   401.00        7.476122E+14   1.5246E-04   1.5503E-04   0.98343
FLUX  384   403.00        7.439020E+14   1.4763E-04   1.5413E-04   0.95782
FLUX  385   405.00        7.402284E+14   1.5230E-04   1.5323E-04   0.99393
FLUX  386   407.00        7.365909E+14   1.4994E-04   1.5235E-04   0.98422
FLUX  387   409.00        7.329890E+14   1.3218E-04   1.5146E-04   0.87265
FLUX  388   411.00        7.294221E+14   1.1033E-04   1.5059E-04   0.73263
FLUX  389   413.00        7.258898E+14   1.4452E-04   1.4973E-04   0.96523
FLUX  390   415.00        7.223916E+14   1.4697E-04   1.4887E-04   0.98721
FLUX  391   417.00        7.189269E+14   1.4718E-04   1.4802E-04   0.99429
FLUX  392   419.00        7.154952E+14   1.4688E-04   1.4718E-04   0.99793
FLUX  393   421.00        7.120962E+14   1.4619E-04   1.4635E-04   0.99890
FLUX  394   423.00        7.087293E+14   1.4527E-04   1.4552E-04   0.99831
FLUX  395   425.00        7.053941E+14   1.4442E-04   1.4470E-04   0.99806
FLUX  396   427.00        7.020902E+14   1.4284E-04   1.4388E-04   0.99279
FLUX  397   429.00        6.988170E+14   1.4232E-04   1.4307E-04   0.99471
FLUX  398   431.00        6.955742E+14   1.3998E-04   1.4227E-04   0.98393
FLUX  399   433.00        6.923614E+14   1.2003E-04   1.4148E-04   0.84839
FLUX  400   435.00        6.891782E+14   1.0733E-04   1.4069E-04   0.76288
FLUX  401   437.00        6.860240E+14   1.3700E-04   1.3991E-04   0.97922
FLUX  402   439.00        6.828986E+14   1.3594E-04   1.3913E-04   0.97707
FLUX  403   441.00        6.798016E+14   1.3795E-04   1.3836E-04   0.99704
FLUX  404   443.00        6.767325E+14   1.3689E-04   1.3760E-04   0.99488
FLUX  405   445.00        6.736910E+14   1.3672E-04   1.3684E-04   0.99910
FLUX  406   447.00        6.706767E+14   1.3223E-04   1.3609E-04   0.97168
FLUX  407   449.00        6.676893E+14   1.3393E-04   1.3534E-04   0.98957
FLUX  408   451.00        6.647284E+14   1.3443E-04   1.3460E-04   0.99870
FLUX  409   453.00        6.617936E+14   1.3355E-04   1.3387E-04   0.99764
FLUX  410   455.00        6.588846E+14   1.3266E-04   1.3314E-04   0.99641
FLUX  411   457.00        6.560011E+14   1.3233E-04   1.3242E-04   0.99932
FLUX  412   459.00        6.531427E+14   1.3144E-04   1.3170E-04   0.99798
FLUX  413   461.00        6.503091E+14   1.3093E-04   1.3099E-04   0.99953
FLUX  414   463.00        6.475000E+14   1.2993E-04   1.3029E-04   0.99720
FLUX  415   465.00        6.447151E+14   1.2947E-04   1.2959E-04   0.99908
FLUX  416   467.00        6.419540E+14   1.2874E-04   1.2890E-04   0.99875
FLUX  417   469.00        6.392164E+14   1.2810E-04   1.2821E-04   0.99911
FLUX  418   471.00        6.365021E+14   1.2619E-04   1.2753E-04   0.98945
FLUX  419   473.00        6.338108E+14   1.2651E-04   1.2686E-04   0.99727
FLUX  420   475.00        6.311421E+14   1.2571E-04   1.2618E-04   0.99627
FLUX  421   477.00        6.284958E+14   1.2549E-04   1.2552E-04   0.99978
FLUX  422   479.00        6.258716E+14   1.2461E-04   1.2486E-04   0.99798
FLUX  423   481.00        6.232692E+14   1.2341E-04   1.2420E-04   0.99361
FLUX  424   483.00        6.206884E+14   1.2145E-04   1.2355E-04   0.98295
FLUX  425   485.00        6.181289E+14   1.0705E-04   1.2291E-04   0.87100
FLUX  426   487.00        6.155903E+14   9.2836E-05   1.2227E-04   0.75929
FLUX  427   489.00        6.130726E+14   1.1867E-04   1.2163E-04   0.97562
FLUX  428   491.00        6.105754E+14   1.2009E-04   1.2100E-04   0.99246
FLUX  429   493.00        6.080984E+14   1.1826E-04   1.2038E-04   0.98240
FLUX  430   495.00        6.056414E+14   1.1960E-04   1.1975E-04   0.99868
FLUX  431   497.00        6.032042E+14   1.1907E-04   1.1914E-04   0.99945
FLUX  432   499.00        6.007866E+14   1.1838E-04   1.1853E-04   0.99877
FLUX  433   501.00        5.983882E+14   1.1646E-04   1.1792E-04   0.98763
FLUX  434   503.00        5.960089E+14   1.1694E-04   1.1732E-04   0.99678
FLUX  435   505.00        5.936485E+14   1.1523E-04   1.1672E-04   0.98727
FLUX  436   507.00        5.913067E+14   1.1593E-04   1.1613E-04   0.99833
FLUX  437   509.00        5.889833E+14   1.1533E-04   1.1554E-04   0.99817
FLUX  438   511.00        5.866781E+14   1.1462E-04   1.1495E-04   0.99711
FLUX  439   513.00        5.843908E+14   1.1420E-04   1.1437E-04   0.99847
FLUX  440   515.00        5.821214E+14   1.1344E-04   1.1380E-04   0.99686
FLUX  441   517.00        5.798694E+14   1.1288E-04   1.1323E-04   0.99693
FLUX  442   519.00        5.776349E+14   1.1241E-04   1.1266E-04   0.99781
FLUX  443   521.00        5.754175E+14   1.1150E-04   1.1210E-04   0.99466
FLUX  444   523.00        5.732170E+14   1.1120E-04   1.1154E-04   0.99698
FLUX  445   525.00        5.710333E+14   1.1077E-04   1.1099E-04   0.99809
FLUX  446   527.00        5.688662E+14   1.1003E-04   1.1044E-04   0.99636
FLUX  447   529.00        5.667155E+14   1.0979E-04   1.0989E-04   0.99909
FLUX  448   531.00        5.645810E+14   1.0910E-04   1.0935E-04   0.99770
FLUX  449   533.00        5.624625E+14   1.0866E-04   1.0881E-04   0.99859
FLUX  450   535.00        5.603598E+14   1.0806E-04   1.0828E-04   0.99798
FLUX  451   537.00        5.582728E+14   1.0765E-04   1.0775E-04   0.99906
FLUX  452   539.00        5.562013E+14   1.0711E-04   1.0722E-04   0.99897
FLUX  453   541.00        5.541451E+14   1.0653E-04   1.0670E-04   0.99839
FLUX  454   543.00        5.521041E+14   1.0593E-04   1.0618E-04   0.99764
FLUX  455   545.00        5.500780E+14   1.0551E-04   1.0567E-04   0.99844
FLUX  456   547.00        5.480667E+14   1.0494E-04   1.0516E-04   0.99788
FLUX  457   549.00        5.460701E+14   1.0454E-04   1.0465E-04   0.99886
FLUX  458   551.00        5.440880E+14   1.0399E-04   1.0415E-04   0.99842
FLUX  459   553.00        5.421203E+14   1.0356E-04   1.0365E-04   0.99910
FLUX  460   555.00        5.401667E+14   1.0307E-04   1.0316E-04   0.99918
FLUX  461   557.00        5.382271E+14   1.0257E-04   1.0267E-04   0.99911
FLUX  462   559.00        5.363014E+14   1.0210E-04   1.0218E-04   0.99920
FLUX  463   561.00        5.343895E+14   1.0162E-04   1.0169E-04   0.99925
FLUX  464   563.00        5.324911E+14   1.0119E-04   1.0121E-04   0.99985
FLUX  465   565.00        5.306062E+14   1.0046E-04   1.0073E-04   0.99726
FLUX  466   567.00        5.287346E+14   1.0005E-04   1.0026E-04   0.99799
FLUX  467   569.00        5.268761E+14   9.9719E-05   9.9785E-05   0.99934
FLUX  468   571.00        5.250306E+14   9.9291E-05   9.9316E-05   0.99974
FLUX  469   573.00        5.231981E+14   9.8831E-05   9.8851E-05   0.99980
FLUX  470   575.00        5.213783E+14   9.8366E-05   9.8390E-05   0.99976
FLUX  471   577.00        5.195711E+14   9.7916E-05   9.7931E-05   0.99984
FLUX  472   579.00        5.177763E+14   9.7422E-05   9.7476E-05   0.99945
FLUX  473   581.00        5.159940E+14   9.6976E-05   9.7024E-05   0.99951
FLUX  474   583.00        5.142238E+14   9.6543E-05   9.6575E-05   0.99968
FLUX  475   585.00        5.124658E+14   9.6093E-05   9.6129E-05   0.99962
FLUX  476   587.00        5.107198E+14   9.4155E-05   9.5686E-05   0.98400
FLUX  477   589.00        5.089856E+14   9.5111E-05   9.5247E-05   0.99857
FLUX  478   591.00        5.072631E+14   9.4771E-05   9.4810E-05   0.99959
FLUX  479   593.00        5.055523E+14   9.4370E-05   9.4377E-05   0.99993
FLUX  480   595.00        5.038529E+14   9.3744E-05   9.3947E-05   0.99784
FLUX  481   597.00        5.021650E+14   9.3464E-05   9.3519E-05   0.99942
FLUX  482   599.00        5.004883E+14   9.2933E-05   9.3095E-05   0.99826
FLUX  483   601.00        4.988228E+14   9.2664E-05   9.2673E-05   0.99990
FLUX  484   603.00        4.971683E+14   9.2234E-05   9.2254E-05   0.99979
FLUX  485   605.00        4.955248E+14   9.1818E-05   9.1839E-05   0.99978
FLUX  486   607.00        4.938921E+14   9.1397E-05   9.1426E-05   0.99968
FLUX  487   609.00        4.922701E+14   9.0982E-05   9.1017E-05   0.99963
FLUX  488   611.00        4.906588E+14   9.0602E-05   9.0610E-05   0.99992
FLUX  489   613.00        4.890579E+14   9.0195E-05   9.0206E-05   0.99988
FLUX  490   615.00        4.874675E+14   8.9641E-05   8.9804E-05   0.99818
FLUX  491   617.00        4.858874E+14   8.9378E-05   8.9406E-05   0.99970
FLUX  492   619.00        4.843174E+14   8.9000E-05   8.9010E-05   0.99989
FLUX  493   621.00        4.827576E+14   8.8605E-05   8.8616E-05   0.99987
FLUX  494   623.00        4.812079E+14   8.8175E-05   8.8226E-05   0.99943
FLUX  495   625.00        4.796680E+14   8.7661E-05   8.7838E-05   0.99799
FLUX  496   627.00        4.781380E+14   8.7436E-05   8.7452E-05   0.99981
FLUX  497   629.00        4.766176E+14   8.7041E-05   8.7070E-05   0.99967
FLUX  498   631.00        4.751070E+14   8.6630E-05   8.6689E-05   0.99932
FLUX  499   633.00        4.736058E+14   8.6281E-05   8.6312E-05   0.99965
FLUX  500   635.00        4.721142E+14   8.5406E-05   8.5936E-05   0.99383
FLUX  501   637.00        4.706319E+14   8.5181E-05   8.5564E-05   0.99553
FLUX  502   639.00        4.691588E+14   8.5152E-05   8.5193E-05   0.99951
FLUX  503   641.00        4.676950E+14   8.4747E-05   8.4825E-05   0.99907
FLUX  504   643.00        4.662403E+14   8.4442E-05   8.4460E-05   0.99979
FLUX  505   645.00        4.647946E+14   8.4017E-05   8.4097E-05   0.99905
FLUX  506   647.00        4.633578E+14   8.3708E-05   8.3736E-05   0.99967
FLUX  507   649.00        4.619299E+14   8.3234E-05   8.3377E-05   0.99828
FLUX  508   651.00        4.605108E+14   8.2633E-05   8.3020E-05   0.99533
FLUX  509   653.00        4.591003E+14   8.1678E-05   8.2666E-05   0.98804
FLUX  510   655.00        4.576985E+14   7.6156E-05   8.2314E-05   0.92519
FLUX  511   657.00        4.563052E+14   6.5765E-05   8.1965E-05   0.80236
FLUX  512   659.00        4.549203E+14   7.9632E-05   8.1617E-05   0.97567
FLUX  513   661.00        4.535439E+14   8.0781E-05   8.1272E-05   0.99395
FLUX  514   663.00        4.521757E+14   8.0727E-05   8.0929E-05   0.99750
FLUX  515   665.00        4.508158E+14   8.0560E-05   8.0595E-05   0.99957
FLUX  516   667.00        4.494640E+14   7.9894E-05   8.0256E-05   0.99549
FLUX  517   669.00        4.481203E+14   7.9587E-05   7.9919E-05   0.99584
FLUX  518   671.00        4.467846E+14   7.9565E-05   7.9585E-05   0.99974
FLUX  519   673.00        4.454569E+14   7.9233E-05   7.9253E-05   0.99974
FLUX  520   675.00        4.441370E+14   7.8907E-05   7.8923E-05   0.99980
FLUX  521   677.00        4.428250E+14   7.8586E-05   7.8595E-05   0.99989
FLUX  522   679.00        4.415206E+14   7.8244E-05   7.8269E-05   0.99968
FLUX  523   681.00        4.402239E+14   7.7922E-05   7.7945E-05   0.99971
FLUX  524   683.00        4.389348E+14   7.7573E-05   7.7623E-05   0.99936
FLUX  525   685.00        4.376533E+14   7.7276E-05   7.7303E-05   0.99965
FLUX  526   687.00        4.363792E+14   7.6964E-05   7.6985E-05   0.99972
FLUX  527   689.00        4.351125E+14   7.6654E-05   7.6669E-05   0.99980
FLUX  528   691.00        4.338531E+14   7.6334E-05   7.6355E-05   0.99972
FLUX  529   693.00        4.326010E+14   7.5978E-05   7.6043E-05   0.99914
FLUX  530   695.00        4.313561E+14   7.5715E-05   7.5733E-05   0.99976
FLUX  531   697.00        4.301184E+14   7.5416E-05   7.5425E-05   0.99988
FLUX  532   699.00        4.288877E+14   7.5109E-05   7.5119E-05   0.99987
FLUX  533   701.00        4.276641E+14   7.4789E-05   7.4815E-05   0.99965
FLUX  534   703.00        4.264474E+14   7.4497E-05   7.4513E-05   0.99980
FLUX  535   705.00        4.252376E+14   7.4108E-05   7.4212E-05   0.99859
FLUX  536   707.00        4.240347E+14   7.3466E-05   7.3913E-05   0.99395
FLUX  537   709.00        4.228385E+14   7.3610E-05   7.3617E-05   0.99991
FLUX  538   711.00        4.216491E+14   7.3293E-05   7.3322E-05   0.99961
FLUX  539   713.00        4.204663E+14   7.3007E-05   7.3028E-05   0.99971
FLUX  540   715.00        4.192902E+14   7.2718E-05   7.2737E-05   0.99974
FLUX  541   717.00        4.181206E+14   7.2439E-05   7.2447E-05   0.99988
FLUX  542   719.00        4.169576E+14   7.2153E-05   7.2160E-05   0.99991
FLUX  543   721.00        4.158010E+14   7.1868E-05   7.1873E-05   0.99992
FLUX  544   723.00        4.146508E+14   7.1478E-05   7.1589E-05   0.99846
FLUX  545   725.00        4.135069E+14   7.1284E-05   7.1306E-05   0.99970
FLUX  546   727.00        4.123693E+14   7.1020E-05   7.1025E-05   0.99993
FLUX  547   729.00        4.112380E+14   7.0605E-05   7.0746E-05   0.99801
FLUX  548   731.00        4.101129E+14   7.0461E-05   7.0468E-05   0.99990
FLUX  549   733.00        4.089939E+14   7.0186E-05   7.0192E-05   0.99992
FLUX  550   735.00        4.078810E+14   6.9917E-05   6.9917E-05   0.99999
FLUX  551   737.00        4.067741E+14   6.9643E-05   6.9645E-05   0.99998
FLUX  552   739.00        4.056732E+14   6.9372E-05   6.9373E-05   0.99998
FLUX  553   741.00        4.045783E+14   6.9102E-05   6.9104E-05   0.99997
FLUX  554   743.00        4.034892E+14   6.8801E-05   6.8836E-05   0.99949
FLUX  555   745.00        4.024060E+14   6.8552E-05   6.8570E-05   0.99974
FLUX  556   747.00        4.013286E+14   6.8257E-05   6.8305E-05   0.99930
FLUX  557   749.00        4.002570E+14   6.8016E-05   6.8041E-05   0.99963
FLUX  558   751.00        3.991911E+14   6.7753E-05   6.7779E-05   0.99962
FLUX  559   753.00        3.981308E+14   6.7512E-05   6.7519E-05   0.99990
FLUX  560   755.00        3.970762E+14   6.7253E-05   6.7260E-05   0.99989
FLUX  561   757.00        3.960271E+14   6.6997E-05   6.7003E-05   0.99992
FLUX  562   759.00        3.949835E+14   6.6738E-05   6.6747E-05   0.99987
FLUX  563   761.00        3.939455E+14   6.6491E-05   6.6492E-05   0.99999
FLUX  564   763.00        3.929128E+14   6.6235E-05   6.6239E-05   0.99993
FLUX  565   765.00        3.918856E+14   6.5979E-05   6.5988E-05   0.99987
FLUX  566   767.00        3.908638E+14   6.5731E-05   6.5738E-05   0.99990
FLUX  567   769.00        3.898472E+14   6.5481E-05   6.5489E-05   0.99988
FLUX  568   771.00        3.888359E+14   6.5233E-05   6.5242E-05   0.99986
FLUX  569   773.00        3.878299E+14   6.4989E-05   6.4996E-05   0.99989
FLUX  570   775.00        3.868290E+14   6.4744E-05   6.4752E-05   0.99988
FLUX  571   777.00        3.858333E+14   6.4053E-05   6.4509E-05   0.99295
FLUX  572   779.00        3.848427E+14   6.4259E-05   6.4267E-05   0.99987
FLUX  573   781.00        3.838572E+14   6.4025E-05   6.4027E-05   0.99997
FLUX  574   783.00        3.828768E+14   6.3786E-05   6.3788E-05   0.99998
FLUX  575   785.00        3.819013E+14   6.3469E-05   6.3555E-05   0.99866
FLUX  576   787.00        3.809307E+14   6.3204E-05   6.3319E-05   0.99819
FLUX  577   789.00        3.799651E+14   6.2897E-05   6.3084E-05   0.99705
FLUX  578   791.00        3.790044E+14   6.2839E-05   6.2850E-05   0.99982
FLUX  579   793.00        3.780485E+14   6.2616E-05   6.2618E-05   0.99998
FLUX  580   795.00        3.770975E+14   6.2314E-05   6.2387E-05   0.99883
FLUX  581   797.00        3.761512E+14   6.2152E-05   6.2157E-05   0.99992
FLUX  582   799.00        3.752096E+14   6.1784E-05   6.1929E-05   0.99766
FLUX  583   801.00        3.742728E+14   6.1700E-05   6.1702E-05   0.99997
FLUX  584   803.00        3.733406E+14   6.1474E-05   6.1476E-05   0.99997
FLUX  585   805.00        3.724130E+14   6.1245E-05   6.1251E-05   0.99990
FLUX  586   807.00        3.714901E+14   6.1023E-05   6.1028E-05   0.99992
FLUX  587   809.00        3.705717E+14   6.0796E-05   6.0806E-05   0.99984
FLUX  588   811.00        3.696578E+14   6.0571E-05   6.0585E-05   0.99978
FLUX  589   813.00        3.687485E+14   6.0357E-05   6.0365E-05   0.99986
FLUX  590   815.00        3.678436E+14   6.0139E-05   6.0147E-05   0.99987
FLUX  591   817.00        3.669431E+14   5.9928E-05   5.9930E-05   0.99998
FLUX  592   819.00        3.660470E+14   5.9691E-05   5.9714E-05   0.99963
FLUX  593   821.00        3.651553E+14   5.9425E-05   6.6372E-05   0.89534
FLUX  594   823.00        3.642679E+14   5.9194E-05   6.6116E-05   0.89531
FLUX  595   825.00        3.633848E+14   5.9116E-05   6.5862E-05   0.89758
FLUX  596   827.00        3.625060E+14   5.8918E-05   6.5614E-05   0.89794
FLUX  597   829.00        3.616315E+14   5.8707E-05   6.5363E-05   0.89818
FLUX  598   831.00        3.607611E+14   5.8554E-05   6.5113E-05   0.89926
FLUX  599   833.00        3.598950E+14   5.8353E-05   6.4864E-05   0.89961
FLUX  600   835.00        3.590329E+14   5.8130E-05   6.4617E-05   0.89960
FLUX  601   837.00        3.581750E+14   5.7924E-05   6.4372E-05   0.89983
FLUX  602   839.00        3.573212E+14   5.7714E-05   6.4128E-05   0.89999
FLUX  603   841.00        3.564715E+14   5.7415E-05   6.3885E-05   0.89872
FLUX  604   843.00        3.556257E+14   5.7143E-05   6.3643E-05   0.89787
FLUX  605   845.00        3.547840E+14   5.6733E-05   6.3403E-05   0.89480
FLUX  606   847.00        3.539463E+14   5.6219E-05   6.3165E-05   0.89004
FLUX  607   849.00        3.531125E+14   5.6650E-05   6.2928E-05   0.90024
FLUX  608   851.00        3.522826E+14   5.5342E-05   6.2692E-05   0.88277
FLUX  609   853.00        3.514566E+14   5.6664E-05   6.2457E-05   0.90726
FLUX  610   855.00        3.506345E+14   5.3630E-05   6.2223E-05   0.86190
FLUX  611   857.00        3.498162E+14   5.7088E-05   6.1991E-05   0.92091
FLUX  612   859.00        3.490017E+14   5.4275E-05   6.1761E-05   0.87879
FLUX  613   861.00        3.481911E+14   5.3534E-05   6.1531E-05   0.87003
FLUX  614   863.00        3.473841E+14   5.7565E-05   6.1303E-05   0.93902
FLUX  615   865.00        3.465809E+14   5.5801E-05   6.1076E-05   0.91363
FLUX  616   867.00        3.457814E+14   4.9718E-05   6.0851E-05   0.81705
FLUX  617   869.00        3.449856E+14   5.6967E-05   6.0627E-05   0.93964
FLUX  618   871.00        3.441935E+14   5.8317E-05   6.0404E-05   0.96546
FLUX  619   873.00        3.434049E+14   5.6642E-05   6.0182E-05   0.94118
FLUX  620   875.00        3.426200E+14   4.8104E-05   5.9961E-05   0.80225
FLUX  621   877.00        3.418387E+14   5.4678E-05   5.9742E-05   0.91525
FLUX  622   879.00        3.410609E+14   5.8114E-05   5.9523E-05   0.97632
FLUX  623   881.00        3.402866E+14   5.8426E-05   5.9306E-05   0.98515
FLUX  624   883.00        3.395159E+14   5.7560E-05   5.9090E-05   0.97410
FLUX  625   885.00        3.387486E+14   5.2967E-05   5.8876E-05   0.89964
FLUX  626   887.00        3.379848E+14   4.7205E-05   5.8662E-05   0.80469
FLUX  627   889.00        3.372244E+14   5.5729E-05   5.8450E-05   0.95345
FLUX  628   891.00        3.364675E+14   5.7390E-05   5.8239E-05   0.98543
FLUX  629   893.00        3.357139E+14   5.7501E-05   5.8029E-05   0.99091
FLUX  630   895.00        3.349637E+14   5.7408E-05   5.7820E-05   0.99287
FLUX  631   897.00        3.342168E+14   5.6899E-05   5.7612E-05   0.98763
FLUX  632   899.00        3.334733E+14   5.5136E-05   5.7406E-05   0.96046
FLUX  633   901.00        3.327331E+14   4.6944E-05   5.7200E-05   0.82069
FLUX  634   903.00        3.319961E+14   5.0072E-05   5.6996E-05   0.87853
FLUX  635   905.00        3.312624E+14   5.5286E-05   5.6793E-05   0.97347
FLUX  636   907.00        3.305320E+14   5.5863E-05   5.6590E-05   0.98715
FLUX  637   909.00        3.298047E+14   5.5947E-05   5.6389E-05   0.99216
FLUX  638   911.00        3.290807E+14   5.5958E-05   5.6189E-05   0.99589
FLUX  639   913.00        3.283598E+14   5.5764E-05   5.5990E-05   0.99595
FLUX  640   915.00        3.276421E+14   5.5574E-05   5.5792E-05   0.99608
FLUX  641   917.00        3.269275E+14   5.5175E-05   5.5595E-05   0.99244
FLUX  642   919.00        3.262160E+14   5.4449E-05   5.5399E-05   0.98285
FLUX  643   921.00        3.255076E+14   5.1810E-05   5.5205E-05   0.93851
FLUX  644   923.00        3.248023E+14   4.3521E-05   5.5011E-05   0.79113
FLUX  645   925.00        3.241000E+14   5.0584E-05   5.4818E-05   0.92275
FLUX  646   927.00        3.234008E+14   5.3195E-05   5.4627E-05   0.97380
FLUX  647   929.00        3.227045E+14   5.4019E-05   5.4436E-05   0.99233
FLUX  648   931.00        3.220113E+14   5.4010E-05   5.4246E-05   0.99565
FLUX  649   933.00        3.213210E+14   5.3942E-05   5.4058E-05   0.99786
FLUX  650   935.00        3.206337E+14   5.3835E-05   5.3870E-05   0.99935
FLUX  651   937.00        3.199493E+14   5.3663E-05   5.3683E-05   0.99962
FLUX  652   939.00        3.192678E+14   5.3461E-05   5.3498E-05   0.99931
FLUX  653   941.00        3.185893E+14   5.3044E-05   5.3313E-05   0.99496
FLUX  654   943.00        3.179136E+14   5.3095E-05   5.3129E-05   0.99935
FLUX  655   945.00        3.172407E+14   5.2859E-05   5.2946E-05   0.99835
FLUX  656   947.00        3.165707E+14   5.2513E-05   5.2764E-05   0.99523
FLUX  657   949.00        3.159036E+14   5.2202E-05   5.2583E-05   0.99276
FLUX  658   951.00        3.152392E+14   5.1339E-05   5.2403E-05   0.97969
FLUX  659   953.00        3.145776E+14   4.8309E-05   5.2224E-05   0.92503
FLUX  660   955.00        3.139188E+14   4.1520E-05   5.2046E-05   0.79775
FLUX  661   957.00        3.132628E+14   4.8812E-05   5.1869E-05   0.94107
FLUX  662   959.00        3.126095E+14   5.0885E-05   5.1692E-05   0.98438
FLUX  663   961.00        3.119589E+14   5.1171E-05   5.1517E-05   0.99330
FLUX  664   963.00        3.113110E+14   5.0958E-05   5.1342E-05   0.99251
FLUX  665   965.00        3.106658E+14   5.1133E-05   5.1168E-05   0.99931
FLUX  666   967.00        3.100233E+14   5.0947E-05   5.0996E-05   0.99905
FLUX  667   969.00        3.093834E+14   5.0808E-05   5.0824E-05   0.99969
FLUX  668   971.00        3.087461E+14   5.0629E-05   5.0653E-05   0.99953
FLUX  669   973.00        3.081115E+14   5.0479E-05   5.0482E-05   0.99992
FLUX  670   975.00        3.074795E+14   5.0302E-05   5.0313E-05   0.99977
FLUX  671   977.00        3.068501E+14   5.0144E-05   5.0145E-05   0.99999
FLUX  672   979.00        3.062232E+14   4.9976E-05   4.9977E-05   0.99997
FLUX  673   981.00        3.055989E+14   4.9806E-05   4.9810E-05   0.99991
FLUX  674   983.00        3.049771E+14   4.9628E-05   4.9645E-05   0.99966
FLUX  675   985.00        3.043579E+14   4.9473E-05   4.9480E-05   0.99987
FLUX  676   987.00        3.037411E+14   4.9305E-05   4.9315E-05   0.99978
FLUX  677   989.00        3.031269E+14   4.9121E-05   4.9152E-05   0.99937
FLUX  678   991.00        3.025151E+14   4.8969E-05   4.8989E-05   0.99959
FLUX  679   993.00        3.019058E+14   4.8815E-05   4.8828E-05   0.99974
FLUX  680   995.00        3.012990E+14   4.8610E-05   4.8667E-05   0.99884
FLUX  681   997.00        3.006946E+14   4.8346E-05   4.8507E-05   0.99668
FLUX  682   999.00        3.000926E+14   4.8039E-05   4.8347E-05   0.99362
FLUX  683  1002.50        2.990449E+14   4.5111E-05   4.8070E-05   0.93843
FLUX  684  1007.50        2.975608E+14   4.3647E-05   4.7679E-05   0.91544
FLUX  685  1012.50        2.960914E+14   4.6982E-05   4.7292E-05   0.99345
FLUX  686  1017.50        2.946364E+14   4.6881E-05   4.6910E-05   0.99939
FLUX  687  1022.50        2.931956E+14   4.6527E-05   4.6533E-05   0.99988
FLUX  688  1027.50        2.917689E+14   4.6156E-05   4.6160E-05   0.99991
FLUX  689  1032.50        2.903559E+14   4.5749E-05   4.5792E-05   0.99907
FLUX  690  1037.50        2.889566E+14   4.5423E-05   4.5428E-05   0.99990
FLUX  691  1042.50        2.875707E+14   4.5066E-05   4.5068E-05   0.99997
FLUX  692  1047.50        2.861981E+14   4.4706E-05   4.4712E-05   0.99987
FLUX  693  1052.50        2.848385E+14   4.4348E-05   4.4361E-05   0.99969
FLUX  694  1057.50        2.834917E+14   4.4009E-05   4.4014E-05   0.99988
FLUX  695  1062.50        2.821576E+14   4.3670E-05   4.3671E-05   0.99997
FLUX  696  1067.50        2.808361E+14   4.3256E-05   4.3332E-05   0.99825
FLUX  697  1072.50        2.795268E+14   4.2982E-05   4.2997E-05   0.99965
FLUX  698  1077.50        2.782297E+14   4.2658E-05   4.2666E-05   0.99982
FLUX  699  1082.50        2.769446E+14   4.2073E-05   4.2339E-05   0.99372
FLUX  700  1087.50        2.756713E+14   4.1687E-05   4.2015E-05   0.99220
FLUX  701  1092.50        2.744096E+14   3.7330E-05   4.1695E-05   0.89531
FLUX  702  1097.50        2.731595E+14   3.9746E-05   4.1379E-05   0.96053
FLUX  703  1102.50        2.719206E+14   4.0865E-05   4.1067E-05   0.99508
FLUX  704  1107.50        2.706930E+14   4.0740E-05   4.0758E-05   0.99956
FLUX  705  1112.50        2.694764E+14   4.0449E-05   4.0452E-05   0.99992
FLUX  706  1117.50        2.682707E+14   4.0146E-05   4.0150E-05   0.99990
FLUX  707  1122.50        2.670757E+14   3.9848E-05   3.9852E-05   0.99991
FLUX  708  1127.50        2.658914E+14   3.9477E-05   3.9556E-05   0.99800
FLUX  709  1132.50        2.647174E+14   3.9215E-05   3.9264E-05   0.99876
FLUX  710  1137.50        2.635538E+14   3.8972E-05   3.8976E-05   0.99991
FLUX  711  1142.50        2.624004E+14   3.8686E-05   3.8690E-05   0.99991
FLUX  712  1147.50        2.612571E+14   3.8407E-05   3.8408E-05   0.99998
FLUX  713  1152.50        2.601236E+14   3.8127E-05   3.8128E-05   0.99998
FLUX  714  1157.50        2.590000E+14   3.7851E-05   3.7852E-05   0.99998
FLUX  715  1162.50        2.578860E+14   3.7560E-05   3.7579E-05   0.99951
FLUX  716  1167.50        2.567816E+14   3.7292E-05   3.7309E-05   0.99954
FLUX  717  1172.50        2.556866E+14   3.7036E-05   3.7041E-05   0.99985
FLUX  718  1177.50        2.546008E+14   3.6728E-05   3.6777E-05   0.99867
FLUX  719  1182.50        2.535243E+14   3.6510E-05   3.6516E-05   0.99986
FLUX  720  1187.50        2.524568E+14   3.6246E-05   3.6257E-05   0.99971
FLUX  721  1192.50        2.513983E+14   3.6000E-05   3.6001E-05   0.99999
FLUX  722  1197.50        2.503486E+14   3.5697E-05   3.5747E-05   0.99858
FLUX  723  1202.50        2.493077E+14   3.5496E-05   3.5497E-05   0.99998
FLUX  724  1207.50        2.482754E+14   3.5248E-05   3.5249E-05   0.99998
FLUX  725  1212.50        2.472515E+14   3.5001E-05   3.5003E-05   0.99993
FLUX  726  1217.50        2.462361E+14   3.4759E-05   3.4760E-05   0.99997
FLUX  727  1222.50        2.452290E+14   3.4519E-05   3.4520E-05   0.99997
FLUX  728  1227.50        2.442301E+14   3.4279E-05   3.4282E-05   0.99992
FLUX  729  1232.50        2.432394E+14   3.4044E-05   3.4046E-05   0.99992
FLUX  730  1237.50        2.422566E+14   3.3811E-05   3.3813E-05   0.99993
FLUX  731  1242.50        2.412817E+14   3.3582E-05   3.3583E-05   0.99999
FLUX  732  1247.50        2.403146E+14   3.3339E-05   3.3354E-05   0.99954
FLUX  733  1252.50        2.393553E+14   3.3121E-05   3.3129E-05   0.99977
FLUX  734  1257.50        2.384036E+14   3.2894E-05   3.2905E-05   0.99968
FLUX  735  1262.50        2.374594E+14   3.2679E-05   3.2684E-05   0.99986
FLUX  736  1267.50        2.365227E+14   3.2464E-05   3.2465E-05   0.99997
FLUX  737  1272.50        2.355933E+14   3.2152E-05   3.2248E-05   0.99703
FLUX  738  1277.50        2.346712E+14   3.1396E-05   3.2033E-05   0.98013
FLUX  739  1282.50        2.337563E+14   2.8503E-05   3.1821E-05   0.89574
FLUX  740  1287.50        2.328485E+14   3.1189E-05   3.1610E-05   0.98668
FLUX  741  1292.50        2.319478E+14   3.1331E-05   3.1402E-05   0.99774
FLUX  742  1297.50        2.310539E+14   3.1171E-05   3.1196E-05   0.99922
FLUX  743  1302.50        2.301670E+14   3.0991E-05   3.0991E-05   0.99999
FLUX  744  1307.50        2.292868E+14   3.0789E-05   3.0789E-05   0.99999
FLUX  745  1312.50        2.284133E+14   3.0589E-05   3.0589E-05   0.99999
FLUX  746  1317.50        2.275465E+14   3.0380E-05   3.0391E-05   0.99966
FLUX  747  1322.50        2.266862E+14   3.0194E-05   3.0194E-05   0.99999
FLUX  748  1327.50        2.258324E+14   3.0000E-05   3.0000E-05   1.00000
FLUX  749  1332.50        2.249850E+14   2.9807E-05   2.9807E-05   0.99999
FLUX  750  1337.50        2.241439E+14   2.9616E-05   2.9617E-05   1.00000
FLUX  751  1342.50        2.233091E+14   2.9425E-05   2.9428E-05   0.99990
FLUX  752  1347.50        2.224805E+14   2.9239E-05   2.9241E-05   0.99995
FLUX  753  1352.50        2.216580E+14   2.9053E-05   2.9055E-05   0.99991
FLUX  754  1357.50        2.208416E+14   2.8871E-05   2.8872E-05   0.99997
FLUX  755  1362.50        2.200312E+14   2.8689E-05   2.8690E-05   0.99994
FLUX  756  1367.50        2.192267E+14   2.8506E-05   2.8510E-05   0.99985
FLUX  757  1372.50        2.184281E+14   2.8328E-05   2.8332E-05   0.99986
FLUX  758  1377.50        2.176352E+14   2.8155E-05   2.8155E-05   0.99999
FLUX  759  1382.50        2.168481E+14   2.7980E-05   2.7980E-05   0.99999
FLUX  760  1387.50        2.160667E+14   2.7807E-05   2.7807E-05   0.99999
FLUX  761  1392.50        2.152908E+14   2.7635E-05   2.7635E-05   0.99997
FLUX  762  1397.50        2.145206E+14   2.7465E-05   2.7465E-05   0.99998
FLUX  763  1402.50        2.137558E+14   2.7296E-05   2.7297E-05   0.99999
FLUX  764  1407.50        2.129964E+14   2.7129E-05   2.7130E-05   0.99998
FLUX  765  1412.50        2.122425E+14   2.6963E-05   2.6964E-05   0.99997
FLUX  766  1417.50        2.114938E+14   2.6800E-05   2.6800E-05   0.99999
FLUX  767  1422.50        2.107504E+14   2.6638E-05   2.6638E-05   0.99999
FLUX  768  1427.50        2.100123E+14   2.6477E-05   2.6477E-05   1.00000
FLUX  769  1432.50        2.092792E+14   2.6317E-05   2.6317E-05   0.99999
FLUX  770  1437.50        2.085513E+14   2.6159E-05   2.6159E-05   0.99999
FLUX  771  1442.50        2.078284E+14   2.5992E-05   2.6002E-05   0.99961
FLUX  772  1447.50        2.071105E+14   2.5845E-05   2.5847E-05   0.99991
FLUX  773  1452.50        2.063976E+14   2.5690E-05   2.5693E-05   0.99986
FLUX  774  1457.00        2.057601E+14   2.5556E-05   2.5556E-05   0.99999
FLUX  775  1462.00        2.050564E+14   2.5411E-05   2.6162E-05   0.97127
FLUX  776  1467.50        2.042879E+14   2.5252E-05   2.5990E-05   0.97162
FLUX  777  1472.50        2.035942E+14   2.5107E-05   2.5834E-05   0.97187
FLUX  778  1477.50        2.029052E+14   2.4961E-05   2.5680E-05   0.97202
FLUX  779  1482.50        2.022209E+14   2.4823E-05   2.5527E-05   0.97241
FLUX  780  1487.50        2.015412E+14   2.4681E-05   2.5376E-05   0.97263
FLUX  781  1492.50        2.008660E+14   2.4543E-05   2.5226E-05   0.97293
FLUX  782  1497.50        2.001953E+14   2.4402E-05   2.5077E-05   0.97309
FLUX  783  1502.50        1.995291E+14   2.4265E-05   2.4930E-05   0.97333
FLUX  784  1507.50        1.988673E+14   2.4118E-05   2.4784E-05   0.97315
FLUX  785  1512.50        1.982099E+14   2.3982E-05   2.4639E-05   0.97332
FLUX  786  1517.50        1.975568E+14   2.3842E-05   2.4495E-05   0.97331
FLUX  787  1522.50        1.969080E+14   2.3706E-05   2.4353E-05   0.97343
FLUX  788  1527.50        1.962635E+14   2.3546E-05   2.4212E-05   0.97248
FLUX  789  1532.50        1.956232E+14   2.3395E-05   2.4072E-05   0.97186
FLUX  790  1537.50        1.949870E+14   2.3296E-05   2.3934E-05   0.97336
FLUX  791  1542.50        1.943549E+14   2.3064E-05   2.3797E-05   0.96920
FLUX  792  1547.50        1.937270E+14   2.3029E-05   2.3660E-05   0.97331
FLUX  793  1552.50        1.931031E+14   2.2885E-05   2.3525E-05   0.97279
FLUX  794  1557.50        1.924831E+14   2.2538E-05   2.3392E-05   0.96350
FLUX  795  1562.50        1.918672E+14   2.2785E-05   2.3259E-05   0.97963
FLUX  796  1567.50        1.912552E+14   2.2371E-05   2.3127E-05   0.96731
FLUX  797  1572.50        1.906471E+14   2.2049E-05   2.2997E-05   0.95879
FLUX  798  1577.50        1.900428E+14   2.2479E-05   2.2868E-05   0.98302
FLUX  799  1582.50        1.894423E+14   2.2316E-05   2.2739E-05   0.98138
FLUX  800  1587.50        1.888457E+14   2.1258E-05   2.2612E-05   0.94010
FLUX  801  1592.50        1.882527E+14   2.1875E-05   2.2486E-05   0.97282
FLUX  802  1597.50        1.876635E+14   2.2104E-05   2.2361E-05   0.98848
FLUX  803  1605.00        1.867866E+14   2.1705E-05   2.2176E-05   0.97878
FLUX  804  1615.00        1.856300E+14   2.0965E-05   2.1932E-05   0.95590
FLUX  805  1625.00        1.844877E+14   2.1582E-05   2.1692E-05   0.99492
FLUX  806  1635.00        1.833593E+14   2.0976E-05   2.1456E-05   0.97761
FLUX  807  1645.00        1.822447E+14   2.0215E-05   2.1224E-05   0.95248
FLUX  808  1655.00        1.811435E+14   2.0950E-05   2.0995E-05   0.99781
FLUX  809  1665.00        1.800556E+14   2.0745E-05   2.0771E-05   0.99877
FLUX  810  1675.00        1.789806E+14   2.0072E-05   2.0550E-05   0.97673
FLUX  811  1685.00        1.779184E+14   1.9328E-05   2.0332E-05   0.95061
FLUX  812  1695.00        1.768687E+14   2.0077E-05   2.0118E-05   0.99796
FLUX  813  1705.00        1.758314E+14   1.9886E-05   1.9907E-05   0.99890
FLUX  814  1715.00        1.748061E+14   1.9697E-05   1.9700E-05   0.99983
FLUX  815  1725.00        1.737928E+14   1.9423E-05   1.9496E-05   0.99628
FLUX  816  1735.00        1.727911E+14   1.8091E-05   1.9295E-05   0.93760
FLUX  817  1745.00        1.718009E+14   1.8898E-05   1.9097E-05   0.98960
FLUX  818  1755.00        1.708219E+14   1.8897E-05   1.8902E-05   0.99971
FLUX  819  1765.00        1.698541E+14   1.8708E-05   1.8710E-05   0.99989
FLUX  820  1775.00        1.688972E+14   1.8518E-05   1.8521E-05   0.99982
FLUX  821  1785.00        1.679510E+14   1.8334E-05   1.8335E-05   0.99991
FLUX  822  1795.00        1.670153E+14   1.8152E-05   1.8152E-05   0.99998
FLUX  823  1805.00        1.660900E+14   1.7913E-05   1.7972E-05   0.99675
FLUX  824  1815.00        1.651749E+14   1.6778E-05   1.7794E-05   0.94288
FLUX  825  1825.00        1.642699E+14   1.7332E-05   1.7619E-05   0.98370
FLUX  826  1835.00        1.633747E+14   1.7434E-05   1.7446E-05   0.99929
FLUX  827  1845.00        1.624892E+14   1.7276E-05   1.7276E-05   0.99997
FLUX  828  1855.00        1.616132E+14   1.7103E-05   1.7109E-05   0.99967
FLUX  829  1865.00        1.607466E+14   1.6859E-05   1.6943E-05   0.99503
FLUX  830  1875.00        1.598893E+14   1.5829E-05   1.6781E-05   0.94329
FLUX  831  1885.00        1.590411E+14   1.6537E-05   1.6620E-05   0.99499
FLUX  832  1895.00        1.582018E+14   1.6460E-05   1.6462E-05   0.99989
FLUX  833  1905.00        1.573714E+14   1.6300E-05   1.6306E-05   0.99959
FLUX  834  1915.00        1.565496E+14   1.6152E-05   1.6153E-05   0.99998
FLUX  835  1925.00        1.557364E+14   1.6000E-05   1.6001E-05   0.99990
FLUX  836  1935.00        1.549315E+14   1.5753E-05   1.5852E-05   0.99375
FLUX  837  1945.00        1.541350E+14   1.4730E-05   1.5705E-05   0.93792
FLUX  838  1955.00        1.533465E+14   1.5458E-05   1.5559E-05   0.99348
FLUX  839  1965.00        1.525662E+14   1.5416E-05   1.5416E-05   0.99997
FLUX  840  1975.00        1.517937E+14   1.5275E-05   1.5275E-05   0.99998
FLUX  841  1985.00        1.510290E+14   1.5135E-05   1.5136E-05   0.99999
FLUX  842  1995.00        1.502719E+14   1.4998E-05   1.4998E-05   0.99999
FLUX  843  2005.00        1.495224E+14   1.4863E-05   1.4863E-05   1.00000
FLUX  844  2015.00        1.487804E+14   1.4729E-05   1.4729E-05   1.00000
FLUX  845  2025.00        1.480457E+14   1.4597E-05   1.4597E-05   1.00000
FLUX  846  2035.00        1.473182E+14   1.4467E-05   1.4467E-05   0.99999
FLUX  847  2045.00        1.465978E+14   1.4338E-05   1.4339E-05   0.99999
FLUX  848  2055.00        1.458844E+14   1.4207E-05   1.4212E-05   0.99963
FLUX  849  2065.00        1.451780E+14   1.4087E-05   1.4087E-05   1.00000
FLUX  850  2075.00        1.444783E+14   1.3964E-05   1.3964E-05   1.00000
FLUX  851  2085.00        1.437854E+14   1.3842E-05   1.3842E-05   1.00000
FLUX  852  2095.00        1.430990E+14   1.3722E-05   1.3722E-05   0.99999
FLUX  853  2105.00        1.424192E+14   1.3603E-05   1.3603E-05   0.99999
FLUX  854  2115.00        1.417459E+14   1.3482E-05   1.3486E-05   0.99967
FLUX  855  2125.00        1.410788E+14   1.3370E-05   1.3371E-05   0.99993
FLUX  856  2135.00        1.404180E+14   1.3255E-05   1.3257E-05   0.99989
FLUX  857  2145.00        1.397634E+14   1.3142E-05   1.3144E-05   0.99986
FLUX  858  2155.00        1.391148E+14   1.2964E-05   1.3033E-05   0.99473
FLUX  859  2165.00        1.384723E+14   1.2164E-05   1.2923E-05   0.94124
FLUX  860  2175.00        1.378356E+14   1.2696E-05   1.2815E-05   0.99075
FLUX  861  2185.00        1.372048E+14   1.2703E-05   1.2708E-05   0.99957
FLUX  862  2195.00        1.365797E+14   1.2601E-05   1.2602E-05   0.99993
FLUX  863  2205.00        1.359603E+14   1.2498E-05   1.2498E-05   0.99999
FLUX  864  2215.00        1.353465E+14   1.2395E-05   1.2395E-05   0.99998
FLUX  865  2225.00        1.347382E+14   1.2293E-05   1.2293E-05   0.99999
FLUX  866  2235.00        1.341353E+14   1.2193E-05   1.2193E-05   1.00000
FLUX  867  2245.00        1.335379E+14   1.2093E-05   1.2093E-05   1.00000
FLUX  868  2255.00        1.329457E+14   1.1995E-05   1.1995E-05   1.00000
FLUX  869  2265.00        1.323587E+14   1.1898E-05   1.1898E-05   1.00000
FLUX  870  2275.00        1.317769E+14   1.1803E-05   1.1803E-05   1.00000
FLUX  871  2285.00        1.312002E+14   1.1710E-05   1.1828E-05   0.98999
FLUX  872  2295.00        1.306285E+14   1.1617E-05   1.1733E-05   0.99011
FLUX  873  2305.00        1.300618E+14   1.1526E-05   1.1639E-05   0.99023
FLUX  874  2315.00        1.295000E+14   1.1435E-05   1.1547E-05   0.99036
FLUX  875  2325.00        1.289430E+14   1.1346E-05   1.1455E-05   0.99048
FLUX  876  2335.00        1.283908E+14   1.1258E-05   1.1365E-05   0.99060
FLUX  877  2345.00        1.278433E+14   1.1171E-05   1.1275E-05   0.99071
FLUX  878  2355.00        1.273004E+14   1.1084E-05   1.1187E-05   0.99082
FLUX  879  2365.00        1.267622E+14   1.0999E-05   1.1100E-05   0.99092
FLUX  880  2375.00        1.262284E+14   1.0914E-05   1.1013E-05   0.99101
FLUX  881  2385.00        1.256992E+14   1.0831E-05   1.0928E-05   0.99111
FLUX  882  2395.00        1.251743E+14   1.0748E-05   1.0844E-05   0.99114
FLUX  883  2405.00        1.246538E+14   1.0664E-05   1.0760E-05   0.99106
FLUX  884  2415.00        1.241377E+14   1.0582E-05   1.0678E-05   0.99099
FLUX  885  2425.00        1.236258E+14   1.0504E-05   1.0597E-05   0.99122
FLUX  886  2435.00        1.231181E+14   1.0422E-05   1.0516E-05   0.99105
FLUX  887  2445.00        1.226145E+14   1.0339E-05   1.0436E-05   0.99069
FLUX  888  2455.00        1.221151E+14   1.0267E-05   1.0358E-05   0.99127
FLUX  889  2465.00        1.216197E+14   1.0181E-05   1.0280E-05   0.99040
FLUX  890  2475.00        1.211283E+14   1.0106E-05   1.0203E-05   0.99045
FLUX  891  2485.00        1.206408E+14   1.0048E-05   1.0127E-05   0.99216
FLUX  892  2495.00        1.201573E+14   9.9230E-06   1.0052E-05   0.98718
FLUX  893  2505.00        1.196776E+14   9.9025E-06   9.9775E-06   0.99249
FLUX  894  2515.00        1.192018E+14   9.8323E-06   9.9039E-06   0.99277
FLUX  895  2525.00        1.187297E+14   9.6721E-06   9.8312E-06   0.98381
FLUX  896  2535.00        1.182613E+14   9.6811E-06   9.7592E-06   0.99199
FLUX  897  2545.00        1.177967E+14   9.6362E-06   9.6881E-06   0.99464
FLUX  898  2555.00        1.173356E+14   9.5380E-06   9.6177E-06   0.99171
FLUX  899  2565.00        1.168782E+14   9.3370E-06   9.5481E-06   0.97788
FLUX  900  2575.00        1.164243E+14   9.4128E-06   9.4793E-06   0.99299
FLUX  901  2585.00        1.159739E+14   9.3711E-06   9.4112E-06   0.99574
FLUX  902  2595.00        1.155270E+14   9.3002E-06   9.3438E-06   0.99533
FLUX  903  2605.00        1.150835E+14   9.1594E-06   9.2772E-06   0.98731
FLUX  904  2615.00        1.146434E+14   8.9106E-06   9.2113E-06   0.96736
FLUX  905  2625.00        1.142067E+14   8.5916E-06   9.1460E-06   0.93938
FLUX  906  2635.00        1.137732E+14   8.9669E-06   9.0815E-06   0.98738
FLUX  907  2645.00        1.133431E+14   8.9829E-06   9.0176E-06   0.99614
FLUX  908  2655.00        1.129162E+14   8.9255E-06   8.9545E-06   0.99677
FLUX  909  2665.00        1.124925E+14   8.8161E-06   8.8919E-06   0.99148
FLUX  910  2675.00        1.120720E+14   8.4711E-06   8.8301E-06   0.95935
FLUX  911  2685.00        1.116546E+14   8.6918E-06   8.7689E-06   0.99122
FLUX  912  2695.00        1.112403E+14   8.6958E-06   8.7083E-06   0.99856
FLUX  913  2705.00        1.108290E+14   8.6481E-06   8.6483E-06   0.99998
FLUX  914  2715.00        1.104208E+14   8.5889E-06   8.5890E-06   0.99999
FLUX  915  2725.00        1.100156E+14   8.5301E-06   8.5303E-06   0.99998
FLUX  916  2735.00        1.096133E+14   8.4713E-06   8.4721E-06   0.99990
FLUX  917  2745.00        1.092140E+14   8.3726E-06   8.4146E-06   0.99501
FLUX  918  2755.00        1.088176E+14   8.0139E-06   8.3577E-06   0.95886
FLUX  919  2765.00        1.084241E+14   8.1369E-06   8.3013E-06   0.98019
FLUX  920  2775.00        1.080333E+14   8.2267E-06   8.2455E-06   0.99772
FLUX  921  2785.00        1.076454E+14   8.1900E-06   8.1902E-06   0.99998
FLUX  922  2795.00        1.072603E+14   8.1355E-06   8.1355E-06   0.99999
FLUX  923  2805.00        1.068779E+14   8.0813E-06   8.0814E-06   0.99999
FLUX  924  2815.00        1.064982E+14   8.0277E-06   8.0278E-06   0.99999
FLUX  925  2825.00        1.061212E+14   7.9746E-06   7.9747E-06   0.99999
FLUX  926  2835.00        1.057469E+14   7.9217E-06   7.9221E-06   0.99995
FLUX  927  2845.00        1.053752E+14   7.8699E-06   7.8701E-06   0.99998
FLUX  928  2855.00        1.050061E+14   7.8030E-06   7.8186E-06   0.99802
FLUX  929  2865.00        1.046396E+14   7.6487E-06   7.7675E-06   0.98470
FLUX  930  2875.00        1.042757E+14   7.3413E-06   7.7170E-06   0.95132
FLUX  931  2885.00        1.039142E+14   7.6177E-06   7.6670E-06   0.99358
FLUX  932  2895.00        1.035553E+14   7.6122E-06   7.6174E-06   0.99932
FLUX  933  2905.00        1.031988E+14   7.5683E-06   7.5684E-06   0.99999
FLUX  934  2915.00        1.028448E+14   7.5196E-06   7.5198E-06   0.99998
FLUX  935  2925.00        1.024932E+14   7.4716E-06   7.4717E-06   0.99999
FLUX  936  2935.00        1.021440E+14   7.4239E-06   7.4240E-06   0.99998
FLUX  937  2945.00        1.017971E+14   7.3767E-06   7.3768E-06   0.99999
FLUX  938  2955.00        1.014526E+14   7.3300E-06   7.3300E-06   1.00000
FLUX  939  2965.00        1.011105E+14   7.2837E-06   7.2837E-06   1.00000
FLUX  940  2975.00        1.007706E+14   7.2378E-06   7.2379E-06   1.00000
FLUX  941  2985.00        1.004330E+14   7.1924E-06   7.1924E-06   1.00000
FLUX  942  2995.00        1.000977E+14   7.1474E-06   7.1474E-06   0.99999
FLUX  943  3005.00        9.976456E+13   7.1027E-06   7.1028E-06   0.99998
FLUX  944  3015.00        9.943367E+13   7.0584E-06   7.0586E-06   0.99997
FLUX  945  3025.00        9.910496E+13   6.9836E-06   7.0149E-06   0.99554
FLUX  946  3035.00        9.877842E+13   6.6862E-06   6.9715E-06   0.95907
FLUX  947  3045.00        9.845402E+13   6.7447E-06   6.9286E-06   0.97347
FLUX  948  3055.00        9.813175E+13   6.8636E-06   6.8860E-06   0.99674
FLUX  949  3065.00        9.781158E+13   6.8437E-06   6.8439E-06   0.99997
FLUX  950  3075.00        9.749350E+13   6.8020E-06   6.8021E-06   0.99999
FLUX  951  3085.00        9.717747E+13   6.7596E-06   6.7607E-06   0.99984
FLUX  952  3095.00        9.686349E+13   6.7196E-06   6.7197E-06   0.99999
FLUX  953  3105.00        9.655153E+13   6.6790E-06   6.6790E-06   0.99999
FLUX  954  3115.00        9.624157E+13   6.6387E-06   6.6387E-06   1.00000
FLUX  955  3125.00        9.593360E+13   6.5987E-06   6.5988E-06   0.99999
FLUX  956  3135.00        9.562759E+13   6.5592E-06   6.5593E-06   1.00000
FLUX  957  3145.00        9.532353E+13   6.5200E-06   6.5201E-06   0.99999
FLUX  958  3155.00        9.502139E+13   6.4812E-06   6.4812E-06   1.00000
FLUX  959  3165.00        9.472117E+13   6.4426E-06   6.4427E-06   0.99999
FLUX  960  3175.00        9.442283E+13   6.4045E-06   6.4045E-06   0.99999
FLUX  961  3185.00        9.412637E+13   6.3667E-06   6.3667E-06   1.00000
FLUX  962  3195.00        9.383177E+13   6.3292E-06   6.3292E-06   1.00000
FLUX  963  3210.00        9.339330E+13   6.2736E-06   6.2736E-06   1.00000
FLUX  964  3230.00        9.281502E+13   6.2006E-06   6.2006E-06   1.00000
FLUX  965  3250.00        9.224385E+13   6.1288E-06   6.1288E-06   0.99999
FLUX  966  3270.00        9.167966E+13   6.0538E-06   6.0583E-06   0.99925
FLUX  967  3290.00        9.112234E+13   5.7904E-06   6.0145E-06   0.96274
FLUX  968  3310.00        9.057175E+13   5.8612E-06   5.9460E-06   0.98574
FLUX  969  3330.00        9.002778E+13   5.8431E-06   5.8786E-06   0.99397
FLUX  970  3350.00        8.949030E+13   5.7805E-06   5.8123E-06   0.99452
FLUX  971  3370.00        8.895920E+13   5.7166E-06   5.7471E-06   0.99469
FLUX  972  3390.00        8.843437E+13   5.6538E-06   5.6831E-06   0.99484
FLUX  973  3410.00        8.791569E+13   5.5917E-06   5.6201E-06   0.99494
FLUX  974  3430.00        8.740306E+13   5.5305E-06   5.5581E-06   0.99503
FLUX  975  3450.00        8.689638E+13   5.4704E-06   5.4972E-06   0.99513
FLUX  976  3470.00        8.639553E+13   5.4112E-06   5.4372E-06   0.99520
FLUX  977  3490.00        8.590043E+13   5.3528E-06   5.3783E-06   0.99526
FLUX  978  3510.00        8.541097E+13   5.2956E-06   5.3203E-06   0.99536
FLUX  979  3530.00        8.492705E+13   5.2391E-06   5.2632E-06   0.99542
FLUX  980  3550.00        8.444859E+13   5.1833E-06   5.2070E-06   0.99545
FLUX  981  3570.00        8.397549E+13   5.1281E-06   5.1517E-06   0.99542
FLUX  982  3590.00        8.350766E+13   5.0753E-06   5.0973E-06   0.99568
FLUX  983  3610.00        8.304501E+13   5.0203E-06   5.0438E-06   0.99535
FLUX  984  3630.00        8.258747E+13   4.9703E-06   4.9911E-06   0.99583
FLUX  985  3650.00        8.213493E+13   4.9150E-06   4.9392E-06   0.99510
FLUX  986  3670.00        8.168733E+13   4.8693E-06   4.8881E-06   0.99614
FLUX  987  3690.00        8.124458E+13   4.8101E-06   4.8379E-06   0.99427
FLUX  988  3710.00        8.080660E+13   4.7660E-06   4.7883E-06   0.99534
FLUX  989  3730.00        8.037332E+13   4.6481E-06   4.7396E-06   0.98069
FLUX  990  3750.00        7.994467E+13   4.5607E-06   4.6916E-06   0.97210
FLUX  991  3770.00        7.952056E+13   4.6248E-06   4.6443E-06   0.99580
FLUX  992  3790.00        7.910092E+13   4.5839E-06   4.5977E-06   0.99699
FLUX  993  3810.00        7.868570E+13   4.5219E-06   4.5518E-06   0.99342
FLUX  994  3830.00        7.827480E+13   4.4799E-06   4.5066E-06   0.99408
FLUX  995  3850.00        7.786818E+13   4.4516E-06   4.4621E-06   0.99765
FLUX  996  3870.00        7.746576E+13   4.4089E-06   4.4182E-06   0.99788
FLUX  997  3890.00        7.706748E+13   4.3583E-06   4.3750E-06   0.99617
FLUX  998  3910.00        7.667327E+13   4.2815E-06   4.3324E-06   0.98824
FLUX  999  3930.00        7.628308E+13   4.2799E-06   4.2904E-06   0.99753
FLUX 1000  3950.00        7.589684E+13   4.2481E-06   4.2491E-06   0.99977
FLUX 1001  3970.00        7.551448E+13   4.2082E-06   4.2083E-06   0.99997
FLUX 1002  3990.00        7.513596E+13   4.1644E-06   4.1681E-06   0.99912
FLUX 1003  4010.00        7.476122E+13   4.0894E-06   4.1284E-06   0.99054
FLUX 1004  4030.00        7.439020E+13   4.0357E-06   4.0894E-06   0.98689
FLUX 1005  4050.00        7.402284E+13   3.9307E-06   4.0508E-06   0.97034
FLUX 1006  4070.00        7.365909E+13   4.0019E-06   4.0129E-06   0.99727
FLUX 1007  4090.00        7.329890E+13   3.9753E-06   3.9754E-06   0.99998
FLUX 1008  4110.00        7.294221E+13   3.9384E-06   3.9385E-06   0.99998
FLUX 1009  4130.00        7.258898E+13   3.9017E-06   3.9021E-06   0.99992
FLUX 1010  4150.00        7.223916E+13   3.8557E-06   3.8661E-06   0.99731
FLUX 1011  4170.00        7.189269E+13   3.7411E-06   3.8307E-06   0.97662
FLUX 1012  4190.00        7.154952E+13   3.7827E-06   3.7958E-06   0.99656
FLUX 1013  4210.00        7.120962E+13   3.7612E-06   3.7613E-06   0.99998
FLUX 1014  4230.00        7.087293E+13   3.7273E-06   3.7273E-06   0.99999
FLUX 1015  4250.00        7.053941E+13   3.6937E-06   3.6938E-06   0.99999
FLUX 1016  4270.00        7.020902E+13   3.6607E-06   3.6607E-06   1.00000
FLUX 1017  4290.00        6.988170E+13   3.6278E-06   3.6280E-06   0.99994
FLUX 1018  4310.00        6.955742E+13   3.5958E-06   3.5958E-06   1.00000
FLUX 1019  4330.00        6.923614E+13   3.5640E-06   3.5640E-06   0.99999
FLUX 1020  4350.00        6.891782E+13   3.5280E-06   3.5326E-06   0.99867
FLUX 1021  4370.00        6.860240E+13   3.4170E-06   3.5017E-06   0.97583
FLUX 1022  4390.00        6.828986E+13   3.4394E-06   3.4711E-06   0.99086
FLUX 1023  4410.00        6.798016E+13   3.4409E-06   3.4410E-06   0.99997
FLUX 1024  4430.00        6.767325E+13   3.4112E-06   3.4112E-06   0.99999
FLUX 1025  4450.00        6.736910E+13   3.3818E-06   3.3818E-06   1.00000
FLUX 1026  4470.00        6.706767E+13   3.3552E-06   3.3598E-06   0.99866
FLUX 1027  4490.00        6.676893E+13   3.3238E-06   3.3310E-06   0.99783
FLUX 1028  4510.00        6.647284E+13   3.2957E-06   3.3027E-06   0.99787
FLUX 1029  4530.00        6.617936E+13   3.2677E-06   3.2747E-06   0.99786
FLUX 1030  4550.00        6.588846E+13   3.2401E-06   3.2471E-06   0.99786
FLUX 1031  4570.00        6.560011E+13   3.2128E-06   3.2198E-06   0.99782
FLUX 1032  4590.00        6.531427E+13   3.1855E-06   3.1928E-06   0.99770
FLUX 1033  4610.00        6.503091E+13   3.1577E-06   3.1662E-06   0.99731
FLUX 1034  4630.00        6.475000E+13   3.1251E-06   3.1399E-06   0.99527
FLUX 1035  4650.00        6.447151E+13   3.0007E-06   3.1140E-06   0.96364
FLUX 1036  4670.00        6.419540E+13   2.9821E-06   3.0883E-06   0.96560
FLUX 1037  4690.00        6.392164E+13   3.0387E-06   3.0630E-06   0.99205
FLUX 1038  4710.00        6.365021E+13   3.0292E-06   3.0380E-06   0.99710
FLUX 1039  4730.00        6.338108E+13   3.0066E-06   3.0133E-06   0.99778
FLUX 1040  4750.00        6.311421E+13   2.9852E-06   2.9889E-06   0.99876
FLUX 1041  4770.00        6.284958E+13   2.9645E-06   2.9648E-06   0.99990
FLUX 1042  4790.00        6.258716E+13   2.9409E-06   2.9410E-06   0.99997
FLUX 1043  4810.00        6.232692E+13   2.9173E-06   2.9174E-06   0.99997
FLUX 1044  4830.00        6.206884E+13   2.8941E-06   2.8942E-06   0.99997
FLUX 1045  4850.00        6.181289E+13   2.8711E-06   2.8712E-06   0.99997
FLUX 1046  4870.00        6.155903E+13   2.8484E-06   2.8485E-06   0.99997
FLUX 1047  4890.00        6.130726E+13   2.8259E-06   2.8260E-06   0.99997
FLUX 1048  4910.00        6.105754E+13   2.8038E-06   2.8038E-06   0.99997
FLUX 1049  4930.00        6.080984E+13   2.7818E-06   2.7819E-06   0.99997
FLUX 1050  4950.00        6.056414E+13   2.7602E-06   2.7603E-06   0.99997
FLUX 1051  4970.00        6.032042E+13   2.7388E-06   2.7388E-06   0.99997
FLUX 1052  4990.00        6.007866E+13   2.7176E-06   2.7177E-06   0.99997
FLUX 1053  5010.00        5.983882E+13   2.6965E-06   2.6968E-06   0.99990
FLUX 1054  5030.00        5.960089E+13   2.6733E-06   2.6761E-06   0.99897
FLUX 1055  5050.00        5.936485E+13   2.6555E-06   2.6556E-06   0.99997
FLUX 1056  5070.00        5.913067E+13   2.6338E-06   2.6354E-06   0.99937
FLUX 1057  5090.00        5.889833E+13   2.6078E-06   2.6154E-06   0.99709
FLUX 1058  5110.00        5.866781E+13   2.5783E-06   2.5957E-06   0.99330
FLUX 1059  5130.00        5.843908E+13   2.4870E-06   2.5761E-06   0.96538
FLUX 1060  5150.00        5.821214E+13   2.5433E-06   2.5568E-06   0.99472
FLUX 1061  5170.00        5.798694E+13   2.5298E-06   2.5377E-06   0.99687
FLUX 1062  5190.00        5.776349E+13   2.5172E-06   2.5188E-06   0.99937
FLUX 1063  5210.00        5.754175E+13   2.5001E-06   2.5002E-06   0.99997
FLUX 1064  5230.00        5.732170E+13   2.4816E-06   2.4817E-06   0.99997
FLUX 1065  5250.00        5.710333E+13   2.4598E-06   2.4634E-06   0.99852
FLUX 1066  5270.00        5.688662E+13   2.4382E-06   2.4454E-06   0.99709
FLUX 1067  5290.00        5.667155E+13   2.4274E-06   2.4275E-06   0.99997
FLUX 1068  5310.00        5.645810E+13   2.4098E-06   2.4098E-06   0.99998
FLUX 1069  5330.00        5.624625E+13   2.3923E-06   2.3923E-06   0.99998
FLUX 1070  5350.00        5.603598E+13   2.3750E-06   2.3751E-06   0.99997
FLUX 1071  5370.00        5.582728E+13   2.3506E-06   2.3579E-06   0.99688
FLUX 1072  5390.00        5.562013E+13   2.3339E-06   2.3410E-06   0.99694
FLUX 1073  5410.00        5.541451E+13   2.3242E-06   2.3243E-06   0.99997
FLUX 1074  5430.00        5.521041E+13   2.3077E-06   2.3077E-06   0.99998
FLUX 1075  5450.00        5.500780E+13   2.2913E-06   2.2913E-06   0.99999
FLUX 1076  5470.00        5.480667E+13   2.2751E-06   2.2751E-06   0.99998
FLUX 1077  5490.00        5.460701E+13   2.2590E-06   2.2591E-06   0.99997
FLUX 1078  5510.00        5.440880E+13   2.2373E-06   2.2432E-06   0.99734
FLUX 1079  5530.00        5.421203E+13   2.2141E-06   2.2275E-06   0.99398
FLUX 1080  5550.00        5.401667E+13   2.2105E-06   2.2120E-06   0.99932
FLUX 1081  5570.00        5.382271E+13   2.1966E-06   2.1966E-06   0.99998
FLUX 1082  5590.00        5.363014E+13   2.1813E-06   2.1814E-06   0.99999
FLUX 1083  5610.00        5.343895E+13   2.1663E-06   2.1663E-06   0.99999
FLUX 1084  5630.00        5.324911E+13   2.1514E-06   2.1514E-06   0.99999
FLUX 1085  5650.00        5.306062E+13   2.1366E-06   2.1366E-06   0.99999
FLUX 1086  5670.00        5.287346E+13   2.1220E-06   2.1220E-06   0.99998
FLUX 1087  5690.00        5.268761E+13   2.1034E-06   2.1076E-06   0.99801
FLUX 1088  5710.00        5.250306E+13   2.0726E-06   2.0933E-06   0.99011
FLUX 1089  5730.00        5.231981E+13   2.0734E-06   2.0791E-06   0.99725
FLUX 1090  5750.00        5.213783E+13   2.0650E-06   2.0651E-06   0.99998
FLUX 1091  5770.00        5.195711E+13   2.0512E-06   2.0512E-06   0.99999
FLUX 1092  5790.00        5.177763E+13   2.0374E-06   2.0374E-06   0.99999
FLUX 1093  5810.00        5.159940E+13   2.0238E-06   2.0238E-06   0.99999
FLUX 1094  5830.00        5.142238E+13   2.0103E-06   2.0104E-06   0.99997
FLUX 1095  5850.00        5.124658E+13   1.9981E-06   1.9993E-06   0.99939
FLUX 1096  5870.00        5.107198E+13   1.9810E-06   1.9861E-06   0.99745
FLUX 1097  5890.00        5.089856E+13   1.9581E-06   1.9730E-06   0.99245
FLUX 1098  5910.00        5.072631E+13   1.8870E-06   1.9600E-06   0.96275
FLUX 1099  5930.00        5.055523E+13   1.9341E-06   1.9472E-06   0.99327
FLUX 1100  5950.00        5.038529E+13   1.9054E-06   1.9345E-06   0.98499
FLUX 1101  5970.00        5.021650E+13   1.9058E-06   1.9219E-06   0.99164
FLUX 1102  5990.00        5.004883E+13   1.9045E-06   1.9094E-06   0.99742
FLUX 1103  6010.00        4.988228E+13   1.8970E-06   1.8970E-06   0.99997
FLUX 1104  6030.00        4.971683E+13   1.8848E-06   1.8848E-06   0.99997
FLUX 1105  6050.00        4.955248E+13   1.8727E-06   1.8727E-06   0.99998
FLUX 1106  6070.00        4.938921E+13   1.8607E-06   1.8607E-06   0.99998
FLUX 1107  6090.00        4.922701E+13   1.8488E-06   1.8488E-06   0.99998
FLUX 1108  6110.00        4.906588E+13   1.8370E-06   1.8371E-06   0.99998
FLUX 1109  6130.00        4.890579E+13   1.8254E-06   1.8254E-06   0.99998
FLUX 1110  6150.00        4.874675E+13   1.8138E-06   1.8139E-06   0.99998
FLUX 1111  6170.00        4.858874E+13   1.8024E-06   1.8024E-06   0.99998
FLUX 1112  6190.00        4.843174E+13   1.7911E-06   1.7911E-06   0.99998
FLUX 1113  6210.00        4.827576E+13   1.7798E-06   1.7799E-06   0.99998
FLUX 1114  6230.00        4.812079E+13   1.7687E-06   1.7687E-06   0.99997
FLUX 1115  6250.00        4.796680E+13   1.7562E-06   1.7577E-06   0.99911
FLUX 1116  6270.00        4.781380E+13   1.7382E-06   1.7468E-06   0.99504
FLUX 1117  6290.00        4.766176E+13   1.6952E-06   1.7360E-06   0.97647
FLUX 1118  6310.00        4.751070E+13   1.7137E-06   1.7253E-06   0.99328
FLUX 1119  6330.00        4.736058E+13   1.7122E-06   1.7147E-06   0.99857
FLUX 1120  6350.00        4.721142E+13   1.7041E-06   1.7042E-06   0.99997
FLUX 1121  6370.00        4.706319E+13   1.6937E-06   1.6937E-06   0.99998
FLUX 1122  6390.00        4.691588E+13   1.6834E-06   1.6834E-06   0.99998
FLUX 1123  6420.00        4.669665E+13   1.6681E-06   1.6681E-06   0.99998
FLUX 1124  6460.00        4.640751E+13   1.6480E-06   1.6480E-06   0.99998
FLUX 1125  6500.00        4.612192E+13   1.6283E-06   1.6283E-06   0.99998
FLUX 1126  6540.00        4.583983E+13   1.6089E-06   1.6089E-06   0.99998
FLUX 1127  6580.00        4.556117E+13   1.5898E-06   1.5899E-06   0.99998
FLUX 1128  6620.00        4.528588E+13   1.5711E-06   1.5712E-06   0.99998
FLUX 1129  6660.00        4.501389E+13   1.5528E-06   1.5528E-06   0.99998
FLUX 1130  6700.00        4.474515E+13   1.5347E-06   1.5347E-06   0.99997
FLUX 1131  6740.00        4.447960E+13   1.5117E-06   1.5170E-06   0.99654
FLUX 1132  6780.00        4.421718E+13   1.4724E-06   1.4995E-06   0.98191
FLUX 1133  6820.00        4.395784E+13   1.4806E-06   1.4824E-06   0.99879
FLUX 1134  6860.00        4.370153E+13   1.4655E-06   1.4655E-06   0.99998
FLUX 1135  6900.00        4.344819E+13   1.4489E-06   1.4490E-06   0.99998
FLUX 1136  6940.00        4.319777E+13   1.4326E-06   1.4327E-06   0.99997
FLUX 1137  6980.00        4.295021E+13   1.4166E-06   1.4167E-06   0.99998
FLUX 1138  7020.00        4.270548E+13   1.4009E-06   1.4009E-06   0.99999
FLUX 1139  7060.00        4.246353E+13   1.3854E-06   1.3854E-06   0.99998
FLUX 1140  7100.00        4.222430E+13   1.3700E-06   1.3702E-06   0.99990
FLUX 1141  7140.00        4.198775E+13   1.3552E-06   1.3552E-06   0.99998
FLUX 1142  7180.00        4.175383E+13   1.3404E-06   1.3404E-06   0.99999
FLUX 1143  7220.00        4.152251E+13   1.3259E-06   1.3259E-06   0.99998
FLUX 1144  7260.00        4.129373E+13   1.3101E-06   1.3117E-06   0.99881
FLUX 1145  7300.00        4.106747E+13   1.2976E-06   1.2976E-06   0.99997
FLUX 1146  7340.00        4.084366E+13   1.2838E-06   1.2838E-06   0.99999
FLUX 1147  7380.00        4.062229E+13   1.2702E-06   1.2702E-06   0.99997
FLUX 1148  7420.00        4.040330E+13   1.2539E-06   1.2568E-06   0.99764
FLUX 1149  7460.00        4.018666E+13   1.2131E-06   1.2437E-06   0.97539
FLUX 1150  7500.00        3.997233E+13   1.1883E-06   1.2307E-06   0.96551
FLUX 1151  7540.00        3.976028E+13   1.2112E-06   1.2180E-06   0.99446
FLUX 1152  7580.00        3.955046E+13   1.2049E-06   1.2054E-06   0.99959
FLUX 1153  7620.00        3.934285E+13   1.1930E-06   1.1930E-06   0.99998
FLUX 1154  7660.00        3.913740E+13   1.1808E-06   1.1809E-06   0.99998
FLUX 1155  7700.00        3.893409E+13   1.1689E-06   1.1689E-06   0.99998
FLUX 1156  7740.00        3.873288E+13   1.1563E-06   1.1571E-06   0.99938
FLUX 1157  7780.00        3.853374E+13   1.1399E-06   1.1454E-06   0.99520
FLUX 1158  7820.00        3.833664E+13   1.1333E-06   1.1340E-06   0.99937
FLUX 1159  7860.00        3.814154E+13   1.1227E-06   1.1227E-06   0.99998
FLUX 1160  7900.00        3.794842E+13   1.1115E-06   1.1116E-06   0.99999
FLUX 1161  7940.00        3.775724E+13   1.1006E-06   1.1006E-06   0.99999
FLUX 1162  7980.00        3.756798E+13   1.0898E-06   1.0898E-06   0.99999
FLUX 1163  8020.00        3.738061E+13   1.0792E-06   1.0792E-06   0.99999
FLUX 1164  8060.00        3.719510E+13   1.0687E-06   1.0687E-06   0.99998
FLUX 1165  8100.00        3.701142E+13   1.0583E-06   1.0583E-06   0.99997
FLUX 1166  8140.00        3.682955E+13   1.0417E-06   1.0482E-06   0.99385
FLUX 1167  8180.00        3.664945E+13   1.0349E-06   1.0381E-06   0.99690
FLUX 1168  8220.00        3.647111E+13   1.0282E-06   1.0282E-06   0.99998
FLUX 1169  8260.00        3.629449E+13   1.0184E-06   1.0185E-06   0.99999
FLUX 1170  8300.00        3.611958E+13   1.0088E-06   1.0088E-06   0.99999
FLUX 1171  8340.00        3.594634E+13   9.9934E-07   9.9935E-07   0.99999
FLUX 1172  8380.00        3.577476E+13   9.8999E-07   9.9000E-07   0.99999
FLUX 1173  8420.00        3.560481E+13   9.8076E-07   9.8078E-07   0.99999
FLUX 1174  8460.00        3.543647E+13   9.7167E-07   9.7168E-07   0.99999
FLUX 1175  8500.00        3.526971E+13   9.6270E-07   9.6271E-07   0.99999
FLUX 1176  8540.00        3.510451E+13   9.5385E-07   9.5386E-07   0.99999
FLUX 1177  8580.00        3.494085E+13   9.4512E-07   9.4513E-07   0.99998
FLUX 1178  8620.00        3.477871E+13   9.3559E-07   9.3653E-07   0.99900
FLUX 1179  8660.00        3.461807E+13   9.1719E-07   9.2804E-07   0.98832
FLUX 1180  8700.00        3.445891E+13   9.1673E-07   9.1966E-07   0.99681
FLUX 1181  8740.00        3.430120E+13   8.9837E-07   9.1139E-07   0.98571
FLUX 1182  8780.00        3.414493E+13   8.9039E-07   9.0324E-07   0.98577
FLUX 1183  8820.00        3.399008E+13   8.9516E-07   8.9519E-07   0.99997
FLUX 1184  8860.00        3.383663E+13   8.8724E-07   8.8725E-07   0.99998
FLUX 1185  8900.00        3.368455E+13   8.7941E-07   8.7942E-07   0.99999
FLUX 1186  8940.00        3.353384E+13   8.7168E-07   8.7169E-07   0.99999
FLUX 1187  8980.00        3.338447E+13   8.6405E-07   8.6406E-07   0.99999
FLUX 1188  9020.00        3.323642E+13   8.5652E-07   8.5653E-07   0.99999
FLUX 1189  9060.00        3.308968E+13   8.4908E-07   8.4909E-07   0.99999
FLUX 1190  9100.00        3.294423E+13   8.4174E-07   8.4176E-07   0.99999
FLUX 1191  9140.00        3.280005E+13   8.3450E-07   8.3451E-07   0.99999
FLUX 1192  9180.00        3.265714E+13   8.2735E-07   8.2736E-07   0.99998
FLUX 1193  9220.00        3.251546E+13   8.2029E-07   8.2030E-07   0.99998
FLUX 1194  9260.00        3.237500E+13   8.1331E-07   8.1333E-07   0.99997
FLUX 1195  9300.00        3.223575E+13   8.0643E-07   8.0645E-07   0.99998
FLUX 1196  9340.00        3.209770E+13   7.9869E-07   7.9965E-07   0.99880
FLUX 1197  9380.00        3.196082E+13   7.8043E-07   7.9294E-07   0.98421
FLUX 1198  9420.00        3.182511E+13   7.8185E-07   7.8632E-07   0.99432
FLUX 1199  9460.00        3.169054E+13   7.7975E-07   7.7977E-07   0.99997
FLUX 1200  9500.00        3.155711E+13   7.7315E-07   7.7331E-07   0.99980
FLUX 1201  9540.00        3.142479E+13   7.6677E-07   7.6692E-07   0.99980
FLUX 1202  9580.00        3.129358E+13   7.6060E-07   7.6062E-07   0.99998
FLUX 1203  9620.00        3.116346E+13   7.5438E-07   7.5439E-07   0.99999
FLUX 1204  9660.00        3.103442E+13   7.4823E-07   7.4824E-07   0.99999
FLUX 1205  9700.00        3.090644E+13   7.4215E-07   7.4216E-07   0.99999
FLUX 1206  9740.00        3.077952E+13   7.3614E-07   7.3615E-07   0.99999
FLUX 1207  9780.00        3.065363E+13   7.3021E-07   7.3022E-07   0.99999
FLUX 1208  9820.00        3.052877E+13   7.2421E-07   7.2436E-07   0.99980
FLUX 1209  9860.00        3.040492E+13   7.1773E-07   7.1856E-07   0.99883
FLUX 1210  9900.00        3.028207E+13   7.1283E-07   7.1284E-07   0.99998
FLUX 1211  9940.00        3.016021E+13   7.0717E-07   7.0718E-07   0.99999
FLUX 1212  9980.00        3.003933E+13   7.0159E-07   7.0159E-07   0.99999
FLUX 1213 10020.00        2.991941E+13   6.9606E-07   6.9607E-07   0.99999
FLUX 1214 20000.00        1.498963E+13   1.7552E-07   1.7553E-07   1.00000
FLUX 1215 40000.00        7.494813E+12   4.3335E-08   4.3335E-08   1.00000
FLUX 1216 60000.00        4.996542E+12   1.9025E-08   1.9025E-08   1.00000
FLUX 1217 80000.00        3.747406E+12   1.0598E-08   1.0598E-08   1.00000
FLUX 1218100000.00        2.997925E+12   6.7313E-09   6.7313E-09   1.00000
FLUX 1219120000.00        2.498271E+12   4.6461E-09   4.6461E-09   1.00000
FLUX 1220140000.00        2.141375E+12   3.3966E-09   3.3966E-09   1.00000
FLUX 1221160000.00        1.873703E+12   2.5897E-09   2.5897E-09   1.00000
FLUX
