TEFF  10250.  GRAVITY 4.00000 LTE 
TITLE  [-0.5] N(He)/Ntot=0.0784 VTURB=2.0  L/H=1.25 NOVER                       
FLUX    1     9.09        3.298047E+16   1.0000E-50   0.0000E+00   1.00000
FLUX    2     9.35        3.206337E+16   1.0000E-50   0.0000E+00   1.00000
FLUX    3     9.61        3.119589E+16   1.0000E-50   0.0000E+00   1.00000
FLUX    4     9.77        3.068501E+16   1.0000E-50   0.0000E+00   1.00000
FLUX    5     9.96        3.009965E+16   1.0000E-50   0.0000E+00   1.00000
FLUX    6    10.20        2.939142E+16   1.0000E-50   0.0000E+00   1.00000
FLUX    7    10.38        2.888174E+16   1.0000E-50   0.0000E+00   1.00000
FLUX    8    10.56        2.838944E+16   1.0000E-50   0.0000E+00   1.00000
FLUX    9    10.77        2.783589E+16   1.0000E-50   0.0000E+00   1.00000
FLUX   10    11.04        2.715512E+16   1.0000E-50   0.0000E+00   1.00000
FLUX   11    11.40        2.629759E+16   1.0000E-50   0.0000E+00   1.00000
FLUX   12    11.78        2.544928E+16   1.0000E-50   0.0000E+00   1.00000
FLUX   13    12.13        2.471496E+16   1.0000E-50   0.0000E+00   1.00000
FLUX   14    12.48        2.402183E+16   1.0000E-50   0.0000E+00   1.00000
FLUX   15    12.71        2.358714E+16   1.0000E-50   0.0000E+00   1.00000
FLUX   16    12.84        2.334833E+16   1.0000E-50   0.0000E+00   1.00000
FLUX   17    13.05        2.297261E+16   1.0000E-50   0.0000E+00   1.00000
FLUX   18    13.24        2.264294E+16   1.0000E-50   0.0000E+00   1.00000
FLUX   19    13.39        2.238928E+16   1.0000E-50   0.0000E+00   1.00000
FLUX   20    13.66        2.194674E+16   1.0000E-50   0.0000E+00   1.00000
FLUX   21    13.98        2.144438E+16   1.0000E-50   0.0000E+00   1.00000
FLUX   22    14.33        2.092062E+16   1.0000E-50   0.0000E+00   1.00000
FLUX   23    14.72        2.036634E+16   1.0000E-50   0.0000E+00   1.00000
FLUX   24    15.10        1.985381E+16   1.0000E-50   0.0000E+00   1.00000
FLUX   25    15.52        1.931653E+16   1.0000E-50   0.0000E+00   1.00000
FLUX   26    15.88        1.887862E+16   1.0000E-50   0.0000E+00   1.00000
FLUX   27    16.20        1.850571E+16   1.0000E-50   0.0000E+00   1.00000
FLUX   28    16.60        1.805979E+16   1.0000E-50   0.0000E+00   1.00000
FLUX   29    17.03        1.760379E+16   1.0000E-50   0.0000E+00   1.00000
FLUX   30    17.34        1.728907E+16   1.0000E-50   0.0000E+00   1.00000
FLUX   31    17.68        1.695659E+16   1.0000E-50   0.0000E+00   1.00000
FLUX   32    18.02        1.663665E+16   1.0000E-50   0.0000E+00   1.00000
FLUX   33    18.17        1.649931E+16   1.0000E-50   0.0000E+00   1.00000
FLUX   34    18.61        1.610922E+16   1.0000E-50   0.0000E+00   1.00000
FLUX   35    19.10        1.569594E+16   1.0000E-50   0.0000E+00   1.00000
FLUX   36    19.39        1.546119E+16   1.0000E-50   0.0000E+00   1.00000
FLUX   37    19.84        1.511051E+16   1.0000E-50   0.0000E+00   1.00000
FLUX   38    20.18        1.485592E+16   1.0000E-50   0.0000E+00   1.00000
FLUX   39    20.50        1.462402E+16   1.0000E-50   0.0000E+00   1.00000
FLUX   40    21.05        1.424192E+16   1.0000E-50   0.0000E+00   1.00000
FLUX   41    21.62        1.386644E+16   1.0000E-50   0.0000E+00   1.00000
FLUX   42    21.98        1.363933E+16   1.0000E-50   0.0000E+00   1.00000
FLUX   43    22.30        1.344361E+16   1.0000E-50   0.0000E+00   1.00000
FLUX   44    22.68        1.321836E+16   1.0000E-50   0.0000E+00   1.00000
FLUX   45    23.00        1.303446E+16   1.0000E-50   0.0000E+00   1.00000
FLUX   46    23.40        1.281165E+16   1.0000E-50   0.0000E+00   1.00000
FLUX   47    24.00        1.249135E+16   1.0000E-50   0.0000E+00   1.00000
FLUX   48    24.65        1.216197E+16   1.0000E-50   0.0000E+00   1.00000
FLUX   49    25.24        1.187767E+16   1.0000E-50   0.0000E+00   1.00000
FLUX   50    25.68        1.167416E+16   5.8579E-38   5.8585E-38   0.99991
FLUX   51    26.00        1.153048E+16   1.8393E-37   1.8393E-37   0.99997
FLUX   52    26.40        1.135578E+16   6.3837E-37   6.3843E-37   0.99991
FLUX   53    26.85        1.116546E+16   2.3852E-36   2.3853E-36   0.99998
FLUX   54    27.35        1.096133E+16   9.7258E-36   9.7261E-36   0.99997
FLUX   55    27.85        1.076454E+16   3.7841E-35   3.7841E-35   0.99998
FLUX   56    28.40        1.055607E+16   1.5985E-34   1.5985E-34   0.99998
FLUX   57    29.00        1.033767E+16   7.2513E-34   7.2515E-34   0.99998
FLUX   58    29.60        1.012813E+16   3.0972E-33   3.0973E-33   0.99998
FLUX   59    30.10        9.959884E+15   9.9819E-33   9.9830E-33   0.99989
FLUX   60    30.80        9.733523E+15   4.8307E-32   4.8307E-32   0.99998
FLUX   61    31.80        9.427437E+15   4.0910E-31   4.0910E-31   0.99998
FLUX   62    32.80        9.140015E+15   3.0556E-30   3.0557E-30   0.99999
FLUX   63    33.80        8.869601E+15   2.0317E-29   2.0317E-29   0.99999
FLUX   64    34.80        8.614727E+15   1.2156E-28   1.2156E-28   0.99999
FLUX   65    35.70        8.397549E+15   5.5935E-28   5.5936E-28   0.99997
FLUX   66    36.60        8.191052E+15   2.3911E-27   2.3911E-27   0.99999
FLUX   67    37.50        7.994467E+15   9.5358E-27   9.5372E-27   0.99985
FLUX   68    38.50        7.786818E+15   4.1153E-26   4.1154E-26   0.99998
FLUX   69    39.50        7.589684E+15   1.6489E-25   1.6492E-25   0.99985
FLUX   70    40.50        7.402284E+15   6.1742E-25   6.1743E-25   0.99998
FLUX   71    41.40        7.241365E+15   1.9189E-24   1.9190E-24   0.99999
FLUX   72    42.20        7.104088E+15   5.0472E-24   5.0474E-24   0.99997
FLUX   73    43.00        6.971919E+15   1.2797E-23   1.2806E-23   0.99929
FLUX   74    44.10        6.798016E+15   4.3591E-23   4.3593E-23   0.99994
FLUX   75    45.10        6.647284E+15   1.2601E-22   1.2602E-22   0.99997
FLUX   76    46.00        6.517228E+15   3.1475E-22   3.1475E-22   0.99999
FLUX   77    47.00        6.378564E+15   8.3500E-22   8.3508E-22   0.99991
FLUX   78    48.00        6.245677E+15   2.1258E-21   2.1259E-21   0.99997
FLUX   79    49.00        6.118214E+15   5.2083E-21   5.2083E-21   0.99999
FLUX   80    50.00        5.995850E+15   1.2299E-20   1.2299E-20   0.99999
FLUX   81    50.60        5.924753E+15   2.4762E-20   2.7061E-20   0.91505
FLUX   82    51.20        5.855322E+15   4.3344E-20   4.3640E-20   0.99323
FLUX   83    52.00        5.765240E+15   8.0590E-20   8.1091E-20   0.99382
FLUX   84    53.00        5.656462E+15   1.7119E-19   1.7134E-19   0.99908
FLUX   85    54.00        5.551713E+15   3.5006E-19   3.5208E-19   0.99425
FLUX   86    55.00        5.450773E+15   7.0455E-19   7.0475E-19   0.99971
FLUX   87    56.00        5.353438E+15   1.3757E-18   1.3758E-18   0.99987
FLUX   88    57.00        5.259518E+15   2.6230E-18   2.6230E-18   0.99999
FLUX   89    58.00        5.168836E+15   4.8632E-18   4.8899E-18   0.99454
FLUX   90    59.00        5.081229E+15   8.9201E-18   8.9219E-18   0.99980
FLUX   91    60.00        4.996542E+15   1.5947E-17   1.5950E-17   0.99977
FLUX   92    61.00        4.914631E+15   2.7971E-17   2.7971E-17   1.00000
FLUX   93    62.00        4.835363E+15   4.8147E-17   4.8149E-17   0.99995
FLUX   94    63.00        4.758611E+15   8.1436E-17   8.1437E-17   0.99999
FLUX   95    64.00        4.684258E+15   1.3542E-16   1.3546E-16   0.99970
FLUX   96    65.00        4.612192E+15   2.2172E-16   2.2173E-16   0.99998
FLUX   97    65.80        4.556117E+15   3.2527E-16   3.2527E-16   0.99999
FLUX   98    66.50        4.508158E+15   4.5128E-16   4.5133E-16   0.99990
FLUX   99    67.50        4.441370E+15   7.1178E-16   7.1189E-16   0.99985
FLUX  100    68.50        4.376533E+15   1.1074E-15   1.1076E-15   0.99987
FLUX  101    69.50        4.313561E+15   1.7012E-15   1.7012E-15   0.99999
FLUX  102    70.50        4.252376E+15   2.5797E-15   2.5802E-15   0.99980
FLUX  103    71.60        4.187046E+15   4.0231E-15   4.0232E-15   0.99998
FLUX  104    72.60        4.129373E+15   5.9525E-15   5.9525E-15   1.00000
FLUX  105    73.50        4.078810E+15   8.3893E-15   8.3895E-15   0.99998
FLUX  106    74.50        4.024060E+15   1.2160E-14   1.2161E-14   0.99994
FLUX  107    75.50        3.970762E+15   1.7447E-14   1.7448E-14   0.99994
FLUX  108    76.50        3.918856E+15   2.4787E-14   2.4789E-14   0.99990
FLUX  109    77.50        3.868290E+15   3.4887E-14   3.4888E-14   0.99997
FLUX  110    78.50        3.819013E+15   4.8660E-14   4.8661E-14   1.00000
FLUX  111    79.50        3.770975E+15   6.7259E-14   6.7294E-14   0.99947
FLUX  112    80.50        3.724130E+15   9.2255E-14   9.2268E-14   0.99986
FLUX  113    81.50        3.678436E+15   1.2549E-13   1.2549E-13   0.99998
FLUX  114    82.50        3.633848E+15   1.6935E-13   1.6935E-13   0.99998
FLUX  115    83.50        3.590329E+15   2.2673E-13   2.2684E-13   0.99951
FLUX  116    84.50        3.547840E+15   3.0162E-13   3.0163E-13   0.99999
FLUX  117    85.50        3.506345E+15   3.9827E-13   3.9828E-13   0.99996
FLUX  118    86.50        3.465809E+15   5.2237E-13   5.2238E-13   1.00000
FLUX  119    87.50        3.426200E+15   6.8058E-13   6.8069E-13   0.99985
FLUX  120    88.50        3.387486E+15   8.8147E-13   8.8147E-13   1.00000
FLUX  121    89.50        3.349637E+15   1.1346E-12   1.1346E-12   1.00000
FLUX  122    90.50        3.312624E+15   1.4510E-12   1.4519E-12   0.99937
FLUX  123    91.50        3.276421E+15   1.3480E-11   6.4878E-09   0.00208
FLUX  124    92.50        3.241000E+15   9.4826E-11   8.8944E-09   0.01066
FLUX  125    93.50        3.206337E+15   1.6646E-10   9.9799E-09   0.01668
FLUX  126    94.50        3.172407E+15   3.0619E-10   1.0338E-08   0.02962
FLUX  127    95.50        3.139188E+15   4.8772E-10   1.0777E-08   0.04526
FLUX  128    96.50        3.106658E+15   6.6596E-10   9.5136E-09   0.07000
FLUX  129    97.50        3.074795E+15   5.0464E-10   7.3432E-09   0.06872
FLUX  130    98.50        3.043579E+15   1.1008E-09   9.6061E-09   0.11459
FLUX  131    99.50        3.012990E+15   1.4760E-09   8.8308E-09   0.16714
FLUX  132   100.50        2.983010E+15   1.6939E-09   7.8095E-09   0.21690
FLUX  133   101.50        2.953621E+15   1.5704E-09   6.0069E-09   0.26143
FLUX  134   102.50        2.924805E+15   9.3644E-10   9.6401E-09   0.09714
FLUX  135   103.50        2.896546E+15   2.0072E-09   9.4284E-09   0.21289
FLUX  136   104.50        2.868828E+15   3.0269E-09   1.0189E-08   0.29708
FLUX  137   105.50        2.841635E+15   4.6501E-09   1.1009E-08   0.42239
FLUX  138   106.50        2.814953E+15   5.7694E-09   1.2389E-08   0.46570
FLUX  139   107.50        2.788767E+15   7.8860E-09   1.4489E-08   0.54429
FLUX  140   108.50        2.763065E+15   9.7439E-09   1.7144E-08   0.56835
FLUX  141   109.50        2.737831E+15   1.0923E-08   1.9988E-08   0.54647
FLUX  142   110.50        2.713054E+15   1.0129E-07   3.7147E-06   0.02727
FLUX  143   111.50        2.688722E+15   1.1377E-06   4.1867E-06   0.27175
FLUX  144   112.50        2.664822E+15   1.5161E-06   4.4967E-06   0.33715
FLUX  145   113.50        2.641344E+15   1.8259E-06   5.0142E-06   0.36415
FLUX  146   114.50        2.618275E+15   1.6239E-06   5.0770E-06   0.31986
FLUX  147   115.50        2.595606E+15   1.6643E-06   4.9482E-06   0.33635
FLUX  148   116.50        2.573326E+15   1.5465E-06   4.5878E-06   0.33710
FLUX  149   117.50        2.551426E+15   9.8852E-07   3.9501E-06   0.25025
FLUX  150   118.50        2.529895E+15   5.5902E-07   6.4778E-06   0.08630
FLUX  151   119.50        2.508724E+15   1.7652E-08   6.5438E-06   0.00270
FLUX  152   120.50        2.487905E+15   1.1533E-08   6.5914E-06   0.00175
FLUX  153   121.50        2.467428E+15   3.3241E-09   6.6251E-06   0.00050
FLUX  154   122.50        2.447286E+15   1.2357E-08   7.0509E-06   0.00175
FLUX  155   123.50        2.427470E+15   3.2740E-08   7.0686E-06   0.00463
FLUX  156   124.50        2.407972E+15   3.3961E-07   4.6625E-06   0.07284
FLUX  157   125.50        2.388785E+15   1.6592E-06   6.8129E-06   0.24353
FLUX  158   126.50        2.369901E+15   2.1201E-06   8.3256E-06   0.25465
FLUX  159   127.50        2.351314E+15   4.0229E-06   9.1640E-06   0.43899
FLUX  160   128.50        2.333016E+15   5.6680E-06   9.8852E-06   0.57338
FLUX  161   129.50        2.315000E+15   5.7252E-06   1.0339E-05   0.55377
FLUX  162   130.50        2.297261E+15   3.8989E-06   1.0726E-05   0.36350
FLUX  163   131.50        2.279791E+15   6.5013E-06   1.1010E-05   0.59052
FLUX  164   132.50        2.262585E+15   7.3982E-06   1.1251E-05   0.65754
FLUX  165   133.50        2.245637E+15   7.2622E-06   1.1447E-05   0.63442
FLUX  166   134.50        2.228941E+15   8.6799E-06   1.1613E-05   0.74746
FLUX  167   135.50        2.212491E+15   8.2098E-06   1.1755E-05   0.69840
FLUX  168   136.50        2.196282E+15   7.4829E-06   1.1885E-05   0.62961
FLUX  169   137.50        2.180309E+15   8.2737E-06   1.1999E-05   0.68954
FLUX  170   138.50        2.164567E+15   8.2707E-06   1.2102E-05   0.68339
FLUX  171   139.50        2.149050E+15   8.5934E-06   1.2194E-05   0.70469
FLUX  172   140.50        2.133754E+15   9.1830E-06   1.2280E-05   0.74779
FLUX  173   141.50        2.118675E+15   8.9713E-06   1.2357E-05   0.72599
FLUX  174   142.50        2.103807E+15   9.6307E-06   1.2449E-05   0.77359
FLUX  175   143.50        2.089146E+15   8.9086E-06   1.2517E-05   0.71174
FLUX  176   144.20        2.079005E+15   1.0005E-05   1.2562E-05   0.79645
FLUX  177   144.70        2.071821E+15   1.0683E-05   1.2815E-05   0.83357
FLUX  178   145.50        2.060430E+15   1.0801E-05   1.2864E-05   0.83961
FLUX  179   146.50        2.046365E+15   1.0150E-05   1.2922E-05   0.78547
FLUX  180   147.50        2.032492E+15   9.8343E-06   1.2977E-05   0.75784
FLUX  181   148.50        2.018805E+15   1.0279E-05   1.3028E-05   0.78898
FLUX  182   149.50        2.005301E+15   1.1003E-05   1.3077E-05   0.84134
FLUX  183   150.50        1.991977E+15   1.1229E-05   1.3123E-05   0.85562
FLUX  184   151.20        1.982755E+15   1.0649E-05   1.3155E-05   0.80952
FLUX  185   151.70        1.976220E+15   1.1430E-05   1.3386E-05   0.85391
FLUX  186   152.50        1.965852E+15   1.0862E-05   1.3793E-05   0.78748
FLUX  187   153.50        1.953046E+15   1.0687E-05   1.3977E-05   0.76460
FLUX  188   154.50        1.940405E+15   1.1708E-05   1.4024E-05   0.83482
FLUX  189   155.50        1.927926E+15   1.0499E-05   1.4070E-05   0.74621
FLUX  190   156.50        1.915607E+15   9.5315E-06   1.4114E-05   0.67531
FLUX  191   157.50        1.903444E+15   1.0652E-05   1.4162E-05   0.75216
FLUX  192   158.50        1.891435E+15   1.1650E-05   1.4204E-05   0.82017
FLUX  193   159.50        1.879577E+15   1.2322E-05   1.4246E-05   0.86494
FLUX  194   160.50        1.867866E+15   1.1764E-05   1.4286E-05   0.82345
FLUX  195   161.50        1.856300E+15   1.1910E-05   1.4325E-05   0.83137
FLUX  196   162.50        1.844877E+15   1.1024E-05   1.4366E-05   0.76740
FLUX  197   163.50        1.833593E+15   1.1505E-05   1.4403E-05   0.79875
FLUX  198   164.50        1.822447E+15   1.2117E-05   1.4441E-05   0.83908
FLUX  199   165.50        1.811435E+15   1.0539E-05   1.4477E-05   0.72794
FLUX  200   166.50        1.800556E+15   1.2194E-05   1.4513E-05   0.84022
FLUX  201   167.20        1.793017E+15   1.0006E-05   1.4538E-05   0.68825
FLUX  202   167.70        1.787671E+15   1.1657E-05   1.4606E-05   0.79808
FLUX  203   168.50        1.779184E+15   1.2738E-05   1.4660E-05   0.86894
FLUX  204   169.50        1.768687E+15   1.2017E-05   1.4694E-05   0.81782
FLUX  205   170.50        1.758314E+15   1.1754E-05   1.4729E-05   0.79802
FLUX  206   171.50        1.748061E+15   1.1852E-05   1.4765E-05   0.80269
FLUX  207   172.50        1.737928E+15   1.1793E-05   1.4799E-05   0.79689
FLUX  208   173.50        1.727911E+15   1.2428E-05   1.4832E-05   0.83789
FLUX  209   174.50        1.718009E+15   1.2273E-05   1.4866E-05   0.82556
FLUX  210   175.50        1.708219E+15   1.3216E-05   1.4899E-05   0.88701
FLUX  211   176.50        1.698541E+15   1.1869E-05   1.4932E-05   0.79486
FLUX  212   177.50        1.688972E+15   1.3092E-05   1.4965E-05   0.87484
FLUX  213   178.50        1.679510E+15   1.3085E-05   1.4998E-05   0.87242
FLUX  214   179.50        1.670153E+15   1.3981E-05   1.5031E-05   0.93011
FLUX  215   180.50        1.660900E+15   1.3546E-05   1.5064E-05   0.89925
FLUX  216   181.50        1.651749E+15   1.3568E-05   1.5097E-05   0.89871
FLUX  217   182.50        1.642699E+15   1.3212E-05   1.5130E-05   0.87323
FLUX  218   183.50        1.633747E+15   1.3061E-05   1.5165E-05   0.86126
FLUX  219   184.50        1.624892E+15   1.2451E-05   1.5200E-05   0.81912
FLUX  220   185.50        1.616132E+15   1.2980E-05   1.5236E-05   0.85192
FLUX  221   186.50        1.607466E+15   1.3120E-05   1.5271E-05   0.85912
FLUX  222   187.50        1.598893E+15   1.3773E-05   1.5307E-05   0.89979
FLUX  223   188.50        1.590411E+15   1.3809E-05   1.5342E-05   0.90004
FLUX  224   189.50        1.582018E+15   1.3691E-05   1.5378E-05   0.89029
FLUX  225   190.50        1.573714E+15   1.3390E-05   1.5414E-05   0.86869
FLUX  226   191.50        1.565496E+15   1.3758E-05   1.5451E-05   0.89043
FLUX  227   192.50        1.557364E+15   1.3963E-05   1.5487E-05   0.90159
FLUX  228   193.50        1.549315E+15   1.3879E-05   1.5523E-05   0.89409
FLUX  229   194.50        1.541350E+15   1.4526E-05   1.5559E-05   0.93357
FLUX  230   195.50        1.533465E+15   1.4431E-05   1.5595E-05   0.92536
FLUX  231   196.70        1.524110E+15   1.4834E-05   1.5639E-05   0.94852
FLUX  232   197.60        1.517169E+15   1.4737E-05   1.5674E-05   0.94025
FLUX  233   198.40        1.511051E+15   1.4544E-05   1.5703E-05   0.92619
FLUX  234   199.50        1.502719E+15   1.4337E-05   1.5745E-05   0.91059
FLUX  235   200.50        1.495224E+15   1.4346E-05   1.5782E-05   0.90898
FLUX  236   201.50        1.487804E+15   1.3842E-05   1.5820E-05   0.87501
FLUX  237   202.50        1.480457E+15   1.4132E-05   1.5857E-05   0.89122
FLUX  238   203.50        1.473182E+15   1.4430E-05   1.5895E-05   0.90784
FLUX  239   204.50        1.465978E+15   1.4794E-05   1.5933E-05   0.92849
FLUX  240   205.50        1.458844E+15   1.4340E-05   1.5971E-05   0.89786
FLUX  241   206.50        1.451780E+15   1.4341E-05   1.6010E-05   0.89575
FLUX  242   207.40        1.445480E+15   1.4841E-05   1.6045E-05   0.92500
FLUX  243   207.80        1.442697E+15   1.5170E-05   1.6071E-05   0.94395
FLUX  244   208.50        1.437854E+15   1.5227E-05   1.6099E-05   0.94587
FLUX  245   209.50        1.430990E+15   1.4862E-05   1.6138E-05   0.92093
FLUX  246   210.50        1.424192E+15   1.4821E-05   1.6178E-05   0.91614
FLUX  247   211.50        1.417459E+15   1.4878E-05   1.6217E-05   0.91741
FLUX  248   212.50        1.410788E+15   1.5041E-05   1.6258E-05   0.92515
FLUX  249   213.50        1.404180E+15   1.3654E-05   1.6298E-05   0.83777
FLUX  250   214.50        1.397634E+15   1.4903E-05   1.6338E-05   0.91214
FLUX  251   215.50        1.391148E+15   1.5041E-05   1.6379E-05   0.91832
FLUX  252   216.50        1.384723E+15   1.4556E-05   1.6420E-05   0.88647
FLUX  253   217.50        1.378356E+15   1.4487E-05   1.6462E-05   0.88008
FLUX  254   218.50        1.372048E+15   1.4560E-05   1.6503E-05   0.88227
FLUX  255   219.50        1.365797E+15   1.5368E-05   1.6545E-05   0.92885
FLUX  256   220.50        1.359603E+15   1.4917E-05   1.6587E-05   0.89935
FLUX  257   221.50        1.353465E+15   1.4086E-05   1.6629E-05   0.84708
FLUX  258   222.50        1.347382E+15   1.3992E-05   1.6671E-05   0.83929
FLUX  259   223.50        1.341353E+15   1.5272E-05   1.6714E-05   0.91374
FLUX  260   224.50        1.335379E+15   1.4203E-05   1.6757E-05   0.84756
FLUX  261   225.50        1.329457E+15   1.4118E-05   1.6801E-05   0.84034
FLUX  262   226.50        1.323587E+15   1.4260E-05   1.6844E-05   0.84659
FLUX  263   227.50        1.317769E+15   1.5098E-05   1.6888E-05   0.89400
FLUX  264   228.50        1.312002E+15   1.5495E-05   1.6932E-05   0.91515
FLUX  265   229.50        1.306285E+15   1.4835E-05   1.6976E-05   0.87390
FLUX  266   230.50        1.300618E+15   1.4732E-05   1.7020E-05   0.86558
FLUX  267   231.50        1.295000E+15   1.4497E-05   1.7064E-05   0.84954
FLUX  268   232.50        1.289430E+15   1.4654E-05   1.7109E-05   0.85651
FLUX  269   233.50        1.283908E+15   1.4299E-05   1.7154E-05   0.83355
FLUX  270   234.50        1.278433E+15   1.3492E-05   1.7199E-05   0.78444
FLUX  271   235.50        1.273004E+15   1.4721E-05   1.7244E-05   0.85366
FLUX  272   236.50        1.267622E+15   1.3743E-05   1.7290E-05   0.79488
FLUX  273   237.50        1.262284E+15   1.4423E-05   1.7335E-05   0.83200
FLUX  274   238.50        1.256992E+15   1.3178E-05   1.7381E-05   0.75817
FLUX  275   239.50        1.251743E+15   1.4281E-05   1.7427E-05   0.81946
FLUX  276   240.50        1.246538E+15   1.3823E-05   1.7474E-05   0.79105
FLUX  277   241.50        1.241377E+15   1.4178E-05   1.7520E-05   0.80922
FLUX  278   242.50        1.236258E+15   1.4777E-05   1.7567E-05   0.84120
FLUX  279   243.50        1.231181E+15   1.4249E-05   1.7614E-05   0.80899
FLUX  280   244.50        1.226145E+15   1.5158E-05   1.7661E-05   0.85828
FLUX  281   245.50        1.221151E+15   1.4762E-05   1.7708E-05   0.83361
FLUX  282   246.50        1.216197E+15   1.4786E-05   1.7755E-05   0.83273
FLUX  283   247.50        1.211283E+15   1.4376E-05   1.7803E-05   0.80753
FLUX  284   248.50        1.206408E+15   1.5217E-05   1.7850E-05   0.85250
FLUX  285   249.50        1.201573E+15   1.4867E-05   1.7898E-05   0.83064
FLUX  286   250.50        1.196776E+15   1.5959E-05   1.7946E-05   0.88926
FLUX  287   251.30        1.192967E+15   1.5063E-05   1.7985E-05   0.83754
FLUX  288   251.80        1.190598E+15   1.5252E-05   1.8013E-05   0.84671
FLUX  289   252.50        1.187297E+15   1.4464E-05   1.8047E-05   0.80149
FLUX  290   253.50        1.182613E+15   1.4460E-05   1.8097E-05   0.79902
FLUX  291   254.50        1.177967E+15   1.4581E-05   1.8147E-05   0.80350
FLUX  292   255.50        1.173356E+15   1.5365E-05   1.8197E-05   0.84439
FLUX  293   256.50        1.168782E+15   1.5380E-05   1.8247E-05   0.84291
FLUX  294   257.50        1.164243E+15   1.6236E-05   1.8297E-05   0.88735
FLUX  295   258.50        1.159739E+15   1.6346E-05   1.8347E-05   0.89090
FLUX  296   259.50        1.155270E+15   1.6342E-05   1.8398E-05   0.88827
FLUX  297   260.50        1.150835E+15   1.5862E-05   1.8448E-05   0.85982
FLUX  298   261.50        1.146434E+15   1.5907E-05   1.8499E-05   0.85987
FLUX  299   262.50        1.142067E+15   1.6396E-05   1.8550E-05   0.88387
FLUX  300   263.50        1.137732E+15   1.6590E-05   1.8601E-05   0.89193
FLUX  301   264.50        1.133431E+15   1.7812E-05   1.8651E-05   0.95502
FLUX  302   265.50        1.129162E+15   1.7698E-05   1.8702E-05   0.94633
FLUX  303   266.50        1.124925E+15   1.6925E-05   1.8753E-05   0.90250
FLUX  304   267.50        1.120720E+15   1.7465E-05   1.8804E-05   0.92880
FLUX  305   268.50        1.116546E+15   1.7599E-05   1.8855E-05   0.93341
FLUX  306   269.50        1.112403E+15   1.7128E-05   1.8906E-05   0.90598
FLUX  307   270.50        1.108290E+15   1.7430E-05   1.8957E-05   0.91946
FLUX  308   271.50        1.104208E+15   1.6960E-05   1.9008E-05   0.89224
FLUX  309   272.50        1.100156E+15   1.7124E-05   1.9059E-05   0.89848
FLUX  310   273.50        1.096133E+15   1.8072E-05   1.9110E-05   0.94569
FLUX  311   274.50        1.092140E+15   1.6425E-05   1.9161E-05   0.85720
FLUX  312   275.50        1.088176E+15   1.6538E-05   1.9212E-05   0.86078
FLUX  313   276.50        1.084241E+15   1.7118E-05   1.9264E-05   0.88861
FLUX  314   277.50        1.080333E+15   1.7935E-05   1.9315E-05   0.92855
FLUX  315   278.50        1.076454E+15   1.7840E-05   1.9366E-05   0.92120
FLUX  316   279.50        1.072603E+15   1.5518E-05   1.9417E-05   0.79921
FLUX  317   280.50        1.068779E+15   1.6791E-05   1.9468E-05   0.86251
FLUX  318   281.50        1.064982E+15   1.8563E-05   1.9519E-05   0.95099
FLUX  319   282.50        1.061212E+15   1.8628E-05   1.9570E-05   0.95186
FLUX  320   283.50        1.057469E+15   1.8205E-05   1.9622E-05   0.92781
FLUX  321   284.50        1.053752E+15   1.7822E-05   1.9673E-05   0.90594
FLUX  322   285.50        1.050061E+15   1.7634E-05   1.9724E-05   0.89405
FLUX  323   286.50        1.046396E+15   1.8349E-05   1.9775E-05   0.92789
FLUX  324   287.50        1.042757E+15   1.8103E-05   1.9826E-05   0.91310
FLUX  325   288.50        1.039142E+15   1.8552E-05   1.9877E-05   0.93337
FLUX  326   289.50        1.035553E+15   1.8325E-05   1.9927E-05   0.91957
FLUX  327   291.00        1.030215E+15   1.9482E-05   2.0004E-05   0.97391
FLUX  328   293.00        1.023183E+15   1.9067E-05   2.0105E-05   0.94839
FLUX  329   295.00        1.016246E+15   1.9245E-05   2.0206E-05   0.95244
FLUX  330   297.00        1.009402E+15   1.9509E-05   2.0307E-05   0.96070
FLUX  331   299.00        1.002651E+15   1.9709E-05   2.0407E-05   0.96579
FLUX  332   301.00        9.959884E+14   2.0130E-05   2.0507E-05   0.98161
FLUX  333   303.00        9.894142E+14   2.0216E-05   2.0607E-05   0.98104
FLUX  334   305.00        9.829262E+14   2.0230E-05   2.0706E-05   0.97701
FLUX  335   307.00        9.765228E+14   2.0218E-05   2.0805E-05   0.97179
FLUX  336   309.00        9.702023E+14   2.0528E-05   2.0903E-05   0.98205
FLUX  337   311.00        9.639630E+14   2.0443E-05   2.1001E-05   0.97345
FLUX  338   313.00        9.578035E+14   2.0506E-05   2.1098E-05   0.97194
FLUX  339   315.00        9.517222E+14   2.0779E-05   2.1195E-05   0.98036
FLUX  340   317.00        9.457177E+14   2.0849E-05   2.1292E-05   0.97920
FLUX  341   319.00        9.397884E+14   2.0543E-05   2.1389E-05   0.96046
FLUX  342   321.00        9.339330E+14   2.0977E-05   2.1485E-05   0.97635
FLUX  343   323.00        9.281502E+14   2.0894E-05   2.1580E-05   0.96819
FLUX  344   325.00        9.224385E+14   2.1149E-05   2.1675E-05   0.97575
FLUX  345   327.00        9.167966E+14   2.1385E-05   2.1768E-05   0.98240
FLUX  346   329.00        9.112234E+14   2.1597E-05   2.1861E-05   0.98791
FLUX  347   331.00        9.057175E+14   2.1783E-05   2.1954E-05   0.99221
FLUX  348   333.00        9.002778E+14   2.1673E-05   2.2045E-05   0.98313
FLUX  349   335.00        8.949030E+14   2.1593E-05   2.2136E-05   0.97548
FLUX  350   337.00        8.895920E+14   2.1797E-05   2.2226E-05   0.98070
FLUX  351   339.00        8.843437E+14   2.1815E-05   2.2315E-05   0.97757
FLUX  352   341.00        8.791569E+14   2.2172E-05   2.2404E-05   0.98967
FLUX  353   343.00        8.740306E+14   2.2261E-05   2.2491E-05   0.98977
FLUX  354   345.00        8.689638E+14   2.2379E-05   2.2578E-05   0.99118
FLUX  355   347.00        8.639553E+14   2.2388E-05   2.2664E-05   0.98780
FLUX  356   349.00        8.590043E+14   2.2493E-05   2.2749E-05   0.98875
FLUX  357   351.00        8.541097E+14   2.2701E-05   2.2833E-05   0.99420
FLUX  358   353.00        8.492705E+14   2.2858E-05   2.2917E-05   0.99744
FLUX  359   355.00        8.444859E+14   2.2965E-05   2.2999E-05   0.99851
FLUX  360   357.00        8.397549E+14   2.2954E-05   2.3081E-05   0.99450
FLUX  361   359.00        8.350766E+14   2.3044E-05   2.3161E-05   0.99496
FLUX  362   361.00        8.304501E+14   2.3136E-05   2.3241E-05   0.99548
FLUX  363   363.00        8.258747E+14   2.3218E-05   2.3320E-05   0.99563
FLUX  364   364.00        8.236058E+14   2.3251E-05   2.3359E-05   0.99539
FLUX  365   365.00        8.213493E+14   2.3663E-05   7.9100E-05   0.29915
FLUX  366   367.00        8.168733E+14   2.3773E-05   7.8732E-05   0.30195
FLUX  367   369.00        8.124458E+14   2.3133E-05   7.8399E-05   0.29507
FLUX  368   371.00        8.080660E+14   2.3800E-05   7.8032E-05   0.30501
FLUX  369   373.00        8.037332E+14   2.4617E-05   7.7667E-05   0.31696
FLUX  370   375.00        7.994467E+14   3.1821E-05   7.7304E-05   0.41163
FLUX  371   377.00        7.952056E+14   3.4578E-05   7.6943E-05   0.44939
FLUX  372   379.00        7.910092E+14   4.3459E-05   7.6584E-05   0.56747
FLUX  373   381.00        7.868570E+14   5.1368E-05   7.6227E-05   0.67388
FLUX  374   383.00        7.827480E+14   4.0959E-05   7.5872E-05   0.53984
FLUX  375   385.00        7.786818E+14   5.7465E-05   7.5520E-05   0.76092
FLUX  376   387.00        7.746576E+14   6.5487E-05   7.5170E-05   0.87119
FLUX  377   389.00        7.706748E+14   3.6201E-05   7.4822E-05   0.48383
FLUX  378   391.00        7.667327E+14   6.5910E-05   7.4476E-05   0.88499
FLUX  379   393.00        7.628308E+14   6.9556E-05   7.4132E-05   0.93828
FLUX  380   395.00        7.589684E+14   6.6542E-05   7.3789E-05   0.90178
FLUX  381   397.00        7.551448E+14   3.5892E-05   7.3449E-05   0.48867
FLUX  382   399.00        7.513596E+14   6.4447E-05   7.3110E-05   0.88151
FLUX  383   401.00        7.476122E+14   7.0848E-05   7.2774E-05   0.97353
FLUX  384   403.00        7.439020E+14   7.0918E-05   7.2439E-05   0.97900
FLUX  385   405.00        7.402284E+14   7.0895E-05   7.2107E-05   0.98319
FLUX  386   407.00        7.365909E+14   6.8757E-05   7.1778E-05   0.95791
FLUX  387   409.00        7.329890E+14   5.4210E-05   7.1450E-05   0.75870
FLUX  388   411.00        7.294221E+14   4.1501E-05   7.1126E-05   0.58349
FLUX  389   413.00        7.258898E+14   6.6543E-05   7.0805E-05   0.93981
FLUX  390   415.00        7.223916E+14   6.9359E-05   7.0485E-05   0.98402
FLUX  391   417.00        7.189269E+14   6.9358E-05   7.0168E-05   0.98847
FLUX  392   419.00        7.154952E+14   6.9302E-05   6.9852E-05   0.99212
FLUX  393   421.00        7.120962E+14   6.9086E-05   6.9538E-05   0.99350
FLUX  394   423.00        7.087293E+14   6.8503E-05   6.9226E-05   0.98955
FLUX  395   425.00        7.053941E+14   6.8223E-05   6.8916E-05   0.98994
FLUX  396   427.00        7.020902E+14   6.7708E-05   6.8607E-05   0.98689
FLUX  397   429.00        6.988170E+14   6.7221E-05   6.8300E-05   0.98420
FLUX  398   431.00        6.955742E+14   6.4687E-05   6.7995E-05   0.95134
FLUX  399   433.00        6.923614E+14   4.9007E-05   6.7693E-05   0.72396
FLUX  400   435.00        6.891782E+14   4.1860E-05   6.7392E-05   0.62115
FLUX  401   437.00        6.860240E+14   6.3652E-05   6.7092E-05   0.94873
FLUX  402   439.00        6.828986E+14   6.5171E-05   6.6795E-05   0.97568
FLUX  403   441.00        6.798016E+14   6.5674E-05   6.6500E-05   0.98759
FLUX  404   443.00        6.767325E+14   6.5602E-05   6.6206E-05   0.99088
FLUX  405   445.00        6.736910E+14   6.5635E-05   6.5915E-05   0.99576
FLUX  406   447.00        6.706767E+14   6.5152E-05   6.5625E-05   0.99279
FLUX  407   449.00        6.676893E+14   6.4338E-05   6.5338E-05   0.98471
FLUX  408   451.00        6.647284E+14   6.4608E-05   6.5052E-05   0.99317
FLUX  409   453.00        6.617936E+14   6.4285E-05   6.4768E-05   0.99255
FLUX  410   455.00        6.588846E+14   6.3599E-05   6.4486E-05   0.98625
FLUX  411   457.00        6.560011E+14   6.3918E-05   6.4205E-05   0.99553
FLUX  412   459.00        6.531427E+14   6.3369E-05   6.3926E-05   0.99128
FLUX  413   461.00        6.503091E+14   6.3601E-05   6.3649E-05   0.99925
FLUX  414   463.00        6.475000E+14   6.2894E-05   6.3374E-05   0.99243
FLUX  415   465.00        6.447151E+14   6.3043E-05   6.3100E-05   0.99908
FLUX  416   467.00        6.419540E+14   6.2721E-05   6.2829E-05   0.99828
FLUX  417   469.00        6.392164E+14   6.2295E-05   6.2558E-05   0.99579
FLUX  418   471.00        6.365021E+14   6.1398E-05   6.2290E-05   0.98567
FLUX  419   473.00        6.338108E+14   6.1914E-05   6.2023E-05   0.99823
FLUX  420   475.00        6.311421E+14   6.1597E-05   6.1758E-05   0.99738
FLUX  421   477.00        6.284958E+14   6.1257E-05   6.1495E-05   0.99613
FLUX  422   479.00        6.258716E+14   6.0842E-05   6.1233E-05   0.99361
FLUX  423   481.00        6.232692E+14   6.0110E-05   6.0974E-05   0.98583
FLUX  424   483.00        6.206884E+14   5.8105E-05   6.0715E-05   0.95700
FLUX  425   485.00        6.181289E+14   4.5697E-05   6.0458E-05   0.75585
FLUX  426   487.00        6.155903E+14   3.7203E-05   6.0203E-05   0.61797
FLUX  427   489.00        6.130726E+14   5.6192E-05   5.9949E-05   0.93733
FLUX  428   491.00        6.105754E+14   5.8655E-05   5.9697E-05   0.98254
FLUX  429   493.00        6.080984E+14   5.8652E-05   5.9446E-05   0.98666
FLUX  430   495.00        6.056414E+14   5.8902E-05   5.9196E-05   0.99503
FLUX  431   497.00        6.032042E+14   5.8816E-05   5.8949E-05   0.99775
FLUX  432   499.00        6.007866E+14   5.8576E-05   5.8702E-05   0.99785
FLUX  433   501.00        5.983882E+14   5.7951E-05   5.8458E-05   0.99133
FLUX  434   503.00        5.960089E+14   5.8028E-05   5.8215E-05   0.99679
FLUX  435   505.00        5.936485E+14   5.7545E-05   5.7974E-05   0.99261
FLUX  436   507.00        5.913067E+14   5.7634E-05   5.7734E-05   0.99826
FLUX  437   509.00        5.889833E+14   5.7402E-05   5.7496E-05   0.99837
FLUX  438   511.00        5.866781E+14   5.7137E-05   5.7259E-05   0.99786
FLUX  439   513.00        5.843908E+14   5.6935E-05   5.7024E-05   0.99845
FLUX  440   515.00        5.821214E+14   5.6631E-05   5.6790E-05   0.99721
FLUX  441   517.00        5.798694E+14   5.5969E-05   5.6557E-05   0.98960
FLUX  442   519.00        5.776349E+14   5.5908E-05   5.6327E-05   0.99257
FLUX  443   521.00        5.754175E+14   5.5948E-05   5.6097E-05   0.99734
FLUX  444   523.00        5.732170E+14   5.5524E-05   5.5869E-05   0.99382
FLUX  445   525.00        5.710333E+14   5.5534E-05   5.5643E-05   0.99805
FLUX  446   527.00        5.688662E+14   5.5031E-05   5.5418E-05   0.99302
FLUX  447   529.00        5.667155E+14   5.5106E-05   5.5194E-05   0.99840
FLUX  448   531.00        5.645810E+14   5.4679E-05   5.4971E-05   0.99468
FLUX  449   533.00        5.624625E+14   5.4566E-05   5.4750E-05   0.99663
FLUX  450   535.00        5.603598E+14   5.4474E-05   5.4531E-05   0.99896
FLUX  451   537.00        5.582728E+14   5.4214E-05   5.4312E-05   0.99818
FLUX  452   539.00        5.562013E+14   5.4005E-05   5.4095E-05   0.99834
FLUX  453   541.00        5.541451E+14   5.3732E-05   5.3879E-05   0.99727
FLUX  454   543.00        5.521041E+14   5.3557E-05   5.3664E-05   0.99801
FLUX  455   545.00        5.500780E+14   5.3395E-05   5.3451E-05   0.99896
FLUX  456   547.00        5.480667E+14   5.3168E-05   5.3239E-05   0.99868
FLUX  457   549.00        5.460701E+14   5.2970E-05   5.3028E-05   0.99890
FLUX  458   551.00        5.440880E+14   5.2755E-05   5.2819E-05   0.99878
FLUX  459   553.00        5.421203E+14   5.2534E-05   5.2611E-05   0.99854
FLUX  460   555.00        5.401667E+14   5.2367E-05   5.2404E-05   0.99930
FLUX  461   557.00        5.382271E+14   5.2155E-05   5.2198E-05   0.99917
FLUX  462   559.00        5.363014E+14   5.1958E-05   5.1994E-05   0.99930
FLUX  463   561.00        5.343895E+14   5.1774E-05   5.1791E-05   0.99969
FLUX  464   563.00        5.324911E+14   5.1574E-05   5.1589E-05   0.99971
FLUX  465   565.00        5.306062E+14   5.1348E-05   5.1388E-05   0.99923
FLUX  466   567.00        5.287346E+14   5.1152E-05   5.1188E-05   0.99930
FLUX  467   569.00        5.268761E+14   5.0973E-05   5.0990E-05   0.99968
FLUX  468   571.00        5.250306E+14   5.0780E-05   5.0792E-05   0.99976
FLUX  469   573.00        5.231981E+14   5.0590E-05   5.0596E-05   0.99989
FLUX  470   575.00        5.213783E+14   5.0386E-05   5.0401E-05   0.99971
FLUX  471   577.00        5.195711E+14   5.0196E-05   5.0207E-05   0.99978
FLUX  472   579.00        5.177763E+14   4.9992E-05   5.0015E-05   0.99954
FLUX  473   581.00        5.159940E+14   4.9810E-05   4.9823E-05   0.99973
FLUX  474   583.00        5.142238E+14   4.9621E-05   4.9633E-05   0.99975
FLUX  475   585.00        5.124658E+14   4.9436E-05   4.9444E-05   0.99984
FLUX  476   587.00        5.107198E+14   4.9158E-05   4.9256E-05   0.99800
FLUX  477   589.00        5.089856E+14   4.8934E-05   4.9069E-05   0.99725
FLUX  478   591.00        5.072631E+14   4.8872E-05   4.8883E-05   0.99976
FLUX  479   593.00        5.055523E+14   4.8694E-05   4.8699E-05   0.99990
FLUX  480   595.00        5.038529E+14   4.8470E-05   4.8515E-05   0.99906
FLUX  481   597.00        5.021650E+14   4.8313E-05   4.8333E-05   0.99959
FLUX  482   599.00        5.004883E+14   4.8098E-05   4.8151E-05   0.99889
FLUX  483   601.00        4.988228E+14   4.7947E-05   4.7971E-05   0.99951
FLUX  484   603.00        4.971683E+14   4.7784E-05   4.7791E-05   0.99985
FLUX  485   605.00        4.955248E+14   4.7597E-05   4.7613E-05   0.99968
FLUX  486   607.00        4.938921E+14   4.7425E-05   4.7435E-05   0.99979
FLUX  487   609.00        4.922701E+14   4.7251E-05   4.7259E-05   0.99982
FLUX  488   611.00        4.906588E+14   4.7076E-05   4.7084E-05   0.99983
FLUX  489   613.00        4.890579E+14   4.6896E-05   4.6910E-05   0.99969
FLUX  490   615.00        4.874675E+14   4.6557E-05   4.6737E-05   0.99614
FLUX  491   617.00        4.858874E+14   4.6545E-05   4.6565E-05   0.99958
FLUX  492   619.00        4.843174E+14   4.6387E-05   4.6394E-05   0.99986
FLUX  493   621.00        4.827576E+14   4.6218E-05   4.6223E-05   0.99988
FLUX  494   623.00        4.812079E+14   4.6039E-05   4.6054E-05   0.99968
FLUX  495   625.00        4.796680E+14   4.5789E-05   4.5886E-05   0.99789
FLUX  496   627.00        4.781380E+14   4.5714E-05   4.5718E-05   0.99990
FLUX  497   629.00        4.766176E+14   4.5547E-05   4.5552E-05   0.99988
FLUX  498   631.00        4.751070E+14   4.5361E-05   4.5387E-05   0.99943
FLUX  499   633.00        4.736058E+14   4.5214E-05   4.5222E-05   0.99981
FLUX  500   635.00        4.721142E+14   4.4822E-05   4.5058E-05   0.99475
FLUX  501   637.00        4.706319E+14   4.4748E-05   4.4896E-05   0.99671
FLUX  502   639.00        4.691588E+14   4.4717E-05   4.4734E-05   0.99963
FLUX  503   641.00        4.676950E+14   4.4537E-05   4.4573E-05   0.99920
FLUX  504   643.00        4.662403E+14   4.4387E-05   4.4413E-05   0.99943
FLUX  505   645.00        4.647946E+14   4.4114E-05   4.4254E-05   0.99684
FLUX  506   647.00        4.633578E+14   4.3958E-05   4.4095E-05   0.99688
FLUX  507   649.00        4.619299E+14   4.3673E-05   4.3938E-05   0.99397
FLUX  508   651.00        4.605108E+14   4.3280E-05   4.3781E-05   0.98855
FLUX  509   653.00        4.591003E+14   4.2246E-05   4.3626E-05   0.96837
FLUX  510   655.00        4.576985E+14   3.6869E-05   4.3471E-05   0.84813
FLUX  511   657.00        4.563052E+14   2.9963E-05   4.3317E-05   0.69171
FLUX  512   659.00        4.549203E+14   4.0583E-05   4.3164E-05   0.94022
FLUX  513   661.00        4.535439E+14   4.2296E-05   4.3011E-05   0.98338
FLUX  514   663.00        4.521757E+14   4.2553E-05   4.2860E-05   0.99284
FLUX  515   665.00        4.508158E+14   4.2545E-05   4.2709E-05   0.99616
FLUX  516   667.00        4.494640E+14   4.2461E-05   4.2559E-05   0.99769
FLUX  517   669.00        4.481203E+14   4.2381E-05   4.2410E-05   0.99932
FLUX  518   671.00        4.467846E+14   4.2253E-05   4.2261E-05   0.99980
FLUX  519   673.00        4.454569E+14   4.2090E-05   4.2114E-05   0.99942
FLUX  520   675.00        4.441370E+14   4.1956E-05   4.1967E-05   0.99972
FLUX  521   677.00        4.428250E+14   4.1818E-05   4.1821E-05   0.99991
FLUX  522   679.00        4.415206E+14   4.1672E-05   4.1676E-05   0.99989
FLUX  523   681.00        4.402239E+14   4.1528E-05   4.1532E-05   0.99990
FLUX  524   683.00        4.389348E+14   4.1376E-05   4.1388E-05   0.99971
FLUX  525   685.00        4.376533E+14   4.1237E-05   4.1245E-05   0.99981
FLUX  526   687.00        4.363792E+14   4.1097E-05   4.1103E-05   0.99986
FLUX  527   689.00        4.351125E+14   4.0958E-05   4.0962E-05   0.99990
FLUX  528   691.00        4.338531E+14   4.0815E-05   4.0821E-05   0.99986
FLUX  529   693.00        4.326010E+14   4.0671E-05   4.0681E-05   0.99976
FLUX  530   695.00        4.313561E+14   4.0536E-05   4.0542E-05   0.99986
FLUX  531   697.00        4.301184E+14   4.0398E-05   4.0403E-05   0.99987
FLUX  532   699.00        4.288877E+14   4.0263E-05   4.0265E-05   0.99994
FLUX  533   701.00        4.276641E+14   4.0098E-05   4.0128E-05   0.99925
FLUX  534   703.00        4.264474E+14   3.9985E-05   3.9992E-05   0.99983
FLUX  535   705.00        4.252376E+14   3.9842E-05   3.9857E-05   0.99962
FLUX  536   707.00        4.240347E+14   3.9711E-05   3.9722E-05   0.99972
FLUX  537   709.00        4.228385E+14   3.9587E-05   3.9588E-05   0.99997
FLUX  538   711.00        4.216491E+14   3.9385E-05   3.9454E-05   0.99826
FLUX  539   713.00        4.204663E+14   3.9307E-05   3.9321E-05   0.99963
FLUX  540   715.00        4.192902E+14   3.9173E-05   3.9189E-05   0.99960
FLUX  541   717.00        4.181206E+14   3.9053E-05   3.9058E-05   0.99989
FLUX  542   719.00        4.169576E+14   3.8921E-05   3.8927E-05   0.99984
FLUX  543   721.00        4.158010E+14   3.8792E-05   3.8797E-05   0.99988
FLUX  544   723.00        4.146508E+14   3.8658E-05   3.8667E-05   0.99975
FLUX  545   725.00        4.135069E+14   3.8522E-05   3.8539E-05   0.99956
FLUX  546   727.00        4.123693E+14   3.8407E-05   3.8411E-05   0.99989
FLUX  547   729.00        4.112380E+14   3.8273E-05   3.8283E-05   0.99974
FLUX  548   731.00        4.101129E+14   3.8145E-05   3.8157E-05   0.99970
FLUX  549   733.00        4.089939E+14   3.8025E-05   3.8030E-05   0.99985
FLUX  550   735.00        4.078810E+14   3.7902E-05   3.7905E-05   0.99993
FLUX  551   737.00        4.067741E+14   3.7779E-05   3.7780E-05   0.99998
FLUX  552   739.00        4.056732E+14   3.7652E-05   3.7656E-05   0.99991
FLUX  553   741.00        4.045783E+14   3.7522E-05   3.7532E-05   0.99974
FLUX  554   743.00        4.034892E+14   3.7369E-05   3.7409E-05   0.99894
FLUX  555   745.00        4.024060E+14   3.7263E-05   3.7286E-05   0.99938
FLUX  556   747.00        4.013286E+14   3.7112E-05   3.7165E-05   0.99860
FLUX  557   749.00        4.002570E+14   3.7019E-05   3.7043E-05   0.99933
FLUX  558   751.00        3.991911E+14   3.6905E-05   3.6923E-05   0.99952
FLUX  559   753.00        3.981308E+14   3.6797E-05   3.6803E-05   0.99985
FLUX  560   755.00        3.970762E+14   3.6682E-05   3.6683E-05   0.99997
FLUX  561   757.00        3.960271E+14   3.6562E-05   3.6565E-05   0.99992
FLUX  562   759.00        3.949835E+14   3.6444E-05   3.6447E-05   0.99993
FLUX  563   761.00        3.939455E+14   3.6328E-05   3.6329E-05   0.99998
FLUX  564   763.00        3.929128E+14   3.6209E-05   3.6212E-05   0.99992
FLUX  565   765.00        3.918856E+14   3.6089E-05   3.6095E-05   0.99981
FLUX  566   767.00        3.908638E+14   3.5971E-05   3.5980E-05   0.99975
FLUX  567   769.00        3.898472E+14   3.5860E-05   3.5864E-05   0.99987
FLUX  568   771.00        3.888359E+14   3.5738E-05   3.5750E-05   0.99969
FLUX  569   773.00        3.878299E+14   3.5632E-05   3.5635E-05   0.99992
FLUX  570   775.00        3.868290E+14   3.5518E-05   3.5522E-05   0.99991
FLUX  571   777.00        3.858333E+14   3.4918E-05   3.5408E-05   0.98616
FLUX  572   779.00        3.848427E+14   3.5293E-05   3.5296E-05   0.99992
FLUX  573   781.00        3.838572E+14   3.5183E-05   3.5184E-05   0.99998
FLUX  574   783.00        3.828768E+14   3.5065E-05   3.5072E-05   0.99980
FLUX  575   785.00        3.819013E+14   3.4940E-05   3.4961E-05   0.99941
FLUX  576   787.00        3.809307E+14   3.4772E-05   3.4850E-05   0.99775
FLUX  577   789.00        3.799651E+14   3.4616E-05   3.4740E-05   0.99642
FLUX  578   791.00        3.790044E+14   3.4614E-05   3.4631E-05   0.99950
FLUX  579   793.00        3.780485E+14   3.4515E-05   3.4522E-05   0.99980
FLUX  580   795.00        3.770975E+14   3.4355E-05   3.4414E-05   0.99831
FLUX  581   797.00        3.761512E+14   3.4305E-05   3.4306E-05   0.99997
FLUX  582   799.00        3.752096E+14   3.4042E-05   3.4198E-05   0.99544
FLUX  583   801.00        3.742728E+14   3.4088E-05   3.4092E-05   0.99989
FLUX  584   803.00        3.733406E+14   3.3981E-05   3.3985E-05   0.99987
FLUX  585   805.00        3.724130E+14   3.3877E-05   3.3879E-05   0.99992
FLUX  586   807.00        3.714901E+14   3.3769E-05   3.3774E-05   0.99986
FLUX  587   809.00        3.705717E+14   3.3665E-05   3.3669E-05   0.99989
FLUX  588   811.00        3.696578E+14   3.3560E-05   3.3565E-05   0.99987
FLUX  589   813.00        3.687485E+14   3.3460E-05   3.3461E-05   0.99998
FLUX  590   815.00        3.678436E+14   3.3357E-05   3.3358E-05   0.99997
FLUX  591   817.00        3.669431E+14   3.3254E-05   3.3255E-05   0.99999
FLUX  592   819.00        3.660470E+14   3.3102E-05   3.3152E-05   0.99849
FLUX  593   821.00        3.651553E+14   3.3162E-05   4.0257E-05   0.82375
FLUX  594   823.00        3.642679E+14   3.3059E-05   4.0116E-05   0.82409
FLUX  595   825.00        3.633848E+14   3.3016E-05   3.9975E-05   0.82593
FLUX  596   827.00        3.625060E+14   3.3002E-05   3.9835E-05   0.82848
FLUX  597   829.00        3.616315E+14   3.2907E-05   3.9695E-05   0.82898
FLUX  598   831.00        3.607611E+14   3.2838E-05   3.9557E-05   0.83016
FLUX  599   833.00        3.598950E+14   3.2698E-05   3.9419E-05   0.82950
FLUX  600   835.00        3.590329E+14   3.2654E-05   3.9281E-05   0.83129
FLUX  601   837.00        3.581750E+14   3.2549E-05   3.9145E-05   0.83150
FLUX  602   839.00        3.573212E+14   3.2407E-05   3.9009E-05   0.83076
FLUX  603   841.00        3.564715E+14   3.2230E-05   3.8874E-05   0.82909
FLUX  604   843.00        3.556257E+14   3.2094E-05   3.8740E-05   0.82846
FLUX  605   845.00        3.547840E+14   3.1771E-05   3.8606E-05   0.82297
FLUX  606   847.00        3.539463E+14   3.1401E-05   3.8473E-05   0.81618
FLUX  607   849.00        3.531125E+14   3.1919E-05   3.8341E-05   0.83251
FLUX  608   851.00        3.522826E+14   3.0654E-05   3.8209E-05   0.80228
FLUX  609   853.00        3.514566E+14   3.2061E-05   3.8078E-05   0.84196
FLUX  610   855.00        3.506345E+14   2.9325E-05   3.7948E-05   0.77275
FLUX  611   857.00        3.498162E+14   3.2557E-05   3.7819E-05   0.86088
FLUX  612   859.00        3.490017E+14   3.0245E-05   3.7690E-05   0.80247
FLUX  613   861.00        3.481911E+14   2.9628E-05   3.7562E-05   0.78878
FLUX  614   863.00        3.473841E+14   3.3245E-05   3.7434E-05   0.88809
FLUX  615   865.00        3.465809E+14   3.1771E-05   3.7307E-05   0.85160
FLUX  616   867.00        3.457814E+14   2.6605E-05   3.7181E-05   0.71556
FLUX  617   869.00        3.449856E+14   3.2855E-05   3.7055E-05   0.88664
FLUX  618   871.00        3.441935E+14   3.4331E-05   3.6930E-05   0.92961
FLUX  619   873.00        3.434049E+14   3.2834E-05   3.6806E-05   0.89208
FLUX  620   875.00        3.426200E+14   2.5739E-05   3.6682E-05   0.70166
FLUX  621   877.00        3.418387E+14   3.1237E-05   3.6559E-05   0.85442
FLUX  622   879.00        3.410609E+14   3.4636E-05   3.6437E-05   0.95057
FLUX  623   881.00        3.402866E+14   3.5134E-05   3.6315E-05   0.96747
FLUX  624   883.00        3.395159E+14   3.4263E-05   3.6194E-05   0.94665
FLUX  625   885.00        3.387486E+14   3.0006E-05   3.6073E-05   0.83180
FLUX  626   887.00        3.379848E+14   2.5405E-05   3.5953E-05   0.70661
FLUX  627   889.00        3.372244E+14   3.2622E-05   3.5834E-05   0.91035
FLUX  628   891.00        3.364675E+14   3.4561E-05   3.5715E-05   0.96766
FLUX  629   893.00        3.357139E+14   3.4893E-05   3.5597E-05   0.98021
FLUX  630   895.00        3.349637E+14   3.4924E-05   3.5480E-05   0.98432
FLUX  631   897.00        3.342168E+14   3.4406E-05   3.5363E-05   0.97293
FLUX  632   899.00        3.334733E+14   3.2552E-05   3.5247E-05   0.92355
FLUX  633   901.00        3.327331E+14   2.5620E-05   3.5131E-05   0.72927
FLUX  634   903.00        3.319961E+14   2.8119E-05   3.5016E-05   0.80303
FLUX  635   905.00        3.312624E+14   3.2991E-05   3.4901E-05   0.94529
FLUX  636   907.00        3.305320E+14   3.3860E-05   3.4787E-05   0.97336
FLUX  637   909.00        3.298047E+14   3.3922E-05   3.4673E-05   0.97832
FLUX  638   911.00        3.290807E+14   3.4195E-05   3.4561E-05   0.98944
FLUX  639   913.00        3.283598E+14   3.4180E-05   3.4448E-05   0.99221
FLUX  640   915.00        3.276421E+14   3.4042E-05   3.4336E-05   0.99143
FLUX  641   917.00        3.269275E+14   3.3710E-05   3.4225E-05   0.98495
FLUX  642   919.00        3.262160E+14   3.2909E-05   3.4114E-05   0.96467
FLUX  643   921.00        3.255076E+14   3.0235E-05   3.4004E-05   0.88915
FLUX  644   923.00        3.248023E+14   2.3484E-05   3.3894E-05   0.69285
FLUX  645   925.00        3.241000E+14   2.9191E-05   3.3785E-05   0.86402
FLUX  646   927.00        3.234008E+14   3.1893E-05   3.3677E-05   0.94702
FLUX  647   929.00        3.227045E+14   3.3043E-05   3.3569E-05   0.98434
FLUX  648   931.00        3.220113E+14   3.3200E-05   3.3461E-05   0.99220
FLUX  649   933.00        3.213210E+14   3.3183E-05   3.3354E-05   0.99486
FLUX  650   935.00        3.206337E+14   3.3131E-05   3.3247E-05   0.99650
FLUX  651   937.00        3.199493E+14   3.3049E-05   3.3141E-05   0.99720
FLUX  652   939.00        3.192678E+14   3.2881E-05   3.3036E-05   0.99532
FLUX  653   941.00        3.185893E+14   3.2586E-05   3.2931E-05   0.98954
FLUX  654   943.00        3.179136E+14   3.2691E-05   3.2826E-05   0.99589
FLUX  655   945.00        3.172407E+14   3.2555E-05   3.2722E-05   0.99488
FLUX  656   947.00        3.165707E+14   3.2346E-05   3.2619E-05   0.99165
FLUX  657   949.00        3.159036E+14   3.1993E-05   3.2516E-05   0.98392
FLUX  658   951.00        3.152392E+14   3.1123E-05   3.2413E-05   0.96019
FLUX  659   953.00        3.145776E+14   2.8093E-05   3.2311E-05   0.86947
FLUX  660   955.00        3.139188E+14   2.2642E-05   3.2209E-05   0.70298
FLUX  661   957.00        3.132628E+14   2.8620E-05   3.2108E-05   0.89137
FLUX  662   959.00        3.126095E+14   3.0930E-05   3.2008E-05   0.96633
FLUX  663   961.00        3.119589E+14   3.1433E-05   3.1907E-05   0.98514
FLUX  664   963.00        3.113110E+14   3.1388E-05   3.1808E-05   0.98682
FLUX  665   965.00        3.106658E+14   3.1569E-05   3.1708E-05   0.99562
FLUX  666   967.00        3.100233E+14   3.1409E-05   3.1610E-05   0.99364
FLUX  667   969.00        3.093834E+14   3.1461E-05   3.1511E-05   0.99840
FLUX  668   971.00        3.087461E+14   3.1410E-05   3.1414E-05   0.99990
FLUX  669   973.00        3.081115E+14   3.1309E-05   3.1316E-05   0.99976
FLUX  670   975.00        3.074795E+14   3.1205E-05   3.1219E-05   0.99953
FLUX  671   977.00        3.068501E+14   3.1120E-05   3.1123E-05   0.99991
FLUX  672   979.00        3.062232E+14   3.1023E-05   3.1027E-05   0.99988
FLUX  673   981.00        3.055989E+14   3.0923E-05   3.0932E-05   0.99971
FLUX  674   983.00        3.049771E+14   3.0809E-05   3.0837E-05   0.99910
FLUX  675   985.00        3.043579E+14   3.0715E-05   3.0742E-05   0.99912
FLUX  676   987.00        3.037411E+14   3.0619E-05   3.0648E-05   0.99905
FLUX  677   989.00        3.031269E+14   3.0459E-05   3.0554E-05   0.99688
FLUX  678   991.00        3.025151E+14   3.0403E-05   3.0460E-05   0.99810
FLUX  679   993.00        3.019058E+14   3.0258E-05   3.0368E-05   0.99639
FLUX  680   995.00        3.012990E+14   3.0132E-05   3.0275E-05   0.99527
FLUX  681   997.00        3.006946E+14   2.9957E-05   3.0183E-05   0.99252
FLUX  682   999.00        3.000926E+14   2.9657E-05   3.0091E-05   0.98557
FLUX  683  1002.50        2.990449E+14   2.6811E-05   2.9932E-05   0.89573
FLUX  684  1007.50        2.975608E+14   2.5693E-05   2.9707E-05   0.86489
FLUX  685  1012.50        2.960914E+14   2.9092E-05   2.9484E-05   0.98671
FLUX  686  1017.50        2.946364E+14   2.9175E-05   2.9263E-05   0.99699
FLUX  687  1022.50        2.931956E+14   2.9039E-05   2.9046E-05   0.99979
FLUX  688  1027.50        2.917689E+14   2.8826E-05   2.8830E-05   0.99984
FLUX  689  1032.50        2.903559E+14   2.8608E-05   2.8617E-05   0.99967
FLUX  690  1037.50        2.889566E+14   2.8399E-05   2.8407E-05   0.99974
FLUX  691  1042.50        2.875707E+14   2.8194E-05   2.8198E-05   0.99985
FLUX  692  1047.50        2.861981E+14   2.7960E-05   2.7992E-05   0.99886
FLUX  693  1052.50        2.848385E+14   2.7759E-05   2.7788E-05   0.99895
FLUX  694  1057.50        2.834917E+14   2.7569E-05   2.7587E-05   0.99937
FLUX  695  1062.50        2.821576E+14   2.7377E-05   2.7387E-05   0.99962
FLUX  696  1067.50        2.808361E+14   2.7013E-05   2.7190E-05   0.99348
FLUX  697  1072.50        2.795268E+14   2.6921E-05   2.6995E-05   0.99724
FLUX  698  1077.50        2.782297E+14   2.6760E-05   2.6802E-05   0.99844
FLUX  699  1082.50        2.769446E+14   2.6473E-05   2.6611E-05   0.99481
FLUX  700  1087.50        2.756713E+14   2.5945E-05   2.6422E-05   0.98193
FLUX  701  1092.50        2.744096E+14   2.1955E-05   2.6235E-05   0.83685
FLUX  702  1097.50        2.731595E+14   2.4141E-05   2.6050E-05   0.92670
FLUX  703  1102.50        2.719206E+14   2.5621E-05   2.5867E-05   0.99046
FLUX  704  1107.50        2.706930E+14   2.5613E-05   2.5687E-05   0.99713
FLUX  705  1112.50        2.694764E+14   2.5500E-05   2.5507E-05   0.99970
FLUX  706  1117.50        2.682707E+14   2.5327E-05   2.5330E-05   0.99987
FLUX  707  1122.50        2.670757E+14   2.5153E-05   2.5155E-05   0.99992
FLUX  708  1127.50        2.658914E+14   2.4859E-05   2.4981E-05   0.99509
FLUX  709  1132.50        2.647174E+14   2.4710E-05   2.4810E-05   0.99598
FLUX  710  1137.50        2.635538E+14   2.4629E-05   2.4640E-05   0.99954
FLUX  711  1142.50        2.624004E+14   2.4457E-05   2.4472E-05   0.99939
FLUX  712  1147.50        2.612571E+14   2.4303E-05   2.4305E-05   0.99992
FLUX  713  1152.50        2.601236E+14   2.4140E-05   2.4141E-05   0.99999
FLUX  714  1157.50        2.590000E+14   2.3976E-05   2.3978E-05   0.99993
FLUX  715  1162.50        2.578860E+14   2.3785E-05   2.3817E-05   0.99867
FLUX  716  1167.50        2.567816E+14   2.3589E-05   2.3657E-05   0.99714
FLUX  717  1172.50        2.556866E+14   2.3497E-05   2.3499E-05   0.99993
FLUX  718  1177.50        2.546008E+14   2.3230E-05   2.3342E-05   0.99518
FLUX  719  1182.50        2.535243E+14   2.3149E-05   2.3187E-05   0.99836
FLUX  720  1187.50        2.524568E+14   2.2991E-05   2.3034E-05   0.99815
FLUX  721  1192.50        2.513983E+14   2.2882E-05   2.2882E-05   0.99999
FLUX  722  1197.50        2.503486E+14   2.2704E-05   2.2732E-05   0.99881
FLUX  723  1202.50        2.493077E+14   2.2577E-05   2.2583E-05   0.99974
FLUX  724  1207.50        2.482754E+14   2.2423E-05   2.2435E-05   0.99944
FLUX  725  1212.50        2.472515E+14   2.2279E-05   2.2289E-05   0.99956
FLUX  726  1217.50        2.462361E+14   2.2141E-05   2.2144E-05   0.99985
FLUX  727  1222.50        2.452290E+14   2.1996E-05   2.2001E-05   0.99976
FLUX  728  1227.50        2.442301E+14   2.1848E-05   2.1859E-05   0.99948
FLUX  729  1232.50        2.432394E+14   2.1710E-05   2.1719E-05   0.99959
FLUX  730  1237.50        2.422566E+14   2.1574E-05   2.1580E-05   0.99973
FLUX  731  1242.50        2.412817E+14   2.1442E-05   2.1442E-05   0.99998
FLUX  732  1247.50        2.403146E+14   2.1283E-05   2.1306E-05   0.99895
FLUX  733  1252.50        2.393553E+14   2.1166E-05   2.1171E-05   0.99980
FLUX  734  1257.50        2.384036E+14   2.1009E-05   2.1037E-05   0.99867
FLUX  735  1262.50        2.374594E+14   2.0886E-05   2.0904E-05   0.99915
FLUX  736  1267.50        2.365227E+14   2.0719E-05   2.0773E-05   0.99742
FLUX  737  1272.50        2.355933E+14   2.0488E-05   2.0643E-05   0.99249
FLUX  738  1277.50        2.346712E+14   1.9717E-05   2.0514E-05   0.96113
FLUX  739  1282.50        2.337563E+14   1.7080E-05   2.0386E-05   0.83781
FLUX  740  1287.50        2.328485E+14   1.9673E-05   2.0260E-05   0.97101
FLUX  741  1292.50        2.319478E+14   2.0010E-05   2.0135E-05   0.99379
FLUX  742  1297.50        2.310539E+14   1.9974E-05   2.0011E-05   0.99815
FLUX  743  1302.50        2.301670E+14   1.9886E-05   1.9888E-05   0.99991
FLUX  744  1307.50        2.292868E+14   1.9765E-05   1.9766E-05   0.99998
FLUX  745  1312.50        2.284133E+14   1.9644E-05   1.9645E-05   0.99993
FLUX  746  1317.50        2.275465E+14   1.9506E-05   1.9526E-05   0.99899
FLUX  747  1322.50        2.266862E+14   1.9407E-05   1.9407E-05   0.99998
FLUX  748  1327.50        2.258324E+14   1.9289E-05   1.9290E-05   0.99998
FLUX  749  1332.50        2.249850E+14   1.9173E-05   1.9173E-05   0.99999
FLUX  750  1337.50        2.241439E+14   1.9058E-05   1.9058E-05   0.99999
FLUX  751  1342.50        2.233091E+14   1.8943E-05   1.8944E-05   0.99993
FLUX  752  1347.50        2.224805E+14   1.8828E-05   1.8831E-05   0.99986
FLUX  753  1352.50        2.216580E+14   1.8709E-05   1.8719E-05   0.99950
FLUX  754  1357.50        2.208416E+14   1.8602E-05   1.8607E-05   0.99972
FLUX  755  1362.50        2.200312E+14   1.8494E-05   1.8497E-05   0.99980
FLUX  756  1367.50        2.192267E+14   1.8381E-05   1.8388E-05   0.99963
FLUX  757  1372.50        2.184281E+14   1.8264E-05   1.8280E-05   0.99914
FLUX  758  1377.50        2.176352E+14   1.8170E-05   1.8172E-05   0.99986
FLUX  759  1382.50        2.168481E+14   1.8064E-05   1.8066E-05   0.99989
FLUX  760  1387.50        2.160667E+14   1.7961E-05   1.7961E-05   0.99999
FLUX  761  1392.50        2.152908E+14   1.7852E-05   1.7856E-05   0.99979
FLUX  762  1397.50        2.145206E+14   1.7751E-05   1.7752E-05   0.99994
FLUX  763  1402.50        2.137558E+14   1.7649E-05   1.7650E-05   0.99998
FLUX  764  1407.50        2.129964E+14   1.7548E-05   1.7548E-05   0.99999
FLUX  765  1412.50        2.122425E+14   1.7446E-05   1.7447E-05   0.99994
FLUX  766  1417.50        2.114938E+14   1.7346E-05   1.7347E-05   0.99997
FLUX  767  1422.50        2.107504E+14   1.7247E-05   1.7248E-05   0.99997
FLUX  768  1427.50        2.100123E+14   1.7149E-05   1.7149E-05   0.99998
FLUX  769  1432.50        2.092792E+14   1.7051E-05   1.7052E-05   0.99995
FLUX  770  1437.50        2.085513E+14   1.6955E-05   1.6955E-05   0.99999
FLUX  771  1442.50        2.078284E+14   1.6815E-05   1.6859E-05   0.99739
FLUX  772  1447.50        2.071105E+14   1.6764E-05   1.6764E-05   0.99997
FLUX  773  1452.50        2.063976E+14   1.6651E-05   1.6670E-05   0.99885
FLUX  774  1457.00        2.057601E+14   1.6585E-05   1.6586E-05   0.99994
FLUX  775  1462.00        2.050564E+14   1.6519E-05   1.7429E-05   0.94780
FLUX  776  1467.50        2.042879E+14   1.6430E-05   1.7319E-05   0.94869
FLUX  777  1472.50        2.035942E+14   1.6343E-05   1.7220E-05   0.94907
FLUX  778  1477.50        2.029052E+14   1.6245E-05   1.7121E-05   0.94883
FLUX  779  1482.50        2.022209E+14   1.6170E-05   1.7024E-05   0.94985
FLUX  780  1487.50        2.015412E+14   1.6075E-05   1.6927E-05   0.94965
FLUX  781  1492.50        2.008660E+14   1.6006E-05   1.6831E-05   0.95096
FLUX  782  1497.50        2.001953E+14   1.5916E-05   1.6736E-05   0.95102
FLUX  783  1502.50        1.995291E+14   1.5826E-05   1.6642E-05   0.95101
FLUX  784  1507.50        1.988673E+14   1.5742E-05   1.6548E-05   0.95130
FLUX  785  1512.50        1.982099E+14   1.5661E-05   1.6455E-05   0.95170
FLUX  786  1517.50        1.975568E+14   1.5569E-05   1.6363E-05   0.95147
FLUX  787  1522.50        1.969080E+14   1.5487E-05   1.6272E-05   0.95175
FLUX  788  1527.50        1.962635E+14   1.5378E-05   1.6182E-05   0.95031
FLUX  789  1532.50        1.956232E+14   1.5278E-05   1.6092E-05   0.94939
FLUX  790  1537.50        1.949870E+14   1.5230E-05   1.6003E-05   0.95166
FLUX  791  1542.50        1.943549E+14   1.5039E-05   1.5915E-05   0.94493
FLUX  792  1547.50        1.937270E+14   1.5057E-05   1.5828E-05   0.95134
FLUX  793  1552.50        1.931031E+14   1.4961E-05   1.5741E-05   0.95048
FLUX  794  1557.50        1.924831E+14   1.4650E-05   1.5655E-05   0.93579
FLUX  795  1562.50        1.918672E+14   1.4968E-05   1.5569E-05   0.96137
FLUX  796  1567.50        1.912552E+14   1.4578E-05   1.5485E-05   0.94148
FLUX  797  1572.50        1.906471E+14   1.4294E-05   1.5401E-05   0.92818
FLUX  798  1577.50        1.900428E+14   1.4806E-05   1.5317E-05   0.96662
FLUX  799  1582.50        1.894423E+14   1.4684E-05   1.5235E-05   0.96387
FLUX  800  1587.50        1.888457E+14   1.3622E-05   1.5153E-05   0.89897
FLUX  801  1592.50        1.882527E+14   1.4313E-05   1.5071E-05   0.94967
FLUX  802  1597.50        1.876635E+14   1.4636E-05   1.4991E-05   0.97633
FLUX  803  1605.00        1.867866E+14   1.4270E-05   1.4871E-05   0.95958
FLUX  804  1615.00        1.856300E+14   1.3601E-05   1.4713E-05   0.92438
FLUX  805  1625.00        1.844877E+14   1.4386E-05   1.4558E-05   0.98821
FLUX  806  1635.00        1.833593E+14   1.3800E-05   1.4405E-05   0.95800
FLUX  807  1645.00        1.822447E+14   1.3113E-05   1.4255E-05   0.91989
FLUX  808  1655.00        1.811435E+14   1.4015E-05   1.4107E-05   0.99350
FLUX  809  1665.00        1.800556E+14   1.3893E-05   1.3961E-05   0.99515
FLUX  810  1675.00        1.789806E+14   1.3218E-05   1.3817E-05   0.95665
FLUX  811  1685.00        1.779184E+14   1.2546E-05   1.3676E-05   0.91735
FLUX  812  1695.00        1.768687E+14   1.3460E-05   1.3537E-05   0.99432
FLUX  813  1705.00        1.758314E+14   1.3386E-05   1.3400E-05   0.99894
FLUX  814  1715.00        1.748061E+14   1.3244E-05   1.3265E-05   0.99846
FLUX  815  1725.00        1.737928E+14   1.3005E-05   1.3132E-05   0.99037
FLUX  816  1735.00        1.727911E+14   1.1669E-05   1.3001E-05   0.89754
FLUX  817  1745.00        1.718009E+14   1.2586E-05   1.2872E-05   0.97776
FLUX  818  1755.00        1.708219E+14   1.2709E-05   1.2745E-05   0.99724
FLUX  819  1765.00        1.698541E+14   1.2611E-05   1.2619E-05   0.99930
FLUX  820  1775.00        1.688972E+14   1.2491E-05   1.2496E-05   0.99962
FLUX  821  1785.00        1.679510E+14   1.2370E-05   1.2375E-05   0.99960
FLUX  822  1795.00        1.670153E+14   1.2244E-05   1.2255E-05   0.99911
FLUX  823  1805.00        1.660900E+14   1.2034E-05   1.2137E-05   0.99156
FLUX  824  1815.00        1.651749E+14   1.0908E-05   1.2020E-05   0.90746
FLUX  825  1825.00        1.642699E+14   1.1522E-05   1.1906E-05   0.96781
FLUX  826  1835.00        1.633747E+14   1.1749E-05   1.1793E-05   0.99629
FLUX  827  1845.00        1.624892E+14   1.1678E-05   1.1681E-05   0.99974
FLUX  828  1855.00        1.616132E+14   1.1543E-05   1.1571E-05   0.99754
FLUX  829  1865.00        1.607466E+14   1.1340E-05   1.1463E-05   0.98926
FLUX  830  1875.00        1.598893E+14   1.0260E-05   1.1356E-05   0.90346
FLUX  831  1885.00        1.590411E+14   1.1091E-05   1.1251E-05   0.98579
FLUX  832  1895.00        1.582018E+14   1.1121E-05   1.1147E-05   0.99767
FLUX  833  1905.00        1.573714E+14   1.1044E-05   1.1045E-05   0.99991
FLUX  834  1915.00        1.565496E+14   1.0943E-05   1.0944E-05   0.99991
FLUX  835  1925.00        1.557364E+14   1.0822E-05   1.0845E-05   0.99794
FLUX  836  1935.00        1.549315E+14   1.0597E-05   1.0746E-05   0.98608
FLUX  837  1945.00        1.541350E+14   9.5876E-06   1.0650E-05   0.90028
FLUX  838  1955.00        1.533465E+14   1.0404E-05   1.0554E-05   0.98582
FLUX  839  1965.00        1.525662E+14   1.0442E-05   1.0460E-05   0.99829
FLUX  840  1975.00        1.517937E+14   1.0365E-05   1.0367E-05   0.99985
FLUX  841  1985.00        1.510290E+14   1.0275E-05   1.0275E-05   0.99998
FLUX  842  1995.00        1.502719E+14   1.0184E-05   1.0184E-05   0.99998
FLUX  843  2005.00        1.495224E+14   1.0095E-05   1.0095E-05   0.99999
FLUX  844  2015.00        1.487804E+14   1.0007E-05   1.0007E-05   0.99999
FLUX  845  2025.00        1.480457E+14   9.9197E-06   9.9199E-06   0.99998
FLUX  846  2035.00        1.473182E+14   9.8338E-06   9.8340E-06   0.99997
FLUX  847  2045.00        1.465978E+14   9.7492E-06   9.7493E-06   0.99999
FLUX  848  2055.00        1.458844E+14   9.6655E-06   9.6656E-06   0.99999
FLUX  849  2065.00        1.451780E+14   9.5823E-06   9.5830E-06   0.99993
FLUX  850  2075.00        1.444783E+14   9.5013E-06   9.5015E-06   0.99997
FLUX  851  2085.00        1.437854E+14   9.4209E-06   9.4210E-06   0.99999
FLUX  852  2095.00        1.430990E+14   9.3413E-06   9.3416E-06   0.99998
FLUX  853  2105.00        1.424192E+14   9.2625E-06   9.2631E-06   0.99993
FLUX  854  2115.00        1.417459E+14   9.1825E-06   9.1857E-06   0.99966
FLUX  855  2125.00        1.410788E+14   9.1056E-06   9.1092E-06   0.99961
FLUX  856  2135.00        1.404180E+14   9.0301E-06   9.0337E-06   0.99961
FLUX  857  2145.00        1.397634E+14   8.9411E-06   8.9591E-06   0.99799
FLUX  858  2155.00        1.391148E+14   8.7807E-06   8.8854E-06   0.98821
FLUX  859  2165.00        1.384723E+14   7.9979E-06   8.8127E-06   0.90754
FLUX  860  2175.00        1.378356E+14   8.5709E-06   8.7409E-06   0.98056
FLUX  861  2185.00        1.372048E+14   8.6444E-06   8.6699E-06   0.99706
FLUX  862  2195.00        1.365797E+14   8.5996E-06   8.5998E-06   0.99997
FLUX  863  2205.00        1.359603E+14   8.5298E-06   8.5305E-06   0.99992
FLUX  864  2215.00        1.353465E+14   8.4603E-06   8.4621E-06   0.99978
FLUX  865  2225.00        1.347382E+14   8.3944E-06   8.3945E-06   0.99999
FLUX  866  2235.00        1.341353E+14   8.3276E-06   8.3277E-06   0.99999
FLUX  867  2245.00        1.335379E+14   8.2617E-06   8.2617E-06   1.00000
FLUX  868  2255.00        1.329457E+14   8.1958E-06   8.1965E-06   0.99992
FLUX  869  2265.00        1.323587E+14   8.1320E-06   8.1320E-06   0.99999
FLUX  870  2275.00        1.317769E+14   8.0682E-06   8.0684E-06   0.99998
FLUX  871  2285.00        1.312002E+14   8.0113E-06   8.1656E-06   0.98110
FLUX  872  2295.00        1.306285E+14   7.9499E-06   8.1014E-06   0.98129
FLUX  873  2305.00        1.300618E+14   7.8900E-06   8.0380E-06   0.98158
FLUX  874  2315.00        1.295000E+14   7.8303E-06   7.9754E-06   0.98180
FLUX  875  2325.00        1.289430E+14   7.7714E-06   7.9135E-06   0.98204
FLUX  876  2335.00        1.283908E+14   7.7130E-06   7.8523E-06   0.98225
FLUX  877  2345.00        1.278433E+14   7.6553E-06   7.7919E-06   0.98248
FLUX  878  2355.00        1.273004E+14   7.5982E-06   7.7321E-06   0.98268
FLUX  879  2365.00        1.267622E+14   7.5416E-06   7.6730E-06   0.98288
FLUX  880  2375.00        1.262284E+14   7.4855E-06   7.6146E-06   0.98305
FLUX  881  2385.00        1.256992E+14   7.4297E-06   7.5569E-06   0.98317
FLUX  882  2395.00        1.251743E+14   7.3744E-06   7.4998E-06   0.98328
FLUX  883  2405.00        1.246538E+14   7.3186E-06   7.4434E-06   0.98324
FLUX  884  2415.00        1.241377E+14   7.2633E-06   7.3876E-06   0.98318
FLUX  885  2425.00        1.236258E+14   7.2107E-06   7.3324E-06   0.98340
FLUX  886  2435.00        1.231181E+14   7.1554E-06   7.2779E-06   0.98317
FLUX  887  2445.00        1.226145E+14   7.0981E-06   7.2240E-06   0.98258
FLUX  888  2455.00        1.221151E+14   7.0520E-06   7.1706E-06   0.98346
FLUX  889  2465.00        1.216197E+14   6.9902E-06   7.1179E-06   0.98206
FLUX  890  2475.00        1.211283E+14   6.9403E-06   7.0657E-06   0.98225
FLUX  891  2485.00        1.206408E+14   6.9073E-06   7.0141E-06   0.98477
FLUX  892  2495.00        1.201573E+14   6.8005E-06   6.9630E-06   0.97666
FLUX  893  2505.00        1.196776E+14   6.8117E-06   6.9126E-06   0.98540
FLUX  894  2515.00        1.192018E+14   6.7653E-06   6.8626E-06   0.98581
FLUX  895  2525.00        1.187297E+14   6.6156E-06   6.8133E-06   0.97099
FLUX  896  2535.00        1.182613E+14   6.6591E-06   6.7644E-06   0.98443
FLUX  897  2545.00        1.177967E+14   6.6435E-06   6.7161E-06   0.98919
FLUX  898  2555.00        1.173356E+14   6.5597E-06   6.6683E-06   0.98372
FLUX  899  2565.00        1.168782E+14   6.3626E-06   6.6210E-06   0.96098
FLUX  900  2575.00        1.164243E+14   6.4816E-06   6.5742E-06   0.98592
FLUX  901  2585.00        1.159739E+14   6.4693E-06   6.5279E-06   0.99102
FLUX  902  2595.00        1.155270E+14   6.4181E-06   6.4821E-06   0.99013
FLUX  903  2605.00        1.150835E+14   6.2781E-06   6.4368E-06   0.97535
FLUX  904  2615.00        1.146434E+14   6.0275E-06   6.3919E-06   0.94298
FLUX  905  2625.00        1.142067E+14   5.7419E-06   6.3475E-06   0.90459
FLUX  906  2635.00        1.137732E+14   6.1346E-06   6.3036E-06   0.97318
FLUX  907  2645.00        1.133431E+14   6.2042E-06   6.2601E-06   0.99106
FLUX  908  2655.00        1.129162E+14   6.1720E-06   6.2171E-06   0.99274
FLUX  909  2665.00        1.124925E+14   6.0669E-06   6.1746E-06   0.98256
FLUX  910  2675.00        1.120720E+14   5.7150E-06   6.1324E-06   0.93193
FLUX  911  2685.00        1.116546E+14   5.9830E-06   6.0907E-06   0.98232
FLUX  912  2695.00        1.112403E+14   6.0204E-06   6.0495E-06   0.99519
FLUX  913  2705.00        1.108290E+14   5.9931E-06   6.0086E-06   0.99743
FLUX  914  2715.00        1.104208E+14   5.9669E-06   5.9682E-06   0.99980
FLUX  915  2725.00        1.100156E+14   5.9245E-06   5.9281E-06   0.99938
FLUX  916  2735.00        1.096133E+14   5.8700E-06   5.8885E-06   0.99686
FLUX  917  2745.00        1.092140E+14   5.7863E-06   5.8493E-06   0.98924
FLUX  918  2755.00        1.088176E+14   5.4189E-06   5.8104E-06   0.93261
FLUX  919  2765.00        1.084241E+14   5.5623E-06   5.7720E-06   0.96367
FLUX  920  2775.00        1.080333E+14   5.6981E-06   5.7339E-06   0.99376
FLUX  921  2785.00        1.076454E+14   5.6893E-06   5.6962E-06   0.99878
FLUX  922  2795.00        1.072603E+14   5.6588E-06   5.6589E-06   0.99998
FLUX  923  2805.00        1.068779E+14   5.6219E-06   5.6220E-06   0.99999
FLUX  924  2815.00        1.064982E+14   5.5853E-06   5.5854E-06   0.99998
FLUX  925  2825.00        1.061212E+14   5.5490E-06   5.5491E-06   0.99998
FLUX  926  2835.00        1.057469E+14   5.5131E-06   5.5133E-06   0.99998
FLUX  927  2845.00        1.053752E+14   5.4712E-06   5.4777E-06   0.99881
FLUX  928  2855.00        1.050061E+14   5.4124E-06   5.4425E-06   0.99447
FLUX  929  2865.00        1.046396E+14   5.2504E-06   5.4077E-06   0.97092
FLUX  930  2875.00        1.042757E+14   4.9579E-06   5.3731E-06   0.92272
FLUX  931  2885.00        1.039142E+14   5.2662E-06   5.3389E-06   0.98637
FLUX  932  2895.00        1.035553E+14   5.2865E-06   5.3051E-06   0.99650
FLUX  933  2905.00        1.031988E+14   5.2714E-06   5.2715E-06   0.99997
FLUX  934  2915.00        1.028448E+14   5.2373E-06   5.2383E-06   0.99981
FLUX  935  2925.00        1.024932E+14   5.2053E-06   5.2054E-06   0.99997
FLUX  936  2935.00        1.021440E+14   5.1727E-06   5.1728E-06   0.99998
FLUX  937  2945.00        1.017971E+14   5.1404E-06   5.1405E-06   0.99999
FLUX  938  2955.00        1.014526E+14   5.1085E-06   5.1085E-06   1.00000
FLUX  939  2965.00        1.011105E+14   5.0768E-06   5.0768E-06   0.99999
FLUX  940  2975.00        1.007706E+14   5.0454E-06   5.0454E-06   0.99999
FLUX  941  2985.00        1.004330E+14   5.0143E-06   5.0143E-06   0.99999
FLUX  942  2995.00        1.000977E+14   4.9834E-06   4.9835E-06   0.99998
FLUX  943  3005.00        9.976456E+13   4.9524E-06   4.9530E-06   0.99989
FLUX  944  3015.00        9.943367E+13   4.9099E-06   4.9227E-06   0.99740
FLUX  945  3025.00        9.910496E+13   4.8448E-06   4.8927E-06   0.99020
FLUX  946  3035.00        9.877842E+13   4.5502E-06   4.8630E-06   0.93566
FLUX  947  3045.00        9.845402E+13   4.6138E-06   4.8336E-06   0.95453
FLUX  948  3055.00        9.813175E+13   4.7680E-06   4.8044E-06   0.99241
FLUX  949  3065.00        9.781158E+13   4.7670E-06   4.7755E-06   0.99820
FLUX  950  3075.00        9.749350E+13   4.7465E-06   4.7469E-06   0.99991
FLUX  951  3085.00        9.717747E+13   4.7173E-06   4.7185E-06   0.99974
FLUX  952  3095.00        9.686349E+13   4.6901E-06   4.6904E-06   0.99995
FLUX  953  3105.00        9.655153E+13   4.6622E-06   4.6625E-06   0.99994
FLUX  954  3115.00        9.624157E+13   4.6345E-06   4.6349E-06   0.99991
FLUX  955  3125.00        9.593360E+13   4.6071E-06   4.6075E-06   0.99991
FLUX  956  3135.00        9.562759E+13   4.5802E-06   4.5804E-06   0.99997
FLUX  957  3145.00        9.532353E+13   4.5530E-06   4.5535E-06   0.99989
FLUX  958  3155.00        9.502139E+13   4.5267E-06   4.5268E-06   0.99998
FLUX  959  3165.00        9.472117E+13   4.5003E-06   4.5004E-06   0.99999
FLUX  960  3175.00        9.442283E+13   4.4739E-06   4.4742E-06   0.99994
FLUX  961  3185.00        9.412637E+13   4.4482E-06   4.4482E-06   1.00000
FLUX  962  3195.00        9.383177E+13   4.4224E-06   4.4225E-06   0.99998
FLUX  963  3210.00        9.339330E+13   4.3842E-06   4.3843E-06   0.99998
FLUX  964  3230.00        9.281502E+13   4.3341E-06   4.3341E-06   0.99999
FLUX  965  3250.00        9.224385E+13   4.2848E-06   4.2848E-06   0.99998
FLUX  966  3270.00        9.167966E+13   4.2249E-06   4.2364E-06   0.99730
FLUX  967  3290.00        9.112234E+13   3.9734E-06   4.2239E-06   0.94069
FLUX  968  3310.00        9.057175E+13   4.0641E-06   4.1765E-06   0.97310
FLUX  969  3330.00        9.002778E+13   4.0814E-06   4.1298E-06   0.98828
FLUX  970  3350.00        8.949030E+13   4.0411E-06   4.0839E-06   0.98950
FLUX  971  3370.00        8.895920E+13   3.9973E-06   4.0388E-06   0.98972
FLUX  972  3390.00        8.843437E+13   3.9548E-06   3.9945E-06   0.99008
FLUX  973  3410.00        8.791569E+13   3.9125E-06   3.9508E-06   0.99030
FLUX  974  3430.00        8.740306E+13   3.8709E-06   3.9079E-06   0.99053
FLUX  975  3450.00        8.689638E+13   3.8299E-06   3.8657E-06   0.99074
FLUX  976  3470.00        8.639553E+13   3.7893E-06   3.8241E-06   0.99088
FLUX  977  3490.00        8.590043E+13   3.7493E-06   3.7832E-06   0.99103
FLUX  978  3510.00        8.541097E+13   3.7099E-06   3.7430E-06   0.99116
FLUX  979  3530.00        8.492705E+13   3.6712E-06   3.7034E-06   0.99129
FLUX  980  3550.00        8.444859E+13   3.6328E-06   3.6645E-06   0.99135
FLUX  981  3570.00        8.397549E+13   3.5947E-06   3.6261E-06   0.99133
FLUX  982  3590.00        8.350766E+13   3.5586E-06   3.5884E-06   0.99172
FLUX  983  3610.00        8.304501E+13   3.5200E-06   3.5512E-06   0.99123
FLUX  984  3630.00        8.258747E+13   3.4863E-06   3.5146E-06   0.99194
FLUX  985  3650.00        8.213493E+13   3.4467E-06   3.4786E-06   0.99084
FLUX  986  3670.00        8.168733E+13   3.4170E-06   3.4431E-06   0.99243
FLUX  987  3690.00        8.124458E+13   3.3718E-06   3.4082E-06   0.98932
FLUX  988  3710.00        8.080660E+13   3.3425E-06   3.3738E-06   0.99073
FLUX  989  3730.00        8.037332E+13   3.2291E-06   3.3399E-06   0.96683
FLUX  990  3750.00        7.994467E+13   3.1613E-06   3.3065E-06   0.95607
FLUX  991  3770.00        7.952056E+13   3.2455E-06   3.2737E-06   0.99141
FLUX  992  3790.00        7.910092E+13   3.2215E-06   3.2413E-06   0.99390
FLUX  993  3810.00        7.868570E+13   3.1706E-06   3.2094E-06   0.98792
FLUX  994  3830.00        7.827480E+13   3.1429E-06   3.1779E-06   0.98898
FLUX  995  3850.00        7.786818E+13   3.1319E-06   3.1469E-06   0.99523
FLUX  996  3870.00        7.746576E+13   3.1028E-06   3.1164E-06   0.99562
FLUX  997  3890.00        7.706748E+13   3.0628E-06   3.0863E-06   0.99238
FLUX  998  3910.00        7.667327E+13   2.9937E-06   3.0567E-06   0.97938
FLUX  999  3930.00        7.628308E+13   3.0111E-06   3.0275E-06   0.99459
FLUX 1000  3950.00        7.589684E+13   2.9888E-06   2.9987E-06   0.99669
FLUX 1001  3970.00        7.551448E+13   2.9614E-06   2.9703E-06   0.99702
FLUX 1002  3990.00        7.513596E+13   2.9305E-06   2.9423E-06   0.99600
FLUX 1003  4010.00        7.476122E+13   2.8645E-06   2.9147E-06   0.98278
FLUX 1004  4030.00        7.439020E+13   2.8210E-06   2.8875E-06   0.97699
FLUX 1005  4050.00        7.402284E+13   2.7268E-06   2.8606E-06   0.95320
FLUX 1006  4070.00        7.365909E+13   2.8126E-06   2.8342E-06   0.99238
FLUX 1007  4090.00        7.329890E+13   2.8019E-06   2.8081E-06   0.99778
FLUX 1008  4110.00        7.294221E+13   2.7821E-06   2.7824E-06   0.99990
FLUX 1009  4130.00        7.258898E+13   2.7538E-06   2.7570E-06   0.99887
FLUX 1010  4150.00        7.223916E+13   2.7140E-06   2.7319E-06   0.99343
FLUX 1011  4170.00        7.189269E+13   2.6034E-06   2.7072E-06   0.96164
FLUX 1012  4190.00        7.154952E+13   2.6623E-06   2.6829E-06   0.99232
FLUX 1013  4210.00        7.120962E+13   2.6570E-06   2.6588E-06   0.99930
FLUX 1014  4230.00        7.087293E+13   2.6351E-06   2.6351E-06   0.99998
FLUX 1015  4250.00        7.053941E+13   2.6117E-06   2.6117E-06   0.99999
FLUX 1016  4270.00        7.020902E+13   2.5886E-06   2.5886E-06   0.99999
FLUX 1017  4290.00        6.988170E+13   2.5658E-06   2.5659E-06   0.99999
FLUX 1018  4310.00        6.955742E+13   2.5433E-06   2.5434E-06   0.99999
FLUX 1019  4330.00        6.923614E+13   2.5211E-06   2.5212E-06   0.99997
FLUX 1020  4350.00        6.891782E+13   2.4895E-06   2.4993E-06   0.99610
FLUX 1021  4370.00        6.860240E+13   2.3831E-06   2.4777E-06   0.96181
FLUX 1022  4390.00        6.828986E+13   2.4149E-06   2.4563E-06   0.98313
FLUX 1023  4410.00        6.798016E+13   2.4312E-06   2.4353E-06   0.99833
FLUX 1024  4430.00        6.767325E+13   2.4144E-06   2.4145E-06   0.99998
FLUX 1025  4450.00        6.736910E+13   2.3939E-06   2.3940E-06   0.99999
FLUX 1026  4470.00        6.706767E+13   2.3771E-06   2.3833E-06   0.99741
FLUX 1027  4490.00        6.676893E+13   2.3532E-06   2.3631E-06   0.99581
FLUX 1028  4510.00        6.647284E+13   2.3336E-06   2.3433E-06   0.99589
FLUX 1029  4530.00        6.617936E+13   2.3141E-06   2.3236E-06   0.99588
FLUX 1030  4550.00        6.588846E+13   2.2948E-06   2.3043E-06   0.99588
FLUX 1031  4570.00        6.560011E+13   2.2755E-06   2.2851E-06   0.99578
FLUX 1032  4590.00        6.531427E+13   2.2560E-06   2.2662E-06   0.99547
FLUX 1033  4610.00        6.503091E+13   2.2354E-06   2.2476E-06   0.99461
FLUX 1034  4630.00        6.475000E+13   2.2072E-06   2.2291E-06   0.99016
FLUX 1035  4650.00        6.447151E+13   2.0925E-06   2.2109E-06   0.94645
FLUX 1036  4670.00        6.419540E+13   2.0770E-06   2.1929E-06   0.94716
FLUX 1037  4690.00        6.392164E+13   2.1418E-06   2.1752E-06   0.98466
FLUX 1038  4710.00        6.365021E+13   2.1450E-06   2.1576E-06   0.99416
FLUX 1039  4730.00        6.338108E+13   2.1310E-06   2.1403E-06   0.99567
FLUX 1040  4750.00        6.311421E+13   2.1149E-06   2.1231E-06   0.99611
FLUX 1041  4770.00        6.284958E+13   2.0985E-06   2.1062E-06   0.99635
FLUX 1042  4790.00        6.258716E+13   2.0822E-06   2.0895E-06   0.99651
FLUX 1043  4810.00        6.232692E+13   2.0659E-06   2.0729E-06   0.99660
FLUX 1044  4830.00        6.206884E+13   2.0498E-06   2.0566E-06   0.99667
FLUX 1045  4850.00        6.181289E+13   2.0338E-06   2.0405E-06   0.99673
FLUX 1046  4870.00        6.155903E+13   2.0180E-06   2.0245E-06   0.99678
FLUX 1047  4890.00        6.130726E+13   2.0023E-06   2.0087E-06   0.99679
FLUX 1048  4910.00        6.105754E+13   1.9868E-06   1.9932E-06   0.99681
FLUX 1049  4930.00        6.080984E+13   1.9714E-06   1.9778E-06   0.99680
FLUX 1050  4950.00        6.056414E+13   1.9564E-06   1.9625E-06   0.99690
FLUX 1051  4970.00        6.032042E+13   1.9411E-06   1.9475E-06   0.99670
FLUX 1052  4990.00        6.007866E+13   1.9266E-06   1.9326E-06   0.99691
FLUX 1053  5010.00        5.983882E+13   1.9118E-06   1.9179E-06   0.99679
FLUX 1054  5030.00        5.960089E+13   1.8966E-06   1.9034E-06   0.99647
FLUX 1055  5050.00        5.936485E+13   1.8829E-06   1.8890E-06   0.99679
FLUX 1056  5070.00        5.913067E+13   1.8680E-06   1.8748E-06   0.99638
FLUX 1057  5090.00        5.889833E+13   1.8505E-06   1.8607E-06   0.99450
FLUX 1058  5110.00        5.866781E+13   1.8229E-06   1.8468E-06   0.98704
FLUX 1059  5130.00        5.843908E+13   1.7402E-06   1.8331E-06   0.94931
FLUX 1060  5150.00        5.821214E+13   1.8005E-06   1.8195E-06   0.98954
FLUX 1061  5170.00        5.798694E+13   1.7957E-06   1.8061E-06   0.99426
FLUX 1062  5190.00        5.776349E+13   1.7865E-06   1.7928E-06   0.99651
FLUX 1063  5210.00        5.754175E+13   1.7749E-06   1.7796E-06   0.99733
FLUX 1064  5230.00        5.732170E+13   1.7619E-06   1.7666E-06   0.99734
FLUX 1065  5250.00        5.710333E+13   1.7468E-06   1.7538E-06   0.99604
FLUX 1066  5270.00        5.688662E+13   1.7323E-06   1.7411E-06   0.99497
FLUX 1067  5290.00        5.667155E+13   1.7238E-06   1.7285E-06   0.99729
FLUX 1068  5310.00        5.645810E+13   1.7124E-06   1.7160E-06   0.99789
FLUX 1069  5330.00        5.624625E+13   1.7002E-06   1.7037E-06   0.99795
FLUX 1070  5350.00        5.603598E+13   1.6872E-06   1.6915E-06   0.99741
FLUX 1071  5370.00        5.582728E+13   1.6698E-06   1.6795E-06   0.99424
FLUX 1072  5390.00        5.562013E+13   1.6581E-06   1.6676E-06   0.99433
FLUX 1073  5410.00        5.541451E+13   1.6517E-06   1.6558E-06   0.99753
FLUX 1074  5430.00        5.521041E+13   1.6440E-06   1.6441E-06   0.99990
FLUX 1075  5450.00        5.500780E+13   1.6324E-06   1.6326E-06   0.99991
FLUX 1076  5470.00        5.480667E+13   1.6211E-06   1.6211E-06   0.99997
FLUX 1077  5490.00        5.460701E+13   1.6068E-06   1.6098E-06   0.99813
FLUX 1078  5510.00        5.440880E+13   1.5899E-06   1.5986E-06   0.99450
FLUX 1079  5530.00        5.421203E+13   1.5717E-06   1.5876E-06   0.99002
FLUX 1080  5550.00        5.401667E+13   1.5715E-06   1.5766E-06   0.99678
FLUX 1081  5570.00        5.382271E+13   1.5651E-06   1.5658E-06   0.99959
FLUX 1082  5590.00        5.363014E+13   1.5549E-06   1.5550E-06   0.99991
FLUX 1083  5610.00        5.343895E+13   1.5444E-06   1.5444E-06   0.99997
FLUX 1084  5630.00        5.324911E+13   1.5339E-06   1.5339E-06   0.99998
FLUX 1085  5650.00        5.306062E+13   1.5234E-06   1.5235E-06   0.99998
FLUX 1086  5670.00        5.287346E+13   1.5119E-06   1.5132E-06   0.99914
FLUX 1087  5690.00        5.268761E+13   1.4960E-06   1.5030E-06   0.99535
FLUX 1088  5710.00        5.250306E+13   1.4690E-06   1.4929E-06   0.98403
FLUX 1089  5730.00        5.231981E+13   1.4743E-06   1.4829E-06   0.99423
FLUX 1090  5750.00        5.213783E+13   1.4713E-06   1.4730E-06   0.99885
FLUX 1091  5770.00        5.195711E+13   1.4632E-06   1.4632E-06   0.99998
FLUX 1092  5790.00        5.177763E+13   1.4535E-06   1.4535E-06   0.99998
FLUX 1093  5810.00        5.159940E+13   1.4439E-06   1.4439E-06   0.99998
FLUX 1094  5830.00        5.142238E+13   1.4332E-06   1.4344E-06   0.99921
FLUX 1095  5850.00        5.124658E+13   1.4227E-06   1.4280E-06   0.99632
FLUX 1096  5870.00        5.107198E+13   1.4114E-06   1.4186E-06   0.99491
FLUX 1097  5890.00        5.089856E+13   1.3895E-06   1.4094E-06   0.98590
FLUX 1098  5910.00        5.072631E+13   1.3279E-06   1.4002E-06   0.94835
FLUX 1099  5930.00        5.055523E+13   1.3733E-06   1.3911E-06   0.98718
FLUX 1100  5950.00        5.038529E+13   1.3492E-06   1.3821E-06   0.97614
FLUX 1101  5970.00        5.021650E+13   1.3531E-06   1.3732E-06   0.98537
FLUX 1102  5990.00        5.004883E+13   1.3576E-06   1.3644E-06   0.99501
FLUX 1103  6010.00        4.988228E+13   1.3512E-06   1.3557E-06   0.99672
FLUX 1104  6030.00        4.971683E+13   1.3433E-06   1.3470E-06   0.99724
FLUX 1105  6050.00        4.955248E+13   1.3350E-06   1.3384E-06   0.99747
FLUX 1106  6070.00        4.938921E+13   1.3268E-06   1.3299E-06   0.99760
FLUX 1107  6090.00        4.922701E+13   1.3185E-06   1.3215E-06   0.99769
FLUX 1108  6110.00        4.906588E+13   1.3102E-06   1.3132E-06   0.99774
FLUX 1109  6130.00        4.890579E+13   1.3021E-06   1.3050E-06   0.99780
FLUX 1110  6150.00        4.874675E+13   1.2940E-06   1.2968E-06   0.99783
FLUX 1111  6170.00        4.858874E+13   1.2859E-06   1.2887E-06   0.99784
FLUX 1112  6190.00        4.843174E+13   1.2779E-06   1.2807E-06   0.99782
FLUX 1113  6210.00        4.827576E+13   1.2698E-06   1.2727E-06   0.99772
FLUX 1114  6230.00        4.812079E+13   1.2616E-06   1.2648E-06   0.99740
FLUX 1115  6250.00        4.796680E+13   1.2524E-06   1.2570E-06   0.99630
FLUX 1116  6270.00        4.781380E+13   1.2377E-06   1.2493E-06   0.99072
FLUX 1117  6290.00        4.766176E+13   1.1981E-06   1.2416E-06   0.96495
FLUX 1118  6310.00        4.751070E+13   1.2190E-06   1.2341E-06   0.98783
FLUX 1119  6330.00        4.736058E+13   1.2215E-06   1.2265E-06   0.99589
FLUX 1120  6350.00        4.721142E+13   1.2159E-06   1.2191E-06   0.99742
FLUX 1121  6370.00        4.706319E+13   1.2091E-06   1.2117E-06   0.99789
FLUX 1122  6390.00        4.691588E+13   1.2042E-06   1.2044E-06   0.99980
FLUX 1123  6420.00        4.669665E+13   1.1935E-06   1.1935E-06   0.99997
FLUX 1124  6460.00        4.640751E+13   1.1793E-06   1.1793E-06   0.99997
FLUX 1125  6500.00        4.612192E+13   1.1653E-06   1.1653E-06   0.99997
FLUX 1126  6540.00        4.583983E+13   1.1515E-06   1.1516E-06   0.99997
FLUX 1127  6580.00        4.556117E+13   1.1380E-06   1.1381E-06   0.99991
FLUX 1128  6620.00        4.528588E+13   1.1247E-06   1.1248E-06   0.99989
FLUX 1129  6660.00        4.501389E+13   1.1117E-06   1.1118E-06   0.99990
FLUX 1130  6700.00        4.474515E+13   1.0972E-06   1.0990E-06   0.99837
FLUX 1131  6740.00        4.447960E+13   1.0788E-06   1.0864E-06   0.99301
FLUX 1132  6780.00        4.421718E+13   1.0452E-06   1.0740E-06   0.97319
FLUX 1133  6820.00        4.395784E+13   1.0580E-06   1.0618E-06   0.99642
FLUX 1134  6860.00        4.370153E+13   1.0492E-06   1.0499E-06   0.99937
FLUX 1135  6900.00        4.344819E+13   1.0381E-06   1.0381E-06   0.99997
FLUX 1136  6940.00        4.319777E+13   1.0252E-06   1.0266E-06   0.99870
FLUX 1137  6980.00        4.295021E+13   1.0151E-06   1.0152E-06   0.99990
FLUX 1138  7020.00        4.270548E+13   1.0040E-06   1.0040E-06   0.99997
FLUX 1139  7060.00        4.246353E+13   9.9279E-07   9.9300E-07   0.99979
FLUX 1140  7100.00        4.222430E+13   9.8028E-07   9.8218E-07   0.99806
FLUX 1141  7140.00        4.198775E+13   9.7145E-07   9.7154E-07   0.99991
FLUX 1142  7180.00        4.175383E+13   9.6104E-07   9.6107E-07   0.99997
FLUX 1143  7220.00        4.152251E+13   9.5067E-07   9.5076E-07   0.99990
FLUX 1144  7260.00        4.129373E+13   9.3804E-07   9.4062E-07   0.99725
FLUX 1145  7300.00        4.106747E+13   9.2951E-07   9.3064E-07   0.99878
FLUX 1146  7340.00        4.084366E+13   9.2080E-07   9.2082E-07   0.99997
FLUX 1147  7380.00        4.062229E+13   9.0997E-07   9.1116E-07   0.99870
FLUX 1148  7420.00        4.040330E+13   8.9699E-07   9.0167E-07   0.99481
FLUX 1149  7460.00        4.018666E+13   8.6234E-07   8.9233E-07   0.96639
FLUX 1150  7500.00        3.997233E+13   8.4398E-07   8.8313E-07   0.95567
FLUX 1151  7540.00        3.976028E+13   8.6559E-07   8.7408E-07   0.99030
FLUX 1152  7580.00        3.955046E+13   8.6248E-07   8.6516E-07   0.99690
FLUX 1153  7620.00        3.934285E+13   8.5452E-07   8.5638E-07   0.99783
FLUX 1154  7660.00        3.913740E+13   8.4764E-07   8.4772E-07   0.99990
FLUX 1155  7700.00        3.893409E+13   8.3887E-07   8.3920E-07   0.99960
FLUX 1156  7740.00        3.873288E+13   8.2852E-07   8.3081E-07   0.99724
FLUX 1157  7780.00        3.853374E+13   8.1640E-07   8.2254E-07   0.99253
FLUX 1158  7820.00        3.833664E+13   8.1217E-07   8.1440E-07   0.99726
FLUX 1159  7860.00        3.814154E+13   8.0634E-07   8.0637E-07   0.99997
FLUX 1160  7900.00        3.794842E+13   7.9844E-07   7.9846E-07   0.99997
FLUX 1161  7940.00        3.775724E+13   7.9065E-07   7.9067E-07   0.99998
FLUX 1162  7980.00        3.756798E+13   7.8297E-07   7.8299E-07   0.99998
FLUX 1163  8020.00        3.738061E+13   7.7540E-07   7.7542E-07   0.99998
FLUX 1164  8060.00        3.719510E+13   7.6794E-07   7.6796E-07   0.99997
FLUX 1165  8100.00        3.701142E+13   7.5953E-07   7.6060E-07   0.99858
FLUX 1166  8140.00        3.682955E+13   7.4635E-07   7.5336E-07   0.99069
FLUX 1167  8180.00        3.664945E+13   7.4202E-07   7.4621E-07   0.99438
FLUX 1168  8220.00        3.647111E+13   7.3870E-07   7.3917E-07   0.99937
FLUX 1169  8260.00        3.629449E+13   7.3220E-07   7.3222E-07   0.99998
FLUX 1170  8300.00        3.611958E+13   7.2536E-07   7.2537E-07   0.99998
FLUX 1171  8340.00        3.594634E+13   7.1860E-07   7.1862E-07   0.99997
FLUX 1172  8380.00        3.577476E+13   7.1194E-07   7.1196E-07   0.99997
FLUX 1173  8420.00        3.560481E+13   7.0537E-07   7.0539E-07   0.99997
FLUX 1174  8460.00        3.543647E+13   6.9890E-07   6.9891E-07   0.99998
FLUX 1175  8500.00        3.526971E+13   6.9251E-07   6.9252E-07   0.99998
FLUX 1176  8540.00        3.510451E+13   6.8621E-07   6.8622E-07   0.99998
FLUX 1177  8580.00        3.494085E+13   6.7998E-07   6.8001E-07   0.99997
FLUX 1178  8620.00        3.477871E+13   6.7173E-07   6.7387E-07   0.99682
FLUX 1179  8660.00        3.461807E+13   6.5651E-07   6.6782E-07   0.98307
FLUX 1180  8700.00        3.445891E+13   6.5817E-07   6.6185E-07   0.99444
FLUX 1181  8740.00        3.430120E+13   6.4308E-07   6.5596E-07   0.98036
FLUX 1182  8780.00        3.414493E+13   6.3748E-07   6.5015E-07   0.98052
FLUX 1183  8820.00        3.399008E+13   6.4327E-07   6.4441E-07   0.99823
FLUX 1184  8860.00        3.383663E+13   6.3873E-07   6.3875E-07   0.99997
FLUX 1185  8900.00        3.368455E+13   6.3315E-07   6.3316E-07   0.99998
FLUX 1186  8940.00        3.353384E+13   6.2764E-07   6.2765E-07   0.99998
FLUX 1187  8980.00        3.338447E+13   6.2220E-07   6.2221E-07   0.99998
FLUX 1188  9020.00        3.323642E+13   6.1682E-07   6.1683E-07   0.99998
FLUX 1189  9060.00        3.308968E+13   6.1151E-07   6.1153E-07   0.99998
FLUX 1190  9100.00        3.294423E+13   6.0628E-07   6.0629E-07   0.99998
FLUX 1191  9140.00        3.280005E+13   6.0111E-07   6.0112E-07   0.99998
FLUX 1192  9180.00        3.265714E+13   5.9600E-07   5.9602E-07   0.99997
FLUX 1193  9220.00        3.251546E+13   5.9096E-07   5.9098E-07   0.99997
FLUX 1194  9260.00        3.237500E+13   5.8485E-07   5.8600E-07   0.99803
FLUX 1195  9300.00        3.223575E+13   5.8047E-07   5.8109E-07   0.99893
FLUX 1196  9340.00        3.209770E+13   5.7431E-07   5.7624E-07   0.99666
FLUX 1197  9380.00        3.196082E+13   5.5912E-07   5.7145E-07   0.97843
FLUX 1198  9420.00        3.182511E+13   5.6160E-07   5.6671E-07   0.99098
FLUX 1199  9460.00        3.169054E+13   5.6069E-07   5.6204E-07   0.99760
FLUX 1200  9500.00        3.155711E+13   5.5637E-07   5.5742E-07   0.99811
FLUX 1201  9540.00        3.142479E+13   5.5194E-07   5.5286E-07   0.99834
FLUX 1202  9580.00        3.129358E+13   5.4834E-07   5.4836E-07   0.99997
FLUX 1203  9620.00        3.116346E+13   5.4389E-07   5.4391E-07   0.99998
FLUX 1204  9660.00        3.103442E+13   5.3950E-07   5.3951E-07   0.99998
FLUX 1205  9700.00        3.090644E+13   5.3516E-07   5.3517E-07   0.99998
FLUX 1206  9740.00        3.077952E+13   5.3086E-07   5.3088E-07   0.99998
FLUX 1207  9780.00        3.065363E+13   5.2662E-07   5.2663E-07   0.99998
FLUX 1208  9820.00        3.052877E+13   5.2170E-07   5.2245E-07   0.99858
FLUX 1209  9860.00        3.040492E+13   5.1699E-07   5.1831E-07   0.99746
FLUX 1210  9900.00        3.028207E+13   5.1420E-07   5.1421E-07   0.99997
FLUX 1211  9940.00        3.016021E+13   5.1016E-07   5.1017E-07   0.99998
FLUX 1212  9980.00        3.003933E+13   5.0617E-07   5.0618E-07   0.99998
FLUX 1213 10020.00        2.991941E+13   5.0222E-07   5.0223E-07   0.99998
FLUX 1214 20000.00        1.498963E+13   1.2802E-07   1.2802E-07   1.00000
FLUX 1215 40000.00        7.494813E+12   3.1863E-08   3.1863E-08   1.00000
FLUX 1216 60000.00        4.996542E+12   1.4049E-08   1.4049E-08   1.00000
FLUX 1217 80000.00        3.747406E+12   7.8445E-09   7.8445E-09   1.00000
FLUX 1218100000.00        2.997925E+12   4.9878E-09   4.9878E-09   1.00000
FLUX 1219120000.00        2.498271E+12   3.4437E-09   3.4437E-09   1.00000
FLUX 1220140000.00        2.141375E+12   2.5170E-09   2.5170E-09   1.00000
FLUX 1221160000.00        1.873703E+12   1.9182E-09   1.9182E-09   1.00000
FLUX
