TEFF   6000.  GRAVITY 4.00000 LTE 
TITLE  [-0.5] VTURB=2  L/H=1.25 NOVER NEW ODF                                   
FLUX    1     9.09        3.298047E+16   2.5000E-39   2.5000E-39   1.00000
FLUX    2     9.35        3.206337E+16   2.5000E-39   2.5000E-39   1.00000
FLUX    3     9.61        3.119589E+16   2.5000E-39   2.5000E-39   1.00000
FLUX    4     9.77        3.068500E+16   2.5000E-39   2.5000E-39   1.00000
FLUX    5     9.96        3.009965E+16   2.5000E-39   2.5000E-39   1.00000
FLUX    6    10.20        2.939142E+16   5.0895-153   5.0896-153   0.99998
FLUX    7    10.38        2.888174E+16   2.0908-150   2.0909-150   0.99998
FLUX    8    10.56        2.838944E+16   6.9835-148   6.9836-148   0.99998
FLUX    9    10.77        2.783589E+16   4.7933-145   4.7934-145   0.99998
FLUX   10    11.04        2.715512E+16   1.4720-141   1.4721-141   0.99998
FLUX   11    11.40        2.629759E+16   3.6137-137   3.6137-137   0.99998
FLUX   12    11.78        2.544928E+16   7.9130-133   7.9131-133   0.99998
FLUX   13    12.13        2.471496E+16   4.4982-129   4.4982-129   0.99998
FLUX   14    12.48        2.402184E+16   1.5655-125   1.5655-125   0.99998
FLUX   15    12.71        2.358714E+16   2.5990-123   2.5990-123   0.99998
FLUX   16    12.84        2.334833E+16   4.3075-122   4.3076-122   0.99998
FLUX   17    13.05        2.297260E+16   3.5661-120   3.5661-120   0.99998
FLUX   18    13.24        2.264294E+16   1.7151-118   1.7151-118   0.99998
FLUX   19    13.39        2.238928E+16   3.3749-117   3.3750-117   0.99998
FLUX   20    13.66        2.194674E+16   6.0952-115   6.0953-115   0.99998
FLUX   21    13.98        2.144439E+16   2.2160-112   2.2161-112   0.99998
FLUX   22    14.33        2.092062E+16   1.0307-109   1.0308-109   0.99998
FLUX   23    14.72        2.036634E+16   6.8309-107   6.8310-107   0.99998
FLUX   24    15.10        1.985381E+16   2.7648-104   2.7649-104   0.99998
FLUX   25    15.52        1.931653E+16   1.4891-101   1.4891-101   0.99998
FLUX   26    15.88        1.887862E+16   2.4948E-99   2.4948E-99   0.99998
FLUX   27    16.20        1.850571E+16   1.9498E-97   1.9498E-97   0.99998
FLUX   28    16.60        1.805979E+16   3.5662E-95   3.5663E-95   0.99998
FLUX   29    17.03        1.760379E+16   7.3102E-93   7.3103E-93   0.99998
FLUX   30    17.34        1.728907E+16   2.8720E-91   2.8721E-91   0.99998
FLUX   31    17.68        1.695659E+16   1.3853E-89   1.3853E-89   0.99998
FLUX   32    18.02        1.663665E+16   5.7602E-88   5.7603E-88   0.99998
FLUX   33    18.17        1.649931E+16   2.8515E-87   2.8515E-87   0.99998
FLUX   34    18.61        1.610921E+16   2.6753E-85   2.6753E-85   0.99998
FLUX   35    19.10        1.569594E+16   3.2730E-83   3.2730E-83   0.99998
FLUX   36    19.39        1.546119E+16   5.0011E-82   5.0012E-82   0.99998
FLUX   37    19.84        1.511051E+16   2.9311E-80   2.9311E-80   0.99998
FLUX   38    20.18        1.485592E+16   5.6292E-79   5.6293E-79   0.99998
FLUX   39    20.50        1.462402E+16   8.3065E-78   8.3066E-78   0.99998
FLUX   40    21.05        1.424192E+16   6.9547E-76   6.9548E-76   0.99998
FLUX   41    21.62        1.386644E+16   5.3726E-74   5.3727E-74   0.99998
FLUX   42    21.98        1.363933E+16   7.4342E-73   7.4344E-73   0.99998
FLUX   43    22.30        1.344361E+16   7.1311E-72   7.1313E-72   0.99998
FLUX   44    22.68        1.321836E+16   9.6172E-71   9.6173E-71   0.99998
FLUX   45    23.00        1.303446E+16   8.0448E-70   8.0449E-70   0.99998
FLUX   46    23.40        1.281165E+16   1.0505E-68   1.0505E-68   0.99998
FLUX   47    24.00        1.249135E+16   4.2095E-67   4.2095E-67   0.99998
FLUX   48    24.65        1.216197E+16   1.8669E-65   1.8669E-65   0.99998
FLUX   49    25.24        1.187767E+16   4.9108E-64   4.9109E-64   0.99998
FLUX   50    25.68        1.167416E+16   5.0912E-63   5.0913E-63   0.99998
FLUX   51    26.00        1.153048E+16   2.6512E-62   2.6512E-62   0.99998
FLUX   52    26.40        1.135578E+16   1.9690E-61   1.9690E-61   0.99998
FLUX   53    26.85        1.116546E+16   1.7441E-60   1.7441E-60   0.99998
FLUX   54    27.35        1.096133E+16   1.8054E-59   1.8055E-59   0.99998
FLUX   55    27.85        1.076454E+16   1.7177E-58   1.7177E-58   0.99998
FLUX   56    28.40        1.055607E+16   1.8622E-57   1.8622E-57   0.99998
FLUX   57    29.00        1.033767E+16   2.2549E-56   2.2549E-56   0.99998
FLUX   58    29.60        1.012812E+16   2.4576E-55   2.4576E-55   0.99998
FLUX   59    30.10        9.959883E+15   1.6720E-54   1.6721E-54   0.99992
FLUX   60    30.80        9.733523E+15   2.1992E-53   2.1992E-53   0.99998
FLUX   61    31.80        9.427437E+15   7.1260E-52   7.1261E-52   0.99998
FLUX   62    32.80        9.140015E+15   1.8567E-50   1.8567E-50   0.99998
FLUX   63    33.80        8.869601E+15   3.9627E-49   3.9628E-49   0.99998
FLUX   64    34.80        8.614727E+15   7.0591E-48   7.0592E-48   0.99998
FLUX   65    35.70        8.397549E+15   8.1690E-47   8.1691E-47   0.99998
FLUX   66    36.60        8.191052E+15   8.3617E-46   8.3619E-46   0.99998
FLUX   67    37.50        7.994467E+15   7.6188E-45   7.6189E-45   0.99998
FLUX   68    38.50        7.786818E+15   7.8299E-44   7.8300E-44   0.99998
FLUX   69    39.50        7.589683E+15   7.1168E-43   7.1169E-43   0.99998
FLUX   70    40.50        7.402284E+15   5.7788E-42   5.7789E-42   0.99998
FLUX   71    41.40        7.241364E+15   3.4805E-41   3.4805E-41   0.99998
FLUX   72    42.20        7.104087E+15   1.6055E-40   1.6055E-40   0.99998
FLUX   73    43.00        6.971919E+15   6.9811E-40   6.9812E-40   0.99998
FLUX   74    44.10        6.798016E+15   4.8120E-39   4.8121E-39   0.99998
FLUX   75    45.10        6.647284E+15   2.5547E-38   2.5548E-38   0.99998
FLUX   76    46.00        6.517228E+15   1.0761E-37   1.0761E-37   0.99998
FLUX   77    47.00        6.378564E+15   4.9736E-37   4.9736E-37   0.99998
FLUX   78    48.00        6.245677E+15   2.1496E-36   2.1496E-36   0.99998
FLUX   79    49.00        6.118214E+15   8.7329E-36   8.7331E-36   0.99998
FLUX   80    50.00        5.995850E+15   3.3427E-35   3.3428E-35   0.99998
FLUX   81    50.60        5.924753E+15   9.6784E-35   1.1051E-34   0.87581
FLUX   82    51.20        5.855322E+15   2.3228E-34   2.3522E-34   0.98752
FLUX   83    52.00        5.765240E+15   6.1971E-34   6.2591E-34   0.99010
FLUX   84    53.00        5.656462E+15   2.0361E-33   2.0361E-33   0.99998
FLUX   85    54.00        5.551713E+15   6.2895E-33   6.3261E-33   0.99422
FLUX   86    55.00        5.450773E+15   1.8829E-32   1.8829E-32   0.99998
FLUX   87    56.00        5.353437E+15   5.3785E-32   5.3786E-32   0.99998
FLUX   88    57.00        5.259517E+15   1.4777E-31   1.4777E-31   0.99998
FLUX   89    58.00        5.168836E+15   3.8698E-31   3.9130E-31   0.98895
FLUX   90    59.00        5.081229E+15   1.0003E-30   1.0005E-30   0.99986
FLUX   91    60.00        4.996542E+15   2.4739E-30   2.4744E-30   0.99982
FLUX   92    61.00        4.914631E+15   5.9295E-30   5.9296E-30   0.99998
FLUX   93    62.00        4.835363E+15   1.3789E-29   1.3790E-29   0.99991
FLUX   94    63.00        4.758611E+15   3.1167E-29   3.1169E-29   0.99993
FLUX   95    64.00        4.684258E+15   6.8597E-29   6.8599E-29   0.99998
FLUX   96    65.00        4.612192E+15   1.4713E-28   1.4713E-28   0.99998
FLUX   97    65.80        4.556117E+15   2.6610E-28   2.6611E-28   0.99997
FLUX   98    66.50        4.508158E+15   4.4121E-28   4.4139E-28   0.99960
FLUX   99    67.50        4.441370E+15   8.9163E-28   8.9187E-28   0.99973
FLUX  100    68.50        4.376533E+15   1.7629E-27   1.7629E-27   0.99997
FLUX  101    69.50        4.313561E+15   3.4121E-27   3.4122E-27   0.99998
FLUX  102    70.50        4.252376E+15   6.4645E-27   6.4729E-27   0.99870
FLUX  103    71.60        4.187046E+15   1.2803E-26   1.2803E-26   0.99993
FLUX  104    72.60        4.129373E+15   2.3347E-26   2.3348E-26   0.99998
FLUX  105    73.50        4.078809E+15   3.9501E-26   3.9504E-26   0.99992
FLUX  106    74.50        4.024060E+15   6.9731E-26   6.9747E-26   0.99977
FLUX  107    75.50        3.970762E+15   1.2111E-25   1.2116E-25   0.99966
FLUX  108    76.50        3.918856E+15   2.0718E-25   2.0720E-25   0.99989
FLUX  109    77.50        3.868290E+15   3.4899E-25   3.4908E-25   0.99973
FLUX  110    78.50        3.819013E+15   5.7971E-25   5.7972E-25   0.99998
FLUX  111    79.50        3.770975E+15   9.4548E-25   9.4951E-25   0.99576
FLUX  112    80.50        3.724130E+15   1.5326E-24   1.5346E-24   0.99870
FLUX  113    81.50        3.678436E+15   2.4483E-24   2.4487E-24   0.99981
FLUX  114    82.50        3.633848E+15   3.8596E-24   3.8600E-24   0.99990
FLUX  115    83.50        3.590329E+15   6.0135E-24   6.0139E-24   0.99993
FLUX  116    84.50        3.547840E+15   9.2626E-24   9.2632E-24   0.99993
FLUX  117    85.50        3.506345E+15   1.4112E-23   1.4112E-23   0.99998
FLUX  118    86.50        3.465809E+15   2.1270E-23   2.1271E-23   0.99997
FLUX  119    87.50        3.426200E+15   3.1711E-23   3.1734E-23   0.99930
FLUX  120    88.50        3.387486E+15   4.6878E-23   4.6882E-23   0.99992
FLUX  121    89.50        3.349637E+15   6.8601E-23   6.8602E-23   0.99997
FLUX  122    90.50        3.312624E+15   9.9450E-23   9.9463E-23   0.99986
FLUX  123    91.50        3.276421E+15   3.8842E-19   9.9841E-19   0.38904
FLUX  124    92.50        3.241000E+15   1.3756E-18   1.4793E-18   0.92992
FLUX  125    93.50        3.206337E+15   2.0080E-18   2.1698E-18   0.92541
FLUX  126    94.50        3.172407E+15   2.9271E-18   3.1547E-18   0.92787
FLUX  127    95.50        3.139188E+15   4.3892E-18   4.5503E-18   0.96458
FLUX  128    96.50        3.106658E+15   6.2900E-18   6.5023E-18   0.96734
FLUX  129    97.50        3.074795E+15   8.8843E-18   9.2087E-18   0.96478
FLUX  130    98.50        3.043579E+15   1.2566E-17   1.3015E-17   0.96551
FLUX  131    99.50        3.012990E+15   1.7558E-17   1.8201E-17   0.96464
FLUX  132   100.50        2.983010E+15   2.4938E-17   2.5269E-17   0.98689
FLUX  133   101.50        2.953621E+15   3.4345E-17   3.4802E-17   0.98688
FLUX  134   102.50        2.924805E+15   4.6271E-17   4.7841E-17   0.96718
FLUX  135   103.50        2.896546E+15   6.4471E-17   6.5147E-17   0.98962
FLUX  136   104.50        2.868828E+15   8.7535E-17   8.8272E-17   0.99164
FLUX  137   105.50        2.841635E+15   1.1766E-16   1.1889E-16   0.98967
FLUX  138   106.50        2.814953E+15   1.5756E-16   1.5922E-16   0.98959
FLUX  139   107.50        2.788767E+15   2.1029E-16   2.1207E-16   0.99165
FLUX  140   108.50        2.763064E+15   2.7904E-16   2.8092E-16   0.99332
FLUX  141   109.50        2.737831E+15   3.6679E-16   3.7010E-16   0.99107
FLUX  142   110.50        2.713054E+15   9.2259E-16   5.6945E-15   0.16201
FLUX  143   111.50        2.688722E+15   2.8572E-15   7.7457E-15   0.36887
FLUX  144   112.50        2.664822E+15   4.4348E-15   1.0210E-14   0.43436
FLUX  145   113.50        2.641344E+15   6.9958E-15   1.3060E-14   0.53568
FLUX  146   114.50        2.618275E+15   9.2723E-15   1.6245E-14   0.57079
FLUX  147   115.50        2.595606E+15   1.0739E-14   1.9623E-14   0.54726
FLUX  148   116.50        2.573326E+15   1.4183E-14   2.2884E-14   0.61975
FLUX  149   117.50        2.551426E+15   1.7640E-14   2.5421E-14   0.69393
FLUX  150   118.50        2.529894E+15   1.9247E-14   4.1576E-14   0.46293
FLUX  151   119.50        2.508724E+15   1.1029E-14   5.0340E-14   0.21910
FLUX  152   120.50        2.487905E+15   9.0100E-15   6.0613E-14   0.14865
FLUX  153   121.50        2.467428E+15   5.3470E-15   7.2642E-14   0.07361
FLUX  154   122.50        2.447286E+15   1.2441E-14   8.7496E-14   0.14219
FLUX  155   123.50        2.427470E+15   3.1337E-14   1.0407E-13   0.30112
FLUX  156   124.50        2.407972E+15   6.3853E-14   8.9664E-14   0.71214
FLUX  157   125.50        2.388785E+15   1.0157E-13   1.3922E-13   0.72954
FLUX  158   126.50        2.369901E+15   1.1866E-13   1.9085E-13   0.62175
FLUX  159   127.50        2.351314E+15   1.6230E-13   2.4092E-13   0.67364
FLUX  160   128.50        2.333016E+15   2.1687E-13   2.9844E-13   0.72668
FLUX  161   129.50        2.315000E+15   2.6876E-13   3.5987E-13   0.74682
FLUX  162   130.50        2.297261E+15   3.0042E-13   4.3005E-13   0.69857
FLUX  163   131.50        2.279791E+15   3.8705E-13   5.0839E-13   0.76132
FLUX  164   132.50        2.262585E+15   4.5084E-13   5.9735E-13   0.75473
FLUX  165   133.50        2.245637E+15   5.1865E-13   6.9767E-13   0.74339
FLUX  166   134.50        2.228940E+15   6.1659E-13   8.1114E-13   0.76015
FLUX  167   135.50        2.212491E+15   7.0693E-13   9.4276E-13   0.74985
FLUX  168   136.50        2.196282E+15   8.1419E-13   1.0984E-12   0.74127
FLUX  169   137.50        2.180309E+15   9.1037E-13   1.2752E-12   0.71388
FLUX  170   138.50        2.164567E+15   1.0221E-12   1.4761E-12   0.69244
FLUX  171   139.50        2.149050E+15   1.1717E-12   1.7035E-12   0.68781
FLUX  172   140.50        2.133754E+15   1.3930E-12   1.9608E-12   0.71044
FLUX  173   141.50        2.118675E+15   1.5819E-12   2.2511E-12   0.70273
FLUX  174   142.50        2.103807E+15   1.7779E-12   2.5787E-12   0.68945
FLUX  175   143.50        2.089146E+15   2.0451E-12   2.9468E-12   0.69401
FLUX  176   144.20        2.079005E+15   2.4912E-12   3.2313E-12   0.77096
FLUX  177   144.70        2.071821E+15   2.3872E-12   3.4539E-12   0.69116
FLUX  178   145.50        2.060430E+15   2.7830E-12   3.8291E-12   0.72681
FLUX  179   146.50        2.046365E+15   3.2300E-12   4.3482E-12   0.74284
FLUX  180   147.50        2.032492E+15   3.3735E-12   4.9278E-12   0.68459
FLUX  181   148.50        2.018805E+15   3.9271E-12   5.5737E-12   0.70458
FLUX  182   149.50        2.005301E+15   4.9864E-12   6.2925E-12   0.79244
FLUX  183   150.50        1.991977E+15   5.9047E-12   7.0908E-12   0.83272
FLUX  184   151.20        1.982755E+15   5.3466E-12   7.7011E-12   0.69427
FLUX  185   151.70        1.976220E+15   6.5556E-12   9.9376E-12   0.65967
FLUX  186   152.50        1.965852E+15   9.2487E-12   2.5213E-11   0.36682
FLUX  187   153.50        1.953046E+15   2.0788E-11   6.5957E-11   0.31518
FLUX  188   154.50        1.940405E+15   2.1093E-11   7.3956E-11   0.28521
FLUX  189   155.50        1.927926E+15   2.8341E-11   8.2738E-11   0.34254
FLUX  190   156.50        1.915607E+15   2.7833E-11   9.2426E-11   0.30113
FLUX  191   157.50        1.903444E+15   4.1034E-11   1.1058E-10   0.37109
FLUX  192   158.50        1.891435E+15   4.8295E-11   1.2334E-10   0.39157
FLUX  193   159.50        1.879577E+15   5.5548E-11   1.3736E-10   0.40440
FLUX  194   160.50        1.867866E+15   6.1122E-11   1.5262E-10   0.40050
FLUX  195   161.50        1.856300E+15   7.1571E-11   1.6908E-10   0.42330
FLUX  196   162.50        1.844877E+15   8.1555E-11   1.9072E-10   0.42763
FLUX  197   163.50        1.833593E+15   1.0123E-10   2.1064E-10   0.48058
FLUX  198   164.50        1.822447E+15   1.3686E-10   2.3216E-10   0.58951
FLUX  199   165.50        1.811435E+15   9.5233E-11   2.5547E-10   0.37278
FLUX  200   166.50        1.800556E+15   1.6429E-10   2.8072E-10   0.58524
FLUX  201   167.20        1.793017E+15   1.2470E-10   2.9958E-10   0.41624
FLUX  202   167.70        1.787671E+15   1.7620E-10   5.4285E-10   0.32459
FLUX  203   168.50        1.779184E+15   2.6537E-10   1.1343E-08   0.02340
FLUX  204   169.50        1.768687E+15   3.7105E-10   1.2722E-08   0.02917
FLUX  205   170.50        1.758314E+15   5.1546E-10   1.4295E-08   0.03606
FLUX  206   171.50        1.748061E+15   8.6968E-10   2.7073E-08   0.03212
FLUX  207   172.50        1.737928E+15   1.3254E-09   2.9847E-08   0.04441
FLUX  208   173.50        1.727911E+15   2.1773E-09   3.2193E-08   0.06763
FLUX  209   174.50        1.718009E+15   2.7969E-09   3.4847E-08   0.08026
FLUX  210   175.50        1.708219E+15   4.8135E-09   3.7034E-08   0.12998
FLUX  211   176.50        1.698541E+15   3.1928E-09   3.9145E-08   0.08156
FLUX  212   177.50        1.688972E+15   4.7320E-09   4.1200E-08   0.11486
FLUX  213   178.50        1.679510E+15   6.5363E-09   4.3148E-08   0.15149
FLUX  214   179.50        1.670153E+15   1.0058E-08   4.5035E-08   0.22333
FLUX  215   180.50        1.660900E+15   7.3664E-09   4.6950E-08   0.15690
FLUX  216   181.50        1.651749E+15   6.6026E-09   4.8767E-08   0.13539
FLUX  217   182.50        1.642699E+15   7.4759E-09   5.0567E-08   0.14784
FLUX  218   183.50        1.633747E+15   9.0787E-09   5.2197E-08   0.17393
FLUX  219   184.50        1.624892E+15   4.5287E-09   5.3787E-08   0.08420
FLUX  220   185.50        1.616132E+15   9.9828E-09   5.5412E-08   0.18016
FLUX  221   186.50        1.607466E+15   1.5191E-08   5.6729E-08   0.26777
FLUX  222   187.50        1.598893E+15   1.5116E-08   6.2753E-08   0.24087
FLUX  223   188.50        1.590411E+15   1.6553E-08   6.3673E-08   0.25997
FLUX  224   189.50        1.582018E+15   2.0630E-08   6.4387E-08   0.32041
FLUX  225   190.50        1.573714E+15   1.8571E-08   6.4908E-08   0.28612
FLUX  226   191.50        1.565496E+15   2.1490E-08   6.5398E-08   0.32861
FLUX  227   192.50        1.557364E+15   1.6481E-08   6.5779E-08   0.25054
FLUX  228   193.50        1.549315E+15   6.4990E-09   6.6015E-08   0.09845
FLUX  229   194.50        1.541350E+15   2.5257E-08   6.6494E-08   0.37983
FLUX  230   195.50        1.533465E+15   2.7596E-08   6.6999E-08   0.41188
FLUX  231   196.70        1.524110E+15   3.5721E-08   6.7490E-08   0.52927
FLUX  232   197.60        1.517168E+15   3.1713E-08   7.8457E-08   0.40421
FLUX  233   198.40        1.511051E+15   3.0627E-08   7.9643E-08   0.38456
FLUX  234   199.50        1.502719E+15   3.5907E-08   8.7055E-08   0.41247
FLUX  235   200.50        1.495224E+15   3.4493E-08   8.9557E-08   0.38515
FLUX  236   201.50        1.487804E+15   3.8525E-08   9.2768E-08   0.41529
FLUX  237   202.50        1.480457E+15   2.9178E-08   9.5839E-08   0.30445
FLUX  238   203.50        1.473182E+15   4.7389E-08   9.9028E-08   0.47854
FLUX  239   204.50        1.465978E+15   5.6320E-08   1.0283E-07   0.54769
FLUX  240   205.50        1.458844E+15   5.1704E-08   1.0629E-07   0.48642
FLUX  241   206.50        1.451780E+15   5.0187E-08   1.0944E-07   0.45859
FLUX  242   207.40        1.445480E+15   5.6844E-08   1.1211E-07   0.50704
FLUX  243   207.80        1.442697E+15   8.8065E-08   3.3918E-07   0.25964
FLUX  244   208.50        1.437854E+15   8.4026E-08   3.4942E-07   0.24047
FLUX  245   209.50        1.430990E+15   1.0028E-07   3.6360E-07   0.27579
FLUX  246   210.50        1.424192E+15   1.2589E-07   3.7661E-07   0.33428
FLUX  247   211.50        1.417459E+15   1.5596E-07   3.8815E-07   0.40181
FLUX  248   212.50        1.410788E+15   1.3142E-07   3.9961E-07   0.32886
FLUX  249   213.50        1.404180E+15   1.2291E-07   4.1104E-07   0.29902
FLUX  250   214.50        1.397634E+15   1.7123E-07   4.2169E-07   0.40606
FLUX  251   215.50        1.391148E+15   1.7522E-07   4.3215E-07   0.40547
FLUX  252   216.50        1.384723E+15   1.5160E-07   4.4273E-07   0.34241
FLUX  253   217.50        1.378356E+15   1.5918E-07   4.5341E-07   0.35108
FLUX  254   218.50        1.372048E+15   2.0267E-07   4.6470E-07   0.43613
FLUX  255   219.50        1.365797E+15   2.1365E-07   4.7619E-07   0.44867
FLUX  256   220.50        1.359603E+15   2.0113E-07   4.8786E-07   0.41226
FLUX  257   221.50        1.353465E+15   1.4774E-07   4.9982E-07   0.29559
FLUX  258   222.50        1.347382E+15   1.8085E-07   5.1569E-07   0.35070
FLUX  259   223.50        1.341353E+15   2.4573E-07   5.2848E-07   0.46498
FLUX  260   224.50        1.335379E+15   2.3152E-07   5.4140E-07   0.42763
FLUX  261   225.50        1.329457E+15   1.6981E-07   5.7631E-07   0.29466
FLUX  262   226.50        1.323587E+15   1.6141E-07   5.8881E-07   0.27413
FLUX  263   227.50        1.317769E+15   1.9078E-07   6.0133E-07   0.31726
FLUX  264   228.50        1.312002E+15   2.4409E-07   6.1377E-07   0.39769
FLUX  265   229.50        1.306285E+15   1.9855E-07   6.2619E-07   0.31708
FLUX  266   230.50        1.300618E+15   2.5189E-07   6.3839E-07   0.39458
FLUX  267   231.50        1.295000E+15   2.2098E-07   6.5062E-07   0.33964
FLUX  268   232.50        1.289430E+15   2.1024E-07   6.6288E-07   0.31716
FLUX  269   233.50        1.283908E+15   1.3874E-07   6.8040E-07   0.20390
FLUX  270   234.50        1.278433E+15   8.1729E-08   6.9251E-07   0.11802
FLUX  271   235.50        1.273004E+15   2.0271E-07   7.0465E-07   0.28767
FLUX  272   236.50        1.267622E+15   9.4367E-08   7.1684E-07   0.13164
FLUX  273   237.50        1.262284E+15   1.4469E-07   7.2908E-07   0.19845
FLUX  274   238.50        1.256992E+15   6.1632E-08   7.4154E-07   0.08311
FLUX  275   239.50        1.251743E+15   9.1727E-08   7.5396E-07   0.12166
FLUX  276   240.50        1.246538E+15   9.1454E-08   7.6641E-07   0.11933
FLUX  277   241.50        1.241377E+15   1.2758E-07   7.7892E-07   0.16379
FLUX  278   242.50        1.236258E+15   2.5523E-07   7.9150E-07   0.32247
FLUX  279   243.50        1.231181E+15   2.5297E-07   8.0418E-07   0.31457
FLUX  280   244.50        1.226145E+15   3.1298E-07   8.2516E-07   0.37930
FLUX  281   245.50        1.221151E+15   3.2621E-07   8.3763E-07   0.38944
FLUX  282   246.50        1.216197E+15   2.9645E-07   8.5014E-07   0.34870
FLUX  283   247.50        1.211283E+15   2.5683E-07   8.6263E-07   0.29773
FLUX  284   248.50        1.206408E+15   1.5797E-07   8.7518E-07   0.18050
FLUX  285   249.50        1.201573E+15   2.0223E-07   8.8777E-07   0.22779
FLUX  286   250.50        1.196776E+15   3.1369E-07   9.0692E-07   0.34588
FLUX  287   251.30        1.192967E+15   1.5021E-07   9.1679E-07   0.16385
FLUX  288   251.80        1.190598E+15   9.0145E-08   1.2340E-06   0.07305
FLUX  289   252.50        1.187297E+15   9.7168E-08   1.2474E-06   0.07789
FLUX  290   253.50        1.182613E+15   1.2952E-07   1.2667E-06   0.10226
FLUX  291   254.50        1.177967E+15   1.6365E-07   1.2859E-06   0.12726
FLUX  292   255.50        1.173356E+15   3.0167E-07   1.3052E-06   0.23112
FLUX  293   256.50        1.168782E+15   2.4910E-07   1.3247E-06   0.18805
FLUX  294   257.50        1.164243E+15   3.3122E-07   1.3442E-06   0.24641
FLUX  295   258.50        1.159739E+15   2.9328E-07   1.3638E-06   0.21504
FLUX  296   259.50        1.155270E+15   2.6088E-07   1.3836E-06   0.18856
FLUX  297   260.50        1.150835E+15   2.0816E-07   1.4034E-06   0.14833
FLUX  298   261.50        1.146434E+15   1.8757E-07   1.4232E-06   0.13179
FLUX  299   262.50        1.142067E+15   2.7917E-07   1.4431E-06   0.19345
FLUX  300   263.50        1.137732E+15   4.7711E-07   1.4664E-06   0.32537
FLUX  301   264.50        1.133431E+15   6.6920E-07   1.4864E-06   0.45021
FLUX  302   265.50        1.129162E+15   8.2191E-07   1.5066E-06   0.54555
FLUX  303   266.50        1.124925E+15   5.7715E-07   1.5268E-06   0.37801
FLUX  304   267.50        1.120720E+15   6.6716E-07   1.5471E-06   0.43123
FLUX  305   268.50        1.116546E+15   7.4385E-07   1.5674E-06   0.47456
FLUX  306   269.50        1.112403E+15   5.6911E-07   1.5878E-06   0.35842
FLUX  307   270.50        1.108290E+15   6.8634E-07   1.6119E-06   0.42579
FLUX  308   271.50        1.104208E+15   5.0906E-07   1.6322E-06   0.31188
FLUX  309   272.50        1.100156E+15   4.7431E-07   1.6526E-06   0.28701
FLUX  310   273.50        1.096133E+15   5.5673E-07   1.6730E-06   0.33277
FLUX  311   274.50        1.092140E+15   2.8264E-07   1.6934E-06   0.16690
FLUX  312   275.50        1.088176E+15   4.0827E-07   1.7140E-06   0.23820
FLUX  313   276.50        1.084240E+15   5.3945E-07   1.7344E-06   0.31102
FLUX  314   277.50        1.080333E+15   6.1085E-07   1.7549E-06   0.34807
FLUX  315   278.50        1.076454E+15   3.2738E-07   1.7755E-06   0.18439
FLUX  316   279.50        1.072603E+15   9.7122E-08   1.7962E-06   0.05407
FLUX  317   280.50        1.068779E+15   1.3071E-07   1.8169E-06   0.07194
FLUX  318   281.50        1.064982E+15   5.4984E-07   1.8377E-06   0.29920
FLUX  319   282.50        1.061212E+15   8.3945E-07   1.8586E-06   0.45166
FLUX  320   283.50        1.057469E+15   7.9421E-07   1.8796E-06   0.42255
FLUX  321   284.50        1.053752E+15   6.1132E-07   1.9006E-06   0.32165
FLUX  322   285.50        1.050061E+15   2.9447E-07   1.9216E-06   0.15324
FLUX  323   286.50        1.046396E+15   7.9861E-07   1.9427E-06   0.41108
FLUX  324   287.50        1.042757E+15   9.4153E-07   1.9639E-06   0.47943
FLUX  325   288.50        1.039142E+15   8.5509E-07   1.9850E-06   0.43076
FLUX  326   289.50        1.035553E+15   9.3996E-07   2.0062E-06   0.46853
FLUX  327   291.00        1.030215E+15   1.2068E-06   2.0405E-06   0.59142
FLUX  328   293.00        1.023183E+15   1.1112E-06   2.0828E-06   0.53349
FLUX  329   295.00        1.016246E+15   1.1050E-06   2.1258E-06   0.51982
FLUX  330   297.00        1.009402E+15   1.2027E-06   2.1681E-06   0.55469
FLUX  331   299.00        1.002650E+15   1.2094E-06   2.2107E-06   0.54706
FLUX  332   301.00        9.959884E+14   1.2847E-06   2.2533E-06   0.57016
FLUX  333   303.00        9.894142E+14   1.3134E-06   2.2959E-06   0.57207
FLUX  334   305.00        9.829262E+14   1.3924E-06   2.3384E-06   0.59547
FLUX  335   307.00        9.765228E+14   1.3795E-06   2.3808E-06   0.57943
FLUX  336   309.00        9.702023E+14   1.3780E-06   2.4254E-06   0.56817
FLUX  337   311.00        9.639630E+14   1.4329E-06   2.4675E-06   0.58070
FLUX  338   313.00        9.578035E+14   1.4187E-06   2.5101E-06   0.56519
FLUX  339   315.00        9.517222E+14   1.3783E-06   2.5518E-06   0.54011
FLUX  340   317.00        9.457177E+14   1.4926E-06   2.5935E-06   0.57554
FLUX  341   319.00        9.397884E+14   1.3805E-06   2.6351E-06   0.52390
FLUX  342   321.00        9.339330E+14   1.5463E-06   2.6768E-06   0.57765
FLUX  343   323.00        9.281501E+14   1.3762E-06   2.7190E-06   0.50616
FLUX  344   325.00        9.224385E+14   1.6990E-06   2.7603E-06   0.61550
FLUX  345   327.00        9.167966E+14   1.9271E-06   2.8015E-06   0.68787
FLUX  346   329.00        9.112234E+14   1.9110E-06   2.8429E-06   0.67220
FLUX  347   331.00        9.057175E+14   1.9246E-06   2.8838E-06   0.66737
FLUX  348   333.00        9.002778E+14   1.9322E-06   2.9246E-06   0.66068
FLUX  349   335.00        8.949030E+14   1.9199E-06   2.9651E-06   0.64751
FLUX  350   337.00        8.895920E+14   1.6359E-06   3.0058E-06   0.54423
FLUX  351   339.00        8.843436E+14   1.8746E-06   3.0467E-06   0.61528
FLUX  352   341.00        8.791569E+14   1.9287E-06   3.0871E-06   0.62476
FLUX  353   343.00        8.740306E+14   2.0431E-06   3.1273E-06   0.65330
FLUX  354   345.00        8.689638E+14   2.0924E-06   3.1677E-06   0.66055
FLUX  355   347.00        8.639553E+14   2.1456E-06   3.2084E-06   0.66874
FLUX  356   349.00        8.590043E+14   2.2558E-06   3.2490E-06   0.69431
FLUX  357   351.00        8.541097E+14   2.3602E-06   3.2894E-06   0.71751
FLUX  358   353.00        8.492705E+14   2.2626E-06   3.3297E-06   0.67952
FLUX  359   355.00        8.444859E+14   2.5712E-06   3.3703E-06   0.76290
FLUX  360   357.00        8.397549E+14   2.2163E-06   3.4118E-06   0.64962
FLUX  361   359.00        8.350766E+14   2.2141E-06   3.4531E-06   0.64120
FLUX  362   361.00        8.304501E+14   2.3528E-06   3.4944E-06   0.67331
FLUX  363   363.00        8.258746E+14   2.3971E-06   3.5356E-06   0.67799
FLUX  364   364.00        8.236058E+14   2.4261E-06   3.5563E-06   0.68221
FLUX  365   365.00        8.213493E+14   2.6723E-06   4.8491E-06   0.55109
FLUX  366   367.00        8.168733E+14   2.6997E-06   4.8998E-06   0.55097
FLUX  367   369.00        8.124458E+14   2.6510E-06   4.9503E-06   0.53552
FLUX  368   371.00        8.080660E+14   2.8128E-06   5.0007E-06   0.56248
FLUX  369   373.00        8.037332E+14   2.5383E-06   5.0507E-06   0.50256
FLUX  370   375.00        7.994467E+14   2.8383E-06   5.1003E-06   0.55649
FLUX  371   377.00        7.952056E+14   3.1761E-06   5.1581E-06   0.61575
FLUX  372   379.00        7.910092E+14   3.4199E-06   5.2089E-06   0.65656
FLUX  373   381.00        7.868569E+14   3.6387E-06   5.2593E-06   0.69186
FLUX  374   383.00        7.827480E+14   2.8076E-06   5.3093E-06   0.52881
FLUX  375   385.00        7.786818E+14   3.6083E-06   5.3598E-06   0.67322
FLUX  376   387.00        7.746576E+14   3.6411E-06   5.4092E-06   0.67312
FLUX  377   389.00        7.706748E+14   3.3784E-06   5.4595E-06   0.61881
FLUX  378   391.00        7.667327E+14   3.8337E-06   5.5097E-06   0.69581
FLUX  379   393.00        7.628308E+14   2.3464E-06   5.5595E-06   0.42206
FLUX  380   395.00        7.589683E+14   3.6905E-06   5.6088E-06   0.65799
FLUX  381   397.00        7.551448E+14   2.6285E-06   5.6576E-06   0.46459
FLUX  382   399.00        7.513596E+14   4.4108E-06   5.7060E-06   0.77301
FLUX  383   401.00        7.476122E+14   4.6690E-06   5.7555E-06   0.81122
FLUX  384   403.00        7.439020E+14   4.7040E-06   5.8045E-06   0.81040
FLUX  385   405.00        7.402284E+14   4.6573E-06   5.8530E-06   0.79571
FLUX  386   407.00        7.365909E+14   4.6279E-06   5.9009E-06   0.78428
FLUX  387   409.00        7.329890E+14   4.9035E-06   5.9482E-06   0.82437
FLUX  388   411.00        7.294221E+14   4.5993E-06   5.9951E-06   0.76718
FLUX  389   413.00        7.258898E+14   5.0250E-06   6.0414E-06   0.83177
FLUX  390   415.00        7.223916E+14   5.1301E-06   6.0878E-06   0.84268
FLUX  391   417.00        7.189269E+14   5.1691E-06   6.1339E-06   0.84271
FLUX  392   419.00        7.154952E+14   5.0648E-06   6.1793E-06   0.81964
FLUX  393   421.00        7.120962E+14   5.0957E-06   6.2241E-06   0.81870
FLUX  394   423.00        7.087293E+14   4.9512E-06   6.2685E-06   0.78986
FLUX  395   425.00        7.053941E+14   5.0617E-06   6.3123E-06   0.80188
FLUX  396   427.00        7.020902E+14   4.9419E-06   6.3556E-06   0.77756
FLUX  397   429.00        6.988170E+14   4.6247E-06   6.3986E-06   0.72277
FLUX  398   431.00        6.955742E+14   4.0411E-06   6.4411E-06   0.62740
FLUX  399   433.00        6.923614E+14   5.1577E-06   6.4831E-06   0.79557
FLUX  400   435.00        6.891782E+14   4.9023E-06   6.5247E-06   0.75134
FLUX  401   437.00        6.860240E+14   5.5261E-06   6.5658E-06   0.84165
FLUX  402   439.00        6.828986E+14   5.3022E-06   6.6064E-06   0.80258
FLUX  403   441.00        6.798016E+14   5.5583E-06   6.6466E-06   0.83625
FLUX  404   443.00        6.767325E+14   5.8180E-06   6.6865E-06   0.87012
FLUX  405   445.00        6.736910E+14   5.7975E-06   6.7260E-06   0.86195
FLUX  406   447.00        6.706767E+14   5.9759E-06   6.7651E-06   0.88335
FLUX  407   449.00        6.676893E+14   6.0820E-06   6.8038E-06   0.89390
FLUX  408   451.00        6.647284E+14   6.4266E-06   6.8422E-06   0.93925
FLUX  409   453.00        6.617936E+14   6.0910E-06   6.8803E-06   0.88529
FLUX  410   455.00        6.588846E+14   6.2322E-06   6.9180E-06   0.90087
FLUX  411   457.00        6.560011E+14   6.5523E-06   6.9553E-06   0.94206
FLUX  412   459.00        6.531427E+14   6.3630E-06   6.9922E-06   0.91001
FLUX  413   461.00        6.503091E+14   6.5294E-06   7.0288E-06   0.92895
FLUX  414   463.00        6.475000E+14   6.5161E-06   7.0651E-06   0.92228
FLUX  415   465.00        6.447150E+14   6.6028E-06   7.1011E-06   0.92982
FLUX  416   467.00        6.419540E+14   6.7613E-06   7.1367E-06   0.94739
FLUX  417   469.00        6.392164E+14   6.7366E-06   7.1720E-06   0.93929
FLUX  418   471.00        6.365021E+14   6.5953E-06   7.2070E-06   0.91512
FLUX  419   473.00        6.338108E+14   6.8466E-06   7.2417E-06   0.94544
FLUX  420   475.00        6.311421E+14   6.9324E-06   7.2761E-06   0.95276
FLUX  421   477.00        6.284958E+14   6.9605E-06   7.3102E-06   0.95216
FLUX  422   479.00        6.258716E+14   6.9752E-06   7.3439E-06   0.94979
FLUX  423   481.00        6.232692E+14   7.0156E-06   7.3773E-06   0.95098
FLUX  424   483.00        6.206884E+14   7.0610E-06   7.4103E-06   0.95286
FLUX  425   485.00        6.181289E+14   6.7591E-06   7.4473E-06   0.90759
FLUX  426   487.00        6.155903E+14   6.0627E-06   7.4798E-06   0.81055
FLUX  427   489.00        6.130726E+14   6.9956E-06   7.5119E-06   0.93126
FLUX  428   491.00        6.105753E+14   7.0527E-06   7.5438E-06   0.93490
FLUX  429   493.00        6.080984E+14   6.9844E-06   7.5753E-06   0.92199
FLUX  430   495.00        6.056414E+14   7.1825E-06   7.6066E-06   0.94425
FLUX  431   497.00        6.032042E+14   7.3280E-06   7.6375E-06   0.95947
FLUX  432   499.00        6.007866E+14   7.0411E-06   7.6682E-06   0.91821
FLUX  433   501.00        5.983882E+14   6.8973E-06   7.6986E-06   0.89592
FLUX  434   503.00        5.960089E+14   7.2367E-06   7.7287E-06   0.93635
FLUX  435   505.00        5.936485E+14   7.2353E-06   7.7585E-06   0.93257
FLUX  436   507.00        5.913067E+14   7.4602E-06   7.7880E-06   0.95791
FLUX  437   509.00        5.889833E+14   7.3403E-06   7.8172E-06   0.93899
FLUX  438   511.00        5.866781E+14   7.4433E-06   7.8461E-06   0.94866
FLUX  439   513.00        5.843908E+14   7.3840E-06   7.8748E-06   0.93768
FLUX  440   515.00        5.821214E+14   7.2707E-06   7.9032E-06   0.91998
FLUX  441   517.00        5.798694E+14   7.0026E-06   7.9313E-06   0.88290
FLUX  442   519.00        5.776349E+14   7.0538E-06   7.9591E-06   0.88625
FLUX  443   521.00        5.754175E+14   7.3422E-06   7.9867E-06   0.91930
FLUX  444   523.00        5.732170E+14   7.4740E-06   8.0139E-06   0.93262
FLUX  445   525.00        5.710333E+14   7.6853E-06   8.0409E-06   0.95577
FLUX  446   527.00        5.688662E+14   7.1941E-06   8.0676E-06   0.89173
FLUX  447   529.00        5.667155E+14   7.7030E-06   8.0940E-06   0.95170
FLUX  448   531.00        5.645810E+14   7.8483E-06   8.1201E-06   0.96653
FLUX  449   533.00        5.624625E+14   7.4874E-06   8.1459E-06   0.91915
FLUX  450   535.00        5.603598E+14   7.8310E-06   8.1715E-06   0.95832
FLUX  451   537.00        5.582728E+14   7.8290E-06   8.1972E-06   0.95508
FLUX  452   539.00        5.562013E+14   7.8379E-06   8.2239E-06   0.95306
FLUX  453   541.00        5.541451E+14   7.7314E-06   8.2487E-06   0.93728
FLUX  454   543.00        5.521040E+14   7.8817E-06   8.2732E-06   0.95267
FLUX  455   545.00        5.500780E+14   8.0070E-06   8.2975E-06   0.96499
FLUX  456   547.00        5.480667E+14   7.9898E-06   8.3215E-06   0.96014
FLUX  457   549.00        5.460701E+14   8.0389E-06   8.3452E-06   0.96330
FLUX  458   551.00        5.440880E+14   8.0821E-06   8.3686E-06   0.96576
FLUX  459   553.00        5.421202E+14   8.1241E-06   8.3919E-06   0.96809
FLUX  460   555.00        5.401667E+14   8.2366E-06   8.4149E-06   0.97881
FLUX  461   557.00        5.382271E+14   8.1145E-06   8.4376E-06   0.96171
FLUX  462   559.00        5.363014E+14   8.0794E-06   8.4601E-06   0.95500
FLUX  463   561.00        5.343895E+14   8.1968E-06   8.4824E-06   0.96634
FLUX  464   563.00        5.324911E+14   8.3118E-06   8.5064E-06   0.97713
FLUX  465   565.00        5.306062E+14   8.3278E-06   8.5281E-06   0.97651
FLUX  466   567.00        5.287346E+14   8.2546E-06   8.5496E-06   0.96549
FLUX  467   569.00        5.268761E+14   8.3640E-06   8.5708E-06   0.97587
FLUX  468   571.00        5.250306E+14   8.3024E-06   8.5917E-06   0.96632
FLUX  469   573.00        5.231981E+14   8.5664E-06   8.6124E-06   0.99466
FLUX  470   575.00        5.213783E+14   8.4853E-06   8.6329E-06   0.98291
FLUX  471   577.00        5.195711E+14   8.5503E-06   8.6530E-06   0.98813
FLUX  472   579.00        5.177763E+14   8.5080E-06   8.6729E-06   0.98099
FLUX  473   581.00        5.159940E+14   8.6009E-06   8.6926E-06   0.98945
FLUX  474   583.00        5.142238E+14   8.6683E-06   8.7120E-06   0.99498
FLUX  475   585.00        5.124658E+14   8.5989E-06   8.7313E-06   0.98484
FLUX  476   587.00        5.107198E+14   8.6438E-06   8.7503E-06   0.98784
FLUX  477   589.00        5.089856E+14   8.3974E-06   8.7690E-06   0.95762
FLUX  478   591.00        5.072631E+14   8.6779E-06   8.7875E-06   0.98752
FLUX  479   593.00        5.055523E+14   8.6986E-06   8.8058E-06   0.98783
FLUX  480   595.00        5.038529E+14   8.7440E-06   8.8247E-06   0.99086
FLUX  481   597.00        5.021650E+14   8.7675E-06   8.8425E-06   0.99152
FLUX  482   599.00        5.004883E+14   8.7669E-06   8.8601E-06   0.98948
FLUX  483   601.00        4.988228E+14   8.7352E-06   8.8775E-06   0.98398
FLUX  484   603.00        4.971683E+14   8.7570E-06   8.8947E-06   0.98452
FLUX  485   605.00        4.955248E+14   8.8742E-06   8.9118E-06   0.99578
FLUX  486   607.00        4.938921E+14   8.8784E-06   8.9286E-06   0.99438
FLUX  487   609.00        4.922701E+14   8.8448E-06   8.9451E-06   0.98879
FLUX  488   611.00        4.906588E+14   8.8208E-06   8.9615E-06   0.98430
FLUX  489   613.00        4.890579E+14   8.6794E-06   8.9776E-06   0.96678
FLUX  490   615.00        4.874675E+14   8.7637E-06   8.9935E-06   0.97445
FLUX  491   617.00        4.858874E+14   8.6694E-06   9.0092E-06   0.96228
FLUX  492   619.00        4.843174E+14   8.9068E-06   9.0247E-06   0.98694
FLUX  493   621.00        4.827576E+14   8.9548E-06   9.0401E-06   0.99057
FLUX  494   623.00        4.812079E+14   8.8712E-06   9.0552E-06   0.97969
FLUX  495   625.00        4.796680E+14   8.7415E-06   9.0700E-06   0.96378
FLUX  496   627.00        4.781380E+14   8.9906E-06   9.0884E-06   0.98924
FLUX  497   629.00        4.766176E+14   9.0298E-06   9.1028E-06   0.99198
FLUX  498   631.00        4.751070E+14   8.9178E-06   9.1171E-06   0.97814
FLUX  499   633.00        4.736058E+14   8.9755E-06   9.1312E-06   0.98295
FLUX  500   635.00        4.721142E+14   9.0347E-06   9.1454E-06   0.98790
FLUX  501   637.00        4.706319E+14   9.0468E-06   9.1590E-06   0.98774
FLUX  502   639.00        4.691588E+14   9.0719E-06   9.1725E-06   0.98902
FLUX  503   641.00        4.676950E+14   8.9827E-06   9.1858E-06   0.97789
FLUX  504   643.00        4.662403E+14   9.0561E-06   9.1989E-06   0.98448
FLUX  505   645.00        4.647946E+14   9.0316E-06   9.2118E-06   0.98044
FLUX  506   647.00        4.633578E+14   9.0588E-06   9.2245E-06   0.98203
FLUX  507   649.00        4.619299E+14   8.9930E-06   9.2370E-06   0.97358
FLUX  508   651.00        4.605107E+14   9.1360E-06   9.2498E-06   0.98770
FLUX  509   653.00        4.591003E+14   9.1629E-06   9.2619E-06   0.98931
FLUX  510   655.00        4.576985E+14   8.8946E-06   9.2763E-06   0.95885
FLUX  511   657.00        4.563052E+14   7.9011E-06   9.2881E-06   0.85067
FLUX  512   659.00        4.549203E+14   9.1017E-06   9.2996E-06   0.97872
FLUX  513   661.00        4.535439E+14   9.2352E-06   9.3110E-06   0.99187
FLUX  514   663.00        4.521757E+14   9.2581E-06   9.3222E-06   0.99313
FLUX  515   665.00        4.508158E+14   9.2695E-06   9.3332E-06   0.99318
FLUX  516   667.00        4.494640E+14   9.2303E-06   9.3440E-06   0.98783
FLUX  517   669.00        4.481203E+14   9.3231E-06   9.3547E-06   0.99663
FLUX  518   671.00        4.467846E+14   9.2789E-06   9.3651E-06   0.99079
FLUX  519   673.00        4.454569E+14   9.3336E-06   9.3754E-06   0.99554
FLUX  520   675.00        4.441370E+14   9.3140E-06   9.3855E-06   0.99238
FLUX  521   677.00        4.428250E+14   9.3364E-06   9.3955E-06   0.99371
FLUX  522   679.00        4.415206E+14   9.3475E-06   9.4053E-06   0.99386
FLUX  523   681.00        4.402239E+14   9.3441E-06   9.4149E-06   0.99248
FLUX  524   683.00        4.389348E+14   9.3801E-06   9.4243E-06   0.99530
FLUX  525   685.00        4.376533E+14   9.3271E-06   9.4336E-06   0.98871
FLUX  526   687.00        4.363792E+14   9.3785E-06   9.4427E-06   0.99319
FLUX  527   689.00        4.351125E+14   9.4080E-06   9.4517E-06   0.99538
FLUX  528   691.00        4.338531E+14   9.4050E-06   9.4605E-06   0.99414
FLUX  529   693.00        4.326010E+14   9.4172E-06   9.4691E-06   0.99451
FLUX  530   695.00        4.313561E+14   9.4197E-06   9.4776E-06   0.99389
FLUX  531   697.00        4.301184E+14   9.4433E-06   9.4859E-06   0.99551
FLUX  532   699.00        4.288877E+14   9.4498E-06   9.4942E-06   0.99533
FLUX  533   701.00        4.276640E+14   9.3681E-06   9.5022E-06   0.98589
FLUX  534   703.00        4.264474E+14   9.4398E-06   9.5100E-06   0.99261
FLUX  535   705.00        4.252376E+14   9.4714E-06   9.5178E-06   0.99513
FLUX  536   707.00        4.240346E+14   9.4648E-06   9.5253E-06   0.99364
FLUX  537   709.00        4.228385E+14   9.4699E-06   9.5327E-06   0.99341
FLUX  538   711.00        4.216491E+14   9.4752E-06   9.5400E-06   0.99321
FLUX  539   713.00        4.204663E+14   9.4438E-06   9.5471E-06   0.98918
FLUX  540   715.00        4.192902E+14   9.4388E-06   9.5540E-06   0.98793
FLUX  541   717.00        4.181206E+14   9.4546E-06   9.5608E-06   0.98889
FLUX  542   719.00        4.169576E+14   9.3794E-06   9.5675E-06   0.98034
FLUX  543   721.00        4.158010E+14   9.4478E-06   9.5740E-06   0.98682
FLUX  544   723.00        4.146508E+14   9.4860E-06   9.5804E-06   0.99015
FLUX  545   725.00        4.135069E+14   9.5215E-06   9.5881E-06   0.99306
FLUX  546   727.00        4.123693E+14   9.5297E-06   9.5941E-06   0.99328
FLUX  547   729.00        4.112380E+14   9.4431E-06   9.6000E-06   0.98366
FLUX  548   731.00        4.101129E+14   9.5153E-06   9.6091E-06   0.99025
FLUX  549   733.00        4.089939E+14   9.5106E-06   9.6147E-06   0.98917
FLUX  550   735.00        4.078809E+14   9.5583E-06   9.6202E-06   0.99357
FLUX  551   737.00        4.067741E+14   9.5791E-06   9.6256E-06   0.99517
FLUX  552   739.00        4.056732E+14   9.4921E-06   9.6308E-06   0.98560
FLUX  553   741.00        4.045783E+14   9.4251E-06   9.6359E-06   0.97813
FLUX  554   743.00        4.034892E+14   9.5062E-06   9.6408E-06   0.98603
FLUX  555   745.00        4.024060E+14   9.5351E-06   9.6457E-06   0.98853
FLUX  556   747.00        4.013286E+14   9.5827E-06   9.6504E-06   0.99299
FLUX  557   749.00        4.002570E+14   9.5502E-06   9.6549E-06   0.98916
FLUX  558   751.00        3.991911E+14   9.5693E-06   9.6594E-06   0.99068
FLUX  559   753.00        3.981308E+14   9.5934E-06   9.6637E-06   0.99272
FLUX  560   755.00        3.970762E+14   9.6260E-06   9.6680E-06   0.99566
FLUX  561   757.00        3.960271E+14   9.6014E-06   9.6721E-06   0.99269
FLUX  562   759.00        3.949835E+14   9.6039E-06   9.6761E-06   0.99254
FLUX  563   761.00        3.939455E+14   9.6071E-06   9.6799E-06   0.99247
FLUX  564   763.00        3.929128E+14   9.6295E-06   9.6837E-06   0.99441
FLUX  565   765.00        3.918856E+14   9.6306E-06   9.6873E-06   0.99414
FLUX  566   767.00        3.908638E+14   9.5292E-06   9.6908E-06   0.98332
FLUX  567   769.00        3.898472E+14   9.6322E-06   9.6942E-06   0.99360
FLUX  568   771.00        3.888359E+14   9.5852E-06   9.6975E-06   0.98842
FLUX  569   773.00        3.878299E+14   9.6262E-06   9.7007E-06   0.99232
FLUX  570   775.00        3.868290E+14   9.5804E-06   9.7037E-06   0.98729
FLUX  571   777.00        3.858333E+14   9.6235E-06   9.7067E-06   0.99143
FLUX  572   779.00        3.848427E+14   9.6668E-06   9.7095E-06   0.99560
FLUX  573   781.00        3.838572E+14   9.6715E-06   9.7123E-06   0.99580
FLUX  574   783.00        3.828768E+14   9.6264E-06   9.7149E-06   0.99089
FLUX  575   785.00        3.819013E+14   9.6430E-06   9.7175E-06   0.99234
FLUX  576   787.00        3.809307E+14   9.6920E-06   9.7199E-06   0.99713
FLUX  577   789.00        3.799651E+14   9.6911E-06   9.7222E-06   0.99681
FLUX  578   791.00        3.790044E+14   9.6664E-06   9.7244E-06   0.99404
FLUX  579   793.00        3.780485E+14   9.5832E-06   9.7265E-06   0.98527
FLUX  580   795.00        3.770975E+14   9.6103E-06   9.7285E-06   0.98785
FLUX  581   797.00        3.761512E+14   9.6997E-06   9.7306E-06   0.99682
FLUX  582   799.00        3.752096E+14   9.7093E-06   9.7324E-06   0.99762
FLUX  583   801.00        3.742728E+14   9.6610E-06   9.7341E-06   0.99249
FLUX  584   803.00        3.733406E+14   9.6782E-06   9.7357E-06   0.99409
FLUX  585   805.00        3.724130E+14   9.6528E-06   9.7371E-06   0.99134
FLUX  586   807.00        3.714901E+14   9.7062E-06   9.7385E-06   0.99669
FLUX  587   809.00        3.705717E+14   9.6461E-06   9.7398E-06   0.99038
FLUX  588   811.00        3.696578E+14   9.7074E-06   9.7410E-06   0.99655
FLUX  589   813.00        3.687485E+14   9.7257E-06   9.7420E-06   0.99832
FLUX  590   815.00        3.678436E+14   9.7179E-06   9.7430E-06   0.99742
FLUX  591   817.00        3.669431E+14   9.7160E-06   9.7439E-06   0.99713
FLUX  592   819.00        3.660470E+14   9.5788E-06   9.7447E-06   0.98297
FLUX  593   821.00        3.651553E+14   9.6333E-06   9.8141E-06   0.98158
FLUX  594   823.00        3.642679E+14   9.6171E-06   9.8149E-06   0.97985
FLUX  595   825.00        3.633848E+14   9.6679E-06   9.8156E-06   0.98496
FLUX  596   827.00        3.625060E+14   9.7257E-06   9.8162E-06   0.99078
FLUX  597   829.00        3.616315E+14   9.7166E-06   9.8167E-06   0.98980
FLUX  598   831.00        3.607611E+14   9.6653E-06   9.8172E-06   0.98453
FLUX  599   833.00        3.598950E+14   9.6057E-06   9.8175E-06   0.97843
FLUX  600   835.00        3.590329E+14   9.6878E-06   9.8178E-06   0.98676
FLUX  601   837.00        3.581750E+14   9.7107E-06   9.8180E-06   0.98907
FLUX  602   839.00        3.573212E+14   9.6303E-06   9.8181E-06   0.98087
FLUX  603   841.00        3.564715E+14   9.7139E-06   9.8182E-06   0.98937
FLUX  604   843.00        3.556257E+14   9.6535E-06   9.8182E-06   0.98323
FLUX  605   845.00        3.547840E+14   9.6640E-06   9.8180E-06   0.98431
FLUX  606   847.00        3.539463E+14   9.6360E-06   9.8179E-06   0.98148
FLUX  607   849.00        3.531125E+14   9.6052E-06   9.8176E-06   0.97837
FLUX  608   851.00        3.522826E+14   9.2846E-06   9.8173E-06   0.94574
FLUX  609   853.00        3.514566E+14   9.5914E-06   9.8169E-06   0.97703
FLUX  610   855.00        3.506345E+14   8.5681E-06   9.8167E-06   0.87281
FLUX  611   857.00        3.498162E+14   9.7277E-06   9.8161E-06   0.99100
FLUX  612   859.00        3.490017E+14   9.6256E-06   9.8155E-06   0.98065
FLUX  613   861.00        3.481911E+14   9.5930E-06   9.8148E-06   0.97740
FLUX  614   863.00        3.473841E+14   9.7272E-06   9.8141E-06   0.99115
FLUX  615   865.00        3.465809E+14   9.6599E-06   9.8132E-06   0.98437
FLUX  616   867.00        3.457814E+14   8.6663E-06   9.8123E-06   0.88320
FLUX  617   869.00        3.449856E+14   9.5885E-06   9.8114E-06   0.97728
FLUX  618   871.00        3.441935E+14   9.7120E-06   9.8103E-06   0.98998
FLUX  619   873.00        3.434049E+14   9.6914E-06   9.8093E-06   0.98798
FLUX  620   875.00        3.426200E+14   9.3781E-06   9.8081E-06   0.95616
FLUX  621   877.00        3.418387E+14   9.6991E-06   9.8069E-06   0.98900
FLUX  622   879.00        3.410609E+14   9.7162E-06   9.8056E-06   0.99088
FLUX  623   881.00        3.402866E+14   9.6344E-06   9.8043E-06   0.98267
FLUX  624   883.00        3.395159E+14   9.6821E-06   9.8029E-06   0.98768
FLUX  625   885.00        3.387486E+14   9.6336E-06   9.8014E-06   0.98288
FLUX  626   887.00        3.379848E+14   9.3061E-06   9.7999E-06   0.94962
FLUX  627   889.00        3.372244E+14   9.7250E-06   9.7983E-06   0.99252
FLUX  628   891.00        3.364674E+14   9.7434E-06   9.7966E-06   0.99457
FLUX  629   893.00        3.357139E+14   9.6854E-06   9.7949E-06   0.98882
FLUX  630   895.00        3.349637E+14   9.7147E-06   9.7932E-06   0.99198
FLUX  631   897.00        3.342168E+14   9.7339E-06   9.7913E-06   0.99413
FLUX  632   899.00        3.334733E+14   9.7313E-06   9.7894E-06   0.99406
FLUX  633   901.00        3.327331E+14   9.2270E-06   9.7875E-06   0.94274
FLUX  634   903.00        3.319961E+14   9.5924E-06   9.7854E-06   0.98027
FLUX  635   905.00        3.312624E+14   9.7563E-06   9.7834E-06   0.99724
FLUX  636   907.00        3.305320E+14   9.6494E-06   9.7812E-06   0.98652
FLUX  637   909.00        3.298047E+14   9.5132E-06   9.7790E-06   0.97281
FLUX  638   911.00        3.290807E+14   9.6468E-06   9.7768E-06   0.98671
FLUX  639   913.00        3.283598E+14   9.7384E-06   9.7745E-06   0.99631
FLUX  640   915.00        3.276421E+14   9.7359E-06   9.7721E-06   0.99630
FLUX  641   917.00        3.269275E+14   9.7274E-06   9.7697E-06   0.99567
FLUX  642   919.00        3.262160E+14   9.7404E-06   9.7673E-06   0.99724
FLUX  643   921.00        3.255076E+14   9.5909E-06   9.7648E-06   0.98219
FLUX  644   923.00        3.248023E+14   9.1300E-06   9.7622E-06   0.93524
FLUX  645   925.00        3.241000E+14   9.5331E-06   9.7596E-06   0.97679
FLUX  646   927.00        3.234008E+14   9.6663E-06   9.7570E-06   0.99069
FLUX  647   929.00        3.227045E+14   9.7110E-06   9.7544E-06   0.99555
FLUX  648   931.00        3.220113E+14   9.7264E-06   9.7517E-06   0.99740
FLUX  649   933.00        3.213210E+14   9.7117E-06   9.7490E-06   0.99617
FLUX  650   935.00        3.206337E+14   9.7065E-06   9.7463E-06   0.99592
FLUX  651   937.00        3.199493E+14   9.6990E-06   9.7435E-06   0.99543
FLUX  652   939.00        3.192678E+14   9.7078E-06   9.7406E-06   0.99663
FLUX  653   941.00        3.185893E+14   9.4772E-06   9.7377E-06   0.97325
FLUX  654   943.00        3.179136E+14   9.6655E-06   9.7348E-06   0.99288
FLUX  655   945.00        3.172407E+14   9.6380E-06   9.7318E-06   0.99036
FLUX  656   947.00        3.165707E+14   9.7000E-06   9.7288E-06   0.99704
FLUX  657   949.00        3.159036E+14   9.7084E-06   9.7258E-06   0.99821
FLUX  658   951.00        3.152392E+14   9.6816E-06   9.7227E-06   0.99578
FLUX  659   953.00        3.145776E+14   9.6112E-06   9.7195E-06   0.98885
FLUX  660   955.00        3.139188E+14   9.0995E-06   9.7163E-06   0.93652
FLUX  661   957.00        3.132628E+14   9.6082E-06   9.7131E-06   0.98921
FLUX  662   959.00        3.126095E+14   9.6821E-06   9.7098E-06   0.99714
FLUX  663   961.00        3.119589E+14   9.6399E-06   9.7065E-06   0.99314
FLUX  664   963.00        3.113110E+14   9.6047E-06   9.7031E-06   0.98985
FLUX  665   965.00        3.106658E+14   9.6222E-06   9.6998E-06   0.99200
FLUX  666   967.00        3.100233E+14   9.5895E-06   9.6963E-06   0.98898
FLUX  667   969.00        3.093834E+14   9.6493E-06   9.6929E-06   0.99551
FLUX  668   971.00        3.087461E+14   9.6600E-06   9.6894E-06   0.99697
FLUX  669   973.00        3.081115E+14   9.6576E-06   9.6858E-06   0.99709
FLUX  670   975.00        3.074795E+14   9.6095E-06   9.6823E-06   0.99249
FLUX  671   977.00        3.068500E+14   9.6352E-06   9.6787E-06   0.99551
FLUX  672   979.00        3.062232E+14   9.6281E-06   9.6750E-06   0.99515
FLUX  673   981.00        3.055989E+14   9.6457E-06   9.6713E-06   0.99735
FLUX  674   983.00        3.049771E+14   9.6387E-06   9.6676E-06   0.99701
FLUX  675   985.00        3.043579E+14   9.6346E-06   9.6639E-06   0.99697
FLUX  676   987.00        3.037411E+14   9.6080E-06   9.6601E-06   0.99461
FLUX  677   989.00        3.031269E+14   9.5912E-06   9.6563E-06   0.99325
FLUX  678   991.00        3.025151E+14   9.5908E-06   9.6525E-06   0.99360
FLUX  679   993.00        3.019058E+14   9.6272E-06   9.6487E-06   0.99778
FLUX  680   995.00        3.012990E+14   9.6259E-06   9.6448E-06   0.99804
FLUX  681   997.00        3.006946E+14   9.6244E-06   9.6409E-06   0.99829
FLUX  682   999.00        3.000926E+14   9.6160E-06   9.6370E-06   0.99782
FLUX  683  1002.50        2.990449E+14   9.5107E-06   9.6300E-06   0.98761
FLUX  684  1007.50        2.975608E+14   9.3682E-06   9.6201E-06   0.97382
FLUX  685  1012.50        2.960914E+14   9.5672E-06   9.6099E-06   0.99555
FLUX  686  1017.50        2.946364E+14   9.5343E-06   9.5998E-06   0.99318
FLUX  687  1022.50        2.931956E+14   9.5536E-06   9.5895E-06   0.99626
FLUX  688  1027.50        2.917689E+14   9.5645E-06   9.5791E-06   0.99848
FLUX  689  1032.50        2.903559E+14   9.5013E-06   9.5687E-06   0.99295
FLUX  690  1037.50        2.889566E+14   9.5095E-06   9.5581E-06   0.99492
FLUX  691  1042.50        2.875707E+14   9.5268E-06   9.5474E-06   0.99784
FLUX  692  1047.50        2.861981E+14   9.4547E-06   9.5366E-06   0.99141
FLUX  693  1052.50        2.848385E+14   9.4964E-06   9.5256E-06   0.99694
FLUX  694  1057.50        2.834917E+14   9.4592E-06   9.5144E-06   0.99420
FLUX  695  1062.50        2.821576E+14   9.4328E-06   9.5031E-06   0.99259
FLUX  696  1067.50        2.808361E+14   9.3157E-06   9.4918E-06   0.98146
FLUX  697  1072.50        2.795268E+14   9.3920E-06   9.4803E-06   0.99069
FLUX  698  1077.50        2.782297E+14   9.3694E-06   9.4689E-06   0.98949
FLUX  699  1082.50        2.769446E+14   9.3081E-06   9.4575E-06   0.98420
FLUX  700  1087.50        2.756713E+14   9.3194E-06   9.4461E-06   0.98659
FLUX  701  1092.50        2.744096E+14   9.0443E-06   9.4346E-06   0.95863
FLUX  702  1097.50        2.731595E+14   9.2395E-06   9.4231E-06   0.98052
FLUX  703  1102.50        2.719206E+14   9.3451E-06   9.4114E-06   0.99295
FLUX  704  1107.50        2.706930E+14   9.3722E-06   9.3997E-06   0.99708
FLUX  705  1112.50        2.694764E+14   9.3387E-06   9.3879E-06   0.99476
FLUX  706  1117.50        2.682707E+14   9.3139E-06   9.3761E-06   0.99336
FLUX  707  1122.50        2.670757E+14   9.3346E-06   9.3643E-06   0.99683
FLUX  708  1127.50        2.658913E+14   9.2439E-06   9.3525E-06   0.98838
FLUX  709  1132.50        2.647174E+14   9.2623E-06   9.3408E-06   0.99159
FLUX  710  1137.50        2.635538E+14   9.2655E-06   9.3291E-06   0.99318
FLUX  711  1142.50        2.624004E+14   9.2102E-06   9.3173E-06   0.98851
FLUX  712  1147.50        2.612571E+14   9.2812E-06   9.3054E-06   0.99740
FLUX  713  1152.50        2.601236E+14   9.2713E-06   9.2935E-06   0.99762
FLUX  714  1157.50        2.590000E+14   9.2344E-06   9.2815E-06   0.99493
FLUX  715  1162.50        2.578860E+14   9.1584E-06   9.2696E-06   0.98801
FLUX  716  1167.50        2.567816E+14   9.1593E-06   9.2577E-06   0.98937
FLUX  717  1172.50        2.556866E+14   9.2302E-06   9.2458E-06   0.99832
FLUX  718  1177.50        2.546008E+14   9.1092E-06   9.2339E-06   0.98650
FLUX  719  1182.50        2.535243E+14   9.1163E-06   9.2221E-06   0.98852
FLUX  720  1187.50        2.524568E+14   9.0886E-06   9.2105E-06   0.98676
FLUX  721  1192.50        2.513983E+14   9.1900E-06   9.1987E-06   0.99906
FLUX  722  1197.50        2.503486E+14   9.0225E-06   9.1869E-06   0.98211
FLUX  723  1202.50        2.493077E+14   9.0972E-06   9.1751E-06   0.99151
FLUX  724  1207.50        2.482754E+14   9.0691E-06   9.1632E-06   0.98973
FLUX  725  1212.50        2.472515E+14   9.0916E-06   9.1513E-06   0.99347
FLUX  726  1217.50        2.462361E+14   9.1284E-06   9.1395E-06   0.99878
FLUX  727  1222.50        2.452290E+14   9.1145E-06   9.1277E-06   0.99855
FLUX  728  1227.50        2.442301E+14   9.0740E-06   9.1160E-06   0.99539
FLUX  729  1232.50        2.432393E+14   9.0851E-06   9.1044E-06   0.99788
FLUX  730  1237.50        2.422566E+14   9.0689E-06   9.0928E-06   0.99738
FLUX  731  1242.50        2.412817E+14   9.0556E-06   9.0812E-06   0.99717
FLUX  732  1247.50        2.403146E+14   9.0577E-06   9.0697E-06   0.99868
FLUX  733  1252.50        2.393553E+14   9.0344E-06   9.0583E-06   0.99736
FLUX  734  1257.50        2.384036E+14   9.0136E-06   9.0469E-06   0.99632
FLUX  735  1262.50        2.374594E+14   9.0013E-06   9.0356E-06   0.99621
FLUX  736  1267.50        2.365227E+14   8.9913E-06   9.0243E-06   0.99634
FLUX  737  1272.50        2.355933E+14   8.9965E-06   9.0132E-06   0.99815
FLUX  738  1277.50        2.346712E+14   8.9389E-06   9.0021E-06   0.99298
FLUX  739  1282.50        2.337563E+14   8.4081E-06   8.9911E-06   0.93515
FLUX  740  1287.50        2.328485E+14   8.9178E-06   8.9802E-06   0.99306
FLUX  741  1292.50        2.319478E+14   8.9328E-06   8.9693E-06   0.99594
FLUX  742  1297.50        2.310539E+14   8.9430E-06   8.9584E-06   0.99828
FLUX  743  1302.50        2.301670E+14   8.9187E-06   8.9476E-06   0.99677
FLUX  744  1307.50        2.292868E+14   8.9254E-06   8.9368E-06   0.99873
FLUX  745  1312.50        2.284133E+14   8.8665E-06   8.9261E-06   0.99332
FLUX  746  1317.50        2.275465E+14   8.8459E-06   8.9154E-06   0.99220
FLUX  747  1322.50        2.266862E+14   8.8904E-06   8.9047E-06   0.99839
FLUX  748  1327.50        2.258324E+14   8.8416E-06   8.8941E-06   0.99410
FLUX  749  1332.50        2.249850E+14   8.8532E-06   8.8835E-06   0.99659
FLUX  750  1337.50        2.241439E+14   8.8386E-06   8.8728E-06   0.99614
FLUX  751  1342.50        2.233091E+14   8.8482E-06   8.8623E-06   0.99841
FLUX  752  1347.50        2.224805E+14   8.8345E-06   8.8518E-06   0.99805
FLUX  753  1352.50        2.216580E+14   8.8206E-06   8.8414E-06   0.99765
FLUX  754  1357.50        2.208416E+14   8.7765E-06   8.8311E-06   0.99382
FLUX  755  1362.50        2.200312E+14   8.7890E-06   8.8208E-06   0.99640
FLUX  756  1367.50        2.192267E+14   8.7747E-06   8.8105E-06   0.99594
FLUX  757  1372.50        2.184280E+14   8.7408E-06   8.8002E-06   0.99325
FLUX  758  1377.50        2.176352E+14   8.7476E-06   8.7899E-06   0.99519
FLUX  759  1382.50        2.168481E+14   8.7427E-06   8.7796E-06   0.99580
FLUX  760  1387.50        2.160667E+14   8.7476E-06   8.7693E-06   0.99753
FLUX  761  1392.50        2.152908E+14   8.7304E-06   8.7589E-06   0.99674
FLUX  762  1397.50        2.145206E+14   8.7173E-06   8.7488E-06   0.99640
FLUX  763  1402.50        2.137558E+14   8.6866E-06   8.7385E-06   0.99407
FLUX  764  1407.50        2.129964E+14   8.7023E-06   8.7282E-06   0.99703
FLUX  765  1412.50        2.122425E+14   8.6548E-06   8.7179E-06   0.99275
FLUX  766  1417.50        2.114938E+14   8.6850E-06   8.7076E-06   0.99741
FLUX  767  1422.50        2.107504E+14   8.6114E-06   8.6973E-06   0.99012
FLUX  768  1427.50        2.100123E+14   8.5724E-06   8.6869E-06   0.98682
FLUX  769  1432.50        2.092792E+14   8.6382E-06   8.6763E-06   0.99560
FLUX  770  1437.50        2.085513E+14   8.6481E-06   8.6657E-06   0.99796
FLUX  771  1442.50        2.078284E+14   8.4819E-06   8.6550E-06   0.98000
FLUX  772  1447.50        2.071105E+14   8.6154E-06   8.6442E-06   0.99668
FLUX  773  1452.50        2.063976E+14   8.5164E-06   8.6333E-06   0.98646
FLUX  774  1457.00        2.057601E+14   8.5553E-06   8.6235E-06   0.99209
FLUX  775  1462.00        2.050564E+14   8.5529E-06   8.6810E-06   0.98524
FLUX  776  1467.50        2.042879E+14   8.5551E-06   8.6703E-06   0.98671
FLUX  777  1472.50        2.035942E+14   8.4956E-06   8.6602E-06   0.98100
FLUX  778  1477.50        2.029052E+14   8.4873E-06   8.6499E-06   0.98120
FLUX  779  1482.50        2.022209E+14   8.4958E-06   8.6393E-06   0.98339
FLUX  780  1487.50        2.015412E+14   8.3855E-06   8.6286E-06   0.97182
FLUX  781  1492.50        2.008660E+14   8.5184E-06   8.6177E-06   0.98848
FLUX  782  1497.50        2.001953E+14   8.4681E-06   8.6066E-06   0.98390
FLUX  783  1502.50        1.995291E+14   8.3504E-06   8.5953E-06   0.97150
FLUX  784  1507.50        1.988673E+14   8.3580E-06   8.5838E-06   0.97369
FLUX  785  1512.50        1.982099E+14   8.4472E-06   8.5719E-06   0.98545
FLUX  786  1517.50        1.975568E+14   8.4480E-06   8.5598E-06   0.98694
FLUX  787  1522.50        1.969080E+14   8.3867E-06   8.5473E-06   0.98120
FLUX  788  1527.50        1.962635E+14   8.4007E-06   8.5345E-06   0.98432
FLUX  789  1532.50        1.956232E+14   8.3819E-06   8.5214E-06   0.98362
FLUX  790  1537.50        1.949870E+14   8.3656E-06   8.5079E-06   0.98327
FLUX  791  1542.50        1.943549E+14   8.3410E-06   8.4940E-06   0.98199
FLUX  792  1547.50        1.937270E+14   8.3459E-06   8.4797E-06   0.98422
FLUX  793  1552.50        1.931031E+14   8.3169E-06   8.4650E-06   0.98250
FLUX  794  1557.50        1.924831E+14   8.2649E-06   8.4498E-06   0.97812
FLUX  795  1562.50        1.918672E+14   8.3214E-06   8.4340E-06   0.98666
FLUX  796  1567.50        1.912552E+14   8.2312E-06   8.4177E-06   0.97784
FLUX  797  1572.50        1.906471E+14   8.1919E-06   8.4008E-06   0.97514
FLUX  798  1577.50        1.900428E+14   8.1198E-06   8.3834E-06   0.96856
FLUX  799  1582.50        1.894423E+14   8.1890E-06   8.3652E-06   0.97894
FLUX  800  1587.50        1.888457E+14   7.9507E-06   8.3463E-06   0.95260
FLUX  801  1592.50        1.882527E+14   8.1432E-06   8.3266E-06   0.97798
FLUX  802  1597.50        1.876635E+14   8.1604E-06   8.3063E-06   0.98245
FLUX  803  1605.00        1.867866E+14   8.1029E-06   8.2741E-06   0.97931
FLUX  804  1615.00        1.856300E+14   7.9535E-06   8.2275E-06   0.96669
FLUX  805  1625.00        1.844877E+14   8.0838E-06   8.1761E-06   0.98871
FLUX  806  1635.00        1.833593E+14   7.9320E-06   8.1174E-06   0.97715
FLUX  807  1645.00        1.822447E+14   7.7320E-06   8.0489E-06   0.96062
FLUX  808  1655.00        1.811435E+14   7.9150E-06   7.9742E-06   0.99258
FLUX  809  1665.00        1.800556E+14   7.8518E-06   7.9004E-06   0.99384
FLUX  810  1675.00        1.789806E+14   7.6492E-06   7.8276E-06   0.97721
FLUX  811  1685.00        1.779184E+14   7.4110E-06   7.7557E-06   0.95555
FLUX  812  1695.00        1.768687E+14   7.6579E-06   7.6848E-06   0.99650
FLUX  813  1705.00        1.758314E+14   7.5588E-06   7.6147E-06   0.99266
FLUX  814  1715.00        1.748061E+14   7.4908E-06   7.5456E-06   0.99275
FLUX  815  1725.00        1.737928E+14   7.3884E-06   7.4773E-06   0.98811
FLUX  816  1735.00        1.727911E+14   6.9680E-06   7.4098E-06   0.94037
FLUX  817  1745.00        1.718009E+14   7.2213E-06   7.3432E-06   0.98339
FLUX  818  1755.00        1.708219E+14   7.2342E-06   7.2775E-06   0.99405
FLUX  819  1765.00        1.698541E+14   7.1640E-06   7.2125E-06   0.99327
FLUX  820  1775.00        1.688972E+14   7.1117E-06   7.1484E-06   0.99486
FLUX  821  1785.00        1.679510E+14   7.0583E-06   7.0851E-06   0.99623
FLUX  822  1795.00        1.670153E+14   7.0048E-06   7.0225E-06   0.99747
FLUX  823  1805.00        1.660900E+14   6.9169E-06   6.9607E-06   0.99370
FLUX  824  1815.00        1.651749E+14   6.5328E-06   6.8997E-06   0.94682
FLUX  825  1825.00        1.642699E+14   6.7215E-06   6.8395E-06   0.98276
FLUX  826  1835.00        1.633747E+14   6.7441E-06   6.7799E-06   0.99473
FLUX  827  1845.00        1.624892E+14   6.6626E-06   6.7211E-06   0.99129
FLUX  828  1855.00        1.616132E+14   6.6277E-06   6.6630E-06   0.99470
FLUX  829  1865.00        1.607466E+14   6.5346E-06   6.6056E-06   0.98925
FLUX  830  1875.00        1.598893E+14   6.0982E-06   6.5490E-06   0.93116
FLUX  831  1885.00        1.590411E+14   6.4184E-06   6.4930E-06   0.98851
FLUX  832  1895.00        1.582018E+14   6.3301E-06   6.4377E-06   0.98329
FLUX  833  1905.00        1.573714E+14   6.3592E-06   6.3831E-06   0.99626
FLUX  834  1915.00        1.565496E+14   6.2961E-06   6.3291E-06   0.99478
FLUX  835  1925.00        1.557364E+14   6.2463E-06   6.2758E-06   0.99531
FLUX  836  1935.00        1.549315E+14   6.1519E-06   6.2231E-06   0.98855
FLUX  837  1945.00        1.541350E+14   5.7875E-06   6.1711E-06   0.93784
FLUX  838  1955.00        1.533465E+14   6.0617E-06   6.1197E-06   0.99052
FLUX  839  1965.00        1.525662E+14   6.0351E-06   6.0689E-06   0.99444
FLUX  840  1975.00        1.517937E+14   5.9658E-06   6.0187E-06   0.99120
FLUX  841  1985.00        1.510290E+14   5.9386E-06   5.9691E-06   0.99489
FLUX  842  1995.00        1.502719E+14   5.8899E-06   5.9201E-06   0.99489
FLUX  843  2005.00        1.495224E+14   5.8573E-06   5.8717E-06   0.99755
FLUX  844  2015.00        1.487804E+14   5.8194E-06   5.8239E-06   0.99923
FLUX  845  2025.00        1.480457E+14   5.7534E-06   5.7766E-06   0.99599
FLUX  846  2035.00        1.473182E+14   5.6866E-06   5.7298E-06   0.99245
FLUX  847  2045.00        1.465978E+14   5.6780E-06   5.6836E-06   0.99901
FLUX  848  2055.00        1.458844E+14   5.6277E-06   5.6379E-06   0.99819
FLUX  849  2065.00        1.451780E+14   5.5617E-06   5.5928E-06   0.99444
FLUX  850  2075.00        1.444783E+14   5.5321E-06   5.5482E-06   0.99709
FLUX  851  2085.00        1.437854E+14   5.4909E-06   5.5041E-06   0.99761
FLUX  852  2095.00        1.430990E+14   5.4285E-06   5.4605E-06   0.99414
FLUX  853  2105.00        1.424192E+14   5.4061E-06   5.4174E-06   0.99793
FLUX  854  2115.00        1.417459E+14   5.3573E-06   5.3748E-06   0.99675
FLUX  855  2125.00        1.410788E+14   5.3156E-06   5.3326E-06   0.99680
FLUX  856  2135.00        1.404180E+14   5.2769E-06   5.2910E-06   0.99733
FLUX  857  2145.00        1.397634E+14   5.2438E-06   5.2498E-06   0.99886
FLUX  858  2155.00        1.391148E+14   5.1879E-06   5.2091E-06   0.99593
FLUX  859  2165.00        1.384723E+14   4.8889E-06   5.1689E-06   0.94584
FLUX  860  2175.00        1.378356E+14   5.0788E-06   5.1291E-06   0.99020
FLUX  861  2185.00        1.372048E+14   5.0634E-06   5.0897E-06   0.99483
FLUX  862  2195.00        1.365797E+14   5.0471E-06   5.0508E-06   0.99926
FLUX  863  2205.00        1.359603E+14   4.9828E-06   5.0123E-06   0.99411
FLUX  864  2215.00        1.353465E+14   4.9641E-06   4.9742E-06   0.99797
FLUX  865  2225.00        1.347382E+14   4.9285E-06   4.9366E-06   0.99837
FLUX  866  2235.00        1.341353E+14   4.8915E-06   4.8993E-06   0.99841
FLUX  867  2245.00        1.335379E+14   4.8554E-06   4.8625E-06   0.99855
FLUX  868  2255.00        1.329457E+14   4.8058E-06   4.8261E-06   0.99581
FLUX  869  2265.00        1.323587E+14   4.7758E-06   4.7900E-06   0.99703
FLUX  870  2275.00        1.317769E+14   4.7475E-06   4.7544E-06   0.99855
FLUX  871  2285.00        1.312002E+14   4.7007E-06   4.7319E-06   0.99340
FLUX  872  2295.00        1.306285E+14   4.6711E-06   4.6969E-06   0.99450
FLUX  873  2305.00        1.300618E+14   4.6456E-06   4.6623E-06   0.99643
FLUX  874  2315.00        1.295000E+14   4.6064E-06   4.6281E-06   0.99533
FLUX  875  2325.00        1.289430E+14   4.5725E-06   4.5942E-06   0.99527
FLUX  876  2335.00        1.283908E+14   4.5354E-06   4.5607E-06   0.99444
FLUX  877  2345.00        1.278433E+14   4.5126E-06   4.5276E-06   0.99669
FLUX  878  2355.00        1.273004E+14   4.4716E-06   4.4948E-06   0.99484
FLUX  879  2365.00        1.267622E+14   4.4473E-06   4.4624E-06   0.99663
FLUX  880  2375.00        1.262284E+14   4.4053E-06   4.4303E-06   0.99435
FLUX  881  2385.00        1.256992E+14   4.3690E-06   4.3985E-06   0.99327
FLUX  882  2395.00        1.251743E+14   4.3504E-06   4.3671E-06   0.99616
FLUX  883  2405.00        1.246538E+14   4.3174E-06   4.3360E-06   0.99570
FLUX  884  2415.00        1.241377E+14   4.2791E-06   4.3053E-06   0.99392
FLUX  885  2425.00        1.236258E+14   4.2551E-06   4.2748E-06   0.99540
FLUX  886  2435.00        1.231181E+14   4.2203E-06   4.2447E-06   0.99426
FLUX  887  2445.00        1.226145E+14   4.1953E-06   4.2149E-06   0.99535
FLUX  888  2455.00        1.221151E+14   4.1510E-06   4.1854E-06   0.99179
FLUX  889  2465.00        1.216197E+14   4.1400E-06   4.1562E-06   0.99611
FLUX  890  2475.00        1.211283E+14   4.1033E-06   4.1273E-06   0.99419
FLUX  891  2485.00        1.206408E+14   4.0584E-06   4.0986E-06   0.99019
FLUX  892  2495.00        1.201573E+14   4.0463E-06   4.0703E-06   0.99410
FLUX  893  2505.00        1.196776E+14   4.0279E-06   4.0423E-06   0.99645
FLUX  894  2515.00        1.192018E+14   3.9996E-06   4.0145E-06   0.99628
FLUX  895  2525.00        1.187297E+14   3.9651E-06   3.9871E-06   0.99450
FLUX  896  2535.00        1.182613E+14   3.9457E-06   3.9599E-06   0.99641
FLUX  897  2545.00        1.177967E+14   3.9161E-06   3.9330E-06   0.99571
FLUX  898  2555.00        1.173356E+14   3.8856E-06   3.9063E-06   0.99471
FLUX  899  2565.00        1.168782E+14   3.8415E-06   3.8799E-06   0.99009
FLUX  900  2575.00        1.164243E+14   3.8447E-06   3.8538E-06   0.99764
FLUX  901  2585.00        1.159739E+14   3.7997E-06   3.8279E-06   0.99264
FLUX  902  2595.00        1.155270E+14   3.7912E-06   3.8023E-06   0.99709
FLUX  903  2605.00        1.150835E+14   3.7603E-06   3.7769E-06   0.99560
FLUX  904  2615.00        1.146434E+14   3.7055E-06   3.7518E-06   0.98767
FLUX  905  2625.00        1.142067E+14   3.5468E-06   3.7269E-06   0.95167
FLUX  906  2635.00        1.137732E+14   3.6710E-06   3.7023E-06   0.99155
FLUX  907  2645.00        1.133431E+14   3.6583E-06   3.6779E-06   0.99467
FLUX  908  2655.00        1.129162E+14   3.6364E-06   3.6538E-06   0.99526
FLUX  909  2665.00        1.124925E+14   3.5963E-06   3.6299E-06   0.99077
FLUX  910  2675.00        1.120720E+14   3.5546E-06   3.6062E-06   0.98571
FLUX  911  2685.00        1.116546E+14   3.5732E-06   3.5827E-06   0.99734
FLUX  912  2695.00        1.112403E+14   3.5553E-06   3.5595E-06   0.99882
FLUX  913  2705.00        1.108290E+14   3.5320E-06   3.5365E-06   0.99872
FLUX  914  2715.00        1.104208E+14   3.5084E-06   3.5137E-06   0.99849
FLUX  915  2725.00        1.100156E+14   3.4863E-06   3.4912E-06   0.99862
FLUX  916  2735.00        1.096133E+14   3.4647E-06   3.4688E-06   0.99882
FLUX  917  2745.00        1.092140E+14   3.4424E-06   3.4467E-06   0.99875
FLUX  918  2755.00        1.088176E+14   3.3670E-06   3.4247E-06   0.98314
FLUX  919  2765.00        1.084240E+14   3.3779E-06   3.4030E-06   0.99262
FLUX  920  2775.00        1.080333E+14   3.3761E-06   3.3815E-06   0.99842
FLUX  921  2785.00        1.076454E+14   3.3560E-06   3.3602E-06   0.99878
FLUX  922  2795.00        1.072603E+14   3.3372E-06   3.3390E-06   0.99946
FLUX  923  2805.00        1.068779E+14   3.3157E-06   3.3181E-06   0.99927
FLUX  924  2815.00        1.064982E+14   3.2962E-06   3.2974E-06   0.99964
FLUX  925  2825.00        1.061212E+14   3.2747E-06   3.2768E-06   0.99937
FLUX  926  2835.00        1.057469E+14   3.2561E-06   3.2565E-06   0.99989
FLUX  927  2845.00        1.053752E+14   3.2313E-06   3.2363E-06   0.99845
FLUX  928  2855.00        1.050061E+14   3.2138E-06   3.2163E-06   0.99922
FLUX  929  2865.00        1.046396E+14   3.1807E-06   3.1965E-06   0.99506
FLUX  930  2875.00        1.042757E+14   3.1061E-06   3.1769E-06   0.97771
FLUX  931  2885.00        1.039142E+14   3.1510E-06   3.1575E-06   0.99794
FLUX  932  2895.00        1.035553E+14   3.1365E-06   3.1382E-06   0.99944
FLUX  933  2905.00        1.031988E+14   3.1173E-06   3.1191E-06   0.99940
FLUX  934  2915.00        1.028448E+14   3.0980E-06   3.1002E-06   0.99928
FLUX  935  2925.00        1.024932E+14   3.0756E-06   3.0815E-06   0.99809
FLUX  936  2935.00        1.021440E+14   3.0612E-06   3.0629E-06   0.99943
FLUX  937  2945.00        1.017971E+14   3.0405E-06   3.0445E-06   0.99867
FLUX  938  2955.00        1.014526E+14   3.0249E-06   3.0263E-06   0.99956
FLUX  939  2965.00        1.011105E+14   3.0069E-06   3.0082E-06   0.99957
FLUX  940  2975.00        1.007706E+14   2.9887E-06   2.9903E-06   0.99947
FLUX  941  2985.00        1.004330E+14   2.9717E-06   2.9725E-06   0.99972
FLUX  942  2995.00        1.000977E+14   2.9518E-06   2.9549E-06   0.99895
FLUX  943  3005.00        9.976456E+13   2.9345E-06   2.9375E-06   0.99899
FLUX  944  3015.00        9.943366E+13   2.9186E-06   2.9202E-06   0.99946
FLUX  945  3025.00        9.910496E+13   2.8994E-06   2.9030E-06   0.99877
FLUX  946  3035.00        9.877842E+13   2.8237E-06   2.8860E-06   0.97839
FLUX  947  3045.00        9.845402E+13   2.8402E-06   2.8691E-06   0.98990
FLUX  948  3055.00        9.813175E+13   2.8496E-06   2.8524E-06   0.99903
FLUX  949  3065.00        9.781158E+13   2.8311E-06   2.8358E-06   0.99837
FLUX  950  3075.00        9.749349E+13   2.8185E-06   2.8193E-06   0.99971
FLUX  951  3085.00        9.717747E+13   2.7989E-06   2.8030E-06   0.99856
FLUX  952  3095.00        9.686349E+13   2.7828E-06   2.7868E-06   0.99858
FLUX  953  3105.00        9.655153E+13   2.7691E-06   2.7707E-06   0.99942
FLUX  954  3115.00        9.624157E+13   2.7412E-06   2.7548E-06   0.99503
FLUX  955  3125.00        9.593360E+13   2.7365E-06   2.7391E-06   0.99906
FLUX  956  3135.00        9.562759E+13   2.7211E-06   2.7234E-06   0.99913
FLUX  957  3145.00        9.532353E+13   2.7062E-06   2.7079E-06   0.99936
FLUX  958  3155.00        9.502139E+13   2.6854E-06   2.6926E-06   0.99732
FLUX  959  3165.00        9.472117E+13   2.6756E-06   2.6773E-06   0.99935
FLUX  960  3175.00        9.442283E+13   2.6585E-06   2.6622E-06   0.99862
FLUX  961  3185.00        9.412637E+13   2.6452E-06   2.6472E-06   0.99923
FLUX  962  3195.00        9.383177E+13   2.6316E-06   2.6324E-06   0.99972
FLUX  963  3210.00        9.339330E+13   2.6076E-06   2.6103E-06   0.99895
FLUX  964  3230.00        9.281501E+13   2.5796E-06   2.5813E-06   0.99932
FLUX  965  3250.00        9.224385E+13   2.5510E-06   2.5528E-06   0.99928
FLUX  966  3270.00        9.167966E+13   2.5226E-06   2.5248E-06   0.99913
FLUX  967  3290.00        9.112234E+13   2.4548E-06   2.4987E-06   0.98245
FLUX  968  3310.00        9.057175E+13   2.4618E-06   2.4715E-06   0.99606
FLUX  969  3330.00        9.002778E+13   2.4379E-06   2.4448E-06   0.99717
FLUX  970  3350.00        8.949030E+13   2.4156E-06   2.4185E-06   0.99882
FLUX  971  3370.00        8.895920E+13   2.3881E-06   2.3926E-06   0.99811
FLUX  972  3390.00        8.843436E+13   2.3604E-06   2.3671E-06   0.99718
FLUX  973  3410.00        8.791569E+13   2.3349E-06   2.3421E-06   0.99693
FLUX  974  3430.00        8.740306E+13   2.3150E-06   2.3174E-06   0.99897
FLUX  975  3450.00        8.689638E+13   2.2916E-06   2.2931E-06   0.99935
FLUX  976  3470.00        8.639553E+13   2.2676E-06   2.2692E-06   0.99929
FLUX  977  3490.00        8.590043E+13   2.2444E-06   2.2456E-06   0.99944
FLUX  978  3510.00        8.541097E+13   2.2211E-06   2.2225E-06   0.99939
FLUX  979  3530.00        8.492705E+13   2.1969E-06   2.1997E-06   0.99876
FLUX  980  3550.00        8.444859E+13   2.1761E-06   2.1772E-06   0.99948
FLUX  981  3570.00        8.397549E+13   2.1522E-06   2.1551E-06   0.99865
FLUX  982  3590.00        8.350766E+13   2.1306E-06   2.1333E-06   0.99875
FLUX  983  3610.00        8.304501E+13   2.1113E-06   2.1118E-06   0.99976
FLUX  984  3630.00        8.258746E+13   2.0898E-06   2.0907E-06   0.99959
FLUX  985  3650.00        8.213493E+13   2.0660E-06   2.0698E-06   0.99816
FLUX  986  3670.00        8.168733E+13   2.0449E-06   2.0493E-06   0.99783
FLUX  987  3690.00        8.124458E+13   2.0210E-06   2.0291E-06   0.99603
FLUX  988  3710.00        8.080660E+13   2.0026E-06   2.0092E-06   0.99673
FLUX  989  3730.00        8.037332E+13   1.9757E-06   1.9895E-06   0.99304
FLUX  990  3750.00        7.994467E+13   1.9404E-06   1.9702E-06   0.98490
FLUX  991  3770.00        7.952056E+13   1.9475E-06   1.9511E-06   0.99816
FLUX  992  3790.00        7.910092E+13   1.9289E-06   1.9323E-06   0.99822
FLUX  993  3810.00        7.868569E+13   1.9099E-06   1.9138E-06   0.99797
FLUX  994  3830.00        7.827480E+13   1.8933E-06   1.8955E-06   0.99882
FLUX  995  3850.00        7.786818E+13   1.8764E-06   1.8775E-06   0.99941
FLUX  996  3870.00        7.746576E+13   1.8571E-06   1.8598E-06   0.99856
FLUX  997  3890.00        7.706748E+13   1.8394E-06   1.8423E-06   0.99841
FLUX  998  3910.00        7.667327E+13   1.8219E-06   1.8251E-06   0.99825
FLUX  999  3930.00        7.628308E+13   1.8068E-06   1.8080E-06   0.99929
FLUX 1000  3950.00        7.589683E+13   1.7883E-06   1.7913E-06   0.99836
FLUX 1001  3970.00        7.551448E+13   1.7736E-06   1.7747E-06   0.99938
FLUX 1002  3990.00        7.513596E+13   1.7534E-06   1.7584E-06   0.99711
FLUX 1003  4010.00        7.476122E+13   1.7373E-06   1.7423E-06   0.99708
FLUX 1004  4030.00        7.439020E+13   1.7224E-06   1.7265E-06   0.99763
FLUX 1005  4050.00        7.402284E+13   1.6860E-06   1.7108E-06   0.98548
FLUX 1006  4070.00        7.365909E+13   1.6925E-06   1.6954E-06   0.99833
FLUX 1007  4090.00        7.329890E+13   1.6777E-06   1.6801E-06   0.99856
FLUX 1008  4110.00        7.294221E+13   1.6640E-06   1.6651E-06   0.99934
FLUX 1009  4130.00        7.258898E+13   1.6497E-06   1.6503E-06   0.99966
FLUX 1010  4150.00        7.223916E+13   1.6337E-06   1.6357E-06   0.99878
FLUX 1011  4170.00        7.189269E+13   1.6146E-06   1.6212E-06   0.99590
FLUX 1012  4190.00        7.154952E+13   1.6053E-06   1.6070E-06   0.99897
FLUX 1013  4210.00        7.120962E+13   1.5875E-06   1.5929E-06   0.99663
FLUX 1014  4230.00        7.087293E+13   1.5789E-06   1.5790E-06   0.99993
FLUX 1015  4250.00        7.053941E+13   1.5641E-06   1.5653E-06   0.99920
FLUX 1016  4270.00        7.020902E+13   1.5515E-06   1.5518E-06   0.99977
FLUX 1017  4290.00        6.988170E+13   1.5349E-06   1.5385E-06   0.99765
FLUX 1018  4310.00        6.955742E+13   1.5179E-06   1.5253E-06   0.99516
FLUX 1019  4330.00        6.923614E+13   1.5051E-06   1.5123E-06   0.99522
FLUX 1020  4350.00        6.891782E+13   1.4875E-06   1.4994E-06   0.99201
FLUX 1021  4370.00        6.860240E+13   1.4657E-06   1.4868E-06   0.98583
FLUX 1022  4390.00        6.828986E+13   1.4604E-06   1.4742E-06   0.99061
FLUX 1023  4410.00        6.798016E+13   1.4431E-06   1.4619E-06   0.98715
FLUX 1024  4430.00        6.767325E+13   1.4327E-06   1.4497E-06   0.98829
FLUX 1025  4450.00        6.736910E+13   1.4212E-06   1.4376E-06   0.98857
FLUX 1026  4470.00        6.706767E+13   1.4059E-06   1.4259E-06   0.98596
FLUX 1027  4490.00        6.676893E+13   1.3968E-06   1.4142E-06   0.98772
FLUX 1028  4510.00        6.647284E+13   1.3843E-06   1.4025E-06   0.98696
FLUX 1029  4530.00        6.617936E+13   1.3712E-06   1.3911E-06   0.98570
FLUX 1030  4550.00        6.588846E+13   1.3621E-06   1.3797E-06   0.98720
FLUX 1031  4570.00        6.560011E+13   1.3521E-06   1.3685E-06   0.98801
FLUX 1032  4590.00        6.531427E+13   1.3386E-06   1.3575E-06   0.98609
FLUX 1033  4610.00        6.503091E+13   1.3309E-06   1.3465E-06   0.98835
FLUX 1034  4630.00        6.475000E+13   1.3196E-06   1.3357E-06   0.98792
FLUX 1035  4650.00        6.447150E+13   1.2963E-06   1.3251E-06   0.97828
FLUX 1036  4670.00        6.419540E+13   1.2927E-06   1.3145E-06   0.98339
FLUX 1037  4690.00        6.392164E+13   1.2916E-06   1.3041E-06   0.99037
FLUX 1038  4710.00        6.365021E+13   1.2821E-06   1.2938E-06   0.99095
FLUX 1039  4730.00        6.338108E+13   1.2738E-06   1.2836E-06   0.99230
FLUX 1040  4750.00        6.311421E+13   1.2633E-06   1.2736E-06   0.99192
FLUX 1041  4770.00        6.284958E+13   1.2536E-06   1.2637E-06   0.99207
FLUX 1042  4790.00        6.258716E+13   1.2448E-06   1.2538E-06   0.99278
FLUX 1043  4810.00        6.232692E+13   1.2339E-06   1.2441E-06   0.99182
FLUX 1044  4830.00        6.206884E+13   1.2260E-06   1.2345E-06   0.99313
FLUX 1045  4850.00        6.181289E+13   1.2160E-06   1.2251E-06   0.99259
FLUX 1046  4870.00        6.155903E+13   1.2068E-06   1.2157E-06   0.99266
FLUX 1047  4890.00        6.130726E+13   1.1977E-06   1.2064E-06   0.99277
FLUX 1048  4910.00        6.105753E+13   1.1891E-06   1.1972E-06   0.99323
FLUX 1049  4930.00        6.080984E+13   1.1797E-06   1.1882E-06   0.99285
FLUX 1050  4950.00        6.056414E+13   1.1708E-06   1.1792E-06   0.99289
FLUX 1051  4970.00        6.032042E+13   1.1618E-06   1.1704E-06   0.99265
FLUX 1052  4990.00        6.007866E+13   1.1548E-06   1.1616E-06   0.99411
FLUX 1053  5010.00        5.983882E+13   1.1445E-06   1.1530E-06   0.99266
FLUX 1054  5030.00        5.960089E+13   1.1375E-06   1.1444E-06   0.99398
FLUX 1055  5050.00        5.936485E+13   1.1273E-06   1.1359E-06   0.99240
FLUX 1056  5070.00        5.913067E+13   1.1199E-06   1.1276E-06   0.99319
FLUX 1057  5090.00        5.889833E+13   1.1126E-06   1.1193E-06   0.99402
FLUX 1058  5110.00        5.866781E+13   1.1031E-06   1.1111E-06   0.99280
FLUX 1059  5130.00        5.843908E+13   1.0885E-06   1.1030E-06   0.98686
FLUX 1060  5150.00        5.821214E+13   1.0879E-06   1.0950E-06   0.99358
FLUX 1061  5170.00        5.798694E+13   1.0815E-06   1.0870E-06   0.99488
FLUX 1062  5190.00        5.776349E+13   1.0727E-06   1.0792E-06   0.99395
FLUX 1063  5210.00        5.754175E+13   1.0647E-06   1.0715E-06   0.99371
FLUX 1064  5230.00        5.732170E+13   1.0572E-06   1.0638E-06   0.99385
FLUX 1065  5250.00        5.710333E+13   1.0506E-06   1.0562E-06   0.99474
FLUX 1066  5270.00        5.688662E+13   1.0436E-06   1.0487E-06   0.99517
FLUX 1067  5290.00        5.667155E+13   1.0351E-06   1.0413E-06   0.99411
FLUX 1068  5310.00        5.645810E+13   1.0289E-06   1.0339E-06   0.99521
FLUX 1069  5330.00        5.624625E+13   1.0212E-06   1.0266E-06   0.99476
FLUX 1070  5350.00        5.603598E+13   1.0147E-06   1.0194E-06   0.99538
FLUX 1071  5370.00        5.582728E+13   1.0071E-06   1.0123E-06   0.99490
FLUX 1072  5390.00        5.562013E+13   1.0008E-06   1.0053E-06   0.99553
FLUX 1073  5410.00        5.541451E+13   9.9427E-07   9.9829E-07   0.99597
FLUX 1074  5430.00        5.521040E+13   9.8638E-07   9.9139E-07   0.99495
FLUX 1075  5450.00        5.500780E+13   9.8082E-07   9.8456E-07   0.99621
FLUX 1076  5470.00        5.480667E+13   9.7319E-07   9.7780E-07   0.99529
FLUX 1077  5490.00        5.460701E+13   9.6706E-07   9.7111E-07   0.99584
FLUX 1078  5510.00        5.440880E+13   9.6124E-07   9.6449E-07   0.99663
FLUX 1079  5530.00        5.421202E+13   9.5482E-07   9.5793E-07   0.99675
FLUX 1080  5550.00        5.401667E+13   9.4806E-07   9.5144E-07   0.99644
FLUX 1081  5570.00        5.382271E+13   9.4263E-07   9.4502E-07   0.99746
FLUX 1082  5590.00        5.363014E+13   9.3475E-07   9.3867E-07   0.99583
FLUX 1083  5610.00        5.343895E+13   9.2971E-07   9.3237E-07   0.99714
FLUX 1084  5630.00        5.324911E+13   9.2326E-07   9.2614E-07   0.99689
FLUX 1085  5650.00        5.306062E+13   9.1799E-07   9.1998E-07   0.99784
FLUX 1086  5670.00        5.287346E+13   9.1204E-07   9.1387E-07   0.99800
FLUX 1087  5690.00        5.268761E+13   9.0539E-07   9.0783E-07   0.99732
FLUX 1088  5710.00        5.250306E+13   8.9961E-07   9.0184E-07   0.99753
FLUX 1089  5730.00        5.231981E+13   8.9427E-07   8.9591E-07   0.99817
FLUX 1090  5750.00        5.213783E+13   8.8840E-07   8.9004E-07   0.99815
FLUX 1091  5770.00        5.195711E+13   8.8260E-07   8.8423E-07   0.99815
FLUX 1092  5790.00        5.177763E+13   8.7699E-07   8.7848E-07   0.99831
FLUX 1093  5810.00        5.159940E+13   8.7134E-07   8.7278E-07   0.99835
FLUX 1094  5830.00        5.142238E+13   8.6589E-07   8.6714E-07   0.99856
FLUX 1095  5850.00        5.124658E+13   8.6053E-07   8.6159E-07   0.99877
FLUX 1096  5870.00        5.107198E+13   8.5477E-07   8.5606E-07   0.99850
FLUX 1097  5890.00        5.089856E+13   8.4873E-07   8.5057E-07   0.99784
FLUX 1098  5910.00        5.072631E+13   8.3800E-07   8.4514E-07   0.99155
FLUX 1099  5930.00        5.055523E+13   8.3873E-07   8.3976E-07   0.99877
FLUX 1100  5950.00        5.038529E+13   8.3154E-07   8.3444E-07   0.99653
FLUX 1101  5970.00        5.021650E+13   8.2815E-07   8.2916E-07   0.99879
FLUX 1102  5990.00        5.004883E+13   8.2312E-07   8.2393E-07   0.99901
FLUX 1103  6010.00        4.988228E+13   8.1778E-07   8.1875E-07   0.99880
FLUX 1104  6030.00        4.971683E+13   8.1297E-07   8.1363E-07   0.99920
FLUX 1105  6050.00        4.955248E+13   8.0793E-07   8.0855E-07   0.99924
FLUX 1106  6070.00        4.938921E+13   8.0274E-07   8.0351E-07   0.99904
FLUX 1107  6090.00        4.922701E+13   7.9758E-07   7.9853E-07   0.99882
FLUX 1108  6110.00        4.906588E+13   7.9209E-07   7.9358E-07   0.99812
FLUX 1109  6130.00        4.890579E+13   7.8804E-07   7.8869E-07   0.99918
FLUX 1110  6150.00        4.874675E+13   7.8340E-07   7.8384E-07   0.99944
FLUX 1111  6170.00        4.858874E+13   7.7858E-07   7.7904E-07   0.99942
FLUX 1112  6190.00        4.843174E+13   7.7387E-07   7.7427E-07   0.99948
FLUX 1113  6210.00        4.827576E+13   7.6923E-07   7.6956E-07   0.99957
FLUX 1114  6230.00        4.812079E+13   7.6364E-07   7.6488E-07   0.99838
FLUX 1115  6250.00        4.796680E+13   7.5953E-07   7.6025E-07   0.99905
FLUX 1116  6270.00        4.781380E+13   7.5501E-07   7.5566E-07   0.99914
FLUX 1117  6290.00        4.766176E+13   7.4939E-07   7.5111E-07   0.99771
FLUX 1118  6310.00        4.751070E+13   7.4572E-07   7.4660E-07   0.99882
FLUX 1119  6330.00        4.736058E+13   7.4194E-07   7.4214E-07   0.99974
FLUX 1120  6350.00        4.721142E+13   7.3746E-07   7.3771E-07   0.99967
FLUX 1121  6370.00        4.706319E+13   7.3299E-07   7.3332E-07   0.99954
FLUX 1122  6390.00        4.691588E+13   7.2864E-07   7.2897E-07   0.99954
FLUX 1123  6420.00        4.669665E+13   7.2234E-07   7.2252E-07   0.99975
FLUX 1124  6460.00        4.640751E+13   7.1369E-07   7.1405E-07   0.99949
FLUX 1125  6500.00        4.612192E+13   7.0527E-07   7.0573E-07   0.99935
FLUX 1126  6540.00        4.583983E+13   6.9747E-07   6.9756E-07   0.99987
FLUX 1127  6580.00        4.556117E+13   6.8946E-07   6.8952E-07   0.99990
FLUX 1128  6620.00        4.528588E+13   6.8148E-07   6.8163E-07   0.99978
FLUX 1129  6660.00        4.501389E+13   6.7381E-07   6.7387E-07   0.99991
FLUX 1130  6700.00        4.474515E+13   6.6612E-07   6.6624E-07   0.99982
FLUX 1131  6740.00        4.447960E+13   6.5850E-07   6.5874E-07   0.99964
FLUX 1132  6780.00        4.421718E+13   6.5048E-07   6.5136E-07   0.99865
FLUX 1133  6820.00        4.395784E+13   6.4404E-07   6.4411E-07   0.99989
FLUX 1134  6860.00        4.370153E+13   6.3691E-07   6.3698E-07   0.99990
FLUX 1135  6900.00        4.344819E+13   6.2989E-07   6.2996E-07   0.99988
FLUX 1136  6940.00        4.319777E+13   6.2291E-07   6.2306E-07   0.99976
FLUX 1137  6980.00        4.295021E+13   6.1624E-07   6.1628E-07   0.99993
FLUX 1138  7020.00        4.270548E+13   6.0933E-07   6.0960E-07   0.99955
FLUX 1139  7060.00        4.246353E+13   6.0297E-07   6.0303E-07   0.99990
FLUX 1140  7100.00        4.222430E+13   5.9655E-07   5.9657E-07   0.99997
FLUX 1141  7140.00        4.198774E+13   5.9016E-07   5.9021E-07   0.99992
FLUX 1142  7180.00        4.175383E+13   5.8390E-07   5.8395E-07   0.99991
FLUX 1143  7220.00        4.152251E+13   5.7769E-07   5.7779E-07   0.99983
FLUX 1144  7260.00        4.129373E+13   5.7164E-07   5.7173E-07   0.99984
FLUX 1145  7300.00        4.106747E+13   5.6575E-07   5.6576E-07   0.99998
FLUX 1146  7340.00        4.084366E+13   5.5974E-07   5.5989E-07   0.99974
FLUX 1147  7380.00        4.062229E+13   5.5409E-07   5.5410E-07   0.99997
FLUX 1148  7420.00        4.040330E+13   5.4834E-07   5.4841E-07   0.99987
FLUX 1149  7460.00        4.018666E+13   5.4027E-07   5.4280E-07   0.99533
FLUX 1150  7500.00        3.997233E+13   5.3455E-07   5.3728E-07   0.99492
FLUX 1151  7540.00        3.976028E+13   5.3176E-07   5.3185E-07   0.99984
FLUX 1152  7580.00        3.955046E+13   5.2646E-07   5.2649E-07   0.99994
FLUX 1153  7620.00        3.934285E+13   5.2117E-07   5.2122E-07   0.99992
FLUX 1154  7660.00        3.913740E+13   5.1601E-07   5.1602E-07   0.99998
FLUX 1155  7700.00        3.893409E+13   5.1082E-07   5.1090E-07   0.99985
FLUX 1156  7740.00        3.873288E+13   5.0585E-07   5.0586E-07   0.99998
FLUX 1157  7780.00        3.853374E+13   5.0088E-07   5.0089E-07   0.99998
FLUX 1158  7820.00        3.833664E+13   4.9599E-07   4.9599E-07   0.99999
FLUX 1159  7860.00        3.814154E+13   4.9117E-07   4.9117E-07   0.99999
FLUX 1160  7900.00        3.794842E+13   4.8641E-07   4.8642E-07   0.99998
FLUX 1161  7940.00        3.775724E+13   4.8172E-07   4.8173E-07   0.99998
FLUX 1162  7980.00        3.756798E+13   4.7710E-07   4.7711E-07   0.99998
FLUX 1163  8020.00        3.738061E+13   4.7251E-07   4.7256E-07   0.99990
FLUX 1164  8060.00        3.719510E+13   4.6799E-07   4.6807E-07   0.99982
FLUX 1165  8100.00        3.701142E+13   4.6364E-07   4.6365E-07   0.99998
FLUX 1166  8140.00        3.682955E+13   4.5912E-07   4.5929E-07   0.99964
FLUX 1167  8180.00        3.664945E+13   4.5490E-07   4.5499E-07   0.99981
FLUX 1168  8220.00        3.647111E+13   4.5074E-07   4.5074E-07   0.99998
FLUX 1169  8260.00        3.629449E+13   4.4655E-07   4.4656E-07   0.99997
FLUX 1170  8300.00        3.611958E+13   4.4243E-07   4.4244E-07   0.99997
FLUX 1171  8340.00        3.594634E+13   4.3829E-07   4.3837E-07   0.99980
FLUX 1172  8380.00        3.577476E+13   4.3431E-07   4.3436E-07   0.99988
FLUX 1173  8420.00        3.560481E+13   4.3039E-07   4.3041E-07   0.99998
FLUX 1174  8460.00        3.543647E+13   4.2649E-07   4.2650E-07   0.99998
FLUX 1175  8500.00        3.526971E+13   4.2265E-07   4.2265E-07   0.99998
FLUX 1176  8540.00        3.510451E+13   4.1885E-07   4.1886E-07   0.99998
FLUX 1177  8580.00        3.494085E+13   4.1510E-07   4.1511E-07   0.99997
FLUX 1178  8620.00        3.477871E+13   4.1138E-07   4.1141E-07   0.99992
FLUX 1179  8660.00        3.461807E+13   4.0768E-07   4.0776E-07   0.99979
FLUX 1180  8700.00        3.445891E+13   4.0416E-07   4.0417E-07   0.99999
FLUX 1181  8740.00        3.430120E+13   4.0022E-07   4.0061E-07   0.99901
FLUX 1182  8780.00        3.414493E+13   3.9671E-07   3.9711E-07   0.99899
FLUX 1183  8820.00        3.399008E+13   3.9360E-07   3.9365E-07   0.99987
FLUX 1184  8860.00        3.383662E+13   3.9017E-07   3.9023E-07   0.99984
FLUX 1185  8900.00        3.368455E+13   3.8679E-07   3.8686E-07   0.99982
FLUX 1186  8940.00        3.353384E+13   3.8350E-07   3.8354E-07   0.99990
FLUX 1187  8980.00        3.338447E+13   3.8014E-07   3.8025E-07   0.99971
FLUX 1188  9020.00        3.323642E+13   3.7697E-07   3.7701E-07   0.99988
FLUX 1189  9060.00        3.308968E+13   3.7381E-07   3.7381E-07   0.99999
FLUX 1190  9100.00        3.294423E+13   3.7056E-07   3.7065E-07   0.99976
FLUX 1191  9140.00        3.280005E+13   3.6746E-07   3.6753E-07   0.99981
FLUX 1192  9180.00        3.265713E+13   3.6442E-07   3.6445E-07   0.99993
FLUX 1193  9220.00        3.251546E+13   3.6140E-07   3.6141E-07   0.99997
FLUX 1194  9260.00        3.237500E+13   3.5837E-07   3.5840E-07   0.99992
FLUX 1195  9300.00        3.223575E+13   3.5543E-07   3.5543E-07   0.99999
FLUX 1196  9340.00        3.209770E+13   3.5247E-07   3.5250E-07   0.99991
FLUX 1197  9380.00        3.196082E+13   3.4940E-07   3.4961E-07   0.99939
FLUX 1198  9420.00        3.182511E+13   3.4674E-07   3.4675E-07   0.99998
FLUX 1199  9460.00        3.169054E+13   3.4388E-07   3.4393E-07   0.99988
FLUX 1200  9500.00        3.155710E+13   3.4113E-07   3.4114E-07   0.99998
FLUX 1201  9540.00        3.142479E+13   3.3834E-07   3.3838E-07   0.99989
FLUX 1202  9580.00        3.129358E+13   3.3561E-07   3.3566E-07   0.99986
FLUX 1203  9620.00        3.116346E+13   3.3292E-07   3.3297E-07   0.99988
FLUX 1204  9660.00        3.103442E+13   3.3025E-07   3.3031E-07   0.99984
FLUX 1205  9700.00        3.090644E+13   3.2768E-07   3.2768E-07   0.99998
FLUX 1206  9740.00        3.077952E+13   3.2498E-07   3.2509E-07   0.99969
FLUX 1207  9780.00        3.065363E+13   3.2242E-07   3.2252E-07   0.99968
FLUX 1208  9820.00        3.052877E+13   3.1996E-07   3.1999E-07   0.99992
FLUX 1209  9860.00        3.040492E+13   3.1746E-07   3.1748E-07   0.99994
FLUX 1210  9900.00        3.028207E+13   3.1497E-07   3.1501E-07   0.99990
FLUX 1211  9940.00        3.016021E+13   3.1248E-07   3.1256E-07   0.99975
FLUX 1212  9980.00        3.003933E+13   3.1012E-07   3.1014E-07   0.99994
FLUX 1213 10020.00        2.991941E+13   3.0773E-07   3.0775E-07   0.99994
FLUX 1214 20000.00        1.498962E+13   7.9652E-08   7.9653E-08   0.99999
FLUX 1215 40000.00        7.494812E+12   2.0081E-08   2.0081E-08   1.00000
FLUX 1216 60000.00        4.996542E+12   8.9016E-09   8.9016E-09   1.00000
FLUX 1217 80000.00        3.747406E+12   4.9852E-09   4.9852E-09   1.00000
FLUX 1218100000.00        2.997925E+12   3.1761E-09   3.1761E-09   1.00000
FLUX 1219120000.00        2.498271E+12   2.1961E-09   2.1961E-09   1.00000
FLUX 1220140000.00        2.141375E+12   1.6071E-09   1.6071E-09   1.00000
FLUX 1221160000.00        1.873703E+12   1.2259E-09   1.2259E-09   1.00000
FLUX
