TEFF  31000.  GRAVITY 4.00000 LTE 
TITLE  [-1.0] VTURB=2  L/H=1.25 NOVER NEW ODF                                   
FLUX    1     9.09        3.298047E+16   7.5840E-35   7.6083E-35   0.99681
FLUX    2     9.35        3.206337E+16   5.1935E-34   5.2097E-34   0.99690
FLUX    3     9.61        3.119589E+16   3.2255E-33   3.2355E-33   0.99692
FLUX    4     9.77        3.068501E+16   9.4886E-33   9.5169E-33   0.99703
FLUX    5     9.96        3.009965E+16   3.2759E-32   3.2855E-32   0.99707
FLUX    6    10.20        2.939142E+16   1.4739E-31   1.4781E-31   0.99714
FLUX    7    10.38        2.888174E+16   4.3692E-31   4.3815E-31   0.99719
FLUX    8    10.56        2.838944E+16   1.2515E-30   1.2549E-30   0.99725
FLUX    9    10.77        2.783589E+16   4.1000E-30   4.1111E-30   0.99730
FLUX   10    11.04        2.715512E+16   1.7727E-29   1.7774E-29   0.99737
FLUX   11    11.40        2.629759E+16   1.1303E-28   1.1332E-28   0.99746
FLUX   12    11.78        2.544928E+16   7.1491E-28   7.1666E-28   0.99755
FLUX   13    12.13        2.471496E+16   3.5568E-27   3.5652E-27   0.99764
FLUX   14    12.48        2.402183E+16   1.6284E-26   1.6322E-26   0.99771
FLUX   15    12.71        2.358714E+16   4.2428E-26   4.2523E-26   0.99778
FLUX   16    12.84        2.334833E+16   7.1884E-26   7.2042E-26   0.99780
FLUX   17    13.05        2.297261E+16   1.6504E-25   1.6541E-25   0.99774
FLUX   18    13.24        2.264294E+16   3.4286E-25   3.4359E-25   0.99789
FLUX   19    13.39        2.238928E+16   6.0238E-25   6.0364E-25   0.99792
FLUX   20    13.66        2.194674E+16   1.6164E-24   1.6191E-24   0.99836
FLUX   21    13.98        2.144438E+16   4.9776E-24   4.9816E-24   0.99920
FLUX   22    14.33        2.092062E+16   1.6142E-23   1.6144E-23   0.99990
FLUX   23    14.72        2.036634E+16   5.6267E-23   5.6273E-23   0.99989
FLUX   24    15.10        1.985381E+16   1.7927E-22   1.7927E-22   0.99997
FLUX   25    15.52        1.931653E+16   6.0656E-22   6.0658E-22   0.99997
FLUX   26    15.88        1.887862E+16   1.6440E-21   1.6440E-21   0.99997
FLUX   27    16.20        1.850571E+16   3.8544E-21   3.8548E-21   0.99990
FLUX   28    16.60        1.805979E+16   1.0710E-20   1.0710E-20   0.99997
FLUX   29    17.03        1.760379E+16   3.0539E-20   3.0546E-20   0.99977
FLUX   30    17.34        1.728907E+16   6.3078E-20   6.3080E-20   0.99997
FLUX   31    17.68        1.695659E+16   1.3596E-19   1.3597E-19   0.99997
FLUX   32    18.02        1.663665E+16   2.8512E-19   2.8513E-19   0.99998
FLUX   33    18.17        1.649931E+16   3.9206E-19   3.9211E-19   0.99988
FLUX   34    18.61        1.610922E+16   9.7098E-19   9.7109E-19   0.99988
FLUX   35    19.10        1.569594E+16   2.5456E-18   2.5457E-18   0.99998
FLUX   36    19.39        1.546119E+16   4.4061E-18   4.4062E-18   0.99998
FLUX   37    19.84        1.511051E+16   1.0017E-17   1.0018E-17   0.99998
FLUX   38    20.18        1.485592E+16   1.8208E-17   1.8209E-17   0.99998
FLUX   39    20.50        1.462402E+16   3.1408E-17   3.1409E-17   0.99998
FLUX   40    21.05        1.424192E+16   7.7314E-17   7.7316E-17   0.99998
FLUX   41    21.62        1.386644E+16   1.8781E-16   1.8786E-16   0.99974
FLUX   42    21.98        1.363933E+16   3.2179E-16   3.2179E-16   0.99998
FLUX   43    22.30        1.344361E+16   5.1209E-16   5.1210E-16   0.99997
FLUX   44    22.68        1.321836E+16   8.7434E-16   8.7595E-16   0.99817
FLUX   45    23.00        1.303446E+16   8.9297E-13   2.4146E-12   0.36982
FLUX   46    23.40        1.281165E+16   2.8927E-12   3.6270E-12   0.79755
FLUX   47    24.00        1.249135E+16   5.3128E-12   6.5182E-12   0.81508
FLUX   48    24.65        1.216197E+16   1.0162E-11   1.1937E-11   0.85136
FLUX   49    25.24        1.187767E+16   1.7741E-11   2.0314E-11   0.87330
FLUX   50    25.68        1.167416E+16   2.1259E-11   2.9876E-11   0.71159
FLUX   51    26.00        1.153048E+16   3.8740E-11   4.5849E-11   0.84494
FLUX   52    26.40        1.135578E+16   5.6870E-11   7.0196E-11   0.81016
FLUX   53    26.85        1.116546E+16   8.4800E-11   9.8580E-11   0.86021
FLUX   54    27.35        1.096133E+16   1.2287E-10   1.4199E-10   0.86533
FLUX   55    27.85        1.076454E+16   1.6818E-10   2.0219E-10   0.83179
FLUX   56    28.40        1.055607E+16   3.1033E-10   3.3840E-10   0.91707
FLUX   57    29.00        1.033767E+16   4.6242E-10   4.9790E-10   0.92874
FLUX   58    29.60        1.012813E+16   6.4554E-10   7.2070E-10   0.89571
FLUX   59    30.10        9.959884E+15   7.7445E-10   1.0745E-09   0.72076
FLUX   60    30.80        9.733523E+15   1.2941E-09   2.0601E-09   0.62817
FLUX   61    31.80        9.427437E+15   3.0917E-09   3.4598E-09   0.89360
FLUX   62    32.80        9.140015E+15   4.9200E-09   5.6483E-09   0.87105
FLUX   63    33.80        8.869601E+15   8.4782E-09   8.9663E-09   0.94556
FLUX   64    34.80        8.614727E+15   1.3527E-08   1.3895E-08   0.97354
FLUX   65    35.70        8.397549E+15   2.1165E-08   2.3546E-08   0.89887
FLUX   66    36.60        8.191052E+15   3.2727E-08   3.4448E-08   0.95004
FLUX   67    37.50        7.994467E+15   4.4189E-08   4.7599E-08   0.92835
FLUX   68    38.50        7.786818E+15   6.5041E-08   6.7347E-08   0.96576
FLUX   69    39.50        7.589684E+15   9.2601E-08   9.5674E-08   0.96789
FLUX   70    40.50        7.402284E+15   1.2530E-07   1.2995E-07   0.96428
FLUX   71    41.40        7.241365E+15   1.6639E-07   1.7001E-07   0.97875
FLUX   72    42.20        7.104088E+15   2.0339E-07   2.1308E-07   0.95451
FLUX   73    43.00        6.971919E+15   2.5229E-07   2.6418E-07   0.95498
FLUX   74    44.10        6.798016E+15   3.3805E-07   3.5049E-07   0.96451
FLUX   75    45.10        6.647284E+15   4.3226E-07   4.4754E-07   0.96586
FLUX   76    46.00        6.517228E+15   5.2329E-07   5.5224E-07   0.94758
FLUX   77    47.00        6.378564E+15   6.6274E-07   6.9080E-07   0.95939
FLUX   78    48.00        6.245677E+15   8.2288E-07   8.5523E-07   0.96217
FLUX   79    49.00        6.118214E+15   1.0005E-06   1.0498E-06   0.95298
FLUX   80    50.00        5.995850E+15   1.2471E-06   1.2761E-06   0.97722
FLUX   81    50.60        5.924753E+15   5.5949E-06   3.0454E-05   0.18372
FLUX   82    51.20        5.855322E+15   2.3338E-05   3.2094E-05   0.72716
FLUX   83    52.00        5.765240E+15   2.2944E-05   3.2804E-05   0.69942
FLUX   84    53.00        5.656462E+15   2.2973E-05   3.3788E-05   0.67992
FLUX   85    54.00        5.551713E+15   2.1830E-05   3.4892E-05   0.62564
FLUX   86    55.00        5.450773E+15   2.6142E-05   3.6141E-05   0.72334
FLUX   87    56.00        5.353438E+15   3.0506E-05   3.7501E-05   0.81347
FLUX   88    57.00        5.259518E+15   3.2985E-05   3.8979E-05   0.84624
FLUX   89    58.00        5.168836E+15   3.1664E-05   4.0628E-05   0.77936
FLUX   90    59.00        5.081229E+15   3.5516E-05   4.2336E-05   0.83890
FLUX   91    60.00        4.996542E+15   3.5186E-05   4.4160E-05   0.79677
FLUX   92    61.00        4.914631E+15   3.9196E-05   4.6100E-05   0.85023
FLUX   93    62.00        4.835363E+15   4.4341E-05   4.8154E-05   0.92081
FLUX   94    63.00        4.758611E+15   4.5995E-05   5.0322E-05   0.91401
FLUX   95    64.00        4.684258E+15   4.7042E-05   5.2630E-05   0.89383
FLUX   96    65.00        4.612192E+15   5.0128E-05   5.5053E-05   0.91054
FLUX   97    65.80        4.556117E+15   5.0294E-05   5.7070E-05   0.88128
FLUX   98    66.50        4.508158E+15   5.3911E-05   5.8891E-05   0.91544
FLUX   99    67.50        4.441370E+15   5.7095E-05   6.1583E-05   0.92712
FLUX  100    68.50        4.376533E+15   5.5385E-05   6.4381E-05   0.86027
FLUX  101    69.50        4.313561E+15   6.4139E-05   6.7281E-05   0.95331
FLUX  102    70.50        4.252376E+15   6.2894E-05   7.0281E-05   0.89489
FLUX  103    71.60        4.187046E+15   7.1705E-05   7.3695E-05   0.97300
FLUX  104    72.60        4.129373E+15   7.3528E-05   7.6900E-05   0.95615
FLUX  105    73.50        4.078810E+15   7.6927E-05   7.9875E-05   0.96309
FLUX  106    74.50        4.024060E+15   8.0245E-05   8.3275E-05   0.96361
FLUX  107    75.50        3.970762E+15   8.2961E-05   8.6762E-05   0.95619
FLUX  108    76.50        3.918856E+15   8.6622E-05   9.0332E-05   0.95894
FLUX  109    77.50        3.868290E+15   9.0716E-05   9.3983E-05   0.96524
FLUX  110    78.50        3.819013E+15   9.6324E-05   9.7712E-05   0.98580
FLUX  111    79.50        3.770975E+15   9.9348E-05   1.0152E-04   0.97865
FLUX  112    80.50        3.724130E+15   1.0183E-04   1.0539E-04   0.96619
FLUX  113    81.50        3.678436E+15   1.0520E-04   1.0933E-04   0.96219
FLUX  114    82.50        3.633848E+15   1.1113E-04   1.1335E-04   0.98039
FLUX  115    83.50        3.590329E+15   1.0601E-04   1.1743E-04   0.90272
FLUX  116    84.50        3.547840E+15   1.1711E-04   1.2158E-04   0.96328
FLUX  117    85.50        3.506345E+15   1.2098E-04   1.2577E-04   0.96187
FLUX  118    86.50        3.465809E+15   1.2653E-04   1.3002E-04   0.97313
FLUX  119    87.50        3.426200E+15   1.3127E-04   1.3432E-04   0.97730
FLUX  120    88.50        3.387486E+15   1.3642E-04   1.3866E-04   0.98388
FLUX  121    89.50        3.349637E+15   1.4135E-04   1.4304E-04   0.98813
FLUX  122    90.50        3.312624E+15   1.4356E-04   1.4747E-04   0.97354
FLUX  123    91.50        3.276421E+15   1.7659E-04   2.3479E-03   0.07521
FLUX  124    92.50        3.241000E+15   7.2124E-04   2.3464E-03   0.30738
FLUX  125    93.50        3.206337E+15   1.1689E-03   2.3444E-03   0.49859
FLUX  126    94.50        3.172407E+15   1.6847E-03   2.3419E-03   0.71938
FLUX  127    95.50        3.139188E+15   1.8526E-03   2.3388E-03   0.79211
FLUX  128    96.50        3.106658E+15   2.1377E-03   2.3353E-03   0.91540
FLUX  129    97.50        3.074795E+15   1.2095E-03   2.3314E-03   0.51880
FLUX  130    98.50        3.043579E+15   2.0220E-03   2.3271E-03   0.86888
FLUX  131    99.50        3.012990E+15   1.9185E-03   2.3224E-03   0.82609
FLUX  132   100.50        2.983010E+15   2.0107E-03   2.3172E-03   0.86769
FLUX  133   101.50        2.953621E+15   2.0439E-03   2.3117E-03   0.88416
FLUX  134   102.50        2.924805E+15   1.5454E-03   2.3059E-03   0.67019
FLUX  135   103.50        2.896546E+15   2.0223E-03   2.2997E-03   0.87935
FLUX  136   104.50        2.868828E+15   2.2255E-03   2.2932E-03   0.97049
FLUX  137   105.50        2.841635E+15   2.2032E-03   2.2864E-03   0.96362
FLUX  138   106.50        2.814953E+15   2.0505E-03   2.2793E-03   0.89960
FLUX  139   107.50        2.788767E+15   2.1209E-03   2.2720E-03   0.93351
FLUX  140   108.50        2.763065E+15   2.0128E-03   2.2643E-03   0.88891
FLUX  141   109.50        2.737831E+15   2.1567E-03   2.2565E-03   0.95579
FLUX  142   110.50        2.713054E+15   2.1122E-03   2.2484E-03   0.93944
FLUX  143   111.50        2.688722E+15   2.1077E-03   2.2401E-03   0.94091
FLUX  144   112.50        2.664822E+15   1.9451E-03   2.2316E-03   0.87161
FLUX  145   113.50        2.641344E+15   2.1074E-03   2.2229E-03   0.94805
FLUX  146   114.50        2.618275E+15   2.0439E-03   2.2140E-03   0.92315
FLUX  147   115.50        2.595606E+15   2.0506E-03   2.2050E-03   0.93000
FLUX  148   116.50        2.573326E+15   2.0450E-03   2.1958E-03   0.93135
FLUX  149   117.50        2.551426E+15   1.6481E-03   2.1864E-03   0.75381
FLUX  150   118.50        2.529895E+15   1.9628E-03   2.1770E-03   0.90158
FLUX  151   119.50        2.508724E+15   1.9541E-03   2.1674E-03   0.90160
FLUX  152   120.50        2.487905E+15   1.8848E-03   2.1577E-03   0.87355
FLUX  153   121.50        2.467428E+15   1.4204E-03   2.1478E-03   0.66133
FLUX  154   122.50        2.447286E+15   1.9070E-03   2.1379E-03   0.89200
FLUX  155   123.50        2.427470E+15   1.9924E-03   2.1279E-03   0.93630
FLUX  156   124.50        2.407972E+15   1.9569E-03   2.1176E-03   0.92411
FLUX  157   125.50        2.388785E+15   1.9770E-03   2.1075E-03   0.93806
FLUX  158   126.50        2.369901E+15   2.0021E-03   2.0973E-03   0.95459
FLUX  159   127.50        2.351314E+15   2.0102E-03   2.0870E-03   0.96317
FLUX  160   128.50        2.333016E+15   2.0128E-03   2.0767E-03   0.96923
FLUX  161   129.50        2.315000E+15   1.9166E-03   2.0662E-03   0.92757
FLUX  162   130.50        2.297261E+15   1.9437E-03   2.0557E-03   0.94552
FLUX  163   131.50        2.279791E+15   1.9922E-03   2.0452E-03   0.97406
FLUX  164   132.50        2.262585E+15   1.9537E-03   2.0347E-03   0.96017
FLUX  165   133.50        2.245637E+15   1.9251E-03   2.0242E-03   0.95106
FLUX  166   134.50        2.228941E+15   1.9497E-03   2.0136E-03   0.96826
FLUX  167   135.50        2.212491E+15   1.9399E-03   2.0031E-03   0.96845
FLUX  168   136.50        2.196282E+15   1.9123E-03   1.9925E-03   0.95978
FLUX  169   137.50        2.180309E+15   1.9046E-03   1.9819E-03   0.96102
FLUX  170   138.50        2.164567E+15   1.8911E-03   1.9713E-03   0.95934
FLUX  171   139.50        2.149050E+15   1.7206E-03   1.9606E-03   0.87755
FLUX  172   140.50        2.133754E+15   1.7422E-03   1.9500E-03   0.89343
FLUX  173   141.50        2.118675E+15   1.8466E-03   1.9394E-03   0.95216
FLUX  174   142.50        2.103807E+15   1.7688E-03   1.9288E-03   0.91703
FLUX  175   143.50        2.089146E+15   1.8204E-03   1.9183E-03   0.94898
FLUX  176   144.20        2.079005E+15   1.8327E-03   1.9109E-03   0.95908
FLUX  177   144.70        2.071821E+15   1.8213E-03   1.9056E-03   0.95577
FLUX  178   145.50        2.060430E+15   1.7926E-03   1.8971E-03   0.94490
FLUX  179   146.50        2.046365E+15   1.7855E-03   1.8866E-03   0.94640
FLUX  180   147.50        2.032492E+15   1.7783E-03   1.8761E-03   0.94786
FLUX  181   148.50        2.018805E+15   1.7853E-03   1.8656E-03   0.95697
FLUX  182   149.50        2.005301E+15   1.7581E-03   1.8551E-03   0.94773
FLUX  183   150.50        1.991977E+15   1.7434E-03   1.8446E-03   0.94509
FLUX  184   151.20        1.982755E+15   1.7330E-03   1.8373E-03   0.94319
FLUX  185   151.70        1.976220E+15   1.7307E-03   1.8321E-03   0.94463
FLUX  186   152.50        1.965852E+15   1.7105E-03   1.8239E-03   0.93787
FLUX  187   153.50        1.953046E+15   1.6021E-03   1.8135E-03   0.88343
FLUX  188   154.50        1.940405E+15   1.5371E-03   1.8032E-03   0.85239
FLUX  189   155.50        1.927926E+15   1.5248E-03   1.7930E-03   0.85041
FLUX  190   156.50        1.915607E+15   1.5829E-03   1.7827E-03   0.88789
FLUX  191   157.50        1.903444E+15   1.6271E-03   1.7725E-03   0.91793
FLUX  192   158.50        1.891435E+15   1.6403E-03   1.7624E-03   0.93071
FLUX  193   159.50        1.879577E+15   1.6348E-03   1.7523E-03   0.93299
FLUX  194   160.50        1.867866E+15   1.5673E-03   1.7422E-03   0.89962
FLUX  195   161.50        1.856300E+15   1.5412E-03   1.7322E-03   0.88976
FLUX  196   162.50        1.844877E+15   1.5607E-03   1.7222E-03   0.90622
FLUX  197   163.50        1.833593E+15   1.5707E-03   1.7123E-03   0.91731
FLUX  198   164.50        1.822447E+15   1.5337E-03   1.7024E-03   0.90087
FLUX  199   165.50        1.811435E+15   1.5904E-03   1.6926E-03   0.93959
FLUX  200   166.50        1.800556E+15   1.5783E-03   1.6828E-03   0.93789
FLUX  201   167.20        1.793017E+15   1.5323E-03   1.6760E-03   0.91425
FLUX  202   167.70        1.787671E+15   1.6275E-03   1.6712E-03   0.97387
FLUX  203   168.50        1.779184E+15   1.5976E-03   1.6635E-03   0.96040
FLUX  204   169.50        1.768687E+15   1.5800E-03   1.6539E-03   0.95536
FLUX  205   170.50        1.758314E+15   1.5614E-03   1.6443E-03   0.94958
FLUX  206   171.50        1.748061E+15   1.5334E-03   1.6348E-03   0.93799
FLUX  207   172.50        1.737928E+15   1.5163E-03   1.6253E-03   0.93290
FLUX  208   173.50        1.727911E+15   1.5546E-03   1.6159E-03   0.96205
FLUX  209   174.50        1.718009E+15   1.5432E-03   1.6066E-03   0.96052
FLUX  210   175.50        1.708219E+15   1.5301E-03   1.5973E-03   0.95795
FLUX  211   176.50        1.698541E+15   1.5221E-03   1.5881E-03   0.95844
FLUX  212   177.50        1.688972E+15   1.5150E-03   1.5789E-03   0.95956
FLUX  213   178.50        1.679510E+15   1.5196E-03   1.5697E-03   0.96804
FLUX  214   179.50        1.670153E+15   1.5074E-03   1.5607E-03   0.96587
FLUX  215   180.50        1.660900E+15   1.5119E-03   1.5516E-03   0.97439
FLUX  216   181.50        1.651749E+15   1.4908E-03   1.5427E-03   0.96637
FLUX  217   182.50        1.642699E+15   1.4843E-03   1.5338E-03   0.96772
FLUX  218   183.50        1.633747E+15   1.4879E-03   1.5250E-03   0.97570
FLUX  219   184.50        1.624892E+15   1.4418E-03   1.5162E-03   0.95094
FLUX  220   185.50        1.616132E+15   1.4354E-03   1.5075E-03   0.95217
FLUX  221   186.50        1.607466E+15   1.4416E-03   1.4988E-03   0.96179
FLUX  222   187.50        1.598893E+15   1.4407E-03   1.4902E-03   0.96677
FLUX  223   188.50        1.590411E+15   1.4005E-03   1.4817E-03   0.94517
FLUX  224   189.50        1.582018E+15   1.3813E-03   1.4732E-03   0.93764
FLUX  225   190.50        1.573714E+15   1.4109E-03   1.4648E-03   0.96323
FLUX  226   191.50        1.565496E+15   1.3839E-03   1.4564E-03   0.95020
FLUX  227   192.50        1.557364E+15   1.3509E-03   1.4481E-03   0.93284
FLUX  228   193.50        1.549315E+15   1.3846E-03   1.4399E-03   0.96160
FLUX  229   194.50        1.541350E+15   1.3964E-03   1.4317E-03   0.97540
FLUX  230   195.50        1.533465E+15   1.3384E-03   1.4235E-03   0.94017
FLUX  231   196.70        1.524110E+15   1.3708E-03   1.4139E-03   0.96955
FLUX  232   197.60        1.517169E+15   1.3870E-03   1.4067E-03   0.98597
FLUX  233   198.40        1.511051E+15   1.3575E-03   1.4004E-03   0.96937
FLUX  234   199.50        1.502719E+15   1.3317E-03   1.3917E-03   0.95687
FLUX  235   200.50        1.495224E+15   1.3546E-03   1.3839E-03   0.97886
FLUX  236   201.50        1.487804E+15   1.3578E-03   1.3761E-03   0.98669
FLUX  237   202.50        1.480457E+15   1.3571E-03   1.3684E-03   0.99177
FLUX  238   203.50        1.473182E+15   1.3344E-03   1.3607E-03   0.98064
FLUX  239   204.50        1.465978E+15   1.3270E-03   1.3531E-03   0.98069
FLUX  240   205.50        1.458844E+15   1.1616E-03   1.3630E-03   0.85224
FLUX  241   206.50        1.451780E+15   1.1392E-03   1.3552E-03   0.84063
FLUX  242   207.40        1.445480E+15   1.1762E-03   1.3482E-03   0.87244
FLUX  243   207.80        1.442697E+15   1.1720E-03   1.3451E-03   0.87136
FLUX  244   208.50        1.437854E+15   1.2222E-03   1.3397E-03   0.91230
FLUX  245   209.50        1.430990E+15   1.2677E-03   1.3320E-03   0.95175
FLUX  246   210.50        1.424192E+15   1.2883E-03   1.3244E-03   0.97274
FLUX  247   211.50        1.417459E+15   1.2943E-03   1.3168E-03   0.98286
FLUX  248   212.50        1.410788E+15   1.2877E-03   1.3093E-03   0.98344
FLUX  249   213.50        1.404180E+15   1.2821E-03   1.3019E-03   0.98481
FLUX  250   214.50        1.397634E+15   1.2728E-03   1.2945E-03   0.98322
FLUX  251   215.50        1.391148E+15   1.2773E-03   1.2872E-03   0.99236
FLUX  252   216.50        1.384723E+15   1.2546E-03   1.2799E-03   0.98020
FLUX  253   217.50        1.378356E+15   1.2658E-03   1.2727E-03   0.99455
FLUX  254   218.50        1.372048E+15   1.2464E-03   1.2655E-03   0.98486
FLUX  255   219.50        1.365797E+15   1.2561E-03   1.2584E-03   0.99818
FLUX  256   220.50        1.359603E+15   1.2491E-03   1.2514E-03   0.99819
FLUX  257   221.50        1.353465E+15   1.2278E-03   1.2444E-03   0.98671
FLUX  258   222.50        1.347382E+15   1.2345E-03   1.2374E-03   0.99760
FLUX  259   223.50        1.341353E+15   1.2266E-03   1.2305E-03   0.99682
FLUX  260   224.50        1.335379E+15   1.2211E-03   1.2237E-03   0.99789
FLUX  261   225.50        1.329457E+15   1.2005E-03   1.2169E-03   0.98648
FLUX  262   226.50        1.323587E+15   1.2083E-03   1.2102E-03   0.99849
FLUX  263   227.50        1.317769E+15   1.2024E-03   1.2035E-03   0.99906
FLUX  264   228.50        1.312002E+15   1.1929E-03   1.1969E-03   0.99669
FLUX  265   229.50        1.306285E+15   1.1497E-03   1.1903E-03   0.96595
FLUX  266   230.50        1.300618E+15   1.1684E-03   1.1837E-03   0.98702
FLUX  267   231.50        1.295000E+15   1.1739E-03   1.1772E-03   0.99715
FLUX  268   232.50        1.289430E+15   1.1686E-03   1.1708E-03   0.99813
FLUX  269   233.50        1.283908E+15   1.1613E-03   1.1644E-03   0.99730
FLUX  270   234.50        1.278433E+15   1.1570E-03   1.1581E-03   0.99903
FLUX  271   235.50        1.273004E+15   1.1503E-03   1.1518E-03   0.99872
FLUX  272   236.50        1.267622E+15   1.1442E-03   1.1455E-03   0.99887
FLUX  273   237.50        1.262284E+15   1.1371E-03   1.1393E-03   0.99805
FLUX  274   238.50        1.256992E+15   1.1165E-03   1.1332E-03   0.98531
FLUX  275   239.50        1.251743E+15   1.1214E-03   1.1271E-03   0.99497
FLUX  276   240.50        1.246538E+15   1.1191E-03   1.1210E-03   0.99830
FLUX  277   241.50        1.241377E+15   1.1126E-03   1.1150E-03   0.99788
FLUX  278   242.50        1.236258E+15   1.1077E-03   1.1090E-03   0.99881
FLUX  279   243.50        1.231181E+15   1.1001E-03   1.1031E-03   0.99731
FLUX  280   244.50        1.226145E+15   1.0954E-03   1.0972E-03   0.99829
FLUX  281   245.50        1.221151E+15   1.0895E-03   1.0914E-03   0.99826
FLUX  282   246.50        1.216197E+15   1.0843E-03   1.0856E-03   0.99882
FLUX  283   247.50        1.211283E+15   1.0782E-03   1.0798E-03   0.99852
FLUX  284   248.50        1.206408E+15   1.0715E-03   1.0741E-03   0.99756
FLUX  285   249.50        1.201573E+15   9.7974E-04   1.0685E-03   0.91695
FLUX  286   250.50        1.196776E+15   1.0570E-03   1.0629E-03   0.99453
FLUX  287   251.30        1.192967E+15   1.0252E-03   1.0584E-03   0.96864
FLUX  288   251.80        1.190598E+15   1.0438E-03   1.0556E-03   0.98884
FLUX  289   252.50        1.187297E+15   1.0504E-03   1.0517E-03   0.99873
FLUX  290   253.50        1.182613E+15   1.0456E-03   1.0463E-03   0.99936
FLUX  291   254.50        1.177967E+15   1.0359E-03   1.0408E-03   0.99527
FLUX  292   255.50        1.173356E+15   1.0323E-03   1.0354E-03   0.99697
FLUX  293   256.50        1.168782E+15   1.0287E-03   1.0301E-03   0.99872
FLUX  294   257.50        1.164243E+15   1.0235E-03   1.0247E-03   0.99882
FLUX  295   258.50        1.159739E+15   1.0186E-03   1.0195E-03   0.99913
FLUX  296   259.50        1.155270E+15   1.0130E-03   1.0142E-03   0.99876
FLUX  297   260.50        1.150835E+15   1.0115E-03   1.0122E-03   0.99926
FLUX  298   261.50        1.146434E+15   1.0055E-03   1.0070E-03   0.99855
FLUX  299   262.50        1.142067E+15   1.0008E-03   1.0018E-03   0.99896
FLUX  300   263.50        1.137732E+15   9.9524E-04   9.9671E-04   0.99853
FLUX  301   264.50        1.133431E+15   9.8955E-04   9.9162E-04   0.99790
FLUX  302   265.50        1.129162E+15   9.8410E-04   9.8657E-04   0.99749
FLUX  303   266.50        1.124925E+15   9.7668E-04   9.8156E-04   0.99503
FLUX  304   267.50        1.120720E+15   9.7054E-04   9.7659E-04   0.99381
FLUX  305   268.50        1.116546E+15   9.7074E-04   9.7165E-04   0.99907
FLUX  306   269.50        1.112403E+15   9.5966E-04   9.6675E-04   0.99267
FLUX  307   270.50        1.108290E+15   9.5940E-04   9.6188E-04   0.99742
FLUX  308   271.50        1.104208E+15   9.5470E-04   9.5705E-04   0.99754
FLUX  309   272.50        1.100156E+15   9.4609E-04   9.5226E-04   0.99352
FLUX  310   273.50        1.096133E+15   9.3705E-04   9.4750E-04   0.98898
FLUX  311   274.50        1.092140E+15   9.4125E-04   9.4277E-04   0.99839
FLUX  312   275.50        1.088176E+15   9.3700E-04   9.3808E-04   0.99885
FLUX  313   276.50        1.084241E+15   9.2683E-04   9.3343E-04   0.99293
FLUX  314   277.50        1.080333E+15   9.2832E-04   9.2880E-04   0.99948
FLUX  315   278.50        1.076454E+15   9.2314E-04   9.2421E-04   0.99884
FLUX  316   279.50        1.072603E+15   9.1143E-04   9.1966E-04   0.99106
FLUX  317   280.50        1.068779E+15   9.1226E-04   9.1513E-04   0.99686
FLUX  318   281.50        1.064982E+15   9.1017E-04   9.1064E-04   0.99949
FLUX  319   282.50        1.061212E+15   8.9983E-04   9.0618E-04   0.99300
FLUX  320   283.50        1.057469E+15   8.9584E-04   9.0175E-04   0.99345
FLUX  321   284.50        1.053752E+15   8.9700E-04   8.9735E-04   0.99961
FLUX  322   285.50        1.050061E+15   8.9194E-04   8.9298E-04   0.99884
FLUX  323   286.50        1.046396E+15   8.8749E-04   8.8864E-04   0.99870
FLUX  324   287.50        1.042757E+15   8.8342E-04   8.8433E-04   0.99896
FLUX  325   288.50        1.039142E+15   8.7937E-04   8.8006E-04   0.99922
FLUX  326   289.50        1.035553E+15   8.7503E-04   8.7581E-04   0.99911
FLUX  327   291.00        1.030215E+15   8.6803E-04   8.6950E-04   0.99831
FLUX  328   293.00        1.023183E+15   8.6061E-04   8.6118E-04   0.99933
FLUX  329   295.00        1.016246E+15   8.4773E-04   8.5299E-04   0.99384
FLUX  330   297.00        1.009402E+15   8.4387E-04   8.4490E-04   0.99878
FLUX  331   299.00        1.002651E+15   8.3505E-04   8.3693E-04   0.99775
FLUX  332   301.00        9.959884E+14   8.2676E-04   8.2907E-04   0.99722
FLUX  333   303.00        9.894142E+14   8.1919E-04   8.2132E-04   0.99742
FLUX  334   305.00        9.829262E+14   8.1232E-04   8.1367E-04   0.99835
FLUX  335   307.00        9.765228E+14   8.0574E-04   8.0613E-04   0.99951
FLUX  336   309.00        9.702023E+14   7.9526E-04   7.9869E-04   0.99570
FLUX  337   311.00        9.639630E+14   7.9055E-04   7.9136E-04   0.99898
FLUX  338   313.00        9.578035E+14   7.8323E-04   7.8463E-04   0.99822
FLUX  339   315.00        9.517222E+14   7.7577E-04   7.7748E-04   0.99780
FLUX  340   317.00        9.457177E+14   7.6872E-04   7.7044E-04   0.99777
FLUX  341   319.00        9.397884E+14   7.5807E-04   7.6349E-04   0.99289
FLUX  342   321.00        9.339330E+14   7.5242E-04   7.5664E-04   0.99442
FLUX  343   323.00        9.281502E+14   7.4840E-04   7.4988E-04   0.99803
FLUX  344   325.00        9.224385E+14   7.4218E-04   7.4321E-04   0.99862
FLUX  345   327.00        9.167966E+14   7.3526E-04   7.3663E-04   0.99815
FLUX  346   329.00        9.112234E+14   7.2865E-04   7.3013E-04   0.99797
FLUX  347   331.00        9.057175E+14   7.2302E-04   7.2372E-04   0.99904
FLUX  348   333.00        9.002778E+14   7.1616E-04   7.1739E-04   0.99829
FLUX  349   335.00        8.949030E+14   7.0907E-04   7.1114E-04   0.99709
FLUX  350   337.00        8.895920E+14   7.0391E-04   7.0497E-04   0.99850
FLUX  351   339.00        8.843437E+14   6.9849E-04   6.9888E-04   0.99945
FLUX  352   341.00        8.791569E+14   6.9250E-04   6.9287E-04   0.99947
FLUX  353   343.00        8.740306E+14   6.8456E-04   6.8977E-04   0.99245
FLUX  354   345.00        8.689638E+14   6.7677E-04   6.8386E-04   0.98963
FLUX  355   347.00        8.639553E+14   6.7249E-04   6.7802E-04   0.99184
FLUX  356   349.00        8.590043E+14   6.6666E-04   6.7226E-04   0.99167
FLUX  357   351.00        8.541097E+14   6.6258E-04   6.6657E-04   0.99402
FLUX  358   353.00        8.492705E+14   6.5772E-04   6.6096E-04   0.99510
FLUX  359   355.00        8.444859E+14   6.5211E-04   6.5541E-04   0.99496
FLUX  360   357.00        8.397549E+14   6.4918E-04   6.4993E-04   0.99884
FLUX  361   359.00        8.350766E+14   6.4042E-04   6.4453E-04   0.99362
FLUX  362   361.00        8.304501E+14   6.3639E-04   6.3919E-04   0.99562
FLUX  363   363.00        8.258747E+14   6.2998E-04   6.3391E-04   0.99379
FLUX  364   364.00        8.236058E+14   6.2960E-04   6.3131E-04   0.99730
FLUX  365   365.00        8.213493E+14   6.1511E-04   7.2688E-04   0.84623
FLUX  366   367.00        8.168733E+14   6.1224E-04   7.2061E-04   0.84961
FLUX  367   369.00        8.124458E+14   6.0626E-04   7.1694E-04   0.84563
FLUX  368   371.00        8.080660E+14   5.9478E-04   7.1081E-04   0.83677
FLUX  369   373.00        8.037332E+14   5.8190E-04   7.0475E-04   0.82568
FLUX  370   375.00        7.994467E+14   5.9770E-04   6.9877E-04   0.85536
FLUX  371   377.00        7.952056E+14   5.9681E-04   6.9286E-04   0.86137
FLUX  372   379.00        7.910092E+14   6.1714E-04   6.8703E-04   0.89827
FLUX  373   381.00        7.868570E+14   6.3739E-04   6.8126E-04   0.93559
FLUX  374   383.00        7.827480E+14   5.8325E-04   6.7557E-04   0.86335
FLUX  375   385.00        7.786818E+14   6.4907E-04   6.6994E-04   0.96884
FLUX  376   387.00        7.746576E+14   6.4951E-04   6.6439E-04   0.97761
FLUX  377   389.00        7.706748E+14   5.7017E-04   6.5890E-04   0.86533
FLUX  378   391.00        7.667327E+14   6.4716E-04   6.5347E-04   0.99035
FLUX  379   393.00        7.628308E+14   6.3935E-04   6.4811E-04   0.98648
FLUX  380   395.00        7.589684E+14   6.3591E-04   6.4282E-04   0.98926
FLUX  381   397.00        7.551448E+14   5.4954E-04   6.3759E-04   0.86191
FLUX  382   399.00        7.513596E+14   6.2558E-04   6.3242E-04   0.98918
FLUX  383   401.00        7.476122E+14   6.2208E-04   6.2731E-04   0.99166
FLUX  384   403.00        7.439020E+14   6.0271E-04   6.2226E-04   0.96858
FLUX  385   405.00        7.402284E+14   6.1629E-04   6.1728E-04   0.99840
FLUX  386   407.00        7.365909E+14   6.0673E-04   6.1235E-04   0.99082
FLUX  387   409.00        7.329890E+14   5.8264E-04   6.0747E-04   0.95911
FLUX  388   411.00        7.294221E+14   5.3476E-04   6.0266E-04   0.88733
FLUX  389   413.00        7.258898E+14   5.9034E-04   5.9791E-04   0.98734
FLUX  390   415.00        7.223916E+14   5.8790E-04   5.9320E-04   0.99105
FLUX  391   417.00        7.189269E+14   5.8690E-04   5.8856E-04   0.99718
FLUX  392   419.00        7.154952E+14   5.8220E-04   5.8397E-04   0.99698
FLUX  393   421.00        7.120962E+14   5.7717E-04   5.7943E-04   0.99612
FLUX  394   423.00        7.087293E+14   5.7445E-04   5.7494E-04   0.99916
FLUX  395   425.00        7.053941E+14   5.6893E-04   5.7050E-04   0.99724
FLUX  396   427.00        7.020902E+14   5.6282E-04   5.6612E-04   0.99418
FLUX  397   429.00        6.988170E+14   5.6001E-04   5.6178E-04   0.99685
FLUX  398   431.00        6.955742E+14   5.5390E-04   5.5749E-04   0.99354
FLUX  399   433.00        6.923614E+14   5.2685E-04   5.5326E-04   0.95228
FLUX  400   435.00        6.891782E+14   4.9414E-04   5.4906E-04   0.89996
FLUX  401   437.00        6.860240E+14   5.4130E-04   5.4492E-04   0.99336
FLUX  402   439.00        6.828986E+14   5.3146E-04   5.4082E-04   0.98269
FLUX  403   441.00        6.798016E+14   5.3434E-04   5.3677E-04   0.99547
FLUX  404   443.00        6.767325E+14   5.3098E-04   5.3276E-04   0.99666
FLUX  405   445.00        6.736910E+14   5.2788E-04   5.2879E-04   0.99827
FLUX  406   447.00        6.706767E+14   5.1096E-04   5.2487E-04   0.97350
FLUX  407   449.00        6.676893E+14   5.2003E-04   5.2099E-04   0.99816
FLUX  408   451.00        6.647284E+14   5.1635E-04   5.1715E-04   0.99846
FLUX  409   453.00        6.617936E+14   5.1283E-04   5.1335E-04   0.99898
FLUX  410   455.00        6.588846E+14   5.0703E-04   5.0960E-04   0.99497
FLUX  411   457.00        6.560011E+14   5.0515E-04   5.0588E-04   0.99856
FLUX  412   459.00        6.531427E+14   5.0101E-04   5.0220E-04   0.99763
FLUX  413   461.00        6.503091E+14   4.9754E-04   4.9856E-04   0.99795
FLUX  414   463.00        6.475000E+14   4.9345E-04   4.9497E-04   0.99694
FLUX  415   465.00        6.447151E+14   4.8388E-04   4.9141E-04   0.98468
FLUX  416   467.00        6.419540E+14   4.8631E-04   4.8788E-04   0.99677
FLUX  417   469.00        6.392164E+14   4.7882E-04   4.8440E-04   0.98849
FLUX  418   471.00        6.365021E+14   4.7507E-04   4.8095E-04   0.98778
FLUX  419   473.00        6.338108E+14   4.7717E-04   4.7754E-04   0.99923
FLUX  420   475.00        6.311421E+14   4.7357E-04   4.7416E-04   0.99874
FLUX  421   477.00        6.284958E+14   4.7081E-04   4.7082E-04   0.99997
FLUX  422   479.00        6.258716E+14   4.6746E-04   4.6751E-04   0.99989
FLUX  423   481.00        6.232692E+14   4.6400E-04   4.6424E-04   0.99947
FLUX  424   483.00        6.206884E+14   4.5951E-04   4.6100E-04   0.99676
FLUX  425   485.00        6.181289E+14   4.4157E-04   4.5780E-04   0.96455
FLUX  426   487.00        6.155903E+14   4.0812E-04   4.5462E-04   0.89771
FLUX  427   489.00        6.130726E+14   4.4953E-04   4.5148E-04   0.99567
FLUX  428   491.00        6.105754E+14   4.4798E-04   4.4838E-04   0.99912
FLUX  429   493.00        6.080984E+14   4.3825E-04   4.4530E-04   0.98416
FLUX  430   495.00        6.056414E+14   4.4160E-04   4.4226E-04   0.99851
FLUX  431   497.00        6.032042E+14   4.3923E-04   4.3924E-04   0.99998
FLUX  432   499.00        6.007866E+14   4.3622E-04   4.3626E-04   0.99990
FLUX  433   501.00        5.983882E+14   4.2901E-04   4.3331E-04   0.99007
FLUX  434   503.00        5.960089E+14   4.3023E-04   4.3039E-04   0.99965
FLUX  435   505.00        5.936485E+14   4.2577E-04   4.2749E-04   0.99598
FLUX  436   507.00        5.913067E+14   4.2460E-04   4.2463E-04   0.99994
FLUX  437   509.00        5.889833E+14   4.2173E-04   4.2179E-04   0.99984
FLUX  438   511.00        5.866781E+14   4.1890E-04   4.1898E-04   0.99980
FLUX  439   513.00        5.843908E+14   4.1601E-04   4.1620E-04   0.99954
FLUX  440   515.00        5.821214E+14   4.1327E-04   4.1345E-04   0.99956
FLUX  441   517.00        5.798694E+14   4.1059E-04   4.1072E-04   0.99967
FLUX  442   519.00        5.776349E+14   4.0797E-04   4.0802E-04   0.99986
FLUX  443   521.00        5.754175E+14   4.0532E-04   4.0535E-04   0.99991
FLUX  444   523.00        5.732170E+14   4.0267E-04   4.0270E-04   0.99991
FLUX  445   525.00        5.710333E+14   3.9998E-04   4.0008E-04   0.99974
FLUX  446   527.00        5.688662E+14   3.9737E-04   3.9749E-04   0.99971
FLUX  447   529.00        5.667155E+14   3.9487E-04   3.9492E-04   0.99989
FLUX  448   531.00        5.645810E+14   3.9232E-04   3.9237E-04   0.99988
FLUX  449   533.00        5.624625E+14   3.8982E-04   3.8985E-04   0.99993
FLUX  450   535.00        5.603598E+14   3.8731E-04   3.8735E-04   0.99990
FLUX  451   537.00        5.582728E+14   3.8485E-04   3.8488E-04   0.99994
FLUX  452   539.00        5.562013E+14   3.8236E-04   3.8243E-04   0.99982
FLUX  453   541.00        5.541451E+14   3.7872E-04   3.8000E-04   0.99665
FLUX  454   543.00        5.521041E+14   3.7758E-04   3.7759E-04   0.99997
FLUX  455   545.00        5.500780E+14   3.7518E-04   3.7521E-04   0.99991
FLUX  456   547.00        5.480667E+14   3.7281E-04   3.7285E-04   0.99990
FLUX  457   549.00        5.460701E+14   3.7048E-04   3.7051E-04   0.99991
FLUX  458   551.00        5.440880E+14   3.6817E-04   3.6819E-04   0.99994
FLUX  459   553.00        5.421203E+14   3.6586E-04   3.6590E-04   0.99991
FLUX  460   555.00        5.401667E+14   3.6362E-04   3.6362E-04   0.99998
FLUX  461   557.00        5.382271E+14   3.6134E-04   3.6137E-04   0.99993
FLUX  462   559.00        5.363014E+14   3.5905E-04   3.5914E-04   0.99977
FLUX  463   561.00        5.343895E+14   3.5691E-04   3.5692E-04   0.99998
FLUX  464   563.00        5.324911E+14   3.5472E-04   3.5473E-04   0.99998
FLUX  465   565.00        5.306062E+14   3.5253E-04   3.5256E-04   0.99991
FLUX  466   567.00        5.287346E+14   3.5025E-04   3.5040E-04   0.99956
FLUX  467   569.00        5.268761E+14   3.4709E-04   3.4827E-04   0.99661
FLUX  468   571.00        5.250306E+14   3.4390E-04   3.4621E-04   0.99335
FLUX  469   573.00        5.231981E+14   3.4190E-04   3.4411E-04   0.99358
FLUX  470   575.00        5.213783E+14   3.3974E-04   3.4203E-04   0.99329
FLUX  471   577.00        5.195711E+14   3.3791E-04   3.3997E-04   0.99394
FLUX  472   579.00        5.177763E+14   3.3591E-04   3.3793E-04   0.99399
FLUX  473   581.00        5.159940E+14   3.3394E-04   3.3591E-04   0.99413
FLUX  474   583.00        5.142238E+14   3.3194E-04   3.3391E-04   0.99412
FLUX  475   585.00        5.124658E+14   3.3026E-04   3.3192E-04   0.99498
FLUX  476   587.00        5.107198E+14   3.2152E-04   3.2995E-04   0.97444
FLUX  477   589.00        5.089856E+14   3.2635E-04   3.2800E-04   0.99496
FLUX  478   591.00        5.072631E+14   3.2497E-04   3.2607E-04   0.99662
FLUX  479   593.00        5.055523E+14   3.2324E-04   3.2415E-04   0.99717
FLUX  480   595.00        5.038529E+14   3.2188E-04   3.2225E-04   0.99883
FLUX  481   597.00        5.021650E+14   3.2034E-04   3.2037E-04   0.99990
FLUX  482   599.00        5.004883E+14   3.1840E-04   3.1850E-04   0.99967
FLUX  483   601.00        4.988228E+14   3.1661E-04   3.1665E-04   0.99988
FLUX  484   603.00        4.971683E+14   3.1476E-04   3.1482E-04   0.99982
FLUX  485   605.00        4.955248E+14   3.1297E-04   3.1300E-04   0.99989
FLUX  486   607.00        4.938921E+14   3.1119E-04   3.1120E-04   0.99998
FLUX  487   609.00        4.922701E+14   3.0940E-04   3.0941E-04   0.99998
FLUX  488   611.00        4.906588E+14   3.0763E-04   3.0764E-04   0.99998
FLUX  489   613.00        4.890579E+14   3.0587E-04   3.0588E-04   0.99998
FLUX  490   615.00        4.874675E+14   3.0406E-04   3.0414E-04   0.99973
FLUX  491   617.00        4.858874E+14   3.0235E-04   3.0241E-04   0.99979
FLUX  492   619.00        4.843174E+14   3.0069E-04   3.0070E-04   0.99997
FLUX  493   621.00        4.827576E+14   2.9900E-04   2.9900E-04   0.99998
FLUX  494   623.00        4.812079E+14   2.9731E-04   2.9732E-04   0.99998
FLUX  495   625.00        4.796680E+14   2.9563E-04   2.9565E-04   0.99992
FLUX  496   627.00        4.781380E+14   2.9399E-04   2.9399E-04   0.99998
FLUX  497   629.00        4.766176E+14   2.9235E-04   2.9235E-04   0.99999
FLUX  498   631.00        4.751070E+14   2.9070E-04   2.9072E-04   0.99991
FLUX  499   633.00        4.736058E+14   2.8911E-04   2.8911E-04   0.99999
FLUX  500   635.00        4.721142E+14   2.8750E-04   2.8751E-04   0.99997
FLUX  501   637.00        4.706319E+14   2.8592E-04   2.8592E-04   1.00000
FLUX  502   639.00        4.691588E+14   2.8434E-04   2.8435E-04   0.99997
FLUX  503   641.00        4.676950E+14   2.8277E-04   2.8279E-04   0.99993
FLUX  504   643.00        4.662403E+14   2.8124E-04   2.8124E-04   1.00000
FLUX  505   645.00        4.647946E+14   2.7970E-04   2.7970E-04   0.99998
FLUX  506   647.00        4.633578E+14   2.7810E-04   2.7818E-04   0.99973
FLUX  507   649.00        4.619299E+14   2.7661E-04   2.7667E-04   0.99981
FLUX  508   651.00        4.605108E+14   2.7516E-04   2.7517E-04   0.99997
FLUX  509   653.00        4.591003E+14   2.7303E-04   2.7368E-04   0.99761
FLUX  510   655.00        4.576985E+14   2.6707E-04   2.7220E-04   0.98116
FLUX  511   657.00        4.563052E+14   2.4484E-04   2.7074E-04   0.90435
FLUX  512   659.00        4.549203E+14   2.6792E-04   2.6929E-04   0.99491
FLUX  513   661.00        4.535439E+14   2.6780E-04   2.6785E-04   0.99981
FLUX  514   663.00        4.521757E+14   2.6641E-04   2.6642E-04   0.99998
FLUX  515   665.00        4.508158E+14   2.6505E-04   2.6510E-04   0.99983
FLUX  516   667.00        4.494640E+14   2.6174E-04   2.6369E-04   0.99258
FLUX  517   669.00        4.481203E+14   2.6027E-04   2.6230E-04   0.99227
FLUX  518   671.00        4.467846E+14   2.6085E-04   2.6091E-04   0.99977
FLUX  519   673.00        4.454569E+14   2.5943E-04   2.5954E-04   0.99959
FLUX  520   675.00        4.441370E+14   2.5814E-04   2.5817E-04   0.99989
FLUX  521   677.00        4.428250E+14   2.5682E-04   2.5682E-04   0.99998
FLUX  522   679.00        4.415206E+14   2.5534E-04   2.5548E-04   0.99948
FLUX  523   681.00        4.402239E+14   2.5413E-04   2.5415E-04   0.99993
FLUX  524   683.00        4.389348E+14   2.5280E-04   2.5282E-04   0.99990
FLUX  525   685.00        4.376533E+14   2.5151E-04   2.5151E-04   0.99998
FLUX  526   687.00        4.363792E+14   2.5020E-04   2.5021E-04   0.99997
FLUX  527   689.00        4.351125E+14   2.4876E-04   2.4892E-04   0.99935
FLUX  528   691.00        4.338531E+14   2.4756E-04   2.4764E-04   0.99970
FLUX  529   693.00        4.326010E+14   2.4636E-04   2.4637E-04   0.99999
FLUX  530   695.00        4.313561E+14   2.4510E-04   2.4511E-04   0.99999
FLUX  531   697.00        4.301184E+14   2.4385E-04   2.4385E-04   1.00000
FLUX  532   699.00        4.288877E+14   2.4261E-04   2.4261E-04   0.99998
FLUX  533   701.00        4.276641E+14   2.4137E-04   2.4138E-04   0.99997
FLUX  534   703.00        4.264474E+14   2.4011E-04   2.4015E-04   0.99984
FLUX  535   705.00        4.252376E+14   2.3893E-04   2.3894E-04   0.99994
FLUX  536   707.00        4.240347E+14   2.3479E-04   2.3773E-04   0.98760
FLUX  537   709.00        4.228385E+14   2.3654E-04   2.3654E-04   0.99999
FLUX  538   711.00        4.216491E+14   2.3533E-04   2.3535E-04   0.99993
FLUX  539   713.00        4.204663E+14   2.3417E-04   2.3417E-04   0.99997
FLUX  540   715.00        4.192902E+14   2.3300E-04   2.3300E-04   1.00000
FLUX  541   717.00        4.181206E+14   2.3171E-04   2.3184E-04   0.99945
FLUX  542   719.00        4.169576E+14   2.3067E-04   2.3069E-04   0.99990
FLUX  543   721.00        4.158010E+14   2.2955E-04   2.2955E-04   1.00000
FLUX  544   723.00        4.146508E+14   2.2793E-04   2.2841E-04   0.99791
FLUX  545   725.00        4.135069E+14   2.2723E-04   2.2728E-04   0.99975
FLUX  546   727.00        4.123693E+14   2.2616E-04   2.2617E-04   1.00000
FLUX  547   729.00        4.112380E+14   2.2361E-04   2.2506E-04   0.99357
FLUX  548   731.00        4.101129E+14   2.2393E-04   2.2395E-04   0.99989
FLUX  549   733.00        4.089939E+14   2.2286E-04   2.2286E-04   0.99998
FLUX  550   735.00        4.078810E+14   2.2177E-04   2.2177E-04   0.99999
FLUX  551   737.00        4.067741E+14   2.2069E-04   2.2070E-04   1.00000
FLUX  552   739.00        4.056732E+14   2.1962E-04   2.1963E-04   1.00000
FLUX  553   741.00        4.045783E+14   2.1856E-04   2.1856E-04   1.00000
FLUX  554   743.00        4.034892E+14   2.1751E-04   2.1751E-04   1.00000
FLUX  555   745.00        4.024060E+14   2.1648E-04   2.1648E-04   0.99999
FLUX  556   747.00        4.013286E+14   2.1537E-04   2.1544E-04   0.99967
FLUX  557   749.00        4.002570E+14   2.1438E-04   2.1441E-04   0.99986
FLUX  558   751.00        3.991911E+14   2.1333E-04   2.1338E-04   0.99974
FLUX  559   753.00        3.981308E+14   2.1236E-04   2.1237E-04   0.99998
FLUX  560   755.00        3.970762E+14   2.1135E-04   2.1135E-04   1.00000
FLUX  561   757.00        3.960271E+14   2.1035E-04   2.1035E-04   0.99999
FLUX  562   759.00        3.949835E+14   2.0922E-04   2.0936E-04   0.99937
FLUX  563   761.00        3.939455E+14   2.0833E-04   2.0837E-04   0.99982
FLUX  564   763.00        3.929128E+14   2.0738E-04   2.0738E-04   0.99998
FLUX  565   765.00        3.918856E+14   2.0641E-04   2.0641E-04   0.99998
FLUX  566   767.00        3.908638E+14   2.0544E-04   2.0544E-04   0.99999
FLUX  567   769.00        3.898472E+14   2.0446E-04   2.0448E-04   0.99992
FLUX  568   771.00        3.888359E+14   2.0352E-04   2.0352E-04   0.99997
FLUX  569   773.00        3.878299E+14   2.0255E-04   2.0258E-04   0.99988
FLUX  570   775.00        3.868290E+14   2.0163E-04   2.0164E-04   0.99998
FLUX  571   777.00        3.858333E+14   2.0070E-04   2.0070E-04   0.99998
FLUX  572   779.00        3.848427E+14   1.9977E-04   1.9977E-04   1.00000
FLUX  573   781.00        3.838572E+14   1.9877E-04   1.9885E-04   0.99959
FLUX  574   783.00        3.828768E+14   1.9793E-04   1.9793E-04   1.00000
FLUX  575   785.00        3.819013E+14   1.9715E-04   1.9716E-04   0.99998
FLUX  576   787.00        3.809307E+14   1.9621E-04   1.9625E-04   0.99976
FLUX  577   789.00        3.799651E+14   1.9525E-04   1.9535E-04   0.99945
FLUX  578   791.00        3.790044E+14   1.9446E-04   1.9446E-04   0.99997
FLUX  579   793.00        3.780485E+14   1.9356E-04   1.9358E-04   0.99990
FLUX  580   795.00        3.770975E+14   1.9269E-04   1.9270E-04   0.99997
FLUX  581   797.00        3.761512E+14   1.9168E-04   1.9182E-04   0.99923
FLUX  582   799.00        3.752096E+14   1.9094E-04   1.9096E-04   0.99990
FLUX  583   801.00        3.742728E+14   1.8997E-04   1.9009E-04   0.99935
FLUX  584   803.00        3.733406E+14   1.8907E-04   1.8924E-04   0.99910
FLUX  585   805.00        3.724130E+14   1.8825E-04   1.8839E-04   0.99929
FLUX  586   807.00        3.714901E+14   1.8745E-04   1.8754E-04   0.99952
FLUX  587   809.00        3.705717E+14   1.8638E-04   1.8670E-04   0.99830
FLUX  588   811.00        3.696578E+14   1.8551E-04   1.8587E-04   0.99806
FLUX  589   813.00        3.687485E+14   1.8495E-04   1.8504E-04   0.99953
FLUX  590   815.00        3.678436E+14   1.8390E-04   1.8422E-04   0.99828
FLUX  591   817.00        3.669431E+14   1.8333E-04   1.8340E-04   0.99958
FLUX  592   819.00        3.660470E+14   1.8228E-04   1.8259E-04   0.99831
FLUX  593   821.00        3.651553E+14   1.8081E-04   1.8695E-04   0.96715
FLUX  594   823.00        3.642679E+14   1.8019E-04   1.8612E-04   0.96814
FLUX  595   825.00        3.633848E+14   1.7962E-04   1.8529E-04   0.96942
FLUX  596   827.00        3.625060E+14   1.7819E-04   1.8452E-04   0.96569
FLUX  597   829.00        3.616315E+14   1.7797E-04   1.8370E-04   0.96876
FLUX  598   831.00        3.607611E+14   1.7724E-04   1.8289E-04   0.96911
FLUX  599   833.00        3.598950E+14   1.7641E-04   1.8209E-04   0.96881
FLUX  600   835.00        3.590329E+14   1.7504E-04   1.8129E-04   0.96553
FLUX  601   837.00        3.581750E+14   1.7468E-04   1.8049E-04   0.96778
FLUX  602   839.00        3.573212E+14   1.7410E-04   1.7970E-04   0.96883
FLUX  603   841.00        3.564715E+14   1.7334E-04   1.7892E-04   0.96884
FLUX  604   843.00        3.556257E+14   1.7247E-04   1.7814E-04   0.96816
FLUX  605   845.00        3.547840E+14   1.7094E-04   1.7736E-04   0.96378
FLUX  606   847.00        3.539463E+14   1.7085E-04   1.7659E-04   0.96748
FLUX  607   849.00        3.531125E+14   1.7002E-04   1.7583E-04   0.96697
FLUX  608   851.00        3.522826E+14   1.6899E-04   1.7507E-04   0.96525
FLUX  609   853.00        3.514566E+14   1.6868E-04   1.7432E-04   0.96769
FLUX  610   855.00        3.506345E+14   1.6645E-04   1.7357E-04   0.95899
FLUX  611   857.00        3.498162E+14   1.6856E-04   1.7282E-04   0.97535
FLUX  612   859.00        3.490017E+14   1.6409E-04   1.7208E-04   0.95354
FLUX  613   861.00        3.481911E+14   1.6412E-04   1.7135E-04   0.95786
FLUX  614   863.00        3.473841E+14   1.6738E-04   1.7062E-04   0.98106
FLUX  615   865.00        3.465809E+14   1.6433E-04   1.6989E-04   0.96725
FLUX  616   867.00        3.457814E+14   1.5752E-04   1.6917E-04   0.93115
FLUX  617   869.00        3.449856E+14   1.6538E-04   1.6845E-04   0.98176
FLUX  618   871.00        3.441935E+14   1.6603E-04   1.6774E-04   0.98980
FLUX  619   873.00        3.434049E+14   1.6279E-04   1.6703E-04   0.97462
FLUX  620   875.00        3.426200E+14   1.5190E-04   1.6633E-04   0.91329
FLUX  621   877.00        3.418387E+14   1.6002E-04   1.6563E-04   0.96612
FLUX  622   879.00        3.410609E+14   1.6376E-04   1.6493E-04   0.99288
FLUX  623   881.00        3.402866E+14   1.6337E-04   1.6424E-04   0.99471
FLUX  624   883.00        3.395159E+14   1.6230E-04   1.6356E-04   0.99228
FLUX  625   885.00        3.387486E+14   1.5543E-04   1.6288E-04   0.95430
FLUX  626   887.00        3.379848E+14   1.4702E-04   1.6220E-04   0.90642
FLUX  627   889.00        3.372244E+14   1.5922E-04   1.6153E-04   0.98573
FLUX  628   891.00        3.364675E+14   1.6009E-04   1.6086E-04   0.99526
FLUX  629   893.00        3.357139E+14   1.5956E-04   1.6019E-04   0.99603
FLUX  630   895.00        3.349637E+14   1.5935E-04   1.5953E-04   0.99884
FLUX  631   897.00        3.342168E+14   1.5836E-04   1.5887E-04   0.99677
FLUX  632   899.00        3.334733E+14   1.5556E-04   1.5822E-04   0.98318
FLUX  633   901.00        3.327331E+14   1.4294E-04   1.5757E-04   0.90716
FLUX  634   903.00        3.319961E+14   1.4883E-04   1.5693E-04   0.94842
FLUX  635   905.00        3.312624E+14   1.5512E-04   1.5629E-04   0.99254
FLUX  636   907.00        3.305320E+14   1.5422E-04   1.5565E-04   0.99083
FLUX  637   909.00        3.298047E+14   1.5455E-04   1.5502E-04   0.99700
FLUX  638   911.00        3.290807E+14   1.5431E-04   1.5439E-04   0.99949
FLUX  639   913.00        3.283598E+14   1.5376E-04   1.5376E-04   0.99997
FLUX  640   915.00        3.276421E+14   1.5314E-04   1.5314E-04   0.99998
FLUX  641   917.00        3.269275E+14   1.5215E-04   1.5252E-04   0.99755
FLUX  642   919.00        3.262160E+14   1.5127E-04   1.5191E-04   0.99582
FLUX  643   921.00        3.255076E+14   1.4682E-04   1.5130E-04   0.97037
FLUX  644   923.00        3.248023E+14   1.3382E-04   1.5069E-04   0.88805
FLUX  645   925.00        3.241000E+14   1.4598E-04   1.5009E-04   0.97260
FLUX  646   927.00        3.234008E+14   1.4875E-04   1.4949E-04   0.99504
FLUX  647   929.00        3.227045E+14   1.4876E-04   1.4889E-04   0.99910
FLUX  648   931.00        3.220113E+14   1.4781E-04   1.4830E-04   0.99667
FLUX  649   933.00        3.213210E+14   1.4764E-04   1.4771E-04   0.99953
FLUX  650   935.00        3.206337E+14   1.4683E-04   1.4713E-04   0.99800
FLUX  651   937.00        3.199493E+14   1.4653E-04   1.4655E-04   0.99991
FLUX  652   939.00        3.192678E+14   1.4596E-04   1.4597E-04   0.99998
FLUX  653   941.00        3.185893E+14   1.4538E-04   1.4539E-04   0.99992
FLUX  654   943.00        3.179136E+14   1.4482E-04   1.4482E-04   0.99998
FLUX  655   945.00        3.172407E+14   1.4425E-04   1.4425E-04   0.99998
FLUX  656   947.00        3.165707E+14   1.4305E-04   1.4369E-04   0.99556
FLUX  657   949.00        3.159036E+14   1.4296E-04   1.4313E-04   0.99885
FLUX  658   951.00        3.152392E+14   1.4091E-04   1.4257E-04   0.98840
FLUX  659   953.00        3.145776E+14   1.3686E-04   1.4201E-04   0.96371
FLUX  660   955.00        3.139188E+14   1.2544E-04   1.4146E-04   0.88673
FLUX  661   957.00        3.132628E+14   1.3809E-04   1.4091E-04   0.97997
FLUX  662   959.00        3.126095E+14   1.3978E-04   1.4036E-04   0.99584
FLUX  663   961.00        3.119589E+14   1.3941E-04   1.3982E-04   0.99707
FLUX  664   963.00        3.113110E+14   1.3874E-04   1.3928E-04   0.99610
FLUX  665   965.00        3.106658E+14   1.3874E-04   1.3875E-04   0.99999
FLUX  666   967.00        3.100233E+14   1.3821E-04   1.3821E-04   0.99999
FLUX  667   969.00        3.093834E+14   1.3760E-04   1.3768E-04   0.99940
FLUX  668   971.00        3.087461E+14   1.3666E-04   1.3716E-04   0.99636
FLUX  669   973.00        3.081115E+14   1.3661E-04   1.3663E-04   0.99986
FLUX  670   975.00        3.074795E+14   1.3611E-04   1.3611E-04   0.99999
FLUX  671   977.00        3.068501E+14   1.3559E-04   1.3559E-04   0.99999
FLUX  672   979.00        3.062232E+14   1.3507E-04   1.3508E-04   0.99999
FLUX  673   981.00        3.055989E+14   1.3455E-04   1.3456E-04   0.99990
FLUX  674   983.00        3.049771E+14   1.3405E-04   1.3405E-04   0.99999
FLUX  675   985.00        3.043579E+14   1.3354E-04   1.3355E-04   0.99997
FLUX  676   987.00        3.037411E+14   1.3303E-04   1.3304E-04   0.99993
FLUX  677   989.00        3.031269E+14   1.3252E-04   1.3254E-04   0.99982
FLUX  678   991.00        3.025151E+14   1.3190E-04   1.3204E-04   0.99887
FLUX  679   993.00        3.019058E+14   1.3155E-04   1.3155E-04   0.99998
FLUX  680   995.00        3.012990E+14   1.3105E-04   1.3106E-04   0.99998
FLUX  681   997.00        3.006946E+14   1.3055E-04   1.3057E-04   0.99989
FLUX  682   999.00        3.000926E+14   1.3000E-04   1.3008E-04   0.99938
FLUX  683  1002.50        2.990449E+14   1.2530E-04   1.2923E-04   0.96955
FLUX  684  1007.50        2.975608E+14   1.2275E-04   1.2804E-04   0.95868
FLUX  685  1012.50        2.960914E+14   1.2632E-04   1.2686E-04   0.99572
FLUX  686  1017.50        2.946364E+14   1.2570E-04   1.2570E-04   0.99999
FLUX  687  1022.50        2.931956E+14   1.2451E-04   1.2455E-04   0.99968
FLUX  688  1027.50        2.917689E+14   1.2342E-04   1.2342E-04   0.99999
FLUX  689  1032.50        2.903559E+14   1.2193E-04   1.2231E-04   0.99694
FLUX  690  1037.50        2.889566E+14   1.2121E-04   1.2121E-04   1.00000
FLUX  691  1042.50        2.875707E+14   1.2012E-04   1.2012E-04   0.99999
FLUX  692  1047.50        2.861981E+14   1.1905E-04   1.1905E-04   1.00000
FLUX  693  1052.50        2.848385E+14   1.1799E-04   1.1800E-04   0.99999
FLUX  694  1057.50        2.834917E+14   1.1695E-04   1.1695E-04   1.00000
FLUX  695  1062.50        2.821576E+14   1.1592E-04   1.1592E-04   0.99999
FLUX  696  1067.50        2.808361E+14   1.1475E-04   1.1491E-04   0.99862
FLUX  697  1072.50        2.795268E+14   1.1391E-04   1.1391E-04   1.00000
FLUX  698  1077.50        2.782297E+14   1.1292E-04   1.1292E-04   0.99999
FLUX  699  1082.50        2.769446E+14   1.1101E-04   1.1194E-04   0.99167
FLUX  700  1087.50        2.756713E+14   1.1081E-04   1.1098E-04   0.99854
FLUX  701  1092.50        2.744096E+14   1.0339E-04   1.1002E-04   0.93974
FLUX  702  1097.50        2.731595E+14   1.0753E-04   1.0909E-04   0.98571
FLUX  703  1102.50        2.719206E+14   1.0770E-04   1.0816E-04   0.99576
FLUX  704  1107.50        2.706930E+14   1.0719E-04   1.0724E-04   0.99953
FLUX  705  1112.50        2.694764E+14   1.0634E-04   1.0634E-04   0.99999
FLUX  706  1117.50        2.682707E+14   1.0545E-04   1.0545E-04   1.00000
FLUX  707  1122.50        2.670757E+14   1.0452E-04   1.0456E-04   0.99961
FLUX  708  1127.50        2.658914E+14   1.0369E-04   1.0369E-04   0.99999
FLUX  709  1132.50        2.647174E+14   1.0282E-04   1.0283E-04   0.99989
FLUX  710  1137.50        2.635538E+14   1.0198E-04   1.0198E-04   0.99997
FLUX  711  1142.50        2.624004E+14   1.0114E-04   1.0115E-04   0.99995
FLUX  712  1147.50        2.612571E+14   1.0032E-04   1.0032E-04   0.99998
FLUX  713  1152.50        2.601236E+14   9.9499E-05   9.9499E-05   1.00000
FLUX  714  1157.50        2.590000E+14   9.8686E-05   9.8690E-05   0.99995
FLUX  715  1162.50        2.578860E+14   9.7842E-05   9.7891E-05   0.99950
FLUX  716  1167.50        2.567816E+14   9.7082E-05   9.7102E-05   0.99979
FLUX  717  1172.50        2.556866E+14   9.6322E-05   9.6322E-05   1.00000
FLUX  718  1177.50        2.546008E+14   9.5552E-05   9.5552E-05   0.99999
FLUX  719  1182.50        2.535243E+14   9.4790E-05   9.4791E-05   0.99999
FLUX  720  1187.50        2.524568E+14   9.4038E-05   9.4039E-05   1.00000
FLUX  721  1192.50        2.513983E+14   9.3295E-05   9.3295E-05   0.99999
FLUX  722  1197.50        2.503486E+14   9.1889E-05   9.2561E-05   0.99274
FLUX  723  1202.50        2.493077E+14   9.1834E-05   9.1835E-05   0.99999
FLUX  724  1207.50        2.482754E+14   9.1117E-05   9.1117E-05   1.00000
FLUX  725  1212.50        2.472515E+14   9.0407E-05   9.0408E-05   0.99999
FLUX  726  1217.50        2.462361E+14   8.9707E-05   8.9707E-05   1.00000
FLUX  727  1222.50        2.452290E+14   8.9014E-05   8.9015E-05   1.00000
FLUX  728  1227.50        2.442301E+14   8.8330E-05   8.8330E-05   1.00000
FLUX  729  1232.50        2.432394E+14   8.7652E-05   8.7653E-05   0.99999
FLUX  730  1237.50        2.422566E+14   8.6982E-05   8.6983E-05   0.99999
FLUX  731  1242.50        2.412817E+14   8.6321E-05   8.6322E-05   1.00000
FLUX  732  1247.50        2.403146E+14   8.5665E-05   8.5667E-05   0.99997
FLUX  733  1252.50        2.393553E+14   8.4884E-05   8.5021E-05   0.99840
FLUX  734  1257.50        2.384036E+14   8.4377E-05   8.4381E-05   0.99996
FLUX  735  1262.50        2.374594E+14   8.3746E-05   8.3748E-05   0.99997
FLUX  736  1267.50        2.365227E+14   8.3122E-05   8.3123E-05   0.99999
FLUX  737  1272.50        2.355933E+14   8.2503E-05   8.2505E-05   0.99998
FLUX  738  1277.50        2.346712E+14   8.0846E-05   8.1893E-05   0.98721
FLUX  739  1282.50        2.337563E+14   7.6428E-05   8.1288E-05   0.94021
FLUX  740  1287.50        2.328485E+14   8.0380E-05   8.0690E-05   0.99615
FLUX  741  1292.50        2.319478E+14   8.0097E-05   8.0099E-05   0.99998
FLUX  742  1297.50        2.310539E+14   7.9104E-05   7.9513E-05   0.99486
FLUX  743  1302.50        2.301670E+14   7.8928E-05   7.8935E-05   0.99992
FLUX  744  1307.50        2.292868E+14   7.8362E-05   7.8362E-05   1.00000
FLUX  745  1312.50        2.284133E+14   7.7796E-05   7.7796E-05   1.00000
FLUX  746  1317.50        2.275465E+14   7.7235E-05   7.7235E-05   1.00000
FLUX  747  1322.50        2.266862E+14   7.6681E-05   7.6681E-05   1.00000
FLUX  748  1327.50        2.258324E+14   7.6133E-05   7.6133E-05   1.00000
FLUX  749  1332.50        2.249850E+14   7.5590E-05   7.5591E-05   0.99999
FLUX  750  1337.50        2.241439E+14   7.5050E-05   7.5054E-05   0.99995
FLUX  751  1342.50        2.233091E+14   7.4470E-05   7.4523E-05   0.99929
FLUX  752  1347.50        2.224805E+14   7.3997E-05   7.3998E-05   0.99999
FLUX  753  1352.50        2.216580E+14   7.3474E-05   7.3478E-05   0.99994
FLUX  754  1357.50        2.208416E+14   7.2963E-05   7.2964E-05   0.99999
FLUX  755  1362.50        2.200312E+14   7.2447E-05   7.2455E-05   0.99990
FLUX  756  1367.50        2.192267E+14   7.1950E-05   7.1951E-05   0.99999
FLUX  757  1372.50        2.184281E+14   7.1446E-05   7.1452E-05   0.99991
FLUX  758  1377.50        2.176352E+14   7.0959E-05   7.0959E-05   1.00000
FLUX  759  1382.50        2.168481E+14   7.0470E-05   7.0471E-05   1.00000
FLUX  760  1387.50        2.160667E+14   6.9987E-05   6.9987E-05   0.99999
FLUX  761  1392.50        2.152908E+14   6.9504E-05   6.9509E-05   0.99992
FLUX  762  1397.50        2.145206E+14   6.9034E-05   6.9035E-05   0.99998
FLUX  763  1402.50        2.137558E+14   6.8563E-05   6.8567E-05   0.99994
FLUX  764  1407.50        2.129964E+14   6.8103E-05   6.8103E-05   1.00000
FLUX  765  1412.50        2.122425E+14   6.7643E-05   6.7643E-05   0.99999
FLUX  766  1417.50        2.114938E+14   6.7188E-05   6.7189E-05   0.99999
FLUX  767  1422.50        2.107504E+14   6.6739E-05   6.6739E-05   1.00000
FLUX  768  1427.50        2.100123E+14   6.6292E-05   6.6293E-05   0.99999
FLUX  769  1432.50        2.092792E+14   6.5851E-05   6.5852E-05   0.99999
FLUX  770  1437.50        2.085513E+14   6.5414E-05   6.5415E-05   0.99999
FLUX  771  1442.50        2.078284E+14   6.4983E-05   6.4983E-05   1.00000
FLUX  772  1447.50        2.071105E+14   6.4554E-05   6.4554E-05   1.00000
FLUX  773  1452.50        2.063976E+14   6.4130E-05   6.4130E-05   0.99999
FLUX  774  1457.00        2.057601E+14   6.3752E-05   6.3752E-05   0.99999
FLUX  775  1462.00        2.050564E+14   6.3321E-05   6.3843E-05   0.99181
FLUX  776  1467.50        2.042879E+14   6.2872E-05   6.3385E-05   0.99189
FLUX  777  1472.50        2.035942E+14   6.2468E-05   6.2974E-05   0.99196
FLUX  778  1477.50        2.029052E+14   6.2054E-05   6.2566E-05   0.99182
FLUX  779  1482.50        2.022209E+14   6.1671E-05   6.2162E-05   0.99210
FLUX  780  1487.50        2.015412E+14   6.1278E-05   6.1762E-05   0.99217
FLUX  781  1492.50        2.008660E+14   6.0889E-05   6.1365E-05   0.99224
FLUX  782  1497.50        2.001953E+14   6.0503E-05   6.0973E-05   0.99230
FLUX  783  1502.50        1.995291E+14   6.0119E-05   6.0584E-05   0.99232
FLUX  784  1507.50        1.988673E+14   5.9651E-05   6.0199E-05   0.99089
FLUX  785  1512.50        1.982099E+14   5.9362E-05   5.9818E-05   0.99239
FLUX  786  1517.50        1.975568E+14   5.8984E-05   5.9440E-05   0.99232
FLUX  787  1522.50        1.969080E+14   5.8615E-05   5.9066E-05   0.99237
FLUX  788  1527.50        1.962635E+14   5.8232E-05   5.8695E-05   0.99211
FLUX  789  1532.50        1.956232E+14   5.7856E-05   5.8328E-05   0.99192
FLUX  790  1537.50        1.949870E+14   5.7518E-05   5.7964E-05   0.99230
FLUX  791  1542.50        1.943549E+14   5.7088E-05   5.7604E-05   0.99105
FLUX  792  1547.50        1.937270E+14   5.6801E-05   5.7247E-05   0.99222
FLUX  793  1552.50        1.931031E+14   5.6435E-05   5.6893E-05   0.99196
FLUX  794  1557.50        1.924831E+14   5.5929E-05   5.6542E-05   0.98915
FLUX  795  1562.50        1.918672E+14   5.5857E-05   5.6195E-05   0.99398
FLUX  796  1567.50        1.912552E+14   5.5290E-05   5.5851E-05   0.98997
FLUX  797  1572.50        1.906471E+14   5.4796E-05   5.5510E-05   0.98714
FLUX  798  1577.50        1.900428E+14   5.4894E-05   5.5172E-05   0.99497
FLUX  799  1582.50        1.894423E+14   5.4528E-05   5.4837E-05   0.99436
FLUX  800  1587.50        1.888457E+14   5.3377E-05   5.4505E-05   0.97929
FLUX  801  1592.50        1.882527E+14   5.3708E-05   5.4177E-05   0.99135
FLUX  802  1597.50        1.876635E+14   5.3667E-05   5.3851E-05   0.99659
FLUX  803  1605.00        1.867866E+14   5.2993E-05   5.3367E-05   0.99298
FLUX  804  1615.00        1.856300E+14   5.1834E-05   5.2733E-05   0.98296
FLUX  805  1625.00        1.844877E+14   5.2089E-05   5.2109E-05   0.99960
FLUX  806  1635.00        1.833593E+14   5.1079E-05   5.1497E-05   0.99187
FLUX  807  1645.00        1.822447E+14   4.9818E-05   5.0895E-05   0.97884
FLUX  808  1655.00        1.811435E+14   5.0303E-05   5.0304E-05   0.99997
FLUX  809  1665.00        1.800556E+14   4.9722E-05   4.9723E-05   0.99998
FLUX  810  1675.00        1.789806E+14   4.8708E-05   4.9152E-05   0.99097
FLUX  811  1685.00        1.779184E+14   4.7413E-05   4.8590E-05   0.97577
FLUX  812  1695.00        1.768687E+14   4.8034E-05   4.8039E-05   0.99989
FLUX  813  1705.00        1.758314E+14   4.7294E-05   4.7496E-05   0.99575
FLUX  814  1715.00        1.748061E+14   4.6962E-05   4.6963E-05   0.99999
FLUX  815  1725.00        1.737928E+14   4.6407E-05   4.6438E-05   0.99933
FLUX  816  1735.00        1.727911E+14   4.4421E-05   4.5922E-05   0.96732
FLUX  817  1745.00        1.718009E+14   4.5275E-05   4.5415E-05   0.99691
FLUX  818  1755.00        1.708219E+14   4.4916E-05   4.4916E-05   0.99999
FLUX  819  1765.00        1.698541E+14   4.4425E-05   4.4425E-05   1.00000
FLUX  820  1775.00        1.688972E+14   4.3942E-05   4.3942E-05   0.99999
FLUX  821  1785.00        1.679510E+14   4.3464E-05   4.3467E-05   0.99992
FLUX  822  1795.00        1.670153E+14   4.2999E-05   4.3000E-05   0.99999
FLUX  823  1805.00        1.660900E+14   4.2531E-05   4.2540E-05   0.99979
FLUX  824  1815.00        1.651749E+14   4.0736E-05   4.2087E-05   0.96791
FLUX  825  1825.00        1.642699E+14   4.1400E-05   4.1641E-05   0.99420
FLUX  826  1835.00        1.633747E+14   4.1202E-05   4.1203E-05   0.99999
FLUX  827  1845.00        1.624892E+14   4.0771E-05   4.0771E-05   0.99999
FLUX  828  1855.00        1.616132E+14   4.0331E-05   4.0346E-05   0.99962
FLUX  829  1865.00        1.607466E+14   3.9667E-05   3.9928E-05   0.99347
FLUX  830  1875.00        1.598893E+14   3.8225E-05   3.9516E-05   0.96734
FLUX  831  1885.00        1.590411E+14   3.9084E-05   3.9110E-05   0.99932
FLUX  832  1895.00        1.582018E+14   3.8709E-05   3.8711E-05   0.99994
FLUX  833  1905.00        1.573714E+14   3.8203E-05   3.8318E-05   0.99701
FLUX  834  1915.00        1.565496E+14   3.7927E-05   3.7930E-05   0.99993
FLUX  835  1925.00        1.557364E+14   3.7548E-05   3.7549E-05   0.99999
FLUX  836  1935.00        1.549315E+14   3.7114E-05   3.7173E-05   0.99841
FLUX  837  1945.00        1.541350E+14   3.5426E-05   3.6802E-05   0.96260
FLUX  838  1955.00        1.533465E+14   3.6343E-05   3.6438E-05   0.99741
FLUX  839  1965.00        1.525662E+14   3.6078E-05   3.6078E-05   0.99999
FLUX  840  1975.00        1.517937E+14   3.5724E-05   3.5724E-05   1.00000
FLUX  841  1985.00        1.510290E+14   3.5375E-05   3.5375E-05   1.00000
FLUX  842  1995.00        1.502719E+14   3.5031E-05   3.5031E-05   1.00000
FLUX  843  2005.00        1.495224E+14   3.4692E-05   3.4692E-05   1.00000
FLUX  844  2015.00        1.487804E+14   3.4357E-05   3.4357E-05   1.00000
FLUX  845  2025.00        1.480457E+14   3.4028E-05   3.4028E-05   1.00000
FLUX  846  2035.00        1.473182E+14   3.3703E-05   3.3703E-05   1.00000
FLUX  847  2045.00        1.465978E+14   3.3374E-05   3.3383E-05   0.99973
FLUX  848  2055.00        1.458844E+14   3.3019E-05   3.3068E-05   0.99854
FLUX  849  2065.00        1.451780E+14   3.2756E-05   3.2756E-05   1.00000
FLUX  850  2075.00        1.444783E+14   3.2449E-05   3.2450E-05   0.99999
FLUX  851  2085.00        1.437854E+14   3.2147E-05   3.2147E-05   1.00000
FLUX  852  2095.00        1.430990E+14   3.1848E-05   3.1849E-05   0.99999
FLUX  853  2105.00        1.424192E+14   3.1554E-05   3.1554E-05   0.99999
FLUX  854  2115.00        1.417459E+14   3.1172E-05   3.1264E-05   0.99707
FLUX  855  2125.00        1.410788E+14   3.0978E-05   3.0978E-05   1.00000
FLUX  856  2135.00        1.404180E+14   3.0695E-05   3.0696E-05   1.00000
FLUX  857  2145.00        1.397634E+14   3.0411E-05   3.0417E-05   0.99980
FLUX  858  2155.00        1.391148E+14   3.0105E-05   3.0142E-05   0.99875
FLUX  859  2165.00        1.384723E+14   2.8733E-05   2.9871E-05   0.96190
FLUX  860  2175.00        1.378356E+14   2.9518E-05   2.9604E-05   0.99711
FLUX  861  2185.00        1.372048E+14   2.9325E-05   2.9340E-05   0.99948
FLUX  862  2195.00        1.365797E+14   2.9079E-05   2.9079E-05   1.00000
FLUX  863  2205.00        1.359603E+14   2.8822E-05   2.8822E-05   1.00000
FLUX  864  2215.00        1.353465E+14   2.8569E-05   2.8569E-05   1.00000
FLUX  865  2225.00        1.347382E+14   2.8316E-05   2.8319E-05   0.99989
FLUX  866  2235.00        1.341353E+14   2.8072E-05   2.8072E-05   1.00000
FLUX  867  2245.00        1.335379E+14   2.7828E-05   2.7828E-05   1.00000
FLUX  868  2255.00        1.329457E+14   2.7587E-05   2.7587E-05   1.00000
FLUX  869  2265.00        1.323587E+14   2.7350E-05   2.7350E-05   1.00000
FLUX  870  2275.00        1.317769E+14   2.7115E-05   2.7115E-05   1.00000
FLUX  871  2285.00        1.312002E+14   2.6882E-05   2.6966E-05   0.99686
FLUX  872  2295.00        1.306285E+14   2.6654E-05   2.6737E-05   0.99690
FLUX  873  2305.00        1.300618E+14   2.6424E-05   2.6510E-05   0.99676
FLUX  874  2315.00        1.295000E+14   2.6207E-05   2.6286E-05   0.99697
FLUX  875  2325.00        1.289430E+14   2.5987E-05   2.6065E-05   0.99701
FLUX  876  2335.00        1.283908E+14   2.5771E-05   2.5847E-05   0.99704
FLUX  877  2345.00        1.278433E+14   2.5557E-05   2.5632E-05   0.99708
FLUX  878  2355.00        1.273004E+14   2.5346E-05   2.5419E-05   0.99711
FLUX  879  2365.00        1.267622E+14   2.5137E-05   2.5209E-05   0.99714
FLUX  880  2375.00        1.262284E+14   2.4931E-05   2.5001E-05   0.99717
FLUX  881  2385.00        1.256992E+14   2.4727E-05   2.4796E-05   0.99719
FLUX  882  2395.00        1.251743E+14   2.4525E-05   2.4594E-05   0.99720
FLUX  883  2405.00        1.246538E+14   2.4326E-05   2.4394E-05   0.99723
FLUX  884  2415.00        1.241377E+14   2.4128E-05   2.4196E-05   0.99720
FLUX  885  2425.00        1.236258E+14   2.3934E-05   2.4001E-05   0.99720
FLUX  886  2435.00        1.231181E+14   2.3741E-05   2.3808E-05   0.99717
FLUX  887  2445.00        1.226145E+14   2.3548E-05   2.3618E-05   0.99705
FLUX  888  2455.00        1.221151E+14   2.3365E-05   2.3429E-05   0.99724
FLUX  889  2465.00        1.216197E+14   2.3172E-05   2.3243E-05   0.99695
FLUX  890  2475.00        1.211283E+14   2.2960E-05   2.3059E-05   0.99569
FLUX  891  2485.00        1.206408E+14   2.2820E-05   2.2878E-05   0.99747
FLUX  892  2495.00        1.201573E+14   2.2605E-05   2.2698E-05   0.99588
FLUX  893  2505.00        1.196776E+14   2.2466E-05   2.2521E-05   0.99757
FLUX  894  2515.00        1.192018E+14   2.2293E-05   2.2345E-05   0.99765
FLUX  895  2525.00        1.187297E+14   2.2053E-05   2.2172E-05   0.99465
FLUX  896  2535.00        1.182613E+14   2.1947E-05   2.2001E-05   0.99758
FLUX  897  2545.00        1.177967E+14   2.1830E-05   2.1831E-05   0.99997
FLUX  898  2555.00        1.173356E+14   2.1612E-05   2.1664E-05   0.99763
FLUX  899  2565.00        1.168782E+14   2.1332E-05   2.1498E-05   0.99229
FLUX  900  2575.00        1.164243E+14   2.1296E-05   2.1335E-05   0.99820
FLUX  901  2585.00        1.159739E+14   2.1172E-05   2.1173E-05   0.99997
FLUX  902  2595.00        1.155270E+14   2.1012E-05   2.1013E-05   0.99997
FLUX  903  2605.00        1.150835E+14   2.0761E-05   2.0855E-05   0.99549
FLUX  904  2615.00        1.146434E+14   2.0396E-05   2.0698E-05   0.98539
FLUX  905  2625.00        1.142067E+14   1.9754E-05   2.0544E-05   0.96155
FLUX  906  2635.00        1.137732E+14   2.0305E-05   2.0391E-05   0.99581
FLUX  907  2645.00        1.133431E+14   2.0239E-05   2.0240E-05   0.99997
FLUX  908  2655.00        1.129162E+14   2.0074E-05   2.0090E-05   0.99920
FLUX  909  2665.00        1.124925E+14   1.9884E-05   1.9942E-05   0.99710
FLUX  910  2675.00        1.120720E+14   1.9443E-05   1.9796E-05   0.98218
FLUX  911  2685.00        1.116546E+14   1.9583E-05   1.9651E-05   0.99654
FLUX  912  2695.00        1.112403E+14   1.9508E-05   1.9508E-05   0.99998
FLUX  913  2705.00        1.108290E+14   1.9366E-05   1.9366E-05   0.99999
FLUX  914  2715.00        1.104208E+14   1.9226E-05   1.9226E-05   1.00000
FLUX  915  2725.00        1.100156E+14   1.9088E-05   1.9088E-05   1.00000
FLUX  916  2735.00        1.096133E+14   1.8950E-05   1.8951E-05   0.99999
FLUX  917  2745.00        1.092140E+14   1.8794E-05   1.8815E-05   0.99890
FLUX  918  2755.00        1.088176E+14   1.8297E-05   1.8681E-05   0.97947
FLUX  919  2765.00        1.084241E+14   1.8387E-05   1.8548E-05   0.99132
FLUX  920  2775.00        1.080333E+14   1.8416E-05   1.8417E-05   0.99997
FLUX  921  2785.00        1.076454E+14   1.8287E-05   1.8287E-05   0.99999
FLUX  922  2795.00        1.072603E+14   1.8158E-05   1.8158E-05   1.00000
FLUX  923  2805.00        1.068779E+14   1.8031E-05   1.8031E-05   0.99999
FLUX  924  2815.00        1.064982E+14   1.7905E-05   1.7905E-05   1.00000
FLUX  925  2825.00        1.061212E+14   1.7781E-05   1.7781E-05   1.00000
FLUX  926  2835.00        1.057469E+14   1.7657E-05   1.7657E-05   1.00000
FLUX  927  2845.00        1.053752E+14   1.7535E-05   1.7535E-05   0.99999
FLUX  928  2855.00        1.050061E+14   1.7408E-05   1.7415E-05   0.99959
FLUX  929  2865.00        1.046396E+14   1.7180E-05   1.7295E-05   0.99332
FLUX  930  2875.00        1.042757E+14   1.6712E-05   1.7177E-05   0.97294
FLUX  931  2885.00        1.039142E+14   1.7027E-05   1.7060E-05   0.99806
FLUX  932  2895.00        1.035553E+14   1.6944E-05   1.6944E-05   0.99999
FLUX  933  2905.00        1.031988E+14   1.6829E-05   1.6829E-05   1.00000
FLUX  934  2915.00        1.028448E+14   1.6716E-05   1.6716E-05   1.00000
FLUX  935  2925.00        1.024932E+14   1.6603E-05   1.6603E-05   1.00000
FLUX  936  2935.00        1.021440E+14   1.6492E-05   1.6492E-05   1.00000
FLUX  937  2945.00        1.017971E+14   1.6382E-05   1.6382E-05   1.00000
FLUX  938  2955.00        1.014526E+14   1.6273E-05   1.6273E-05   1.00000
FLUX  939  2965.00        1.011105E+14   1.6165E-05   1.6165E-05   1.00000
FLUX  940  2975.00        1.007706E+14   1.6058E-05   1.6058E-05   1.00000
FLUX  941  2985.00        1.004330E+14   1.5952E-05   1.5952E-05   1.00000
FLUX  942  2995.00        1.000977E+14   1.5847E-05   1.5847E-05   1.00000
FLUX  943  3005.00        9.976456E+13   1.5743E-05   1.5743E-05   1.00000
FLUX  944  3015.00        9.943367E+13   1.5640E-05   1.5640E-05   0.99997
FLUX  945  3025.00        9.910496E+13   1.5523E-05   1.5539E-05   0.99900
FLUX  946  3035.00        9.877842E+13   1.5067E-05   1.5438E-05   0.97597
FLUX  947  3045.00        9.845402E+13   1.5121E-05   1.5338E-05   0.98584
FLUX  948  3055.00        9.813175E+13   1.5233E-05   1.5239E-05   0.99958
FLUX  949  3065.00        9.781158E+13   1.5141E-05   1.5141E-05   0.99999
FLUX  950  3075.00        9.749350E+13   1.5043E-05   1.5044E-05   0.99995
FLUX  951  3085.00        9.717747E+13   1.4948E-05   1.4948E-05   0.99999
FLUX  952  3095.00        9.686349E+13   1.4853E-05   1.4853E-05   1.00000
FLUX  953  3105.00        9.655153E+13   1.4759E-05   1.4759E-05   1.00000
FLUX  954  3115.00        9.624157E+13   1.4665E-05   1.4665E-05   0.99999
FLUX  955  3125.00        9.593360E+13   1.4573E-05   1.4573E-05   0.99999
FLUX  956  3135.00        9.562759E+13   1.4481E-05   1.4481E-05   1.00000
FLUX  957  3145.00        9.532353E+13   1.4391E-05   1.4391E-05   1.00000
FLUX  958  3155.00        9.502139E+13   1.4301E-05   1.4301E-05   1.00000
FLUX  959  3165.00        9.472117E+13   1.4212E-05   1.4212E-05   1.00000
FLUX  960  3175.00        9.442283E+13   1.4123E-05   1.4123E-05   1.00000
FLUX  961  3185.00        9.412637E+13   1.4036E-05   1.4036E-05   1.00000
FLUX  962  3195.00        9.383177E+13   1.3949E-05   1.3949E-05   1.00000
FLUX  963  3210.00        9.339330E+13   1.3821E-05   1.3821E-05   1.00000
FLUX  964  3230.00        9.281502E+13   1.3653E-05   1.3653E-05   1.00000
FLUX  965  3250.00        9.224385E+13   1.3487E-05   1.3487E-05   1.00000
FLUX  966  3270.00        9.167966E+13   1.3324E-05   1.3325E-05   0.99998
FLUX  967  3290.00        9.112234E+13   1.2898E-05   1.3183E-05   0.97834
FLUX  968  3310.00        9.057175E+13   1.2948E-05   1.3026E-05   0.99397
FLUX  969  3330.00        9.002778E+13   1.2852E-05   1.2872E-05   0.99841
FLUX  970  3350.00        8.949030E+13   1.2720E-05   1.2721E-05   0.99997
FLUX  971  3370.00        8.895920E+13   1.2571E-05   1.2572E-05   0.99997
FLUX  972  3390.00        8.843437E+13   1.2425E-05   1.2426E-05   0.99997
FLUX  973  3410.00        8.791569E+13   1.2281E-05   1.2282E-05   0.99997
FLUX  974  3430.00        8.740306E+13   1.2140E-05   1.2141E-05   0.99997
FLUX  975  3450.00        8.689638E+13   1.2001E-05   1.2002E-05   0.99997
FLUX  976  3470.00        8.639553E+13   1.1865E-05   1.1865E-05   0.99997
FLUX  977  3490.00        8.590043E+13   1.1731E-05   1.1731E-05   0.99997
FLUX  978  3510.00        8.541097E+13   1.1599E-05   1.1599E-05   0.99997
FLUX  979  3530.00        8.492705E+13   1.1469E-05   1.1469E-05   0.99997
FLUX  980  3550.00        8.444859E+13   1.1341E-05   1.1342E-05   0.99997
FLUX  981  3570.00        8.397549E+13   1.1216E-05   1.1216E-05   0.99997
FLUX  982  3590.00        8.350766E+13   1.1093E-05   1.1093E-05   0.99997
FLUX  983  3610.00        8.304501E+13   1.0971E-05   1.0971E-05   0.99997
FLUX  984  3630.00        8.258747E+13   1.0852E-05   1.0852E-05   0.99997
FLUX  985  3650.00        8.213493E+13   1.0732E-05   1.0735E-05   0.99980
FLUX  986  3670.00        8.168733E+13   1.0619E-05   1.0619E-05   0.99998
FLUX  987  3690.00        8.124458E+13   1.0491E-05   1.0505E-05   0.99868
FLUX  988  3710.00        8.080660E+13   1.0380E-05   1.0393E-05   0.99870
FLUX  989  3730.00        8.037332E+13   1.0170E-05   1.0283E-05   0.98896
FLUX  990  3750.00        7.994467E+13   1.0013E-05   1.0175E-05   0.98406
FLUX  991  3770.00        7.952056E+13   1.0064E-05   1.0068E-05   0.99959
FLUX  992  3790.00        7.910092E+13   9.9630E-06   9.9632E-06   0.99998
FLUX  993  3810.00        7.868570E+13   9.8419E-06   9.8597E-06   0.99819
FLUX  994  3830.00        7.827480E+13   9.7438E-06   9.7579E-06   0.99855
FLUX  995  3850.00        7.786818E+13   9.6575E-06   9.6577E-06   0.99998
FLUX  996  3870.00        7.746576E+13   9.5589E-06   9.5590E-06   0.99999
FLUX  997  3890.00        7.706748E+13   9.4558E-06   9.4618E-06   0.99937
FLUX  998  3910.00        7.667327E+13   9.3250E-06   9.3660E-06   0.99561
FLUX  999  3930.00        7.628308E+13   9.2715E-06   9.2718E-06   0.99997
FLUX 1000  3950.00        7.589684E+13   9.1788E-06   9.1789E-06   0.99999
FLUX 1001  3970.00        7.551448E+13   9.0873E-06   9.0874E-06   0.99999
FLUX 1002  3990.00        7.513596E+13   8.9971E-06   8.9973E-06   0.99998
FLUX 1003  4010.00        7.476122E+13   8.8779E-06   8.9084E-06   0.99657
FLUX 1004  4030.00        7.439020E+13   8.7628E-06   8.8210E-06   0.99340
FLUX 1005  4050.00        7.402284E+13   8.5675E-06   8.7347E-06   0.98085
FLUX 1006  4070.00        7.365909E+13   8.6461E-06   8.6498E-06   0.99958
FLUX 1007  4090.00        7.329890E+13   8.5660E-06   8.5660E-06   0.99999
FLUX 1008  4110.00        7.294221E+13   8.4835E-06   8.4835E-06   1.00000
FLUX 1009  4130.00        7.258898E+13   8.3973E-06   8.4022E-06   0.99942
FLUX 1010  4150.00        7.223916E+13   8.3165E-06   8.3220E-06   0.99934
FLUX 1011  4170.00        7.189269E+13   8.1554E-06   8.2429E-06   0.98938
FLUX 1012  4190.00        7.154952E+13   8.1570E-06   8.1650E-06   0.99901
FLUX 1013  4210.00        7.120962E+13   8.0881E-06   8.0882E-06   0.99999
FLUX 1014  4230.00        7.087293E+13   8.0124E-06   8.0124E-06   1.00000
FLUX 1015  4250.00        7.053941E+13   7.9351E-06   7.9378E-06   0.99967
FLUX 1016  4270.00        7.020902E+13   7.8641E-06   7.8641E-06   1.00000
FLUX 1017  4290.00        6.988170E+13   7.7827E-06   7.7915E-06   0.99888
FLUX 1018  4310.00        6.955742E+13   7.7198E-06   7.7198E-06   1.00000
FLUX 1019  4330.00        6.923614E+13   7.6491E-06   7.6491E-06   1.00000
FLUX 1020  4350.00        6.891782E+13   7.5792E-06   7.5794E-06   0.99997
FLUX 1021  4370.00        6.860240E+13   7.4180E-06   7.5107E-06   0.98766
FLUX 1022  4390.00        6.828986E+13   7.4145E-06   7.4428E-06   0.99620
FLUX 1023  4410.00        6.798016E+13   7.3758E-06   7.3759E-06   0.99999
FLUX 1024  4430.00        6.767325E+13   7.3099E-06   7.3099E-06   1.00000
FLUX 1025  4450.00        6.736910E+13   7.2447E-06   7.2448E-06   1.00000
FLUX 1026  4470.00        6.706767E+13   7.1854E-06   7.1855E-06   0.99999
FLUX 1027  4490.00        6.676893E+13   7.1219E-06   7.1220E-06   0.99999
FLUX 1028  4510.00        6.647284E+13   7.0593E-06   7.0594E-06   0.99999
FLUX 1029  4530.00        6.617936E+13   6.9975E-06   6.9975E-06   0.99999
FLUX 1030  4550.00        6.588846E+13   6.9364E-06   6.9365E-06   0.99999
FLUX 1031  4570.00        6.560011E+13   6.8762E-06   6.8763E-06   0.99999
FLUX 1032  4590.00        6.531427E+13   6.8167E-06   6.8168E-06   0.99999
FLUX 1033  4610.00        6.503091E+13   6.7564E-06   6.7581E-06   0.99974
FLUX 1034  4630.00        6.475000E+13   6.6941E-06   6.7002E-06   0.99910
FLUX 1035  4650.00        6.447151E+13   6.4823E-06   6.6430E-06   0.97581
FLUX 1036  4670.00        6.419540E+13   6.4619E-06   6.5865E-06   0.98108
FLUX 1037  4690.00        6.392164E+13   6.5071E-06   6.5308E-06   0.99638
FLUX 1038  4710.00        6.365021E+13   6.4755E-06   6.4757E-06   0.99998
FLUX 1039  4730.00        6.338108E+13   6.4212E-06   6.4213E-06   0.99999
FLUX 1040  4750.00        6.311421E+13   6.3676E-06   6.3676E-06   0.99999
FLUX 1041  4770.00        6.284958E+13   6.3145E-06   6.3146E-06   0.99999
FLUX 1042  4790.00        6.258716E+13   6.2622E-06   6.2623E-06   0.99999
FLUX 1043  4810.00        6.232692E+13   6.2105E-06   6.2105E-06   0.99999
FLUX 1044  4830.00        6.206884E+13   6.1594E-06   6.1595E-06   0.99999
FLUX 1045  4850.00        6.181289E+13   6.1090E-06   6.1090E-06   0.99999
FLUX 1046  4870.00        6.155903E+13   6.0591E-06   6.0592E-06   0.99999
FLUX 1047  4890.00        6.130726E+13   6.0099E-06   6.0100E-06   0.99999
FLUX 1048  4910.00        6.105754E+13   5.9613E-06   5.9613E-06   0.99999
FLUX 1049  4930.00        6.080984E+13   5.9132E-06   5.9133E-06   0.99999
FLUX 1050  4950.00        6.056414E+13   5.8658E-06   5.8658E-06   0.99999
FLUX 1051  4970.00        6.032042E+13   5.8188E-06   5.8189E-06   0.99999
FLUX 1052  4990.00        6.007866E+13   5.7725E-06   5.7726E-06   0.99999
FLUX 1053  5010.00        5.983882E+13   5.7267E-06   5.7268E-06   0.99999
FLUX 1054  5030.00        5.960089E+13   5.6815E-06   5.6815E-06   0.99999
FLUX 1055  5050.00        5.936485E+13   5.6367E-06   5.6368E-06   0.99999
FLUX 1056  5070.00        5.913067E+13   5.5925E-06   5.5926E-06   0.99999
FLUX 1057  5090.00        5.889833E+13   5.5488E-06   5.5489E-06   0.99998
FLUX 1058  5110.00        5.866781E+13   5.4935E-06   5.5058E-06   0.99777
FLUX 1059  5130.00        5.843908E+13   5.3525E-06   5.4631E-06   0.97975
FLUX 1060  5150.00        5.821214E+13   5.4132E-06   5.4209E-06   0.99857
FLUX 1061  5170.00        5.798694E+13   5.3791E-06   5.3792E-06   0.99998
FLUX 1062  5190.00        5.776349E+13   5.3380E-06   5.3380E-06   0.99999
FLUX 1063  5210.00        5.754175E+13   5.2972E-06   5.2973E-06   0.99999
FLUX 1064  5230.00        5.732170E+13   5.2570E-06   5.2570E-06   0.99999
FLUX 1065  5250.00        5.710333E+13   5.2171E-06   5.2172E-06   0.99998
FLUX 1066  5270.00        5.688662E+13   5.1777E-06   5.1778E-06   0.99998
FLUX 1067  5290.00        5.667155E+13   5.1388E-06   5.1389E-06   0.99999
FLUX 1068  5310.00        5.645810E+13   5.1004E-06   5.1004E-06   0.99999
FLUX 1069  5330.00        5.624625E+13   5.0623E-06   5.0623E-06   0.99999
FLUX 1070  5350.00        5.603598E+13   5.0246E-06   5.0247E-06   0.99999
FLUX 1071  5370.00        5.582728E+13   4.9855E-06   4.9875E-06   0.99961
FLUX 1072  5390.00        5.562013E+13   4.9496E-06   4.9506E-06   0.99980
FLUX 1073  5410.00        5.541451E+13   4.9142E-06   4.9142E-06   0.99999
FLUX 1074  5430.00        5.521041E+13   4.8782E-06   4.8782E-06   0.99999
FLUX 1075  5450.00        5.500780E+13   4.8426E-06   4.8426E-06   0.99999
FLUX 1076  5470.00        5.480667E+13   4.8074E-06   4.8074E-06   0.99999
FLUX 1077  5490.00        5.460701E+13   4.7725E-06   4.7725E-06   0.99999
FLUX 1078  5510.00        5.440880E+13   4.7371E-06   4.7381E-06   0.99980
FLUX 1079  5530.00        5.421203E+13   4.6953E-06   4.7040E-06   0.99816
FLUX 1080  5550.00        5.401667E+13   4.6702E-06   4.6702E-06   0.99998
FLUX 1081  5570.00        5.382271E+13   4.6368E-06   4.6369E-06   0.99999
FLUX 1082  5590.00        5.363014E+13   4.6038E-06   4.6039E-06   1.00000
FLUX 1083  5610.00        5.343895E+13   4.5712E-06   4.5712E-06   1.00000
FLUX 1084  5630.00        5.324911E+13   4.5388E-06   4.5389E-06   1.00000
FLUX 1085  5650.00        5.306062E+13   4.5069E-06   4.5069E-06   1.00000
FLUX 1086  5670.00        5.287346E+13   4.4752E-06   4.4752E-06   0.99999
FLUX 1087  5690.00        5.268761E+13   4.4438E-06   4.4439E-06   0.99997
FLUX 1088  5710.00        5.250306E+13   4.3961E-06   4.4129E-06   0.99618
FLUX 1089  5730.00        5.231981E+13   4.3805E-06   4.3823E-06   0.99960
FLUX 1090  5750.00        5.213783E+13   4.3519E-06   4.3519E-06   0.99999
FLUX 1091  5770.00        5.195711E+13   4.3218E-06   4.3219E-06   1.00000
FLUX 1092  5790.00        5.177763E+13   4.2921E-06   4.2921E-06   1.00000
FLUX 1093  5810.00        5.159940E+13   4.2627E-06   4.2627E-06   1.00000
FLUX 1094  5830.00        5.142238E+13   4.2335E-06   4.2336E-06   0.99999
FLUX 1095  5850.00        5.124658E+13   4.2064E-06   4.2064E-06   0.99999
FLUX 1096  5870.00        5.107198E+13   4.1778E-06   4.1779E-06   0.99998
FLUX 1097  5890.00        5.089856E+13   4.1379E-06   4.1496E-06   0.99718
FLUX 1098  5910.00        5.072631E+13   4.0269E-06   4.1216E-06   0.97703
FLUX 1099  5930.00        5.055523E+13   4.0826E-06   4.0939E-06   0.99723
FLUX 1100  5950.00        5.038529E+13   4.0412E-06   4.0665E-06   0.99376
FLUX 1101  5970.00        5.021650E+13   4.0272E-06   4.0394E-06   0.99699
FLUX 1102  5990.00        5.004883E+13   4.0124E-06   4.0125E-06   0.99998
FLUX 1103  6010.00        4.988228E+13   3.9858E-06   3.9859E-06   0.99999
FLUX 1104  6030.00        4.971683E+13   3.9595E-06   3.9595E-06   0.99999
FLUX 1105  6050.00        4.955248E+13   3.9334E-06   3.9334E-06   0.99999
FLUX 1106  6070.00        4.938921E+13   3.9076E-06   3.9076E-06   0.99999
FLUX 1107  6090.00        4.922701E+13   3.8820E-06   3.8820E-06   0.99999
FLUX 1108  6110.00        4.906588E+13   3.8567E-06   3.8567E-06   0.99999
FLUX 1109  6130.00        4.890579E+13   3.8316E-06   3.8316E-06   0.99999
FLUX 1110  6150.00        4.874675E+13   3.8068E-06   3.8068E-06   0.99999
FLUX 1111  6170.00        4.858874E+13   3.7822E-06   3.7822E-06   0.99999
FLUX 1112  6190.00        4.843174E+13   3.7578E-06   3.7578E-06   0.99999
FLUX 1113  6210.00        4.827576E+13   3.7337E-06   3.7337E-06   0.99999
FLUX 1114  6230.00        4.812079E+13   3.7098E-06   3.7098E-06   0.99999
FLUX 1115  6250.00        4.796680E+13   3.6861E-06   3.6861E-06   0.99998
FLUX 1116  6270.00        4.781380E+13   3.6578E-06   3.6627E-06   0.99866
FLUX 1117  6290.00        4.766176E+13   3.6001E-06   3.6395E-06   0.98918
FLUX 1118  6310.00        4.751070E+13   3.6080E-06   3.6165E-06   0.99766
FLUX 1119  6330.00        4.736058E+13   3.5936E-06   3.5937E-06   0.99998
FLUX 1120  6350.00        4.721142E+13   3.5711E-06   3.5711E-06   0.99999
FLUX 1121  6370.00        4.706319E+13   3.5487E-06   3.5488E-06   0.99999
FLUX 1122  6390.00        4.691588E+13   3.5266E-06   3.5266E-06   0.99999
FLUX 1123  6420.00        4.669665E+13   3.4937E-06   3.4938E-06   0.99999
FLUX 1124  6460.00        4.640751E+13   3.4507E-06   3.4507E-06   0.99999
FLUX 1125  6500.00        4.612192E+13   3.4084E-06   3.4084E-06   0.99999
FLUX 1126  6540.00        4.583983E+13   3.3668E-06   3.3668E-06   0.99999
FLUX 1127  6580.00        4.556117E+13   3.3260E-06   3.3261E-06   0.99999
FLUX 1128  6620.00        4.528588E+13   3.2860E-06   3.2860E-06   0.99999
FLUX 1129  6660.00        4.501389E+13   3.2467E-06   3.2467E-06   0.99999
FLUX 1130  6700.00        4.474515E+13   3.2080E-06   3.2080E-06   0.99999
FLUX 1131  6740.00        4.447960E+13   3.1673E-06   3.1701E-06   0.99911
FLUX 1132  6780.00        4.421718E+13   3.1055E-06   3.1328E-06   0.99127
FLUX 1133  6820.00        4.395784E+13   3.0961E-06   3.0962E-06   0.99998
FLUX 1134  6860.00        4.370153E+13   3.0602E-06   3.0602E-06   0.99999
FLUX 1135  6900.00        4.344819E+13   3.0248E-06   3.0248E-06   0.99999
FLUX 1136  6940.00        4.319777E+13   2.9900E-06   2.9900E-06   0.99999
FLUX 1137  6980.00        4.295021E+13   2.9558E-06   2.9559E-06   0.99999
FLUX 1138  7020.00        4.270548E+13   2.9222E-06   2.9223E-06   1.00000
FLUX 1139  7060.00        4.246353E+13   2.8892E-06   2.8892E-06   0.99999
FLUX 1140  7100.00        4.222430E+13   2.8567E-06   2.8568E-06   0.99999
FLUX 1141  7140.00        4.198775E+13   2.8248E-06   2.8248E-06   0.99999
FLUX 1142  7180.00        4.175383E+13   2.7934E-06   2.7934E-06   1.00000
FLUX 1143  7220.00        4.152251E+13   2.7625E-06   2.7625E-06   0.99999
FLUX 1144  7260.00        4.129373E+13   2.7321E-06   2.7322E-06   0.99998
FLUX 1145  7300.00        4.106747E+13   2.7023E-06   2.7023E-06   0.99999
FLUX 1146  7340.00        4.084366E+13   2.6729E-06   2.6729E-06   1.00000
FLUX 1147  7380.00        4.062229E+13   2.6439E-06   2.6440E-06   0.99999
FLUX 1148  7420.00        4.040330E+13   2.6123E-06   2.6155E-06   0.99878
FLUX 1149  7460.00        4.018666E+13   2.5474E-06   2.5875E-06   0.98449
FLUX 1150  7500.00        3.997233E+13   2.5050E-06   2.5600E-06   0.97852
FLUX 1151  7540.00        3.976028E+13   2.5284E-06   2.5329E-06   0.99823
FLUX 1152  7580.00        3.955046E+13   2.5062E-06   2.5062E-06   0.99999
FLUX 1153  7620.00        3.934285E+13   2.4799E-06   2.4799E-06   0.99999
FLUX 1154  7660.00        3.913740E+13   2.4541E-06   2.4541E-06   0.99999
FLUX 1155  7700.00        3.893409E+13   2.4286E-06   2.4286E-06   0.99999
FLUX 1156  7740.00        3.873288E+13   2.4035E-06   2.4036E-06   0.99998
FLUX 1157  7780.00        3.853374E+13   2.3765E-06   2.3789E-06   0.99900
FLUX 1158  7820.00        3.833664E+13   2.3546E-06   2.3546E-06   0.99998
FLUX 1159  7860.00        3.814154E+13   2.3307E-06   2.3307E-06   0.99999
FLUX 1160  7900.00        3.794842E+13   2.3071E-06   2.3071E-06   0.99999
FLUX 1161  7940.00        3.775724E+13   2.2839E-06   2.2839E-06   0.99999
FLUX 1162  7980.00        3.756798E+13   2.2610E-06   2.2610E-06   1.00000
FLUX 1163  8020.00        3.738061E+13   2.2385E-06   2.2385E-06   0.99999
FLUX 1164  8060.00        3.719510E+13   2.2163E-06   2.2163E-06   0.99999
FLUX 1165  8100.00        3.701142E+13   2.1944E-06   2.1945E-06   0.99999
FLUX 1166  8140.00        3.682955E+13   2.1689E-06   2.1729E-06   0.99815
FLUX 1167  8180.00        3.664945E+13   2.1502E-06   2.1517E-06   0.99931
FLUX 1168  8220.00        3.647111E+13   2.1307E-06   2.1308E-06   0.99999
FLUX 1169  8260.00        3.629449E+13   2.1101E-06   2.1101E-06   0.99999
FLUX 1170  8300.00        3.611958E+13   2.0898E-06   2.0898E-06   1.00000
FLUX 1171  8340.00        3.594634E+13   2.0698E-06   2.0698E-06   1.00000
FLUX 1172  8380.00        3.577476E+13   2.0500E-06   2.0500E-06   1.00000
FLUX 1173  8420.00        3.560481E+13   2.0306E-06   2.0306E-06   1.00000
FLUX 1174  8460.00        3.543647E+13   2.0114E-06   2.0114E-06   1.00000
FLUX 1175  8500.00        3.526971E+13   1.9924E-06   1.9925E-06   1.00000
FLUX 1176  8540.00        3.510451E+13   1.9738E-06   1.9738E-06   1.00000
FLUX 1177  8580.00        3.494085E+13   1.9554E-06   1.9554E-06   0.99999
FLUX 1178  8620.00        3.477871E+13   1.9372E-06   1.9373E-06   0.99998
FLUX 1179  8660.00        3.461807E+13   1.9105E-06   1.9194E-06   0.99540
FLUX 1180  8700.00        3.445891E+13   1.9010E-06   1.9017E-06   0.99960
FLUX 1181  8740.00        3.430120E+13   1.8705E-06   1.8843E-06   0.99267
FLUX 1182  8780.00        3.414493E+13   1.8534E-06   1.8672E-06   0.99262
FLUX 1183  8820.00        3.399008E+13   1.8502E-06   1.8502E-06   0.99999
FLUX 1184  8860.00        3.383663E+13   1.8335E-06   1.8335E-06   0.99999
FLUX 1185  8900.00        3.368455E+13   1.8170E-06   1.8170E-06   1.00000
FLUX 1186  8940.00        3.353384E+13   1.8008E-06   1.8008E-06   1.00000
FLUX 1187  8980.00        3.338447E+13   1.7847E-06   1.7847E-06   1.00000
FLUX 1188  9020.00        3.323642E+13   1.7689E-06   1.7689E-06   1.00000
FLUX 1189  9060.00        3.308968E+13   1.7533E-06   1.7533E-06   0.99999
FLUX 1190  9100.00        3.294423E+13   1.7378E-06   1.7379E-06   0.99999
FLUX 1191  9140.00        3.280005E+13   1.7226E-06   1.7226E-06   0.99999
FLUX 1192  9180.00        3.265714E+13   1.7076E-06   1.7076E-06   0.99999
FLUX 1193  9220.00        3.251546E+13   1.6928E-06   1.6928E-06   0.99999
FLUX 1194  9260.00        3.237500E+13   1.6781E-06   1.6782E-06   0.99999
FLUX 1195  9300.00        3.223575E+13   1.6637E-06   1.6637E-06   0.99999
FLUX 1196  9340.00        3.209770E+13   1.6494E-06   1.6494E-06   0.99998
FLUX 1197  9380.00        3.196082E+13   1.6240E-06   1.6354E-06   0.99306
FLUX 1198  9420.00        3.182511E+13   1.6186E-06   1.6215E-06   0.99825
FLUX 1199  9460.00        3.169054E+13   1.6077E-06   1.6077E-06   0.99999
FLUX 1200  9500.00        3.155711E+13   1.5942E-06   1.5942E-06   0.99999
FLUX 1201  9540.00        3.142479E+13   1.5808E-06   1.5808E-06   0.99999
FLUX 1202  9580.00        3.129358E+13   1.5676E-06   1.5676E-06   0.99999
FLUX 1203  9620.00        3.116346E+13   1.5545E-06   1.5545E-06   1.00000
FLUX 1204  9660.00        3.103442E+13   1.5416E-06   1.5416E-06   1.00000
FLUX 1205  9700.00        3.090644E+13   1.5289E-06   1.5289E-06   1.00000
FLUX 1206  9740.00        3.077952E+13   1.5163E-06   1.5163E-06   1.00000
FLUX 1207  9780.00        3.065363E+13   1.5039E-06   1.5039E-06   0.99999
FLUX 1208  9820.00        3.052877E+13   1.4916E-06   1.4916E-06   0.99999
FLUX 1209  9860.00        3.040492E+13   1.4795E-06   1.4795E-06   0.99998
FLUX 1210  9900.00        3.028207E+13   1.4675E-06   1.4676E-06   0.99999
FLUX 1211  9940.00        3.016021E+13   1.4557E-06   1.4557E-06   1.00000
FLUX 1212  9980.00        3.003933E+13   1.4440E-06   1.4440E-06   1.00000
FLUX 1213 10020.00        2.991941E+13   1.4325E-06   1.4325E-06   1.00000
FLUX 1214 20000.00        1.498963E+13   3.5586E-07   3.5586E-07   1.00000
FLUX 1215 40000.00        7.494813E+12   8.7195E-08   8.7195E-08   1.00000
FLUX 1216 60000.00        4.996542E+12   3.8188E-08   3.8188E-08   1.00000
FLUX 1217 80000.00        3.747406E+12   2.1244E-08   2.1244E-08   1.00000
FLUX 1218100000.00        2.997925E+12   1.3475E-08   1.3475E-08   1.00000
FLUX 1219120000.00        2.498271E+12   9.2896E-09   9.2896E-09   1.00000
FLUX 1220140000.00        2.141375E+12   6.7828E-09   6.7828E-09   1.00000
FLUX 1221160000.00        1.873703E+12   5.1653E-09   5.1653E-09   1.00000
FLUX
