TEFF   6500.  GRAVITY 4.00000 LTE 
TITLE  [0.0] VTURB=2  L/H=1.25 NOVER NEW ODF                                    
FLUX    1     9.09        3.298047E+16   1.0000E-50   0.0000E+00   1.00000
FLUX    2     9.35        3.206337E+16   1.0000E-50   0.0000E+00   1.00000
FLUX    3     9.61        3.119589E+16   1.0000E-50   0.0000E+00   1.00000
FLUX    4     9.77        3.068501E+16   1.0000E-50   0.0000E+00   1.00000
FLUX    5     9.96        3.009965E+16   1.0000E-50   0.0000E+00   1.00000
FLUX    6    10.20        2.939142E+16   1.0000E-50   0.0000E+00   1.00000
FLUX    7    10.38        2.888174E+16   1.0000E-50   0.0000E+00   1.00000
FLUX    8    10.56        2.838944E+16   1.0000E-50   0.0000E+00   1.00000
FLUX    9    10.77        2.783589E+16   1.0000E-50   0.0000E+00   1.00000
FLUX   10    11.04        2.715512E+16   1.0000E-50   0.0000E+00   1.00000
FLUX   11    11.40        2.629759E+16   1.0000E-50   0.0000E+00   1.00000
FLUX   12    11.78        2.544928E+16   1.0000E-50   0.0000E+00   1.00000
FLUX   13    12.13        2.471496E+16   1.0000E-50   0.0000E+00   1.00000
FLUX   14    12.48        2.402183E+16   1.0000E-50   0.0000E+00   1.00000
FLUX   15    12.71        2.358714E+16   1.0000E-50   0.0000E+00   1.00000
FLUX   16    12.84        2.334833E+16   1.0000E-50   0.0000E+00   1.00000
FLUX   17    13.05        2.297261E+16   1.0000E-50   0.0000E+00   1.00000
FLUX   18    13.24        2.264294E+16   5.1998-112   5.1999-112   0.99998
FLUX   19    13.39        2.238928E+16   8.7277-111   8.7279-111   0.99998
FLUX   20    13.66        2.194674E+16   1.1944-108   1.1944-108   0.99998
FLUX   21    13.98        2.144438E+16   3.1693-106   3.1694-106   0.99998
FLUX   22    14.33        2.092062E+16   1.0616-103   1.0616-103   0.99998
FLUX   23    14.72        2.036634E+16   4.9701-101   4.9702-101   0.99998
FLUX   24    15.10        1.985381E+16   1.4588E-98   1.4589E-98   0.99998
FLUX   25    15.52        1.931653E+16   5.6101E-96   5.6102E-96   0.99998
FLUX   26    15.88        1.887862E+16   7.1427E-94   7.1428E-94   0.99998
FLUX   27    16.20        1.850571E+16   4.4185E-92   4.4186E-92   0.99998
FLUX   28    16.60        1.805979E+16   6.1106E-90   6.1107E-90   0.99998
FLUX   29    17.03        1.760379E+16   9.4111E-88   9.4113E-88   0.99998
FLUX   30    17.34        1.728907E+16   3.0354E-86   3.0354E-86   0.99998
FLUX   31    17.68        1.695659E+16   1.1886E-84   1.1886E-84   0.99998
FLUX   32    18.02        1.663665E+16   4.0441E-83   4.0441E-83   0.99998
FLUX   33    18.17        1.649931E+16   1.8368E-82   1.8368E-82   0.99998
FLUX   34    18.61        1.610922E+16   1.3493E-80   1.3494E-80   0.99998
FLUX   35    19.10        1.569594E+16   1.2740E-78   1.2740E-78   0.99998
FLUX   36    19.39        1.546119E+16   1.6803E-77   1.6803E-77   0.99998
FLUX   37    19.84        1.511051E+16   7.9040E-76   7.9041E-76   0.99998
FLUX   38    20.18        1.485592E+16   1.2940E-74   1.2940E-74   0.99998
FLUX   39    20.50        1.462402E+16   1.6511E-73   1.6511E-73   0.99998
FLUX   40    21.05        1.424192E+16   1.0879E-71   1.0879E-71   0.99998
FLUX   41    21.62        1.386644E+16   6.6410E-70   6.6411E-70   0.99998
FLUX   42    21.98        1.363933E+16   7.9698E-69   7.9699E-69   0.99998
FLUX   43    22.30        1.344361E+16   6.7620E-68   6.7621E-68   0.99998
FLUX   44    22.68        1.321836E+16   7.9181E-67   7.9183E-67   0.99998
FLUX   45    23.00        1.303446E+16   5.9021E-66   5.9022E-66   0.99998
FLUX   46    23.40        1.281165E+16   6.7023E-65   6.7024E-65   0.99998
FLUX   47    24.00        1.249135E+16   2.1970E-63   2.1970E-63   0.99998
FLUX   48    24.65        1.216197E+16   7.9253E-62   7.9255E-62   0.99998
FLUX   49    25.24        1.187767E+16   1.7443E-60   1.7444E-60   0.99998
FLUX   50    25.68        1.167416E+16   1.5918E-59   1.5918E-59   0.99998
FLUX   51    26.00        1.153048E+16   7.5747E-59   7.5748E-59   0.99998
FLUX   52    26.40        1.135578E+16   5.0420E-58   5.0421E-58   0.99998
FLUX   53    26.85        1.116546E+16   3.9636E-57   3.9636E-57   0.99998
FLUX   54    27.35        1.096133E+16   3.6101E-56   3.6102E-56   0.99998
FLUX   55    27.85        1.076454E+16   3.0359E-55   3.0359E-55   0.99998
FLUX   56    28.40        1.055607E+16   2.8880E-54   2.8881E-54   0.99998
FLUX   57    29.00        1.033767E+16   3.0494E-53   3.0494E-53   0.99998
FLUX   58    29.60        1.012813E+16   2.9143E-52   2.9143E-52   0.99998
FLUX   59    30.10        9.959884E+15   1.7840E-51   1.7843E-51   0.99985
FLUX   60    30.80        9.733523E+15   2.0362E-50   2.0362E-50   0.99998
FLUX   61    31.80        9.427437E+15   5.4455E-49   5.4456E-49   0.99998
FLUX   62    32.80        9.140015E+15   1.1848E-47   1.1849E-47   0.99998
FLUX   63    33.80        8.869601E+15   2.1343E-46   2.1344E-46   0.99998
FLUX   64    34.80        8.614727E+15   3.2404E-45   3.2405E-45   0.99998
FLUX   65    35.70        8.397549E+15   3.2725E-44   3.2725E-44   0.99998
FLUX   66    36.60        8.191052E+15   2.9428E-43   2.9429E-43   0.99998
FLUX   67    37.50        7.994467E+15   2.3703E-42   2.3704E-42   0.99998
FLUX   68    38.50        7.786818E+15   2.1386E-41   2.1386E-41   0.99998
FLUX   69    39.50        7.589684E+15   1.7178E-40   1.7178E-40   0.99998
FLUX   70    40.50        7.402284E+15   1.2402E-39   1.2402E-39   0.99998
FLUX   71    41.40        7.241365E+15   6.7522E-39   6.7524E-39   0.99998
FLUX   72    42.20        7.104088E+15   2.8577E-38   2.8578E-38   0.99998
FLUX   73    43.00        6.971919E+15   1.1438E-37   1.1438E-37   0.99998
FLUX   74    44.10        6.798016E+15   7.0695E-37   7.0696E-37   0.99998
FLUX   75    45.10        6.647284E+15   3.4147E-36   3.4148E-36   0.99998
FLUX   76    46.00        6.517228E+15   1.3257E-35   1.3257E-35   0.99998
FLUX   77    47.00        6.378564E+15   5.6167E-35   5.6168E-35   0.99998
FLUX   78    48.00        6.245677E+15   2.2334E-34   2.2335E-34   0.99998
FLUX   79    49.00        6.118214E+15   8.3764E-34   8.3766E-34   0.99998
FLUX   80    50.00        5.995850E+15   2.9694E-33   2.9694E-33   0.99998
FLUX   81    50.60        5.924753E+15   8.2122E-33   9.3828E-33   0.87524
FLUX   82    51.20        5.855322E+15   1.8879E-32   1.9121E-32   0.98731
FLUX   83    52.00        5.765240E+15   4.7603E-32   4.8088E-32   0.98992
FLUX   84    53.00        5.656462E+15   1.4611E-31   1.4612E-31   0.99997
FLUX   85    54.00        5.551713E+15   4.2255E-31   4.2514E-31   0.99392
FLUX   86    55.00        5.450773E+15   1.1877E-30   1.1878E-30   0.99993
FLUX   87    56.00        5.353438E+15   3.1920E-30   3.1921E-30   0.99997
FLUX   88    57.00        5.259518E+15   8.2682E-30   8.2684E-30   0.99998
FLUX   89    58.00        5.168836E+15   2.0450E-29   2.0690E-29   0.98841
FLUX   90    59.00        5.081229E+15   5.0049E-29   5.0071E-29   0.99955
FLUX   91    60.00        4.996542E+15   1.1736E-28   1.1743E-28   0.99941
FLUX   92    61.00        4.914631E+15   2.6732E-28   2.6733E-28   0.99998
FLUX   93    62.00        4.835363E+15   5.9147E-28   5.9156E-28   0.99986
FLUX   94    63.00        4.758611E+15   1.2741E-27   1.2742E-27   0.99991
FLUX   95    64.00        4.684258E+15   2.6763E-27   2.6766E-27   0.99989
FLUX   96    65.00        4.612192E+15   5.4869E-27   5.4871E-27   0.99997
FLUX   97    65.80        4.556117E+15   9.5806E-27   9.5814E-27   0.99991
FLUX   98    66.50        4.508158E+15   1.5404E-26   1.5421E-26   0.99887
FLUX   99    67.50        4.441370E+15   2.9858E-26   2.9882E-26   0.99917
FLUX  100    68.50        4.376533E+15   5.6706E-26   5.6713E-26   0.99988
FLUX  101    69.50        4.313561E+15   1.0551E-25   1.0552E-25   0.99993
FLUX  102    70.50        4.252376E+15   1.9194E-25   1.9263E-25   0.99642
FLUX  103    71.60        4.187046E+15   3.6569E-25   3.6573E-25   0.99988
FLUX  104    72.60        4.129373E+15   6.4322E-25   6.4324E-25   0.99998
FLUX  105    73.50        4.078810E+15   1.0542E-24   1.0544E-24   0.99984
FLUX  106    74.50        4.024060E+15   1.7974E-24   1.7987E-24   0.99929
FLUX  107    75.50        3.970762E+15   3.0189E-24   3.0218E-24   0.99906
FLUX  108    76.50        3.918856E+15   5.0005E-24   5.0024E-24   0.99962
FLUX  109    77.50        3.868290E+15   8.1580E-24   8.1648E-24   0.99916
FLUX  110    78.50        3.819013E+15   1.3146E-23   1.3147E-23   0.99998
FLUX  111    79.50        3.770975E+15   2.0708E-23   2.0893E-23   0.99114
FLUX  112    80.50        3.724130E+15   3.2666E-23   3.2791E-23   0.99620
FLUX  113    81.50        3.678436E+15   5.0815E-23   5.0844E-23   0.99942
FLUX  114    82.50        3.633848E+15   7.7912E-23   7.7937E-23   0.99967
FLUX  115    83.50        3.590329E+15   1.1814E-22   1.1816E-22   0.99985
FLUX  116    84.50        3.547840E+15   1.7719E-22   1.7721E-22   0.99987
FLUX  117    85.50        3.506345E+15   2.6305E-22   2.6307E-22   0.99993
FLUX  118    86.50        3.465809E+15   3.8653E-22   3.8656E-22   0.99991
FLUX  119    87.50        3.426200E+15   5.6130E-22   5.6255E-22   0.99778
FLUX  120    88.50        3.387486E+15   8.1100E-22   8.1114E-22   0.99983
FLUX  121    89.50        3.349637E+15   1.1590E-21   1.1591E-21   0.99992
FLUX  122    90.50        3.312624E+15   1.6409E-21   1.6419E-21   0.99938
FLUX  123    91.50        3.276421E+15   2.8870E-18   7.2409E-18   0.39871
FLUX  124    92.50        3.241000E+15   9.9366E-18   1.0505E-17   0.94590
FLUX  125    93.50        3.206337E+15   1.4277E-17   1.5105E-17   0.94519
FLUX  126    94.50        3.172407E+15   2.0365E-17   2.1541E-17   0.94539
FLUX  127    95.50        3.139188E+15   2.9890E-17   3.0482E-17   0.98059
FLUX  128    96.50        3.106658E+15   4.2009E-17   4.2795E-17   0.98162
FLUX  129    97.50        3.074795E+15   5.8488E-17   5.9628E-17   0.98090
FLUX  130    98.50        3.043579E+15   8.0995E-17   8.2601E-17   0.98056
FLUX  131    99.50        3.012990E+15   1.1124E-16   1.1355E-16   0.97968
FLUX  132   100.50        2.983010E+15   1.5484E-16   1.5506E-16   0.99858
FLUX  133   101.50        2.953621E+15   2.1002E-16   2.1029E-16   0.99870
FLUX  134   102.50        2.924805E+15   2.6955E-16   2.8378E-16   0.94985
FLUX  135   103.50        2.896546E+15   3.7999E-16   3.8034E-16   0.99907
FLUX  136   104.50        2.868828E+15   5.0653E-16   5.0696E-16   0.99916
FLUX  137   105.50        2.841635E+15   6.7141E-16   6.7192E-16   0.99925
FLUX  138   106.50        2.814953E+15   8.8448E-16   8.8576E-16   0.99855
FLUX  139   107.50        2.788767E+15   1.1604E-15   1.1615E-15   0.99900
FLUX  140   108.50        2.763065E+15   1.5141E-15   1.5152E-15   0.99925
FLUX  141   109.50        2.737831E+15   1.9635E-15   1.9665E-15   0.99848
FLUX  142   110.50        2.713054E+15   4.5694E-15   2.0385E-14   0.22416
FLUX  143   111.50        2.688722E+15   1.5048E-14   2.8457E-14   0.52882
FLUX  144   112.50        2.664822E+15   2.3393E-14   3.8489E-14   0.60778
FLUX  145   113.50        2.641344E+15   3.5295E-14   5.0512E-14   0.69874
FLUX  146   114.50        2.618275E+15   4.7215E-14   6.4480E-14   0.73225
FLUX  147   115.50        2.595606E+15   5.4671E-14   8.0230E-14   0.68143
FLUX  148   116.50        2.573326E+15   7.6724E-14   9.7240E-14   0.78902
FLUX  149   117.50        2.551426E+15   9.6453E-14   1.1413E-13   0.84515
FLUX  150   118.50        2.529895E+15   1.0559E-13   1.5807E-13   0.66799
FLUX  151   119.50        2.508724E+15   6.4314E-14   1.9114E-13   0.33647
FLUX  152   120.50        2.487905E+15   6.2565E-14   2.2963E-13   0.27246
FLUX  153   121.50        2.467428E+15   2.6402E-14   2.7439E-13   0.09622
FLUX  154   122.50        2.447286E+15   8.1598E-14   3.3116E-13   0.24640
FLUX  155   123.50        2.427470E+15   1.9589E-13   3.9230E-13   0.49935
FLUX  156   124.50        2.407972E+15   3.8998E-13   6.1767E-13   0.63137
FLUX  157   125.50        2.388785E+15   6.7389E-13   8.9191E-13   0.75556
FLUX  158   126.50        2.369901E+15   6.9959E-13   1.1592E-12   0.60349
FLUX  159   127.50        2.351314E+15   9.7740E-13   1.4140E-12   0.69121
FLUX  160   128.50        2.333016E+15   1.2907E-12   1.7000E-12   0.75920
FLUX  161   129.50        2.315000E+15   1.5915E-12   2.0048E-12   0.79386
FLUX  162   130.50        2.297261E+15   1.5859E-12   2.3487E-12   0.67523
FLUX  163   131.50        2.279791E+15   2.1547E-12   2.7301E-12   0.78926
FLUX  164   132.50        2.262585E+15   2.4973E-12   3.1588E-12   0.79059
FLUX  165   133.50        2.245637E+15   2.8671E-12   3.6379E-12   0.78812
FLUX  166   134.50        2.228941E+15   3.3970E-12   4.1741E-12   0.81383
FLUX  167   135.50        2.212491E+15   3.7942E-12   4.7905E-12   0.79203
FLUX  168   136.50        2.196282E+15   4.3200E-12   5.5121E-12   0.78373
FLUX  169   137.50        2.180309E+15   4.7596E-12   6.3233E-12   0.75271
FLUX  170   138.50        2.164567E+15   5.2769E-12   7.2340E-12   0.72946
FLUX  171   139.50        2.149050E+15   6.0408E-12   8.2541E-12   0.73186
FLUX  172   140.50        2.133754E+15   7.1055E-12   9.3958E-12   0.75624
FLUX  173   141.50        2.118675E+15   7.8457E-12   1.0670E-11   0.73527
FLUX  174   142.50        2.103807E+15   8.7752E-12   1.2094E-11   0.72558
FLUX  175   143.50        2.089146E+15   9.8306E-12   1.3677E-11   0.71875
FLUX  176   144.20        2.079005E+15   1.1855E-11   1.4890E-11   0.79614
FLUX  177   144.70        2.071821E+15   1.1570E-11   1.5888E-11   0.72822
FLUX  178   145.50        2.060430E+15   1.3340E-11   1.7473E-11   0.76344
FLUX  179   146.50        2.046365E+15   1.5094E-11   1.9645E-11   0.76834
FLUX  180   147.50        2.032492E+15   1.5843E-11   2.2045E-11   0.71868
FLUX  181   148.50        2.018805E+15   1.8225E-11   2.4694E-11   0.73806
FLUX  182   149.50        2.005301E+15   2.2613E-11   2.7612E-11   0.81896
FLUX  183   150.50        1.991977E+15   2.6431E-11   3.0822E-11   0.85752
FLUX  184   151.20        1.982755E+15   2.4536E-11   3.3256E-11   0.73778
FLUX  185   151.70        1.976220E+15   2.8994E-11   4.3422E-11   0.66773
FLUX  186   152.50        1.965852E+15   3.5756E-11   9.7866E-11   0.36536
FLUX  187   153.50        1.953046E+15   7.9309E-11   2.5745E-10   0.30805
FLUX  188   154.50        1.940405E+15   9.6224E-11   2.8609E-10   0.33634
FLUX  189   155.50        1.927926E+15   1.2364E-10   3.1726E-10   0.38971
FLUX  190   156.50        1.915607E+15   1.1974E-10   3.5132E-10   0.34082
FLUX  191   157.50        1.903444E+15   1.7980E-10   4.1691E-10   0.43127
FLUX  192   158.50        1.891435E+15   2.1088E-10   4.6034E-10   0.45810
FLUX  193   159.50        1.879577E+15   2.4718E-10   5.0743E-10   0.48711
FLUX  194   160.50        1.867866E+15   2.6261E-10   5.5813E-10   0.47051
FLUX  195   161.50        1.856300E+15   2.9288E-10   6.1236E-10   0.47828
FLUX  196   162.50        1.844877E+15   3.1826E-10   6.8503E-10   0.46460
FLUX  197   163.50        1.833593E+15   3.9476E-10   7.4964E-10   0.52660
FLUX  198   164.50        1.822447E+15   5.1045E-10   8.1881E-10   0.62341
FLUX  199   165.50        1.811435E+15   3.4011E-10   8.9298E-10   0.38087
FLUX  200   166.50        1.800556E+15   5.8608E-10   9.7251E-10   0.60264
FLUX  201   167.20        1.793017E+15   4.1526E-10   1.0315E-09   0.40260
FLUX  202   167.70        1.787671E+15   6.5329E-10   2.1039E-09   0.31050
FLUX  203   168.50        1.779184E+15   1.0181E-09   5.5770E-08   0.01826
FLUX  204   169.50        1.768687E+15   1.4101E-09   5.8900E-08   0.02394
FLUX  205   170.50        1.758314E+15   2.2180E-09   6.2323E-08   0.03559
FLUX  206   171.50        1.748061E+15   5.3755E-09   1.0943E-07   0.04912
FLUX  207   172.50        1.737928E+15   7.1328E-09   1.1499E-07   0.06203
FLUX  208   173.50        1.727911E+15   1.1077E-08   1.1869E-07   0.09333
FLUX  209   174.50        1.718009E+15   1.1602E-08   1.2344E-07   0.09399
FLUX  210   175.50        1.708219E+15   1.9133E-08   1.2648E-07   0.15128
FLUX  211   176.50        1.698541E+15   1.1295E-08   1.2925E-07   0.08739
FLUX  212   177.50        1.688972E+15   1.6919E-08   1.3181E-07   0.12836
FLUX  213   178.50        1.679510E+15   2.0734E-08   1.3411E-07   0.15461
FLUX  214   179.50        1.670153E+15   3.3702E-08   1.3620E-07   0.24744
FLUX  215   180.50        1.660900E+15   2.2058E-08   1.3843E-07   0.15935
FLUX  216   181.50        1.651749E+15   2.1199E-08   1.4023E-07   0.15118
FLUX  217   182.50        1.642699E+15   2.2229E-08   1.4200E-07   0.15653
FLUX  218   183.50        1.633747E+15   2.4654E-08   1.4343E-07   0.17189
FLUX  219   184.50        1.624892E+15   1.6052E-08   1.4466E-07   0.11097
FLUX  220   185.50        1.616132E+15   2.8903E-08   1.4619E-07   0.19771
FLUX  221   186.50        1.607466E+15   4.2681E-08   1.4699E-07   0.29036
FLUX  222   187.50        1.598893E+15   4.0261E-08   1.6046E-07   0.25092
FLUX  223   188.50        1.590411E+15   4.3909E-08   1.6030E-07   0.27392
FLUX  224   189.50        1.582018E+15   5.3250E-08   1.5991E-07   0.33300
FLUX  225   190.50        1.573714E+15   4.8045E-08   1.5938E-07   0.30144
FLUX  226   191.50        1.565496E+15   5.2394E-08   1.5878E-07   0.32999
FLUX  227   192.50        1.557364E+15   3.9068E-08   1.5802E-07   0.24724
FLUX  228   193.50        1.549315E+15   1.5790E-08   1.5710E-07   0.10051
FLUX  229   194.50        1.541350E+15   5.9347E-08   1.5640E-07   0.37946
FLUX  230   195.50        1.533465E+15   6.5187E-08   1.5567E-07   0.41874
FLUX  231   196.70        1.524110E+15   8.0834E-08   1.5459E-07   0.52290
FLUX  232   197.60        1.517169E+15   6.9082E-08   1.7925E-07   0.38539
FLUX  233   198.40        1.511051E+15   6.5750E-08   1.7945E-07   0.36639
FLUX  234   199.50        1.502719E+15   7.5251E-08   1.9376E-07   0.38836
FLUX  235   200.50        1.495224E+15   7.3250E-08   1.9492E-07   0.37580
FLUX  236   201.50        1.487804E+15   7.6721E-08   1.9662E-07   0.39020
FLUX  237   202.50        1.480457E+15   6.3811E-08   1.9807E-07   0.32216
FLUX  238   203.50        1.473182E+15   9.4767E-08   1.9956E-07   0.47489
FLUX  239   204.50        1.465978E+15   1.0850E-07   2.0147E-07   0.53853
FLUX  240   205.50        1.458844E+15   9.7770E-08   2.0300E-07   0.48163
FLUX  241   206.50        1.451780E+15   9.3360E-08   2.0427E-07   0.45704
FLUX  242   207.40        1.445480E+15   1.0466E-07   2.0532E-07   0.50974
FLUX  243   207.80        1.442697E+15   1.7795E-07   7.2798E-07   0.24444
FLUX  244   208.50        1.437854E+15   1.6783E-07   7.4047E-07   0.22666
FLUX  245   209.50        1.430990E+15   1.8825E-07   7.5773E-07   0.24844
FLUX  246   210.50        1.424192E+15   2.3712E-07   7.7378E-07   0.30644
FLUX  247   211.50        1.417459E+15   2.8939E-07   7.8838E-07   0.36707
FLUX  248   212.50        1.410788E+15   2.5959E-07   8.0281E-07   0.32335
FLUX  249   213.50        1.404180E+15   2.2892E-07   8.1723E-07   0.28011
FLUX  250   214.50        1.397634E+15   3.1247E-07   8.3087E-07   0.37607
FLUX  251   215.50        1.391148E+15   3.2698E-07   8.4434E-07   0.38726
FLUX  252   216.50        1.384723E+15   2.8316E-07   8.5793E-07   0.33005
FLUX  253   217.50        1.378356E+15   2.9661E-07   8.7169E-07   0.34027
FLUX  254   218.50        1.372048E+15   3.6500E-07   8.8606E-07   0.41194
FLUX  255   219.50        1.365797E+15   3.8309E-07   9.0073E-07   0.42531
FLUX  256   220.50        1.359603E+15   3.6011E-07   9.1575E-07   0.39324
FLUX  257   221.50        1.353465E+15   2.6330E-07   9.3118E-07   0.28276
FLUX  258   222.50        1.347382E+15   2.9785E-07   9.5402E-07   0.31220
FLUX  259   223.50        1.341353E+15   4.0907E-07   9.7031E-07   0.42159
FLUX  260   224.50        1.335379E+15   3.8183E-07   9.8687E-07   0.38691
FLUX  261   225.50        1.329457E+15   2.8049E-07   1.0494E-06   0.26730
FLUX  262   226.50        1.323587E+15   2.7525E-07   1.0646E-06   0.25856
FLUX  263   227.50        1.317769E+15   3.3798E-07   1.0798E-06   0.31302
FLUX  264   228.50        1.312002E+15   4.1069E-07   1.0949E-06   0.37511
FLUX  265   229.50        1.306285E+15   3.3831E-07   1.1099E-06   0.30480
FLUX  266   230.50        1.300618E+15   4.1688E-07   1.1249E-06   0.37061
FLUX  267   231.50        1.295000E+15   3.6276E-07   1.1398E-06   0.31825
FLUX  268   232.50        1.289430E+15   3.4728E-07   1.1549E-06   0.30070
FLUX  269   233.50        1.283908E+15   2.1825E-07   1.1805E-06   0.18488
FLUX  270   234.50        1.278433E+15   1.3016E-07   1.1951E-06   0.10891
FLUX  271   235.50        1.273004E+15   3.1169E-07   1.2098E-06   0.25763
FLUX  272   236.50        1.267622E+15   1.4875E-07   1.2245E-06   0.12148
FLUX  273   237.50        1.262284E+15   2.2147E-07   1.2393E-06   0.17871
FLUX  274   238.50        1.256992E+15   1.0161E-07   1.2545E-06   0.08100
FLUX  275   239.50        1.251743E+15   1.4684E-07   1.2693E-06   0.11568
FLUX  276   240.50        1.246538E+15   1.4517E-07   1.2843E-06   0.11304
FLUX  277   241.50        1.241377E+15   1.9769E-07   1.2993E-06   0.15215
FLUX  278   242.50        1.236258E+15   3.8243E-07   1.3144E-06   0.29094
FLUX  279   243.50        1.231181E+15   3.8395E-07   1.3297E-06   0.28875
FLUX  280   244.50        1.226145E+15   4.6859E-07   1.3611E-06   0.34426
FLUX  281   245.50        1.221151E+15   4.9644E-07   1.3758E-06   0.36084
FLUX  282   246.50        1.216197E+15   4.4050E-07   1.3905E-06   0.31680
FLUX  283   247.50        1.211283E+15   3.9178E-07   1.4051E-06   0.27883
FLUX  284   248.50        1.206408E+15   2.9191E-07   1.4198E-06   0.20560
FLUX  285   249.50        1.201573E+15   3.2833E-07   1.4346E-06   0.22886
FLUX  286   250.50        1.196776E+15   5.1039E-07   1.4620E-06   0.34910
FLUX  287   251.30        1.192967E+15   2.6586E-07   1.4734E-06   0.18045
FLUX  288   251.80        1.190598E+15   2.0777E-07   2.1863E-06   0.09503
FLUX  289   252.50        1.187297E+15   1.8466E-07   2.2044E-06   0.08377
FLUX  290   253.50        1.182613E+15   1.9879E-07   2.2303E-06   0.08913
FLUX  291   254.50        1.177967E+15   2.4395E-07   2.2563E-06   0.10812
FLUX  292   255.50        1.173356E+15   4.4277E-07   2.2824E-06   0.19399
FLUX  293   256.50        1.168782E+15   3.7285E-07   2.3085E-06   0.16151
FLUX  294   257.50        1.164243E+15   4.9577E-07   2.3348E-06   0.21234
FLUX  295   258.50        1.159739E+15   4.4506E-07   2.3612E-06   0.18849
FLUX  296   259.50        1.155270E+15   3.9961E-07   2.3876E-06   0.16737
FLUX  297   260.50        1.150835E+15   3.2703E-07   2.4141E-06   0.13547
FLUX  298   261.50        1.146434E+15   2.9526E-07   2.4406E-06   0.12098
FLUX  299   262.50        1.142067E+15   4.4003E-07   2.4672E-06   0.17835
FLUX  300   263.50        1.137732E+15   7.2108E-07   2.5011E-06   0.28831
FLUX  301   264.50        1.133431E+15   1.0287E-06   2.5276E-06   0.40700
FLUX  302   265.50        1.129162E+15   1.2491E-06   2.5543E-06   0.48901
FLUX  303   266.50        1.124925E+15   8.3208E-07   2.5810E-06   0.32239
FLUX  304   267.50        1.120720E+15   9.8331E-07   2.6078E-06   0.37706
FLUX  305   268.50        1.116546E+15   1.0659E-06   2.6347E-06   0.40457
FLUX  306   269.50        1.112403E+15   8.5429E-07   2.6616E-06   0.32097
FLUX  307   270.50        1.108290E+15   1.0343E-06   2.6966E-06   0.38357
FLUX  308   271.50        1.104208E+15   7.8404E-07   2.7232E-06   0.28791
FLUX  309   272.50        1.100156E+15   7.5252E-07   2.7497E-06   0.27367
FLUX  310   273.50        1.096133E+15   8.6671E-07   2.7763E-06   0.31218
FLUX  311   274.50        1.092140E+15   4.2268E-07   2.8029E-06   0.15080
FLUX  312   275.50        1.088176E+15   5.8818E-07   2.8295E-06   0.20787
FLUX  313   276.50        1.084241E+15   7.7340E-07   2.8562E-06   0.27078
FLUX  314   277.50        1.080333E+15   9.1840E-07   2.8828E-06   0.31858
FLUX  315   278.50        1.076454E+15   5.2065E-07   2.9095E-06   0.17895
FLUX  316   279.50        1.072603E+15   1.6736E-07   2.9362E-06   0.05700
FLUX  317   280.50        1.068779E+15   2.2268E-07   2.9630E-06   0.07515
FLUX  318   281.50        1.064982E+15   8.4808E-07   2.9899E-06   0.28365
FLUX  319   282.50        1.061212E+15   1.3047E-06   3.0168E-06   0.43246
FLUX  320   283.50        1.057469E+15   1.2487E-06   3.0438E-06   0.41025
FLUX  321   284.50        1.053752E+15   1.0887E-06   3.0709E-06   0.35452
FLUX  322   285.50        1.050061E+15   6.2742E-07   3.0981E-06   0.20252
FLUX  323   286.50        1.046396E+15   1.3123E-06   3.1252E-06   0.41991
FLUX  324   287.50        1.042757E+15   1.4500E-06   3.1525E-06   0.45997
FLUX  325   288.50        1.039142E+15   1.3421E-06   3.1797E-06   0.42208
FLUX  326   289.50        1.035553E+15   1.4068E-06   3.2070E-06   0.43866
FLUX  327   291.00        1.030215E+15   1.8361E-06   3.2530E-06   0.56441
FLUX  328   293.00        1.023183E+15   1.6717E-06   3.3071E-06   0.50550
FLUX  329   295.00        1.016246E+15   1.6635E-06   3.3619E-06   0.49481
FLUX  330   297.00        1.009402E+15   1.8765E-06   3.4156E-06   0.54937
FLUX  331   299.00        1.002651E+15   1.8784E-06   3.4695E-06   0.54141
FLUX  332   301.00        9.959884E+14   2.0292E-06   3.5234E-06   0.57592
FLUX  333   303.00        9.894142E+14   2.0412E-06   3.5775E-06   0.57057
FLUX  334   305.00        9.829262E+14   2.1307E-06   3.6314E-06   0.58673
FLUX  335   307.00        9.765228E+14   2.1573E-06   3.6853E-06   0.58537
FLUX  336   309.00        9.702023E+14   2.2465E-06   3.7437E-06   0.60006
FLUX  337   311.00        9.639630E+14   2.2600E-06   3.7970E-06   0.59521
FLUX  338   313.00        9.578035E+14   2.2557E-06   3.8515E-06   0.58567
FLUX  339   315.00        9.517222E+14   2.2536E-06   3.9042E-06   0.57723
FLUX  340   317.00        9.457177E+14   2.3698E-06   3.9568E-06   0.59892
FLUX  341   319.00        9.397884E+14   2.1627E-06   4.0094E-06   0.53940
FLUX  342   321.00        9.339330E+14   2.4098E-06   4.0619E-06   0.59325
FLUX  343   323.00        9.281502E+14   2.0977E-06   4.1156E-06   0.50970
FLUX  344   325.00        9.224385E+14   2.5377E-06   4.1677E-06   0.60891
FLUX  345   327.00        9.167966E+14   2.8377E-06   4.2195E-06   0.67252
FLUX  346   329.00        9.112234E+14   2.8008E-06   4.2720E-06   0.65563
FLUX  347   331.00        9.057175E+14   2.8896E-06   4.3234E-06   0.66837
FLUX  348   333.00        9.002778E+14   2.8917E-06   4.3746E-06   0.66104
FLUX  349   335.00        8.949030E+14   2.8779E-06   4.4255E-06   0.65031
FLUX  350   337.00        8.895920E+14   2.6253E-06   4.4765E-06   0.58645
FLUX  351   339.00        8.843437E+14   2.8692E-06   4.5278E-06   0.63368
FLUX  352   341.00        8.791569E+14   2.9206E-06   4.5784E-06   0.63792
FLUX  353   343.00        8.740306E+14   2.9928E-06   4.6287E-06   0.64657
FLUX  354   345.00        8.689638E+14   3.1273E-06   4.6793E-06   0.66833
FLUX  355   347.00        8.639553E+14   3.1454E-06   4.7297E-06   0.66502
FLUX  356   349.00        8.590043E+14   3.2667E-06   4.7800E-06   0.68343
FLUX  357   351.00        8.541097E+14   3.4109E-06   4.8300E-06   0.70620
FLUX  358   353.00        8.492705E+14   3.3005E-06   4.8798E-06   0.67635
FLUX  359   355.00        8.444859E+14   3.7183E-06   4.9297E-06   0.75428
FLUX  360   357.00        8.397549E+14   3.2466E-06   4.9799E-06   0.65195
FLUX  361   359.00        8.350766E+14   3.2532E-06   5.0300E-06   0.64675
FLUX  362   361.00        8.304501E+14   3.4077E-06   5.0799E-06   0.67082
FLUX  363   363.00        8.258747E+14   3.4722E-06   5.1296E-06   0.67690
FLUX  364   364.00        8.236058E+14   3.4719E-06   5.1546E-06   0.67355
FLUX  365   365.00        8.213493E+14   3.8754E-06   8.9636E-06   0.43235
FLUX  366   367.00        8.168733E+14   3.8640E-06   9.0260E-06   0.42809
FLUX  367   369.00        8.124458E+14   3.8006E-06   9.0877E-06   0.41822
FLUX  368   371.00        8.080660E+14   4.0330E-06   9.1493E-06   0.44080
FLUX  369   373.00        8.037332E+14   3.8223E-06   9.2097E-06   0.41503
FLUX  370   375.00        7.994467E+14   4.3529E-06   9.2695E-06   0.46959
FLUX  371   377.00        7.952056E+14   4.8065E-06   9.3568E-06   0.51368
FLUX  372   379.00        7.910092E+14   5.3405E-06   9.4168E-06   0.56713
FLUX  373   381.00        7.868570E+14   5.8740E-06   9.4760E-06   0.61989
FLUX  374   383.00        7.827480E+14   4.5674E-06   9.5345E-06   0.47904
FLUX  375   385.00        7.786818E+14   6.0061E-06   9.5955E-06   0.62593
FLUX  376   387.00        7.746576E+14   6.3184E-06   9.6529E-06   0.65456
FLUX  377   389.00        7.706748E+14   5.3067E-06   9.7108E-06   0.54647
FLUX  378   391.00        7.667327E+14   6.4763E-06   9.7683E-06   0.66299
FLUX  379   393.00        7.628308E+14   3.9371E-06   9.8250E-06   0.40072
FLUX  380   395.00        7.589684E+14   6.0493E-06   9.8810E-06   0.61221
FLUX  381   397.00        7.551448E+14   4.0900E-06   9.9363E-06   0.41162
FLUX  382   399.00        7.513596E+14   7.2063E-06   9.9909E-06   0.72129
FLUX  383   401.00        7.476122E+14   7.7131E-06   1.0048E-05   0.76764
FLUX  384   403.00        7.439020E+14   7.7858E-06   1.0102E-05   0.77070
FLUX  385   405.00        7.402284E+14   7.6985E-06   1.0156E-05   0.75806
FLUX  386   407.00        7.365909E+14   7.6682E-06   1.0208E-05   0.75118
FLUX  387   409.00        7.329890E+14   7.7613E-06   1.0260E-05   0.75645
FLUX  388   411.00        7.294221E+14   6.9737E-06   1.0311E-05   0.67631
FLUX  389   413.00        7.258898E+14   8.2004E-06   1.0362E-05   0.79140
FLUX  390   415.00        7.223916E+14   8.5556E-06   1.0412E-05   0.82169
FLUX  391   417.00        7.189269E+14   8.5136E-06   1.0462E-05   0.81375
FLUX  392   419.00        7.154952E+14   8.4686E-06   1.0511E-05   0.80570
FLUX  393   421.00        7.120962E+14   8.5246E-06   1.0559E-05   0.80733
FLUX  394   423.00        7.087293E+14   8.2807E-06   1.0606E-05   0.78074
FLUX  395   425.00        7.053941E+14   8.5823E-06   1.0653E-05   0.80564
FLUX  396   427.00        7.020902E+14   8.3637E-06   1.0698E-05   0.78179
FLUX  397   429.00        6.988170E+14   8.0197E-06   1.0743E-05   0.74651
FLUX  398   431.00        6.955742E+14   7.2674E-06   1.0787E-05   0.67373
FLUX  399   433.00        6.923614E+14   8.1606E-06   1.0830E-05   0.75350
FLUX  400   435.00        6.891782E+14   7.5321E-06   1.0873E-05   0.69271
FLUX  401   437.00        6.860240E+14   9.2080E-06   1.0915E-05   0.84358
FLUX  402   439.00        6.828986E+14   8.8883E-06   1.0957E-05   0.81120
FLUX  403   441.00        6.798016E+14   9.1057E-06   1.0998E-05   0.82796
FLUX  404   443.00        6.767325E+14   9.2313E-06   1.1038E-05   0.83632
FLUX  405   445.00        6.736910E+14   9.2963E-06   1.1078E-05   0.83918
FLUX  406   447.00        6.706767E+14   9.5823E-06   1.1117E-05   0.86195
FLUX  407   449.00        6.676893E+14   9.6463E-06   1.1156E-05   0.86470
FLUX  408   451.00        6.647284E+14   1.0325E-05   1.1194E-05   0.92239
FLUX  409   453.00        6.617936E+14   9.6741E-06   1.1231E-05   0.86134
FLUX  410   455.00        6.588846E+14   9.8710E-06   1.1269E-05   0.87597
FLUX  411   457.00        6.560011E+14   1.0448E-05   1.1305E-05   0.92416
FLUX  412   459.00        6.531427E+14   1.0016E-05   1.1341E-05   0.88313
FLUX  413   461.00        6.503091E+14   1.0327E-05   1.1376E-05   0.90780
FLUX  414   463.00        6.475000E+14   1.0209E-05   1.1411E-05   0.89468
FLUX  415   465.00        6.447151E+14   1.0395E-05   1.1446E-05   0.90819
FLUX  416   467.00        6.419540E+14   1.0639E-05   1.1480E-05   0.92679
FLUX  417   469.00        6.392164E+14   1.0445E-05   1.1513E-05   0.90727
FLUX  418   471.00        6.365021E+14   1.0118E-05   1.1546E-05   0.87634
FLUX  419   473.00        6.338108E+14   1.0693E-05   1.1579E-05   0.92354
FLUX  420   475.00        6.311421E+14   1.0841E-05   1.1611E-05   0.93366
FLUX  421   477.00        6.284958E+14   1.0843E-05   1.1643E-05   0.93132
FLUX  422   479.00        6.258716E+14   1.0872E-05   1.1674E-05   0.93134
FLUX  423   481.00        6.232692E+14   1.0843E-05   1.1704E-05   0.92636
FLUX  424   483.00        6.206884E+14   1.0908E-05   1.1735E-05   0.92952
FLUX  425   485.00        6.181289E+14   9.9084E-06   1.1765E-05   0.84222
FLUX  426   487.00        6.155903E+14   8.5766E-06   1.1794E-05   0.72720
FLUX  427   489.00        6.130726E+14   1.0635E-05   1.1823E-05   0.89948
FLUX  428   491.00        6.105754E+14   1.0781E-05   1.1852E-05   0.90969
FLUX  429   493.00        6.080984E+14   1.0693E-05   1.1880E-05   0.90010
FLUX  430   495.00        6.056414E+14   1.1078E-05   1.1908E-05   0.93034
FLUX  431   497.00        6.032042E+14   1.1252E-05   1.1935E-05   0.94276
FLUX  432   499.00        6.007866E+14   1.0699E-05   1.1962E-05   0.89441
FLUX  433   501.00        5.983882E+14   1.0402E-05   1.1988E-05   0.86772
FLUX  434   503.00        5.960089E+14   1.0971E-05   1.2014E-05   0.91316
FLUX  435   505.00        5.936485E+14   1.0980E-05   1.2040E-05   0.91196
FLUX  436   507.00        5.913067E+14   1.1373E-05   1.2065E-05   0.94266
FLUX  437   509.00        5.889833E+14   1.1155E-05   1.2090E-05   0.92264
FLUX  438   511.00        5.866781E+14   1.1336E-05   1.2114E-05   0.93578
FLUX  439   513.00        5.843908E+14   1.1153E-05   1.2138E-05   0.91882
FLUX  440   515.00        5.821214E+14   1.0964E-05   1.2162E-05   0.90147
FLUX  441   517.00        5.798694E+14   1.0674E-05   1.2185E-05   0.87598
FLUX  442   519.00        5.776349E+14   1.0656E-05   1.2208E-05   0.87289
FLUX  443   521.00        5.754175E+14   1.1076E-05   1.2231E-05   0.90562
FLUX  444   523.00        5.732170E+14   1.1231E-05   1.2253E-05   0.91660
FLUX  445   525.00        5.710333E+14   1.1502E-05   1.2274E-05   0.93707
FLUX  446   527.00        5.688662E+14   1.0604E-05   1.2296E-05   0.86244
FLUX  447   529.00        5.667155E+14   1.1489E-05   1.2316E-05   0.93285
FLUX  448   531.00        5.645810E+14   1.1688E-05   1.2337E-05   0.94742
FLUX  449   533.00        5.624625E+14   1.1040E-05   1.2357E-05   0.89342
FLUX  450   535.00        5.603598E+14   1.1639E-05   1.2377E-05   0.94039
FLUX  451   537.00        5.582728E+14   1.1676E-05   1.2396E-05   0.94190
FLUX  452   539.00        5.562013E+14   1.1639E-05   1.2416E-05   0.93748
FLUX  453   541.00        5.541451E+14   1.1402E-05   1.2434E-05   0.91696
FLUX  454   543.00        5.521041E+14   1.1692E-05   1.2453E-05   0.93895
FLUX  455   545.00        5.500780E+14   1.1936E-05   1.2471E-05   0.95714
FLUX  456   547.00        5.480667E+14   1.1826E-05   1.2489E-05   0.94697
FLUX  457   549.00        5.460701E+14   1.1823E-05   1.2506E-05   0.94541
FLUX  458   551.00        5.440880E+14   1.1893E-05   1.2523E-05   0.94967
FLUX  459   553.00        5.421203E+14   1.1959E-05   1.2540E-05   0.95364
FLUX  460   555.00        5.401667E+14   1.2111E-05   1.2557E-05   0.96450
FLUX  461   557.00        5.382271E+14   1.1928E-05   1.2573E-05   0.94868
FLUX  462   559.00        5.363014E+14   1.1848E-05   1.2589E-05   0.94112
FLUX  463   561.00        5.343895E+14   1.2066E-05   1.2604E-05   0.95732
FLUX  464   563.00        5.324911E+14   1.2184E-05   1.2627E-05   0.96492
FLUX  465   565.00        5.306062E+14   1.2158E-05   1.2642E-05   0.96170
FLUX  466   567.00        5.287346E+14   1.1998E-05   1.2657E-05   0.94794
FLUX  467   569.00        5.268761E+14   1.2180E-05   1.2671E-05   0.96121
FLUX  468   571.00        5.250306E+14   1.2105E-05   1.2685E-05   0.95422
FLUX  469   573.00        5.231981E+14   1.2581E-05   1.2699E-05   0.99071
FLUX  470   575.00        5.213783E+14   1.2361E-05   1.2712E-05   0.97234
FLUX  471   577.00        5.195711E+14   1.2480E-05   1.2725E-05   0.98070
FLUX  472   579.00        5.177763E+14   1.2351E-05   1.2738E-05   0.96961
FLUX  473   581.00        5.159940E+14   1.2514E-05   1.2751E-05   0.98143
FLUX  474   583.00        5.142238E+14   1.2632E-05   1.2763E-05   0.98974
FLUX  475   585.00        5.124658E+14   1.2501E-05   1.2775E-05   0.97858
FLUX  476   587.00        5.107198E+14   1.2557E-05   1.2786E-05   0.98208
FLUX  477   589.00        5.089856E+14   1.2195E-05   1.2797E-05   0.95290
FLUX  478   591.00        5.072631E+14   1.2574E-05   1.2808E-05   0.98170
FLUX  479   593.00        5.055523E+14   1.2580E-05   1.2819E-05   0.98132
FLUX  480   595.00        5.038529E+14   1.2637E-05   1.2829E-05   0.98499
FLUX  481   597.00        5.021650E+14   1.2671E-05   1.2840E-05   0.98685
FLUX  482   599.00        5.004883E+14   1.2623E-05   1.2850E-05   0.98234
FLUX  483   601.00        4.988228E+14   1.2529E-05   1.2859E-05   0.97433
FLUX  484   603.00        4.971683E+14   1.2574E-05   1.2869E-05   0.97708
FLUX  485   605.00        4.955248E+14   1.2744E-05   1.2878E-05   0.98960
FLUX  486   607.00        4.938921E+14   1.2783E-05   1.2887E-05   0.99194
FLUX  487   609.00        4.922701E+14   1.2650E-05   1.2896E-05   0.98091
FLUX  488   611.00        4.906588E+14   1.2586E-05   1.2904E-05   0.97538
FLUX  489   613.00        4.890579E+14   1.2350E-05   1.2912E-05   0.95644
FLUX  490   615.00        4.874675E+14   1.2405E-05   1.2921E-05   0.96007
FLUX  491   617.00        4.858874E+14   1.2278E-05   1.2928E-05   0.94971
FLUX  492   619.00        4.843174E+14   1.2710E-05   1.2936E-05   0.98251
FLUX  493   621.00        4.827576E+14   1.2768E-05   1.2943E-05   0.98642
FLUX  494   623.00        4.812079E+14   1.2598E-05   1.2950E-05   0.97279
FLUX  495   625.00        4.796680E+14   1.2301E-05   1.2957E-05   0.94932
FLUX  496   627.00        4.781380E+14   1.2768E-05   1.2964E-05   0.98486
FLUX  497   629.00        4.766176E+14   1.2817E-05   1.2970E-05   0.98820
FLUX  498   631.00        4.751070E+14   1.2582E-05   1.2977E-05   0.96959
FLUX  499   633.00        4.736058E+14   1.2666E-05   1.2983E-05   0.97558
FLUX  500   635.00        4.721142E+14   1.2681E-05   1.2988E-05   0.97637
FLUX  501   637.00        4.706319E+14   1.2686E-05   1.2994E-05   0.97629
FLUX  502   639.00        4.691588E+14   1.2789E-05   1.2999E-05   0.98387
FLUX  503   641.00        4.676950E+14   1.2610E-05   1.3004E-05   0.96969
FLUX  504   643.00        4.662403E+14   1.2740E-05   1.3009E-05   0.97932
FLUX  505   645.00        4.647946E+14   1.2642E-05   1.3014E-05   0.97145
FLUX  506   647.00        4.633578E+14   1.2702E-05   1.3018E-05   0.97569
FLUX  507   649.00        4.619299E+14   1.2567E-05   1.3023E-05   0.96500
FLUX  508   651.00        4.605108E+14   1.2760E-05   1.3027E-05   0.97953
FLUX  509   653.00        4.591003E+14   1.2721E-05   1.3030E-05   0.97629
FLUX  510   655.00        4.576985E+14   1.2053E-05   1.3043E-05   0.92409
FLUX  511   657.00        4.563052E+14   1.0365E-05   1.3046E-05   0.79446
FLUX  512   659.00        4.549203E+14   1.2537E-05   1.3050E-05   0.96073
FLUX  513   661.00        4.535439E+14   1.2838E-05   1.3053E-05   0.98355
FLUX  514   663.00        4.521757E+14   1.2871E-05   1.3055E-05   0.98591
FLUX  515   665.00        4.508158E+14   1.2894E-05   1.3058E-05   0.98747
FLUX  516   667.00        4.494640E+14   1.2825E-05   1.3060E-05   0.98198
FLUX  517   669.00        4.481203E+14   1.2965E-05   1.3063E-05   0.99257
FLUX  518   671.00        4.467846E+14   1.2875E-05   1.3065E-05   0.98546
FLUX  519   673.00        4.454569E+14   1.2953E-05   1.3066E-05   0.99130
FLUX  520   675.00        4.441370E+14   1.2853E-05   1.3068E-05   0.98357
FLUX  521   677.00        4.428250E+14   1.2937E-05   1.3070E-05   0.98988
FLUX  522   679.00        4.415206E+14   1.2922E-05   1.3071E-05   0.98863
FLUX  523   681.00        4.402239E+14   1.2906E-05   1.3072E-05   0.98728
FLUX  524   683.00        4.389348E+14   1.2943E-05   1.3073E-05   0.99008
FLUX  525   685.00        4.376533E+14   1.2838E-05   1.3074E-05   0.98197
FLUX  526   687.00        4.363792E+14   1.2938E-05   1.3074E-05   0.98954
FLUX  527   689.00        4.351125E+14   1.2960E-05   1.3075E-05   0.99124
FLUX  528   691.00        4.338531E+14   1.2940E-05   1.3075E-05   0.98970
FLUX  529   693.00        4.326010E+14   1.2942E-05   1.3075E-05   0.98982
FLUX  530   695.00        4.313561E+14   1.2946E-05   1.3075E-05   0.99012
FLUX  531   697.00        4.301184E+14   1.2957E-05   1.3075E-05   0.99098
FLUX  532   699.00        4.288877E+14   1.2973E-05   1.3075E-05   0.99221
FLUX  533   701.00        4.276641E+14   1.2744E-05   1.3074E-05   0.97472
FLUX  534   703.00        4.264474E+14   1.2901E-05   1.3074E-05   0.98684
FLUX  535   705.00        4.252376E+14   1.2956E-05   1.3073E-05   0.99109
FLUX  536   707.00        4.240347E+14   1.2928E-05   1.3072E-05   0.98899
FLUX  537   709.00        4.228385E+14   1.2924E-05   1.3071E-05   0.98875
FLUX  538   711.00        4.216491E+14   1.2832E-05   1.3069E-05   0.98187
FLUX  539   713.00        4.204663E+14   1.2849E-05   1.3068E-05   0.98325
FLUX  540   715.00        4.192902E+14   1.2846E-05   1.3066E-05   0.98310
FLUX  541   717.00        4.181206E+14   1.2823E-05   1.3065E-05   0.98149
FLUX  542   719.00        4.169576E+14   1.2688E-05   1.3063E-05   0.97133
FLUX  543   721.00        4.158010E+14   1.2827E-05   1.3061E-05   0.98210
FLUX  544   723.00        4.146508E+14   1.2824E-05   1.3058E-05   0.98205
FLUX  545   725.00        4.135069E+14   1.2879E-05   1.3062E-05   0.98602
FLUX  546   727.00        4.123693E+14   1.2910E-05   1.3059E-05   0.98857
FLUX  547   729.00        4.112380E+14   1.2722E-05   1.3056E-05   0.97439
FLUX  548   731.00        4.101129E+14   1.2849E-05   1.3065E-05   0.98342
FLUX  549   733.00        4.089939E+14   1.2852E-05   1.3063E-05   0.98390
FLUX  550   735.00        4.078810E+14   1.2912E-05   1.3060E-05   0.98872
FLUX  551   737.00        4.067741E+14   1.2929E-05   1.3056E-05   0.99027
FLUX  552   739.00        4.056732E+14   1.2755E-05   1.3053E-05   0.97713
FLUX  553   741.00        4.045783E+14   1.2649E-05   1.3050E-05   0.96926
FLUX  554   743.00        4.034892E+14   1.2745E-05   1.3046E-05   0.97690
FLUX  555   745.00        4.024060E+14   1.2788E-05   1.3043E-05   0.98050
FLUX  556   747.00        4.013286E+14   1.2844E-05   1.3039E-05   0.98503
FLUX  557   749.00        4.002570E+14   1.2807E-05   1.3035E-05   0.98253
FLUX  558   751.00        3.991911E+14   1.2850E-05   1.3031E-05   0.98610
FLUX  559   753.00        3.981308E+14   1.2868E-05   1.3027E-05   0.98780
FLUX  560   755.00        3.970762E+14   1.2923E-05   1.3023E-05   0.99234
FLUX  561   757.00        3.960271E+14   1.2856E-05   1.3018E-05   0.98758
FLUX  562   759.00        3.949835E+14   1.2870E-05   1.3014E-05   0.98899
FLUX  563   761.00        3.939455E+14   1.2841E-05   1.3009E-05   0.98711
FLUX  564   763.00        3.929128E+14   1.2892E-05   1.3004E-05   0.99137
FLUX  565   765.00        3.918856E+14   1.2861E-05   1.3000E-05   0.98930
FLUX  566   767.00        3.908638E+14   1.2685E-05   1.2995E-05   0.97616
FLUX  567   769.00        3.898472E+14   1.2823E-05   1.2990E-05   0.98716
FLUX  568   771.00        3.888359E+14   1.2775E-05   1.2984E-05   0.98390
FLUX  569   773.00        3.878299E+14   1.2818E-05   1.2979E-05   0.98755
FLUX  570   775.00        3.868290E+14   1.2738E-05   1.2974E-05   0.98181
FLUX  571   777.00        3.858333E+14   1.2718E-05   1.2968E-05   0.98072
FLUX  572   779.00        3.848427E+14   1.2882E-05   1.2963E-05   0.99379
FLUX  573   781.00        3.838572E+14   1.2845E-05   1.2957E-05   0.99133
FLUX  574   783.00        3.828768E+14   1.2767E-05   1.2952E-05   0.98575
FLUX  575   785.00        3.819013E+14   1.2759E-05   1.2946E-05   0.98557
FLUX  576   787.00        3.809307E+14   1.2839E-05   1.2940E-05   0.99224
FLUX  577   789.00        3.799651E+14   1.2824E-05   1.2934E-05   0.99150
FLUX  578   791.00        3.790044E+14   1.2766E-05   1.2928E-05   0.98750
FLUX  579   793.00        3.780485E+14   1.2617E-05   1.2921E-05   0.97645
FLUX  580   795.00        3.770975E+14   1.2683E-05   1.2915E-05   0.98201
FLUX  581   797.00        3.761512E+14   1.2829E-05   1.2909E-05   0.99381
FLUX  582   799.00        3.752096E+14   1.2819E-05   1.2902E-05   0.99355
FLUX  583   801.00        3.742728E+14   1.2754E-05   1.2896E-05   0.98898
FLUX  584   803.00        3.733406E+14   1.2738E-05   1.2889E-05   0.98828
FLUX  585   805.00        3.724130E+14   1.2716E-05   1.2882E-05   0.98710
FLUX  586   807.00        3.714901E+14   1.2781E-05   1.2875E-05   0.99266
FLUX  587   809.00        3.705717E+14   1.2683E-05   1.2868E-05   0.98561
FLUX  588   811.00        3.696578E+14   1.2784E-05   1.2861E-05   0.99401
FLUX  589   813.00        3.687485E+14   1.2818E-05   1.2854E-05   0.99721
FLUX  590   815.00        3.678436E+14   1.2786E-05   1.2847E-05   0.99524
FLUX  591   817.00        3.669431E+14   1.2777E-05   1.2840E-05   0.99512
FLUX  592   819.00        3.660470E+14   1.2521E-05   1.2832E-05   0.97578
FLUX  593   821.00        3.651553E+14   1.2575E-05   1.3132E-05   0.95762
FLUX  594   823.00        3.642679E+14   1.2577E-05   1.3124E-05   0.95830
FLUX  595   825.00        3.633848E+14   1.2618E-05   1.3117E-05   0.96198
FLUX  596   827.00        3.625060E+14   1.2754E-05   1.3109E-05   0.97290
FLUX  597   829.00        3.616315E+14   1.2726E-05   1.3102E-05   0.97130
FLUX  598   831.00        3.607611E+14   1.2605E-05   1.3094E-05   0.96267
FLUX  599   833.00        3.598950E+14   1.2528E-05   1.3086E-05   0.95732
FLUX  600   835.00        3.590329E+14   1.2639E-05   1.3079E-05   0.96641
FLUX  601   837.00        3.581750E+14   1.2694E-05   1.3071E-05   0.97114
FLUX  602   839.00        3.573212E+14   1.2583E-05   1.3063E-05   0.96324
FLUX  603   841.00        3.564715E+14   1.2679E-05   1.3055E-05   0.97116
FLUX  604   843.00        3.556257E+14   1.2564E-05   1.3047E-05   0.96298
FLUX  605   845.00        3.547840E+14   1.2502E-05   1.3039E-05   0.95885
FLUX  606   847.00        3.539463E+14   1.2514E-05   1.3031E-05   0.96037
FLUX  607   849.00        3.531125E+14   1.2466E-05   1.3023E-05   0.95725
FLUX  608   851.00        3.522826E+14   1.1952E-05   1.3014E-05   0.91839
FLUX  609   853.00        3.514566E+14   1.2416E-05   1.3006E-05   0.95464
FLUX  610   855.00        3.506345E+14   1.0825E-05   1.2998E-05   0.83284
FLUX  611   857.00        3.498162E+14   1.2666E-05   1.2989E-05   0.97509
FLUX  612   859.00        3.490017E+14   1.2387E-05   1.2981E-05   0.95428
FLUX  613   861.00        3.481911E+14   1.2311E-05   1.2972E-05   0.94906
FLUX  614   863.00        3.473841E+14   1.2652E-05   1.2964E-05   0.97600
FLUX  615   865.00        3.465809E+14   1.2487E-05   1.2955E-05   0.96384
FLUX  616   867.00        3.457814E+14   1.0813E-05   1.2946E-05   0.83523
FLUX  617   869.00        3.449856E+14   1.2347E-05   1.2938E-05   0.95434
FLUX  618   871.00        3.441935E+14   1.2628E-05   1.2929E-05   0.97672
FLUX  619   873.00        3.434049E+14   1.2541E-05   1.2920E-05   0.97063
FLUX  620   875.00        3.426200E+14   1.1695E-05   1.2911E-05   0.90578
FLUX  621   877.00        3.418387E+14   1.2505E-05   1.2902E-05   0.96923
FLUX  622   879.00        3.410609E+14   1.2633E-05   1.2893E-05   0.97983
FLUX  623   881.00        3.402866E+14   1.2541E-05   1.2884E-05   0.97333
FLUX  624   883.00        3.395159E+14   1.2543E-05   1.2875E-05   0.97420
FLUX  625   885.00        3.387486E+14   1.2287E-05   1.2866E-05   0.95497
FLUX  626   887.00        3.379848E+14   1.1515E-05   1.2857E-05   0.89567
FLUX  627   889.00        3.372244E+14   1.2535E-05   1.2848E-05   0.97564
FLUX  628   891.00        3.364675E+14   1.2645E-05   1.2838E-05   0.98493
FLUX  629   893.00        3.357139E+14   1.2537E-05   1.2829E-05   0.97726
FLUX  630   895.00        3.349637E+14   1.2630E-05   1.2820E-05   0.98517
FLUX  631   897.00        3.342168E+14   1.2612E-05   1.2810E-05   0.98452
FLUX  632   899.00        3.334733E+14   1.2548E-05   1.2801E-05   0.98024
FLUX  633   901.00        3.327331E+14   1.1410E-05   1.2791E-05   0.89198
FLUX  634   903.00        3.319961E+14   1.2112E-05   1.2782E-05   0.94762
FLUX  635   905.00        3.312624E+14   1.2615E-05   1.2772E-05   0.98766
FLUX  636   907.00        3.305320E+14   1.2414E-05   1.2763E-05   0.97264
FLUX  637   909.00        3.298047E+14   1.2194E-05   1.2753E-05   0.95614
FLUX  638   911.00        3.290807E+14   1.2436E-05   1.2743E-05   0.97586
FLUX  639   913.00        3.283598E+14   1.2633E-05   1.2734E-05   0.99206
FLUX  640   915.00        3.276421E+14   1.2631E-05   1.2724E-05   0.99270
FLUX  641   917.00        3.269275E+14   1.2587E-05   1.2714E-05   0.99002
FLUX  642   919.00        3.262160E+14   1.2576E-05   1.2704E-05   0.98986
FLUX  643   921.00        3.255076E+14   1.2210E-05   1.2694E-05   0.96185
FLUX  644   923.00        3.248023E+14   1.1080E-05   1.2685E-05   0.87353
FLUX  645   925.00        3.241000E+14   1.2043E-05   1.2675E-05   0.95019
FLUX  646   927.00        3.234008E+14   1.2347E-05   1.2665E-05   0.97494
FLUX  647   929.00        3.227045E+14   1.2534E-05   1.2655E-05   0.99045
FLUX  648   931.00        3.220113E+14   1.2576E-05   1.2645E-05   0.99458
FLUX  649   933.00        3.213210E+14   1.2540E-05   1.2635E-05   0.99244
FLUX  650   935.00        3.206337E+14   1.2542E-05   1.2625E-05   0.99341
FLUX  651   937.00        3.199493E+14   1.2539E-05   1.2615E-05   0.99399
FLUX  652   939.00        3.192678E+14   1.2516E-05   1.2605E-05   0.99292
FLUX  653   941.00        3.185893E+14   1.2066E-05   1.2595E-05   0.95802
FLUX  654   943.00        3.179136E+14   1.2398E-05   1.2585E-05   0.98514
FLUX  655   945.00        3.172407E+14   1.2356E-05   1.2575E-05   0.98260
FLUX  656   947.00        3.165707E+14   1.2486E-05   1.2565E-05   0.99378
FLUX  657   949.00        3.159036E+14   1.2488E-05   1.2554E-05   0.99472
FLUX  658   951.00        3.152392E+14   1.2384E-05   1.2544E-05   0.98721
FLUX  659   953.00        3.145776E+14   1.2130E-05   1.2534E-05   0.96779
FLUX  660   955.00        3.139188E+14   1.0987E-05   1.2524E-05   0.87727
FLUX  661   957.00        3.132628E+14   1.2145E-05   1.2513E-05   0.97054
FLUX  662   959.00        3.126095E+14   1.2375E-05   1.2503E-05   0.98972
FLUX  663   961.00        3.119589E+14   1.2293E-05   1.2493E-05   0.98397
FLUX  664   963.00        3.113110E+14   1.2224E-05   1.2482E-05   0.97928
FLUX  665   965.00        3.106658E+14   1.2294E-05   1.2472E-05   0.98574
FLUX  666   967.00        3.100233E+14   1.2208E-05   1.2462E-05   0.97962
FLUX  667   969.00        3.093834E+14   1.2277E-05   1.2451E-05   0.98600
FLUX  668   971.00        3.087461E+14   1.2371E-05   1.2441E-05   0.99437
FLUX  669   973.00        3.081115E+14   1.2366E-05   1.2430E-05   0.99479
FLUX  670   975.00        3.074795E+14   1.2239E-05   1.2420E-05   0.98543
FLUX  671   977.00        3.068501E+14   1.2316E-05   1.2409E-05   0.99247
FLUX  672   979.00        3.062232E+14   1.2292E-05   1.2399E-05   0.99137
FLUX  673   981.00        3.055989E+14   1.2327E-05   1.2388E-05   0.99508
FLUX  674   983.00        3.049771E+14   1.2295E-05   1.2378E-05   0.99332
FLUX  675   985.00        3.043579E+14   1.2266E-05   1.2367E-05   0.99183
FLUX  676   987.00        3.037411E+14   1.2222E-05   1.2357E-05   0.98914
FLUX  677   989.00        3.031269E+14   1.2178E-05   1.2346E-05   0.98643
FLUX  678   991.00        3.025151E+14   1.2157E-05   1.2335E-05   0.98554
FLUX  679   993.00        3.019058E+14   1.2251E-05   1.2325E-05   0.99403
FLUX  680   995.00        3.012990E+14   1.2239E-05   1.2314E-05   0.99394
FLUX  681   997.00        3.006946E+14   1.2233E-05   1.2303E-05   0.99429
FLUX  682   999.00        3.000926E+14   1.2199E-05   1.2293E-05   0.99239
FLUX  683  1002.50        2.990449E+14   1.1874E-05   1.2274E-05   0.96740
FLUX  684  1007.50        2.975608E+14   1.1592E-05   1.2247E-05   0.94653
FLUX  685  1012.50        2.960914E+14   1.2079E-05   1.2221E-05   0.98843
FLUX  686  1017.50        2.946364E+14   1.2038E-05   1.2194E-05   0.98724
FLUX  687  1022.50        2.931956E+14   1.2081E-05   1.2167E-05   0.99294
FLUX  688  1027.50        2.917689E+14   1.2102E-05   1.2140E-05   0.99683
FLUX  689  1032.50        2.903559E+14   1.1989E-05   1.2114E-05   0.98972
FLUX  690  1037.50        2.889566E+14   1.1991E-05   1.2087E-05   0.99201
FLUX  691  1042.50        2.875707E+14   1.1997E-05   1.2060E-05   0.99478
FLUX  692  1047.50        2.861981E+14   1.1834E-05   1.2033E-05   0.98341
FLUX  693  1052.50        2.848385E+14   1.1903E-05   1.2007E-05   0.99136
FLUX  694  1057.50        2.834917E+14   1.1861E-05   1.1979E-05   0.99015
FLUX  695  1062.50        2.821576E+14   1.1824E-05   1.1952E-05   0.98929
FLUX  696  1067.50        2.808361E+14   1.1588E-05   1.1925E-05   0.97171
FLUX  697  1072.50        2.795268E+14   1.1700E-05   1.1898E-05   0.98337
FLUX  698  1077.50        2.782297E+14   1.1678E-05   1.1871E-05   0.98373
FLUX  699  1082.50        2.769446E+14   1.1566E-05   1.1844E-05   0.97649
FLUX  700  1087.50        2.756713E+14   1.1552E-05   1.1818E-05   0.97751
FLUX  701  1092.50        2.744096E+14   1.0874E-05   1.1791E-05   0.92229
FLUX  702  1097.50        2.731595E+14   1.1312E-05   1.1764E-05   0.96159
FLUX  703  1102.50        2.719206E+14   1.1597E-05   1.1737E-05   0.98805
FLUX  704  1107.50        2.706930E+14   1.1643E-05   1.1710E-05   0.99430
FLUX  705  1112.50        2.694764E+14   1.1574E-05   1.1683E-05   0.99062
FLUX  706  1117.50        2.682707E+14   1.1533E-05   1.1656E-05   0.98944
FLUX  707  1122.50        2.670757E+14   1.1560E-05   1.1630E-05   0.99399
FLUX  708  1127.50        2.658914E+14   1.1359E-05   1.1603E-05   0.97901
FLUX  709  1132.50        2.647174E+14   1.1366E-05   1.1576E-05   0.98185
FLUX  710  1137.50        2.635538E+14   1.1405E-05   1.1550E-05   0.98746
FLUX  711  1142.50        2.624004E+14   1.1289E-05   1.1523E-05   0.97963
FLUX  712  1147.50        2.612571E+14   1.1439E-05   1.1497E-05   0.99500
FLUX  713  1152.50        2.601236E+14   1.1415E-05   1.1470E-05   0.99518
FLUX  714  1157.50        2.590000E+14   1.1344E-05   1.1443E-05   0.99131
FLUX  715  1162.50        2.578860E+14   1.1191E-05   1.1417E-05   0.98017
FLUX  716  1167.50        2.567816E+14   1.1149E-05   1.1390E-05   0.97878
FLUX  717  1172.50        2.556866E+14   1.1319E-05   1.1364E-05   0.99604
FLUX  718  1177.50        2.546008E+14   1.1074E-05   1.1338E-05   0.97678
FLUX  719  1182.50        2.535243E+14   1.1119E-05   1.1311E-05   0.98296
FLUX  720  1187.50        2.524568E+14   1.1034E-05   1.1285E-05   0.97775
FLUX  721  1192.50        2.513983E+14   1.1238E-05   1.1259E-05   0.99809
FLUX  722  1197.50        2.503486E+14   1.0977E-05   1.1233E-05   0.97717
FLUX  723  1202.50        2.493077E+14   1.1083E-05   1.1207E-05   0.98897
FLUX  724  1207.50        2.482754E+14   1.1021E-05   1.1181E-05   0.98570
FLUX  725  1212.50        2.472515E+14   1.1029E-05   1.1155E-05   0.98874
FLUX  726  1217.50        2.462361E+14   1.1090E-05   1.1129E-05   0.99654
FLUX  727  1222.50        2.452290E+14   1.1053E-05   1.1103E-05   0.99549
FLUX  728  1227.50        2.442301E+14   1.0989E-05   1.1077E-05   0.99205
FLUX  729  1232.50        2.432394E+14   1.0985E-05   1.1051E-05   0.99397
FLUX  730  1237.50        2.422566E+14   1.0963E-05   1.1026E-05   0.99435
FLUX  731  1242.50        2.412817E+14   1.0941E-05   1.1000E-05   0.99464
FLUX  732  1247.50        2.403146E+14   1.0933E-05   1.0974E-05   0.99620
FLUX  733  1252.50        2.393553E+14   1.0868E-05   1.0949E-05   0.99258
FLUX  734  1257.50        2.384036E+14   1.0813E-05   1.0924E-05   0.98986
FLUX  735  1262.50        2.374594E+14   1.0811E-05   1.0898E-05   0.99195
FLUX  736  1267.50        2.365227E+14   1.0790E-05   1.0873E-05   0.99239
FLUX  737  1272.50        2.355933E+14   1.0779E-05   1.0848E-05   0.99366
FLUX  738  1277.50        2.346712E+14   1.0624E-05   1.0823E-05   0.98164
FLUX  739  1282.50        2.337563E+14   9.6555E-06   1.0798E-05   0.89421
FLUX  740  1287.50        2.328485E+14   1.0584E-05   1.0773E-05   0.98246
FLUX  741  1292.50        2.319478E+14   1.0641E-05   1.0748E-05   0.99001
FLUX  742  1297.50        2.310539E+14   1.0673E-05   1.0723E-05   0.99533
FLUX  743  1302.50        2.301670E+14   1.0622E-05   1.0699E-05   0.99281
FLUX  744  1307.50        2.292868E+14   1.0641E-05   1.0674E-05   0.99688
FLUX  745  1312.50        2.284133E+14   1.0548E-05   1.0649E-05   0.99048
FLUX  746  1317.50        2.275465E+14   1.0501E-05   1.0625E-05   0.98842
FLUX  747  1322.50        2.266862E+14   1.0562E-05   1.0600E-05   0.99642
FLUX  748  1327.50        2.258324E+14   1.0479E-05   1.0575E-05   0.99085
FLUX  749  1332.50        2.249850E+14   1.0491E-05   1.0551E-05   0.99436
FLUX  750  1337.50        2.241439E+14   1.0457E-05   1.0526E-05   0.99339
FLUX  751  1342.50        2.233091E+14   1.0463E-05   1.0502E-05   0.99628
FLUX  752  1347.50        2.224805E+14   1.0434E-05   1.0478E-05   0.99580
FLUX  753  1352.50        2.216580E+14   1.0393E-05   1.0453E-05   0.99421
FLUX  754  1357.50        2.208416E+14   1.0312E-05   1.0429E-05   0.98874
FLUX  755  1362.50        2.200312E+14   1.0338E-05   1.0405E-05   0.99359
FLUX  756  1367.50        2.192267E+14   1.0297E-05   1.0381E-05   0.99192
FLUX  757  1372.50        2.184281E+14   1.0206E-05   1.0356E-05   0.98543
FLUX  758  1377.50        2.176352E+14   1.0230E-05   1.0332E-05   0.99015
FLUX  759  1382.50        2.168481E+14   1.0221E-05   1.0308E-05   0.99160
FLUX  760  1387.50        2.160667E+14   1.0245E-05   1.0284E-05   0.99621
FLUX  761  1392.50        2.152908E+14   1.0179E-05   1.0259E-05   0.99215
FLUX  762  1397.50        2.145206E+14   1.0163E-05   1.0235E-05   0.99297
FLUX  763  1402.50        2.137558E+14   1.0112E-05   1.0211E-05   0.99031
FLUX  764  1407.50        2.129964E+14   1.0131E-05   1.0187E-05   0.99455
FLUX  765  1412.50        2.122425E+14   1.0046E-05   1.0162E-05   0.98851
FLUX  766  1417.50        2.114938E+14   1.0086E-05   1.0138E-05   0.99490
FLUX  767  1422.50        2.107504E+14   9.9740E-06   1.0114E-05   0.98620
FLUX  768  1427.50        2.100123E+14   9.9021E-06   1.0089E-05   0.98146
FLUX  769  1432.50        2.092792E+14   9.9863E-06   1.0065E-05   0.99221
FLUX  770  1437.50        2.085513E+14   1.0004E-05   1.0040E-05   0.99640
FLUX  771  1442.50        2.078284E+14   9.6944E-06   1.0015E-05   0.96795
FLUX  772  1447.50        2.071105E+14   9.9235E-06   9.9908E-06   0.99327
FLUX  773  1452.50        2.063976E+14   9.7529E-06   9.9660E-06   0.97862
FLUX  774  1457.00        2.057601E+14   9.8410E-06   9.9437E-06   0.98966
FLUX  775  1462.00        2.050564E+14   9.7936E-06   1.0097E-05   0.96999
FLUX  776  1467.50        2.042879E+14   9.8049E-06   1.0071E-05   0.97361
FLUX  777  1472.50        2.035942E+14   9.6941E-06   1.0047E-05   0.96488
FLUX  778  1477.50        2.029052E+14   9.6641E-06   1.0023E-05   0.96417
FLUX  779  1482.50        2.022209E+14   9.6811E-06   9.9992E-06   0.96819
FLUX  780  1487.50        2.015412E+14   9.5461E-06   9.9750E-06   0.95700
FLUX  781  1492.50        2.008660E+14   9.7197E-06   9.9507E-06   0.97679
FLUX  782  1497.50        2.001953E+14   9.6292E-06   9.9261E-06   0.97009
FLUX  783  1502.50        1.995291E+14   9.5101E-06   9.9015E-06   0.96048
FLUX  784  1507.50        1.988673E+14   9.4755E-06   9.8766E-06   0.95939
FLUX  785  1512.50        1.982099E+14   9.5768E-06   9.8515E-06   0.97211
FLUX  786  1517.50        1.975568E+14   9.5775E-06   9.8262E-06   0.97469
FLUX  787  1522.50        1.969080E+14   9.4783E-06   9.8006E-06   0.96711
FLUX  788  1527.50        1.962635E+14   9.5062E-06   9.7747E-06   0.97253
FLUX  789  1532.50        1.956232E+14   9.4555E-06   9.7486E-06   0.96993
FLUX  790  1537.50        1.949870E+14   9.4368E-06   9.7222E-06   0.97065
FLUX  791  1542.50        1.943549E+14   9.3567E-06   9.6954E-06   0.96506
FLUX  792  1547.50        1.937270E+14   9.3686E-06   9.6684E-06   0.96899
FLUX  793  1552.50        1.931031E+14   9.3308E-06   9.6411E-06   0.96782
FLUX  794  1557.50        1.924831E+14   9.2430E-06   9.6134E-06   0.96147
FLUX  795  1562.50        1.918672E+14   9.3519E-06   9.5853E-06   0.97565
FLUX  796  1567.50        1.912552E+14   9.1803E-06   9.5568E-06   0.96060
FLUX  797  1572.50        1.906471E+14   9.1360E-06   9.5279E-06   0.95887
FLUX  798  1577.50        1.900428E+14   9.0678E-06   9.4986E-06   0.95465
FLUX  799  1582.50        1.894423E+14   9.1420E-06   9.4688E-06   0.96549
FLUX  800  1587.50        1.888457E+14   8.7431E-06   9.4384E-06   0.92633
FLUX  801  1592.50        1.882527E+14   9.0401E-06   9.4076E-06   0.96094
FLUX  802  1597.50        1.876635E+14   9.1102E-06   9.3762E-06   0.97163
FLUX  803  1605.00        1.867866E+14   8.9951E-06   9.3280E-06   0.96431
FLUX  804  1615.00        1.856300E+14   8.7534E-06   9.2612E-06   0.94517
FLUX  805  1625.00        1.844877E+14   9.0113E-06   9.1910E-06   0.98045
FLUX  806  1635.00        1.833593E+14   8.7667E-06   9.1155E-06   0.96174
FLUX  807  1645.00        1.822447E+14   8.4592E-06   9.0329E-06   0.93650
FLUX  808  1655.00        1.811435E+14   8.8079E-06   8.9459E-06   0.98458
FLUX  809  1665.00        1.800556E+14   8.7497E-06   8.8601E-06   0.98754
FLUX  810  1675.00        1.789806E+14   8.4431E-06   8.7754E-06   0.96212
FLUX  811  1685.00        1.779184E+14   8.0911E-06   8.6920E-06   0.93087
FLUX  812  1695.00        1.768687E+14   8.5339E-06   8.6097E-06   0.99120
FLUX  813  1705.00        1.758314E+14   8.4065E-06   8.5284E-06   0.98570
FLUX  814  1715.00        1.748061E+14   8.3609E-06   8.4482E-06   0.98966
FLUX  815  1725.00        1.737928E+14   8.1812E-06   8.3692E-06   0.97754
FLUX  816  1735.00        1.727911E+14   7.5486E-06   8.2911E-06   0.91044
FLUX  817  1745.00        1.718009E+14   7.9642E-06   8.2142E-06   0.96957
FLUX  818  1755.00        1.708219E+14   8.0279E-06   8.1383E-06   0.98643
FLUX  819  1765.00        1.698541E+14   7.9564E-06   8.0634E-06   0.98674
FLUX  820  1775.00        1.688972E+14   7.9030E-06   7.9895E-06   0.98917
FLUX  821  1785.00        1.679510E+14   7.8430E-06   7.9166E-06   0.99070
FLUX  822  1795.00        1.670153E+14   7.7986E-06   7.8446E-06   0.99414
FLUX  823  1805.00        1.660900E+14   7.6605E-06   7.7736E-06   0.98546
FLUX  824  1815.00        1.651749E+14   7.0996E-06   7.7035E-06   0.92161
FLUX  825  1825.00        1.642699E+14   7.3968E-06   7.6343E-06   0.96889
FLUX  826  1835.00        1.633747E+14   7.4817E-06   7.5659E-06   0.98886
FLUX  827  1845.00        1.624892E+14   7.3999E-06   7.4985E-06   0.98685
FLUX  828  1855.00        1.616132E+14   7.3454E-06   7.4319E-06   0.98837
FLUX  829  1865.00        1.607466E+14   7.2224E-06   7.3661E-06   0.98049
FLUX  830  1875.00        1.598893E+14   6.6240E-06   7.3012E-06   0.90724
FLUX  831  1885.00        1.590411E+14   7.0839E-06   7.2372E-06   0.97882
FLUX  832  1895.00        1.582018E+14   6.9792E-06   7.1739E-06   0.97285
FLUX  833  1905.00        1.573714E+14   7.0647E-06   7.1115E-06   0.99342
FLUX  834  1915.00        1.565496E+14   6.9878E-06   7.0498E-06   0.99119
FLUX  835  1925.00        1.557364E+14   6.9245E-06   6.9890E-06   0.99077
FLUX  836  1935.00        1.549315E+14   6.7912E-06   6.9289E-06   0.98014
FLUX  837  1945.00        1.541350E+14   6.2671E-06   6.8695E-06   0.91230
FLUX  838  1955.00        1.533465E+14   6.6993E-06   6.8109E-06   0.98362
FLUX  839  1965.00        1.525662E+14   6.6859E-06   6.7530E-06   0.99007
FLUX  840  1975.00        1.517937E+14   6.6160E-06   6.6958E-06   0.98807
FLUX  841  1985.00        1.510290E+14   6.5904E-06   6.6393E-06   0.99263
FLUX  842  1995.00        1.502719E+14   6.5345E-06   6.5836E-06   0.99255
FLUX  843  2005.00        1.495224E+14   6.4989E-06   6.5285E-06   0.99547
FLUX  844  2015.00        1.487804E+14   6.4625E-06   6.4740E-06   0.99822
FLUX  845  2025.00        1.480457E+14   6.3767E-06   6.4202E-06   0.99322
FLUX  846  2035.00        1.473182E+14   6.2959E-06   6.3671E-06   0.98881
FLUX  847  2045.00        1.465978E+14   6.3033E-06   6.3146E-06   0.99820
FLUX  848  2055.00        1.458844E+14   6.2400E-06   6.2628E-06   0.99636
FLUX  849  2065.00        1.451780E+14   6.1647E-06   6.2116E-06   0.99245
FLUX  850  2075.00        1.444783E+14   6.1292E-06   6.1610E-06   0.99484
FLUX  851  2085.00        1.437854E+14   6.0818E-06   6.1110E-06   0.99523
FLUX  852  2095.00        1.430990E+14   6.0123E-06   6.0616E-06   0.99188
FLUX  853  2105.00        1.424192E+14   5.9885E-06   6.0128E-06   0.99596
FLUX  854  2115.00        1.417459E+14   5.9253E-06   5.9645E-06   0.99343
FLUX  855  2125.00        1.410788E+14   5.8768E-06   5.9168E-06   0.99323
FLUX  856  2135.00        1.404180E+14   5.8390E-06   5.8697E-06   0.99477
FLUX  857  2145.00        1.397634E+14   5.8035E-06   5.8232E-06   0.99663
FLUX  858  2155.00        1.391148E+14   5.7241E-06   5.7772E-06   0.99081
FLUX  859  2165.00        1.384723E+14   5.2875E-06   5.7317E-06   0.92250
FLUX  860  2175.00        1.378356E+14   5.5856E-06   5.6867E-06   0.98221
FLUX  861  2185.00        1.372048E+14   5.5988E-06   5.6423E-06   0.99229
FLUX  862  2195.00        1.365797E+14   5.5902E-06   5.5984E-06   0.99853
FLUX  863  2205.00        1.359603E+14   5.5112E-06   5.5550E-06   0.99212
FLUX  864  2215.00        1.353465E+14   5.4872E-06   5.5121E-06   0.99548
FLUX  865  2225.00        1.347382E+14   5.4563E-06   5.4697E-06   0.99756
FLUX  866  2235.00        1.341353E+14   5.4141E-06   5.4277E-06   0.99748
FLUX  867  2245.00        1.335379E+14   5.3729E-06   5.3863E-06   0.99751
FLUX  868  2255.00        1.329457E+14   5.3034E-06   5.3453E-06   0.99216
FLUX  869  2265.00        1.323587E+14   5.2770E-06   5.3047E-06   0.99478
FLUX  870  2275.00        1.317769E+14   5.2499E-06   5.2646E-06   0.99720
FLUX  871  2285.00        1.312002E+14   5.1947E-06   5.2554E-06   0.98844
FLUX  872  2295.00        1.306285E+14   5.1609E-06   5.2158E-06   0.98947
FLUX  873  2305.00        1.300618E+14   5.1400E-06   5.1767E-06   0.99292
FLUX  874  2315.00        1.295000E+14   5.0919E-06   5.1379E-06   0.99104
FLUX  875  2325.00        1.289430E+14   5.0618E-06   5.0996E-06   0.99257
FLUX  876  2335.00        1.283908E+14   5.0157E-06   5.0617E-06   0.99090
FLUX  877  2345.00        1.278433E+14   4.9913E-06   5.0243E-06   0.99345
FLUX  878  2355.00        1.273004E+14   4.9491E-06   4.9872E-06   0.99236
FLUX  879  2365.00        1.267622E+14   4.9209E-06   4.9505E-06   0.99401
FLUX  880  2375.00        1.262284E+14   4.8610E-06   4.9143E-06   0.98916
FLUX  881  2385.00        1.256992E+14   4.8289E-06   4.8784E-06   0.98986
FLUX  882  2395.00        1.251743E+14   4.8094E-06   4.8429E-06   0.99308
FLUX  883  2405.00        1.246538E+14   4.7688E-06   4.8078E-06   0.99189
FLUX  884  2415.00        1.241377E+14   4.7242E-06   4.7731E-06   0.98977
FLUX  885  2425.00        1.236258E+14   4.7008E-06   4.7387E-06   0.99201
FLUX  886  2435.00        1.231181E+14   4.6571E-06   4.7047E-06   0.98987
FLUX  887  2445.00        1.226145E+14   4.6345E-06   4.6711E-06   0.99217
FLUX  888  2455.00        1.221151E+14   4.5768E-06   4.6378E-06   0.98685
FLUX  889  2465.00        1.216197E+14   4.5695E-06   4.6049E-06   0.99232
FLUX  890  2475.00        1.211283E+14   4.5253E-06   4.5723E-06   0.98972
FLUX  891  2485.00        1.206408E+14   4.4795E-06   4.5401E-06   0.98665
FLUX  892  2495.00        1.201573E+14   4.4576E-06   4.5082E-06   0.98878
FLUX  893  2505.00        1.196776E+14   4.4428E-06   4.4767E-06   0.99244
FLUX  894  2515.00        1.192018E+14   4.4117E-06   4.4454E-06   0.99242
FLUX  895  2525.00        1.187297E+14   4.3716E-06   4.4145E-06   0.99028
FLUX  896  2535.00        1.182613E+14   4.3512E-06   4.3839E-06   0.99254
FLUX  897  2545.00        1.177967E+14   4.3145E-06   4.3536E-06   0.99102
FLUX  898  2555.00        1.173356E+14   4.2793E-06   4.3237E-06   0.98974
FLUX  899  2565.00        1.168782E+14   4.2191E-06   4.2940E-06   0.98256
FLUX  900  2575.00        1.164243E+14   4.2359E-06   4.2646E-06   0.99326
FLUX  901  2585.00        1.159739E+14   4.1830E-06   4.2356E-06   0.98758
FLUX  902  2595.00        1.155270E+14   4.1792E-06   4.2068E-06   0.99343
FLUX  903  2605.00        1.150835E+14   4.1384E-06   4.1783E-06   0.99044
FLUX  904  2615.00        1.146434E+14   4.0530E-06   4.1501E-06   0.97659
FLUX  905  2625.00        1.142067E+14   3.8331E-06   4.1222E-06   0.92986
FLUX  906  2635.00        1.137732E+14   4.0315E-06   4.0946E-06   0.98458
FLUX  907  2645.00        1.133431E+14   4.0272E-06   4.0672E-06   0.99016
FLUX  908  2655.00        1.129162E+14   4.0076E-06   4.0402E-06   0.99193
FLUX  909  2665.00        1.124925E+14   3.9556E-06   4.0133E-06   0.98560
FLUX  910  2675.00        1.120720E+14   3.8793E-06   3.9868E-06   0.97303
FLUX  911  2685.00        1.116546E+14   3.9338E-06   3.9605E-06   0.99325
FLUX  912  2695.00        1.112403E+14   3.9250E-06   3.9345E-06   0.99759
FLUX  913  2705.00        1.108290E+14   3.8988E-06   3.9087E-06   0.99746
FLUX  914  2715.00        1.104208E+14   3.8735E-06   3.8832E-06   0.99751
FLUX  915  2725.00        1.100156E+14   3.8485E-06   3.8579E-06   0.99756
FLUX  916  2735.00        1.096133E+14   3.8245E-06   3.8329E-06   0.99782
FLUX  917  2745.00        1.092140E+14   3.7936E-06   3.8081E-06   0.99620
FLUX  918  2755.00        1.088176E+14   3.6654E-06   3.7835E-06   0.96877
FLUX  919  2765.00        1.084241E+14   3.7019E-06   3.7592E-06   0.98475
FLUX  920  2775.00        1.080333E+14   3.7206E-06   3.7352E-06   0.99610
FLUX  921  2785.00        1.076454E+14   3.7028E-06   3.7113E-06   0.99770
FLUX  922  2795.00        1.072603E+14   3.6848E-06   3.6877E-06   0.99921
FLUX  923  2805.00        1.068779E+14   3.6601E-06   3.6643E-06   0.99887
FLUX  924  2815.00        1.064982E+14   3.6382E-06   3.6411E-06   0.99920
FLUX  925  2825.00        1.061212E+14   3.6140E-06   3.6181E-06   0.99887
FLUX  926  2835.00        1.057469E+14   3.5945E-06   3.5953E-06   0.99975
FLUX  927  2845.00        1.053752E+14   3.5622E-06   3.5728E-06   0.99703
FLUX  928  2855.00        1.050061E+14   3.5428E-06   3.5505E-06   0.99785
FLUX  929  2865.00        1.046396E+14   3.4899E-06   3.5283E-06   0.98909
FLUX  930  2875.00        1.042757E+14   3.3655E-06   3.5064E-06   0.95981
FLUX  931  2885.00        1.039142E+14   3.4635E-06   3.4847E-06   0.99391
FLUX  932  2895.00        1.035553E+14   3.4580E-06   3.4632E-06   0.99851
FLUX  933  2905.00        1.031988E+14   3.4383E-06   3.4419E-06   0.99898
FLUX  934  2915.00        1.028448E+14   3.4140E-06   3.4207E-06   0.99803
FLUX  935  2925.00        1.024932E+14   3.3885E-06   3.3998E-06   0.99666
FLUX  936  2935.00        1.021440E+14   3.3758E-06   3.3791E-06   0.99904
FLUX  937  2945.00        1.017971E+14   3.3519E-06   3.3585E-06   0.99802
FLUX  938  2955.00        1.014526E+14   3.3351E-06   3.3381E-06   0.99909
FLUX  939  2965.00        1.011105E+14   3.3155E-06   3.3180E-06   0.99927
FLUX  940  2975.00        1.007706E+14   3.2949E-06   3.2980E-06   0.99906
FLUX  941  2985.00        1.004330E+14   3.2760E-06   3.2781E-06   0.99936
FLUX  942  2995.00        1.000977E+14   3.2520E-06   3.2585E-06   0.99799
FLUX  943  3005.00        9.976456E+13   3.2325E-06   3.2390E-06   0.99797
FLUX  944  3015.00        9.943367E+13   3.2148E-06   3.2197E-06   0.99848
FLUX  945  3025.00        9.910496E+13   3.1875E-06   3.2006E-06   0.99589
FLUX  946  3035.00        9.877842E+13   3.0646E-06   3.1817E-06   0.96321
FLUX  947  3045.00        9.845402E+13   3.1004E-06   3.1629E-06   0.98024
FLUX  948  3055.00        9.813175E+13   3.1341E-06   3.1442E-06   0.99678
FLUX  949  3065.00        9.781158E+13   3.1172E-06   3.1257E-06   0.99727
FLUX  950  3075.00        9.749350E+13   3.1049E-06   3.1074E-06   0.99919
FLUX  951  3085.00        9.717747E+13   3.0791E-06   3.0892E-06   0.99673
FLUX  952  3095.00        9.686349E+13   3.0636E-06   3.0712E-06   0.99752
FLUX  953  3105.00        9.655153E+13   3.0482E-06   3.0533E-06   0.99832
FLUX  954  3115.00        9.624157E+13   3.0145E-06   3.0356E-06   0.99303
FLUX  955  3125.00        9.593360E+13   3.0110E-06   3.0181E-06   0.99766
FLUX  956  3135.00        9.562759E+13   2.9949E-06   3.0007E-06   0.99805
FLUX  957  3145.00        9.532353E+13   2.9782E-06   2.9835E-06   0.99825
FLUX  958  3155.00        9.502139E+13   2.9568E-06   2.9664E-06   0.99679
FLUX  959  3165.00        9.472117E+13   2.9453E-06   2.9494E-06   0.99860
FLUX  960  3175.00        9.442283E+13   2.9258E-06   2.9326E-06   0.99766
FLUX  961  3185.00        9.412637E+13   2.9124E-06   2.9159E-06   0.99878
FLUX  962  3195.00        9.383177E+13   2.8980E-06   2.8994E-06   0.99951
FLUX  963  3210.00        9.339330E+13   2.8698E-06   2.8749E-06   0.99823
FLUX  964  3230.00        9.281502E+13   2.8402E-06   2.8427E-06   0.99912
FLUX  965  3250.00        9.224385E+13   2.8069E-06   2.8110E-06   0.99855
FLUX  966  3270.00        9.167966E+13   2.7746E-06   2.7798E-06   0.99810
FLUX  967  3290.00        9.112234E+13   2.6675E-06   2.7533E-06   0.96885
FLUX  968  3310.00        9.057175E+13   2.6952E-06   2.7231E-06   0.98976
FLUX  969  3330.00        9.002778E+13   2.6764E-06   2.6933E-06   0.99373
FLUX  970  3350.00        8.949030E+13   2.6545E-06   2.6641E-06   0.99641
FLUX  971  3370.00        8.895920E+13   2.6210E-06   2.6353E-06   0.99456
FLUX  972  3390.00        8.843437E+13   2.5928E-06   2.6070E-06   0.99457
FLUX  973  3410.00        8.791569E+13   2.5633E-06   2.5791E-06   0.99387
FLUX  974  3430.00        8.740306E+13   2.5427E-06   2.5517E-06   0.99650
FLUX  975  3450.00        8.689638E+13   2.5211E-06   2.5247E-06   0.99858
FLUX  976  3470.00        8.639553E+13   2.4924E-06   2.4981E-06   0.99771
FLUX  977  3490.00        8.590043E+13   2.4678E-06   2.4720E-06   0.99831
FLUX  978  3510.00        8.541097E+13   2.4425E-06   2.4462E-06   0.99846
FLUX  979  3530.00        8.492705E+13   2.4153E-06   2.4209E-06   0.99772
FLUX  980  3550.00        8.444859E+13   2.3919E-06   2.3959E-06   0.99831
FLUX  981  3570.00        8.397549E+13   2.3653E-06   2.3713E-06   0.99746
FLUX  982  3590.00        8.350766E+13   2.3411E-06   2.3472E-06   0.99741
FLUX  983  3610.00        8.304501E+13   2.3201E-06   2.3233E-06   0.99860
FLUX  984  3630.00        8.258747E+13   2.2972E-06   2.2999E-06   0.99883
FLUX  985  3650.00        8.213493E+13   2.2667E-06   2.2768E-06   0.99559
FLUX  986  3670.00        8.168733E+13   2.2454E-06   2.2540E-06   0.99620
FLUX  987  3690.00        8.124458E+13   2.2134E-06   2.2316E-06   0.99187
FLUX  988  3710.00        8.080660E+13   2.1933E-06   2.2095E-06   0.99266
FLUX  989  3730.00        8.037332E+13   2.1539E-06   2.1877E-06   0.98456
FLUX  990  3750.00        7.994467E+13   2.1082E-06   2.1663E-06   0.97320
FLUX  991  3770.00        7.952056E+13   2.1345E-06   2.1451E-06   0.99504
FLUX  992  3790.00        7.910092E+13   2.1153E-06   2.1243E-06   0.99575
FLUX  993  3810.00        7.868570E+13   2.0930E-06   2.1038E-06   0.99490
FLUX  994  3830.00        7.827480E+13   2.0770E-06   2.0835E-06   0.99687
FLUX  995  3850.00        7.786818E+13   2.0606E-06   2.0636E-06   0.99855
FLUX  996  3870.00        7.746576E+13   2.0371E-06   2.0440E-06   0.99667
FLUX  997  3890.00        7.706748E+13   2.0167E-06   2.0246E-06   0.99613
FLUX  998  3910.00        7.667327E+13   1.9949E-06   2.0055E-06   0.99471
FLUX  999  3930.00        7.628308E+13   1.9833E-06   1.9866E-06   0.99834
FLUX 1000  3950.00        7.589684E+13   1.9613E-06   1.9681E-06   0.99658
FLUX 1001  3970.00        7.551448E+13   1.9464E-06   1.9498E-06   0.99827
FLUX 1002  3990.00        7.513596E+13   1.9203E-06   1.9317E-06   0.99411
FLUX 1003  4010.00        7.476122E+13   1.9009E-06   1.9139E-06   0.99322
FLUX 1004  4030.00        7.439020E+13   1.8847E-06   1.8963E-06   0.99387
FLUX 1005  4050.00        7.402284E+13   1.8329E-06   1.8790E-06   0.97545
FLUX 1006  4070.00        7.365909E+13   1.8549E-06   1.8619E-06   0.99626
FLUX 1007  4090.00        7.329890E+13   1.8394E-06   1.8451E-06   0.99695
FLUX 1008  4110.00        7.294221E+13   1.8261E-06   1.8284E-06   0.99872
FLUX 1009  4130.00        7.258898E+13   1.8106E-06   1.8120E-06   0.99922
FLUX 1010  4150.00        7.223916E+13   1.7907E-06   1.7958E-06   0.99714
FLUX 1011  4170.00        7.189269E+13   1.7620E-06   1.7799E-06   0.98994
FLUX 1012  4190.00        7.154952E+13   1.7595E-06   1.7641E-06   0.99742
FLUX 1013  4210.00        7.120962E+13   1.7404E-06   1.7485E-06   0.99532
FLUX 1014  4230.00        7.087293E+13   1.7329E-06   1.7332E-06   0.99984
FLUX 1015  4250.00        7.053941E+13   1.7156E-06   1.7181E-06   0.99855
FLUX 1016  4270.00        7.020902E+13   1.7025E-06   1.7031E-06   0.99962
FLUX 1017  4290.00        6.988170E+13   1.6859E-06   1.6884E-06   0.99855
FLUX 1018  4310.00        6.955742E+13   1.6691E-06   1.6738E-06   0.99720
FLUX 1019  4330.00        6.923614E+13   1.6533E-06   1.6594E-06   0.99632
FLUX 1020  4350.00        6.891782E+13   1.6363E-06   1.6452E-06   0.99455
FLUX 1021  4370.00        6.860240E+13   1.6030E-06   1.6312E-06   0.98272
FLUX 1022  4390.00        6.828986E+13   1.6047E-06   1.6174E-06   0.99216
FLUX 1023  4410.00        6.798016E+13   1.5891E-06   1.6037E-06   0.99088
FLUX 1024  4430.00        6.767325E+13   1.5784E-06   1.5903E-06   0.99256
FLUX 1025  4450.00        6.736910E+13   1.5656E-06   1.5769E-06   0.99281
FLUX 1026  4470.00        6.706767E+13   1.5513E-06   1.5645E-06   0.99155
FLUX 1027  4490.00        6.676893E+13   1.5400E-06   1.5515E-06   0.99258
FLUX 1028  4510.00        6.647284E+13   1.5267E-06   1.5387E-06   0.99219
FLUX 1029  4530.00        6.617936E+13   1.5129E-06   1.5260E-06   0.99144
FLUX 1030  4550.00        6.588846E+13   1.5018E-06   1.5135E-06   0.99229
FLUX 1031  4570.00        6.560011E+13   1.4898E-06   1.5011E-06   0.99247
FLUX 1032  4590.00        6.531427E+13   1.4761E-06   1.4889E-06   0.99145
FLUX 1033  4610.00        6.503091E+13   1.4668E-06   1.4768E-06   0.99321
FLUX 1034  4630.00        6.475000E+13   1.4544E-06   1.4649E-06   0.99284
FLUX 1035  4650.00        6.447151E+13   1.4111E-06   1.4531E-06   0.97111
FLUX 1036  4670.00        6.419540E+13   1.4106E-06   1.4414E-06   0.97860
FLUX 1037  4690.00        6.392164E+13   1.4206E-06   1.4299E-06   0.99345
FLUX 1038  4710.00        6.365021E+13   1.4109E-06   1.4186E-06   0.99460
FLUX 1039  4730.00        6.338108E+13   1.4012E-06   1.4073E-06   0.99567
FLUX 1040  4750.00        6.311421E+13   1.3897E-06   1.3962E-06   0.99530
FLUX 1041  4770.00        6.284958E+13   1.3787E-06   1.3853E-06   0.99529
FLUX 1042  4790.00        6.258716E+13   1.3688E-06   1.3744E-06   0.99589
FLUX 1043  4810.00        6.232692E+13   1.3572E-06   1.3637E-06   0.99526
FLUX 1044  4830.00        6.206884E+13   1.3478E-06   1.3531E-06   0.99611
FLUX 1045  4850.00        6.181289E+13   1.3366E-06   1.3426E-06   0.99551
FLUX 1046  4870.00        6.155903E+13   1.3265E-06   1.3323E-06   0.99563
FLUX 1047  4890.00        6.130726E+13   1.3166E-06   1.3221E-06   0.99588
FLUX 1048  4910.00        6.105754E+13   1.3064E-06   1.3120E-06   0.99574
FLUX 1049  4930.00        6.080984E+13   1.2966E-06   1.3020E-06   0.99585
FLUX 1050  4950.00        6.056414E+13   1.2860E-06   1.2921E-06   0.99532
FLUX 1051  4970.00        6.032042E+13   1.2766E-06   1.2823E-06   0.99551
FLUX 1052  4990.00        6.007866E+13   1.2683E-06   1.2727E-06   0.99658
FLUX 1053  5010.00        5.983882E+13   1.2576E-06   1.2631E-06   0.99562
FLUX 1054  5030.00        5.960089E+13   1.2491E-06   1.2537E-06   0.99636
FLUX 1055  5050.00        5.936485E+13   1.2388E-06   1.2443E-06   0.99553
FLUX 1056  5070.00        5.913067E+13   1.2302E-06   1.2351E-06   0.99602
FLUX 1057  5090.00        5.889833E+13   1.2211E-06   1.2260E-06   0.99602
FLUX 1058  5110.00        5.866781E+13   1.2101E-06   1.2169E-06   0.99437
FLUX 1059  5130.00        5.843908E+13   1.1840E-06   1.2080E-06   0.98010
FLUX 1060  5150.00        5.821214E+13   1.1941E-06   1.1992E-06   0.99574
FLUX 1061  5170.00        5.798694E+13   1.1865E-06   1.1904E-06   0.99670
FLUX 1062  5190.00        5.776349E+13   1.1776E-06   1.1818E-06   0.99649
FLUX 1063  5210.00        5.754175E+13   1.1684E-06   1.1733E-06   0.99590
FLUX 1064  5230.00        5.732170E+13   1.1602E-06   1.1648E-06   0.99602
FLUX 1065  5250.00        5.710333E+13   1.1528E-06   1.1564E-06   0.99686
FLUX 1066  5270.00        5.688662E+13   1.1447E-06   1.1482E-06   0.99700
FLUX 1067  5290.00        5.667155E+13   1.1361E-06   1.1400E-06   0.99658
FLUX 1068  5310.00        5.645810E+13   1.1286E-06   1.1319E-06   0.99710
FLUX 1069  5330.00        5.624625E+13   1.1204E-06   1.1239E-06   0.99694
FLUX 1070  5350.00        5.603598E+13   1.1127E-06   1.1159E-06   0.99713
FLUX 1071  5370.00        5.582728E+13   1.1033E-06   1.1081E-06   0.99565
FLUX 1072  5390.00        5.562013E+13   1.0969E-06   1.1003E-06   0.99685
FLUX 1073  5410.00        5.541451E+13   1.0901E-06   1.0927E-06   0.99764
FLUX 1074  5430.00        5.521041E+13   1.0812E-06   1.0851E-06   0.99642
FLUX 1075  5450.00        5.500780E+13   1.0751E-06   1.0775E-06   0.99771
FLUX 1076  5470.00        5.480667E+13   1.0661E-06   1.0701E-06   0.99625
FLUX 1077  5490.00        5.460701E+13   1.0598E-06   1.0627E-06   0.99726
FLUX 1078  5510.00        5.440880E+13   1.0531E-06   1.0554E-06   0.99778
FLUX 1079  5530.00        5.421203E+13   1.0449E-06   1.0482E-06   0.99687
FLUX 1080  5550.00        5.401667E+13   1.0388E-06   1.0411E-06   0.99783
FLUX 1081  5570.00        5.382271E+13   1.0323E-06   1.0340E-06   0.99835
FLUX 1082  5590.00        5.363014E+13   1.0228E-06   1.0270E-06   0.99595
FLUX 1083  5610.00        5.343895E+13   1.0182E-06   1.0201E-06   0.99821
FLUX 1084  5630.00        5.324911E+13   1.0109E-06   1.0132E-06   0.99771
FLUX 1085  5650.00        5.306062E+13   1.0052E-06   1.0064E-06   0.99876
FLUX 1086  5670.00        5.287346E+13   9.9844E-07   9.9969E-07   0.99875
FLUX 1087  5690.00        5.268761E+13   9.9096E-07   9.9304E-07   0.99791
FLUX 1088  5710.00        5.250306E+13   9.8315E-07   9.8645E-07   0.99665
FLUX 1089  5730.00        5.231981E+13   9.7876E-07   9.7993E-07   0.99881
FLUX 1090  5750.00        5.213783E+13   9.7235E-07   9.7347E-07   0.99885
FLUX 1091  5770.00        5.195711E+13   9.6578E-07   9.6707E-07   0.99867
FLUX 1092  5790.00        5.177763E+13   9.5938E-07   9.6074E-07   0.99858
FLUX 1093  5810.00        5.159940E+13   9.5332E-07   9.5447E-07   0.99880
FLUX 1094  5830.00        5.142238E+13   9.4740E-07   9.4826E-07   0.99910
FLUX 1095  5850.00        5.124658E+13   9.4146E-07   9.4226E-07   0.99915
FLUX 1096  5870.00        5.107198E+13   9.3500E-07   9.3617E-07   0.99874
FLUX 1097  5890.00        5.089856E+13   9.2710E-07   9.3014E-07   0.99673
FLUX 1098  5910.00        5.072631E+13   9.0793E-07   9.2417E-07   0.98244
FLUX 1099  5930.00        5.055523E+13   9.1689E-07   9.1825E-07   0.99852
FLUX 1100  5950.00        5.038529E+13   9.0632E-07   9.1239E-07   0.99335
FLUX 1101  5970.00        5.021650E+13   9.0482E-07   9.0658E-07   0.99806
FLUX 1102  5990.00        5.004883E+13   8.9998E-07   9.0083E-07   0.99906
FLUX 1103  6010.00        4.988228E+13   8.9375E-07   8.9514E-07   0.99844
FLUX 1104  6030.00        4.971683E+13   8.8890E-07   8.8950E-07   0.99933
FLUX 1105  6050.00        4.955248E+13   8.8340E-07   8.8391E-07   0.99942
FLUX 1106  6070.00        4.938921E+13   8.7749E-07   8.7837E-07   0.99900
FLUX 1107  6090.00        4.922701E+13   8.7167E-07   8.7289E-07   0.99860
FLUX 1108  6110.00        4.906588E+13   8.6525E-07   8.6746E-07   0.99746
FLUX 1109  6130.00        4.890579E+13   8.6131E-07   8.6208E-07   0.99911
FLUX 1110  6150.00        4.874675E+13   8.5631E-07   8.5674E-07   0.99949
FLUX 1111  6170.00        4.858874E+13   8.5093E-07   8.5146E-07   0.99937
FLUX 1112  6190.00        4.843174E+13   8.4567E-07   8.4623E-07   0.99934
FLUX 1113  6210.00        4.827576E+13   8.4072E-07   8.4104E-07   0.99961
FLUX 1114  6230.00        4.812079E+13   8.3388E-07   8.3590E-07   0.99758
FLUX 1115  6250.00        4.796680E+13   8.2993E-07   8.3081E-07   0.99893
FLUX 1116  6270.00        4.781380E+13   8.2473E-07   8.2577E-07   0.99875
FLUX 1117  6290.00        4.766176E+13   8.1541E-07   8.2077E-07   0.99348
FLUX 1118  6310.00        4.751070E+13   8.1391E-07   8.1581E-07   0.99767
FLUX 1119  6330.00        4.736058E+13   8.1063E-07   8.1090E-07   0.99966
FLUX 1120  6350.00        4.721142E+13   8.0563E-07   8.0604E-07   0.99950
FLUX 1121  6370.00        4.706319E+13   8.0074E-07   8.0122E-07   0.99940
FLUX 1122  6390.00        4.691588E+13   7.9596E-07   7.9644E-07   0.99940
FLUX 1123  6420.00        4.669665E+13   7.8912E-07   7.8935E-07   0.99971
FLUX 1124  6460.00        4.640751E+13   7.7936E-07   7.8004E-07   0.99913
FLUX 1125  6500.00        4.612192E+13   7.7005E-07   7.7090E-07   0.99890
FLUX 1126  6540.00        4.583983E+13   7.6172E-07   7.6192E-07   0.99975
FLUX 1127  6580.00        4.556117E+13   7.5292E-07   7.5309E-07   0.99977
FLUX 1128  6620.00        4.528588E+13   7.4411E-07   7.4441E-07   0.99960
FLUX 1129  6660.00        4.501389E+13   7.3579E-07   7.3589E-07   0.99986
FLUX 1130  6700.00        4.474515E+13   7.2721E-07   7.2751E-07   0.99960
FLUX 1131  6740.00        4.447960E+13   7.1865E-07   7.1927E-07   0.99914
FLUX 1132  6780.00        4.421718E+13   7.0810E-07   7.1117E-07   0.99569
FLUX 1133  6820.00        4.395784E+13   7.0299E-07   7.0320E-07   0.99970
FLUX 1134  6860.00        4.370153E+13   6.9515E-07   6.9537E-07   0.99967
FLUX 1135  6900.00        4.344819E+13   6.8741E-07   6.8767E-07   0.99962
FLUX 1136  6940.00        4.319777E+13   6.7970E-07   6.8010E-07   0.99942
FLUX 1137  6980.00        4.295021E+13   6.7248E-07   6.7265E-07   0.99975
FLUX 1138  7020.00        4.270548E+13   6.6477E-07   6.6532E-07   0.99917
FLUX 1139  7060.00        4.246353E+13   6.5788E-07   6.5811E-07   0.99965
FLUX 1140  7100.00        4.222430E+13   6.5094E-07   6.5102E-07   0.99987
FLUX 1141  7140.00        4.198775E+13   6.4388E-07   6.4404E-07   0.99975
FLUX 1142  7180.00        4.175383E+13   6.3697E-07   6.3718E-07   0.99967
FLUX 1143  7220.00        4.152251E+13   6.3002E-07   6.3042E-07   0.99936
FLUX 1144  7260.00        4.129373E+13   6.2346E-07   6.2377E-07   0.99950
FLUX 1145  7300.00        4.106747E+13   6.1717E-07   6.1722E-07   0.99991
FLUX 1146  7340.00        4.084366E+13   6.1042E-07   6.1078E-07   0.99942
FLUX 1147  7380.00        4.062229E+13   6.0436E-07   6.0444E-07   0.99987
FLUX 1148  7420.00        4.040330E+13   5.9785E-07   5.9819E-07   0.99942
FLUX 1149  7460.00        4.018666E+13   5.8619E-07   5.9204E-07   0.99011
FLUX 1150  7500.00        3.997233E+13   5.7863E-07   5.8599E-07   0.98743
FLUX 1151  7540.00        3.976028E+13   5.7965E-07   5.8003E-07   0.99935
FLUX 1152  7580.00        3.955046E+13   5.7405E-07   5.7415E-07   0.99981
FLUX 1153  7620.00        3.934285E+13   5.6827E-07   5.6837E-07   0.99981
FLUX 1154  7660.00        3.913740E+13   5.6261E-07   5.6267E-07   0.99989
FLUX 1155  7700.00        3.893409E+13   5.5684E-07   5.5706E-07   0.99960
FLUX 1156  7740.00        3.873288E+13   5.5148E-07   5.5153E-07   0.99990
FLUX 1157  7780.00        3.853374E+13   5.4603E-07   5.4609E-07   0.99990
FLUX 1158  7820.00        3.833664E+13   5.4070E-07   5.4072E-07   0.99997
FLUX 1159  7860.00        3.814154E+13   5.3542E-07   5.3543E-07   0.99997
FLUX 1160  7900.00        3.794842E+13   5.3019E-07   5.3022E-07   0.99994
FLUX 1161  7940.00        3.775724E+13   5.2504E-07   5.2509E-07   0.99991
FLUX 1162  7980.00        3.756798E+13   5.1997E-07   5.2003E-07   0.99990
FLUX 1163  8020.00        3.738061E+13   5.1487E-07   5.1504E-07   0.99968
FLUX 1164  8060.00        3.719510E+13   5.0991E-07   5.1012E-07   0.99958
FLUX 1165  8100.00        3.701142E+13   5.0524E-07   5.0527E-07   0.99992
FLUX 1166  8140.00        3.682955E+13   4.9987E-07   5.0050E-07   0.99875
FLUX 1167  8180.00        3.664945E+13   4.9554E-07   4.9578E-07   0.99951
FLUX 1168  8220.00        3.647111E+13   4.9110E-07   4.9114E-07   0.99992
FLUX 1169  8260.00        3.629449E+13   4.8650E-07   4.8656E-07   0.99987
FLUX 1170  8300.00        3.611958E+13   4.8199E-07   4.8204E-07   0.99989
FLUX 1171  8340.00        3.594634E+13   4.7732E-07   4.7759E-07   0.99943
FLUX 1172  8380.00        3.577476E+13   4.7299E-07   4.7320E-07   0.99956
FLUX 1173  8420.00        3.560481E+13   4.6879E-07   4.6886E-07   0.99984
FLUX 1174  8460.00        3.543647E+13   4.6454E-07   4.6459E-07   0.99990
FLUX 1175  8500.00        3.526971E+13   4.6034E-07   4.6038E-07   0.99993
FLUX 1176  8540.00        3.510451E+13   4.5617E-07   4.5622E-07   0.99989
FLUX 1177  8580.00        3.494085E+13   4.5207E-07   4.5212E-07   0.99989
FLUX 1178  8620.00        3.477871E+13   4.4798E-07   4.4807E-07   0.99980
FLUX 1179  8660.00        3.461807E+13   4.4350E-07   4.4408E-07   0.99870
FLUX 1180  8700.00        3.445891E+13   4.4012E-07   4.4014E-07   0.99997
FLUX 1181  8740.00        3.430120E+13   4.3492E-07   4.3625E-07   0.99696
FLUX 1182  8780.00        3.414493E+13   4.3110E-07   4.3241E-07   0.99697
FLUX 1183  8820.00        3.399008E+13   4.2845E-07   4.2862E-07   0.99961
FLUX 1184  8860.00        3.383663E+13   4.2474E-07   4.2489E-07   0.99965
FLUX 1185  8900.00        3.368455E+13   4.2103E-07   4.2120E-07   0.99961
FLUX 1186  8940.00        3.353384E+13   4.1747E-07   4.1756E-07   0.99979
FLUX 1187  8980.00        3.338447E+13   4.1371E-07   4.1396E-07   0.99939
FLUX 1188  9020.00        3.323642E+13   4.1027E-07   4.1041E-07   0.99964
FLUX 1189  9060.00        3.308968E+13   4.0690E-07   4.0691E-07   0.99998
FLUX 1190  9100.00        3.294423E+13   4.0325E-07   4.0345E-07   0.99950
FLUX 1191  9140.00        3.280005E+13   3.9987E-07   4.0004E-07   0.99957
FLUX 1192  9180.00        3.265714E+13   3.9662E-07   3.9667E-07   0.99988
FLUX 1193  9220.00        3.251546E+13   3.9333E-07   3.9334E-07   0.99998
FLUX 1194  9260.00        3.237500E+13   3.9001E-07   3.9005E-07   0.99989
FLUX 1195  9300.00        3.223575E+13   3.8680E-07   3.8680E-07   0.99998
FLUX 1196  9340.00        3.209770E+13   3.8355E-07   3.8360E-07   0.99987
FLUX 1197  9380.00        3.196082E+13   3.7957E-07   3.8043E-07   0.99773
FLUX 1198  9420.00        3.182511E+13   3.7726E-07   3.7730E-07   0.99988
FLUX 1199  9460.00        3.169054E+13   3.7417E-07   3.7421E-07   0.99988
FLUX 1200  9500.00        3.155711E+13   3.7113E-07   3.7116E-07   0.99991
FLUX 1201  9540.00        3.142479E+13   3.6803E-07   3.6815E-07   0.99966
FLUX 1202  9580.00        3.129358E+13   3.6513E-07   3.6517E-07   0.99988
FLUX 1203  9620.00        3.116346E+13   3.6213E-07   3.6223E-07   0.99972
FLUX 1204  9660.00        3.103442E+13   3.5928E-07   3.5932E-07   0.99989
FLUX 1205  9700.00        3.090644E+13   3.5644E-07   3.5645E-07   0.99998
FLUX 1206  9740.00        3.077952E+13   3.5339E-07   3.5361E-07   0.99937
FLUX 1207  9780.00        3.065363E+13   3.5067E-07   3.5081E-07   0.99961
FLUX 1208  9820.00        3.052877E+13   3.4797E-07   3.4804E-07   0.99981
FLUX 1209  9860.00        3.040492E+13   3.4526E-07   3.4530E-07   0.99989
FLUX 1210  9900.00        3.028207E+13   3.4257E-07   3.4260E-07   0.99994
FLUX 1211  9940.00        3.016021E+13   3.3982E-07   3.3992E-07   0.99970
FLUX 1212  9980.00        3.003933E+13   3.3722E-07   3.3728E-07   0.99984
FLUX 1213 10020.00        2.991941E+13   3.3461E-07   3.3467E-07   0.99984
FLUX 1214 20000.00        1.498963E+13   8.6035E-08   8.6037E-08   0.99997
FLUX 1215 40000.00        7.494813E+12   2.1552E-08   2.1552E-08   0.99999
FLUX 1216 60000.00        4.996542E+12   9.5233E-09   9.5234E-09   1.00000
FLUX 1217 80000.00        3.747406E+12   5.3235E-09   5.3235E-09   1.00000
FLUX 1218100000.00        2.997925E+12   3.3875E-09   3.3875E-09   1.00000
FLUX 1219120000.00        2.498271E+12   2.3404E-09   2.3404E-09   1.00000
FLUX 1220140000.00        2.141375E+12   1.7116E-09   1.7116E-09   1.00000
FLUX 1221160000.00        1.873703E+12   1.3051E-09   1.3051E-09   1.00000
FLUX
