TEFF   7500.  GRAVITY 4.00000 LTE 
TITLE  [0.0] VTURB=2  L/H=1.25 NOVER NEW ODF                                    
FLUX    1     9.09        3.298047E+16   1.0000E-50   0.0000E+00   1.00000
FLUX    2     9.35        3.206337E+16   1.0000E-50   0.0000E+00   1.00000
FLUX    3     9.61        3.119589E+16   1.0000E-50   0.0000E+00   1.00000
FLUX    4     9.77        3.068501E+16   1.0000E-50   0.0000E+00   1.00000
FLUX    5     9.96        3.009965E+16   1.0000E-50   0.0000E+00   1.00000
FLUX    6    10.20        2.939142E+16   1.0000E-50   0.0000E+00   1.00000
FLUX    7    10.38        2.888174E+16   1.0000E-50   0.0000E+00   1.00000
FLUX    8    10.56        2.838944E+16   1.0000E-50   0.0000E+00   1.00000
FLUX    9    10.77        2.783589E+16   1.0000E-50   0.0000E+00   1.00000
FLUX   10    11.04        2.715512E+16   1.0000E-50   0.0000E+00   1.00000
FLUX   11    11.40        2.629759E+16   1.0000E-50   0.0000E+00   1.00000
FLUX   12    11.78        2.544928E+16   1.0000E-50   0.0000E+00   1.00000
FLUX   13    12.13        2.471496E+16   1.0000E-50   0.0000E+00   1.00000
FLUX   14    12.48        2.402183E+16   1.0000E-50   0.0000E+00   1.00000
FLUX   15    12.71        2.358714E+16   1.0000E-50   0.0000E+00   1.00000
FLUX   16    12.84        2.334833E+16   1.0000E-50   0.0000E+00   1.00000
FLUX   17    13.05        2.297261E+16   1.0000E-50   0.0000E+00   1.00000
FLUX   18    13.24        2.264294E+16   1.0000E-50   0.0000E+00   1.00000
FLUX   19    13.39        2.238928E+16   1.0000E-50   0.0000E+00   1.00000
FLUX   20    13.66        2.194674E+16   1.0000E-50   0.0000E+00   1.00000
FLUX   21    13.98        2.144438E+16   1.0000E-50   0.0000E+00   1.00000
FLUX   22    14.33        2.092062E+16   1.0000E-50   0.0000E+00   1.00000
FLUX   23    14.72        2.036634E+16   1.0000E-50   0.0000E+00   1.00000
FLUX   24    15.10        1.985381E+16   1.0000E-50   0.0000E+00   1.00000
FLUX   25    15.52        1.931653E+16   1.0000E-50   0.0000E+00   1.00000
FLUX   26    15.88        1.887862E+16   1.0000E-50   0.0000E+00   1.00000
FLUX   27    16.20        1.850571E+16   1.0000E-50   0.0000E+00   1.00000
FLUX   28    16.60        1.805979E+16   1.0000E-50   0.0000E+00   1.00000
FLUX   29    17.03        1.760379E+16   1.0000E-50   0.0000E+00   1.00000
FLUX   30    17.34        1.728907E+16   1.0000E-50   0.0000E+00   1.00000
FLUX   31    17.68        1.695659E+16   1.0000E-50   0.0000E+00   1.00000
FLUX   32    18.02        1.663665E+16   1.0000E-50   0.0000E+00   1.00000
FLUX   33    18.17        1.649931E+16   1.0000E-50   0.0000E+00   1.00000
FLUX   34    18.61        1.610922E+16   1.0000E-50   0.0000E+00   1.00000
FLUX   35    19.10        1.569594E+16   1.0000E-50   0.0000E+00   1.00000
FLUX   36    19.39        1.546119E+16   1.0000E-50   0.0000E+00   1.00000
FLUX   37    19.84        1.511051E+16   1.0000E-50   0.0000E+00   1.00000
FLUX   38    20.18        1.485592E+16   1.0000E-50   0.0000E+00   1.00000
FLUX   39    20.50        1.462402E+16   1.0000E-50   0.0000E+00   1.00000
FLUX   40    21.05        1.424192E+16   1.0000E-50   0.0000E+00   1.00000
FLUX   41    21.62        1.386644E+16   1.0000E-50   0.0000E+00   1.00000
FLUX   42    21.98        1.363933E+16   1.0000E-50   0.0000E+00   1.00000
FLUX   43    22.30        1.344361E+16   1.0000E-50   0.0000E+00   1.00000
FLUX   44    22.68        1.321836E+16   1.0000E-50   0.0000E+00   1.00000
FLUX   45    23.00        1.303446E+16   1.3760E-57   1.3761E-57   0.99998
FLUX   46    23.40        1.281165E+16   1.1477E-56   1.1477E-56   0.99998
FLUX   47    24.00        1.249135E+16   2.4141E-55   2.4141E-55   0.99998
FLUX   48    24.65        1.216197E+16   5.5182E-54   5.5183E-54   0.99998
FLUX   49    25.24        1.187767E+16   8.1921E-53   8.1923E-53   0.99998
FLUX   50    25.68        1.167416E+16   5.6392E-52   5.6393E-52   0.99998
FLUX   51    26.00        1.153048E+16   2.1992E-51   2.1993E-51   0.99998
FLUX   52    26.40        1.135578E+16   1.1492E-50   1.1493E-50   0.99998
FLUX   53    26.85        1.116546E+16   6.9408E-50   6.9409E-50   0.99998
FLUX   54    27.35        1.096133E+16   4.7648E-49   4.7649E-49   0.99998
FLUX   55    27.85        1.076454E+16   3.0509E-48   3.0510E-48   0.99998
FLUX   56    28.40        1.055607E+16   2.1744E-47   2.1744E-47   0.99998
FLUX   57    29.00        1.033767E+16   1.6965E-46   1.6966E-46   0.99998
FLUX   58    29.60        1.012813E+16   1.2129E-45   1.2129E-45   0.99998
FLUX   59    30.10        9.959884E+15   5.8815E-45   5.8823E-45   0.99985
FLUX   60    30.80        9.733523E+15   4.9060E-44   4.9061E-44   0.99998
FLUX   61    31.80        9.427437E+15   8.5865E-43   8.5867E-43   0.99998
FLUX   62    32.80        9.140015E+15   1.2547E-41   1.2547E-41   0.99998
FLUX   63    33.80        8.869601E+15   1.5540E-40   1.5540E-40   0.99998
FLUX   64    34.80        8.614727E+15   1.6575E-39   1.6576E-39   0.99998
FLUX   65    35.70        8.397549E+15   1.2390E-38   1.2391E-38   0.99997
FLUX   66    36.60        8.191052E+15   8.3704E-38   8.3705E-38   0.99998
FLUX   67    37.50        7.994467E+15   5.1348E-37   5.1349E-37   0.99998
FLUX   68    38.50        7.786818E+15   3.4747E-36   3.4748E-36   0.99998
FLUX   69    39.50        7.589684E+15   2.1240E-35   2.1241E-35   0.99998
FLUX   70    40.50        7.402284E+15   1.1828E-34   1.1829E-34   0.99998
FLUX   71    41.40        7.241365E+15   5.1534E-34   5.1535E-34   0.99998
FLUX   72    42.20        7.104088E+15   1.8034E-33   1.8034E-33   0.99998
FLUX   73    43.00        6.971919E+15   6.0101E-33   6.0103E-33   0.99997
FLUX   74    44.10        6.798016E+15   2.9194E-32   2.9196E-32   0.99993
FLUX   75    45.10        6.647284E+15   1.1444E-31   1.1445E-31   0.99998
FLUX   76    46.00        6.517228E+15   3.7105E-31   3.7106E-31   0.99998
FLUX   77    47.00        6.378564E+15   1.2972E-30   1.2974E-30   0.99990
FLUX   78    48.00        6.245677E+15   4.2914E-30   4.2915E-30   0.99998
FLUX   79    49.00        6.118214E+15   1.3490E-29   1.3490E-29   0.99998
FLUX   80    50.00        5.995850E+15   4.0364E-29   4.0365E-29   0.99998
FLUX   81    50.60        5.924753E+15   1.0097E-28   1.1561E-28   0.87334
FLUX   82    51.20        5.855322E+15   2.1123E-28   2.1407E-28   0.98676
FLUX   83    52.00        5.765240E+15   4.7017E-28   4.7519E-28   0.98944
FLUX   84    53.00        5.656462E+15   1.2418E-27   1.2419E-27   0.99988
FLUX   85    54.00        5.551713E+15   3.1031E-27   3.1253E-27   0.99288
FLUX   86    55.00        5.450773E+15   7.5902E-27   7.5925E-27   0.99970
FLUX   87    56.00        5.353438E+15   1.7828E-26   1.7830E-26   0.99990
FLUX   88    57.00        5.259518E+15   4.0549E-26   4.0550E-26   0.99998
FLUX   89    58.00        5.168836E+15   8.8413E-26   8.9489E-26   0.98797
FLUX   90    59.00        5.081229E+15   1.9171E-25   1.9182E-25   0.99942
FLUX   91    60.00        4.996542E+15   3.9975E-25   4.0007E-25   0.99920
FLUX   92    61.00        4.914631E+15   8.1301E-25   8.1303E-25   0.99998
FLUX   93    62.00        4.835363E+15   1.6118E-24   1.6120E-24   0.99986
FLUX   94    63.00        4.758611E+15   3.1217E-24   3.1220E-24   0.99991
FLUX   95    64.00        4.684258E+15   5.9145E-24   5.9162E-24   0.99970
FLUX   96    65.00        4.612192E+15   1.0975E-23   1.0976E-23   0.99992
FLUX   97    65.80        4.556117E+15   1.7732E-23   1.7733E-23   0.99992
FLUX   98    66.50        4.508158E+15   2.6675E-23   2.6707E-23   0.99880
FLUX   99    67.50        4.441370E+15   4.7138E-23   4.7178E-23   0.99916
FLUX  100    68.50        4.376533E+15   8.1820E-23   8.1846E-23   0.99969
FLUX  101    69.50        4.313561E+15   1.3955E-22   1.3956E-22   0.99997
FLUX  102    70.50        4.252376E+15   2.3322E-22   2.3407E-22   0.99639
FLUX  103    71.60        4.187046E+15   4.0590E-22   4.0594E-22   0.99988
FLUX  104    72.60        4.129373E+15   6.5912E-22   6.5914E-22   0.99998
FLUX  105    73.50        4.078810E+15   1.0072E-21   1.0073E-21   0.99984
FLUX  106    74.50        4.024060E+15   1.5917E-21   1.5930E-21   0.99919
FLUX  107    75.50        3.970762E+15   2.4833E-21   2.4856E-21   0.99906
FLUX  108    76.50        3.918856E+15   3.8264E-21   3.8293E-21   0.99924
FLUX  109    77.50        3.868290E+15   5.8223E-21   5.8273E-21   0.99916
FLUX  110    78.50        3.819013E+15   8.7634E-21   8.7636E-21   0.99998
FLUX  111    79.50        3.770975E+15   1.2913E-20   1.3031E-20   0.99093
FLUX  112    80.50        3.724130E+15   1.9092E-20   1.9166E-20   0.99616
FLUX  113    81.50        3.678436E+15   2.7879E-20   2.7895E-20   0.99941
FLUX  114    82.50        3.633848E+15   4.0185E-20   4.0198E-20   0.99966
FLUX  115    83.50        3.590329E+15   5.7363E-20   5.7377E-20   0.99976
FLUX  116    84.50        3.547840E+15   8.1123E-20   8.1134E-20   0.99987
FLUX  117    85.50        3.506345E+15   1.1370E-19   1.1371E-19   0.99985
FLUX  118    86.50        3.465809E+15   1.5796E-19   1.5797E-19   0.99991
FLUX  119    87.50        3.426200E+15   2.1700E-19   2.1761E-19   0.99718
FLUX  120    88.50        3.387486E+15   2.9734E-19   2.9739E-19   0.99984
FLUX  121    89.50        3.349637E+15   4.0322E-19   4.0325E-19   0.99992
FLUX  122    90.50        3.312624E+15   5.4112E-19   5.4268E-19   0.99712
FLUX  123    91.50        3.276421E+15   3.9427E-16   1.0406E-15   0.37887
FLUX  124    92.50        3.241000E+15   1.3093E-15   1.4343E-15   0.91287
FLUX  125    93.50        3.206337E+15   1.7809E-15   1.9537E-15   0.91153
FLUX  126    94.50        3.172407E+15   2.4676E-15   2.6385E-15   0.93524
FLUX  127    95.50        3.139188E+15   3.4438E-15   3.5379E-15   0.97339
FLUX  128    96.50        3.106658E+15   4.6161E-15   4.7082E-15   0.98043
FLUX  129    97.50        3.074795E+15   5.9893E-15   6.2211E-15   0.96274
FLUX  130    98.50        3.043579E+15   7.8999E-15   8.1939E-15   0.96412
FLUX  131    99.50        3.012990E+15   1.0213E-14   1.0708E-14   0.95383
FLUX  132   100.50        2.983010E+15   1.3773E-14   1.3910E-14   0.99018
FLUX  133   101.50        2.953621E+15   1.7840E-14   1.7956E-14   0.99356
FLUX  134   102.50        2.924805E+15   2.2349E-14   2.3133E-14   0.96611
FLUX  135   103.50        2.896546E+15   2.9376E-14   2.9607E-14   0.99221
FLUX  136   104.50        2.868828E+15   3.7556E-14   3.7749E-14   0.99488
FLUX  137   105.50        2.841635E+15   4.7747E-14   4.7941E-14   0.99596
FLUX  138   106.50        2.814953E+15   5.9939E-14   6.0675E-14   0.98787
FLUX  139   107.50        2.788767E+15   7.5918E-14   7.6513E-14   0.99223
FLUX  140   108.50        2.763065E+15   9.5497E-14   9.6082E-14   0.99391
FLUX  141   109.50        2.737831E+15   1.1833E-13   1.2010E-13   0.98528
FLUX  142   110.50        2.713054E+15   3.1408E-13   1.1983E-12   0.26211
FLUX  143   111.50        2.688722E+15   9.9842E-13   1.6299E-12   0.61257
FLUX  144   112.50        2.664822E+15   1.4806E-12   2.1549E-12   0.68709
FLUX  145   113.50        2.641344E+15   2.1312E-12   2.7703E-12   0.76929
FLUX  146   114.50        2.618275E+15   2.7589E-12   3.4636E-12   0.79654
FLUX  147   115.50        2.595606E+15   3.1059E-12   4.2212E-12   0.73578
FLUX  148   116.50        2.573326E+15   4.2856E-12   5.0120E-12   0.85506
FLUX  149   117.50        2.551426E+15   5.1690E-12   5.7674E-12   0.89624
FLUX  150   118.50        2.529895E+15   5.5897E-12   7.7121E-12   0.72479
FLUX  151   119.50        2.508724E+15   3.3576E-12   9.1068E-12   0.36869
FLUX  152   120.50        2.487905E+15   3.2754E-12   1.0683E-11   0.30659
FLUX  153   121.50        2.467428E+15   1.1125E-12   1.2465E-11   0.08925
FLUX  154   122.50        2.447286E+15   3.9939E-12   1.4827E-11   0.26937
FLUX  155   123.50        2.427470E+15   9.1211E-12   1.7151E-11   0.53182
FLUX  156   124.50        2.407972E+15   2.0070E-11   3.8637E-11   0.51944
FLUX  157   125.50        2.388785E+15   4.3782E-11   6.1427E-11   0.71275
FLUX  158   126.50        2.369901E+15   4.4647E-11   8.4938E-11   0.52565
FLUX  159   127.50        2.351314E+15   6.7756E-11   1.0587E-10   0.63998
FLUX  160   128.50        2.333016E+15   9.5308E-11   1.2912E-10   0.73814
FLUX  161   129.50        2.315000E+15   1.1723E-10   1.5187E-10   0.77196
FLUX  162   130.50        2.297261E+15   1.0738E-10   1.7670E-10   0.60770
FLUX  163   131.50        2.279791E+15   1.5497E-10   2.0268E-10   0.76462
FLUX  164   132.50        2.262585E+15   1.8429E-10   2.3081E-10   0.79847
FLUX  165   133.50        2.245637E+15   2.0882E-10   2.6093E-10   0.80031
FLUX  166   134.50        2.228941E+15   2.5454E-10   2.9344E-10   0.86743
FLUX  167   135.50        2.212491E+15   2.6961E-10   3.2938E-10   0.81853
FLUX  168   136.50        2.196282E+15   3.0747E-10   3.6997E-10   0.83107
FLUX  169   137.50        2.180309E+15   3.3860E-10   4.1407E-10   0.81773
FLUX  170   138.50        2.164567E+15   3.6973E-10   4.6208E-10   0.80014
FLUX  171   139.50        2.149050E+15   4.2933E-10   5.1416E-10   0.83502
FLUX  172   140.50        2.133754E+15   4.8665E-10   5.7078E-10   0.85261
FLUX  173   141.50        2.118675E+15   5.2159E-10   6.3211E-10   0.82517
FLUX  174   142.50        2.103807E+15   5.8724E-10   6.9934E-10   0.83971
FLUX  175   143.50        2.089146E+15   6.1282E-10   7.7138E-10   0.79444
FLUX  176   144.20        2.079005E+15   7.1754E-10   8.2535E-10   0.86937
FLUX  177   144.70        2.071821E+15   7.5474E-10   8.9879E-10   0.83973
FLUX  178   145.50        2.060430E+15   8.4668E-10   9.6897E-10   0.87379
FLUX  179   146.50        2.046365E+15   8.8139E-10   1.0629E-09   0.82925
FLUX  180   147.50        2.032492E+15   9.8229E-10   1.1638E-09   0.84401
FLUX  181   148.50        2.018805E+15   1.0985E-09   1.2723E-09   0.86344
FLUX  182   149.50        2.005301E+15   1.2519E-09   1.3887E-09   0.90152
FLUX  183   150.50        1.991977E+15   1.3986E-09   1.5133E-09   0.92422
FLUX  184   151.20        1.982755E+15   1.4371E-09   1.6058E-09   0.89495
FLUX  185   151.70        1.976220E+15   1.5659E-09   2.0105E-09   0.77889
FLUX  186   152.50        1.965852E+15   1.7520E-09   4.0223E-09   0.43559
FLUX  187   153.50        1.953046E+15   2.8546E-09   3.0089E-08   0.09487
FLUX  188   154.50        1.940405E+15   4.1532E-09   3.2536E-08   0.12765
FLUX  189   155.50        1.927926E+15   4.5853E-09   3.5034E-08   0.13088
FLUX  190   156.50        1.915607E+15   4.3105E-09   3.7638E-08   0.11453
FLUX  191   157.50        1.903444E+15   5.8571E-09   4.8722E-08   0.12022
FLUX  192   158.50        1.891435E+15   6.5775E-09   5.1942E-08   0.12663
FLUX  193   159.50        1.879577E+15   7.7898E-09   5.5155E-08   0.14123
FLUX  194   160.50        1.867866E+15   7.9231E-09   5.8328E-08   0.13584
FLUX  195   161.50        1.856300E+15   8.3807E-09   6.1409E-08   0.13648
FLUX  196   162.50        1.844877E+15   8.8265E-09   6.9196E-08   0.12756
FLUX  197   163.50        1.833593E+15   1.1921E-08   7.2705E-08   0.16396
FLUX  198   164.50        1.822447E+15   1.8832E-08   7.6173E-08   0.24723
FLUX  199   165.50        1.811435E+15   1.1822E-08   7.9653E-08   0.14842
FLUX  200   166.50        1.800556E+15   2.4648E-08   8.3138E-08   0.29647
FLUX  201   167.20        1.793017E+15   1.4836E-08   8.5585E-08   0.17334
FLUX  202   167.70        1.787671E+15   4.3610E-08   3.9431E-07   0.11060
FLUX  203   168.50        1.779184E+15   8.0525E-08   1.0018E-06   0.08038
FLUX  204   169.50        1.768687E+15   7.7274E-08   1.0258E-06   0.07533
FLUX  205   170.50        1.758314E+15   1.4298E-07   1.0505E-06   0.13611
FLUX  206   171.50        1.748061E+15   2.8717E-07   1.1660E-06   0.24629
FLUX  207   172.50        1.737928E+15   3.3205E-07   1.1935E-06   0.27822
FLUX  208   173.50        1.727911E+15   4.5365E-07   1.2171E-06   0.37273
FLUX  209   174.50        1.718009E+15   4.1970E-07   1.2437E-06   0.33746
FLUX  210   175.50        1.708219E+15   5.7039E-07   1.2667E-06   0.45031
FLUX  211   176.50        1.698541E+15   3.4835E-07   1.2891E-06   0.27023
FLUX  212   177.50        1.688972E+15   5.2955E-07   1.3113E-06   0.40385
FLUX  213   178.50        1.679510E+15   5.3621E-07   1.3327E-06   0.40234
FLUX  214   179.50        1.670153E+15   7.7019E-07   1.3536E-06   0.56900
FLUX  215   180.50        1.660900E+15   5.7894E-07   1.3750E-06   0.42105
FLUX  216   181.50        1.651749E+15   6.5799E-07   1.3953E-06   0.47157
FLUX  217   182.50        1.642699E+15   5.7400E-07   1.4158E-06   0.40543
FLUX  218   183.50        1.633747E+15   5.5669E-07   1.4357E-06   0.38775
FLUX  219   184.50        1.624892E+15   4.6202E-07   1.4553E-06   0.31748
FLUX  220   185.50        1.616132E+15   6.0055E-07   1.4758E-06   0.40692
FLUX  221   186.50        1.607466E+15   7.6946E-07   1.4947E-06   0.51478
FLUX  222   187.50        1.598893E+15   7.1206E-07   1.5370E-06   0.46328
FLUX  223   188.50        1.590411E+15   7.6218E-07   1.5544E-06   0.49034
FLUX  224   189.50        1.582018E+15   8.5648E-07   1.5717E-06   0.54494
FLUX  225   190.50        1.573714E+15   7.8392E-07   1.5886E-06   0.49346
FLUX  226   191.50        1.565496E+15   8.6408E-07   1.6052E-06   0.53830
FLUX  227   192.50        1.557364E+15   7.8007E-07   1.6212E-06   0.48115
FLUX  228   193.50        1.549315E+15   4.3905E-07   1.6365E-06   0.26828
FLUX  229   194.50        1.541350E+15   9.5350E-07   1.6513E-06   0.57742
FLUX  230   195.50        1.533465E+15   1.0101E-06   1.6658E-06   0.60639
FLUX  231   196.70        1.524110E+15   1.1680E-06   1.6828E-06   0.69407
FLUX  232   197.60        1.517169E+15   1.1297E-06   1.7526E-06   0.64459
FLUX  233   198.40        1.511051E+15   1.0668E-06   1.7652E-06   0.60432
FLUX  234   199.50        1.502719E+15   1.0864E-06   1.8124E-06   0.59941
FLUX  235   200.50        1.495224E+15   1.0008E-06   1.8288E-06   0.54722
FLUX  236   201.50        1.487804E+15   9.8408E-07   1.8453E-06   0.53327
FLUX  237   202.50        1.480457E+15   9.0023E-07   1.8616E-06   0.48357
FLUX  238   203.50        1.473182E+15   1.1312E-06   1.8776E-06   0.60245
FLUX  239   204.50        1.465978E+15   1.2651E-06   1.8937E-06   0.66805
FLUX  240   205.50        1.458844E+15   1.1913E-06   1.9093E-06   0.62393
FLUX  241   206.50        1.451780E+15   1.1391E-06   1.9246E-06   0.59184
FLUX  242   207.40        1.445480E+15   1.3962E-06   1.9376E-06   0.72057
FLUX  243   207.80        1.442697E+15   1.6453E-06   2.5400E-06   0.64778
FLUX  244   208.50        1.437854E+15   1.5616E-06   2.5616E-06   0.60963
FLUX  245   209.50        1.430990E+15   1.4372E-06   2.5923E-06   0.55441
FLUX  246   210.50        1.424192E+15   1.3603E-06   2.6227E-06   0.51867
FLUX  247   211.50        1.417459E+15   1.4805E-06   2.6528E-06   0.55808
FLUX  248   212.50        1.410788E+15   1.5118E-06   2.6829E-06   0.56351
FLUX  249   213.50        1.404180E+15   1.2122E-06   2.7133E-06   0.44678
FLUX  250   214.50        1.397634E+15   1.5347E-06   2.7435E-06   0.55939
FLUX  251   215.50        1.391148E+15   1.5618E-06   2.7738E-06   0.56306
FLUX  252   216.50        1.384723E+15   1.4278E-06   2.8042E-06   0.50918
FLUX  253   217.50        1.378356E+15   1.4441E-06   2.8346E-06   0.50944
FLUX  254   218.50        1.372048E+15   1.6052E-06   2.8652E-06   0.56026
FLUX  255   219.50        1.365797E+15   1.7677E-06   2.8959E-06   0.61040
FLUX  256   220.50        1.359603E+15   1.6736E-06   2.9266E-06   0.57184
FLUX  257   221.50        1.353465E+15   1.4070E-06   2.9573E-06   0.47577
FLUX  258   222.50        1.347382E+15   1.4155E-06   2.9923E-06   0.47305
FLUX  259   223.50        1.341353E+15   1.7908E-06   3.0232E-06   0.59236
FLUX  260   224.50        1.335379E+15   1.6341E-06   3.0543E-06   0.53503
FLUX  261   225.50        1.329457E+15   1.4065E-06   3.1125E-06   0.45187
FLUX  262   226.50        1.323587E+15   1.4288E-06   3.1426E-06   0.45465
FLUX  263   227.50        1.317769E+15   1.6259E-06   3.1728E-06   0.51246
FLUX  264   228.50        1.312002E+15   1.7908E-06   3.2028E-06   0.55913
FLUX  265   229.50        1.306285E+15   1.5661E-06   3.2327E-06   0.48446
FLUX  266   230.50        1.300618E+15   1.7301E-06   3.2626E-06   0.53029
FLUX  267   231.50        1.295000E+15   1.6458E-06   3.2926E-06   0.49985
FLUX  268   232.50        1.289430E+15   1.6096E-06   3.3225E-06   0.48445
FLUX  269   233.50        1.283908E+15   1.2533E-06   3.3585E-06   0.37316
FLUX  270   234.50        1.278433E+15   9.2641E-07   3.3883E-06   0.27342
FLUX  271   235.50        1.273004E+15   1.5634E-06   3.4180E-06   0.45739
FLUX  272   236.50        1.267622E+15   1.0015E-06   3.4475E-06   0.29051
FLUX  273   237.50        1.262284E+15   1.3187E-06   3.4770E-06   0.37926
FLUX  274   238.50        1.256992E+15   8.0156E-07   3.5069E-06   0.22856
FLUX  275   239.50        1.251743E+15   1.0382E-06   3.5365E-06   0.29358
FLUX  276   240.50        1.246538E+15   1.0317E-06   3.5661E-06   0.28930
FLUX  277   241.50        1.241377E+15   1.1426E-06   3.5958E-06   0.31777
FLUX  278   242.50        1.236258E+15   1.6604E-06   3.6255E-06   0.45798
FLUX  279   243.50        1.231181E+15   1.6122E-06   3.6552E-06   0.44105
FLUX  280   244.50        1.226145E+15   1.8388E-06   3.6943E-06   0.49775
FLUX  281   245.50        1.221151E+15   1.8609E-06   3.7236E-06   0.49975
FLUX  282   246.50        1.216197E+15   1.8378E-06   3.7530E-06   0.48969
FLUX  283   247.50        1.211283E+15   1.6565E-06   3.7823E-06   0.43797
FLUX  284   248.50        1.206408E+15   1.6247E-06   3.8116E-06   0.42624
FLUX  285   249.50        1.201573E+15   1.5524E-06   3.8408E-06   0.40419
FLUX  286   250.50        1.196776E+15   2.1284E-06   3.8773E-06   0.54893
FLUX  287   251.30        1.192967E+15   1.5748E-06   3.9003E-06   0.40376
FLUX  288   251.80        1.190598E+15   1.5813E-06   4.2688E-06   0.37044
FLUX  289   252.50        1.187297E+15   1.3462E-06   4.2921E-06   0.31365
FLUX  290   253.50        1.182613E+15   1.2064E-06   4.3253E-06   0.27893
FLUX  291   254.50        1.177967E+15   1.2220E-06   4.3585E-06   0.28038
FLUX  292   255.50        1.173356E+15   1.6138E-06   4.3918E-06   0.36745
FLUX  293   256.50        1.168782E+15   1.5195E-06   4.4250E-06   0.34340
FLUX  294   257.50        1.164243E+15   1.8741E-06   4.4583E-06   0.42037
FLUX  295   258.50        1.159739E+15   1.8644E-06   4.4914E-06   0.41511
FLUX  296   259.50        1.155270E+15   1.7932E-06   4.5246E-06   0.39633
FLUX  297   260.50        1.150835E+15   1.6185E-06   4.5580E-06   0.35510
FLUX  298   261.50        1.146434E+15   1.4836E-06   4.5914E-06   0.32312
FLUX  299   262.50        1.142067E+15   1.9973E-06   4.6248E-06   0.43187
FLUX  300   263.50        1.137732E+15   2.2885E-06   4.6609E-06   0.49099
FLUX  301   264.50        1.133431E+15   2.9722E-06   4.6942E-06   0.63317
FLUX  302   265.50        1.129162E+15   3.2251E-06   4.7273E-06   0.68222
FLUX  303   266.50        1.124925E+15   2.4977E-06   4.7605E-06   0.52467
FLUX  304   267.50        1.120720E+15   2.8594E-06   4.7936E-06   0.59650
FLUX  305   268.50        1.116546E+15   2.8905E-06   4.8268E-06   0.59886
FLUX  306   269.50        1.112403E+15   2.5595E-06   4.8599E-06   0.52665
FLUX  307   270.50        1.108290E+15   2.8472E-06   4.8960E-06   0.58153
FLUX  308   271.50        1.104208E+15   2.4736E-06   4.9290E-06   0.50185
FLUX  309   272.50        1.100156E+15   2.5420E-06   4.9620E-06   0.51229
FLUX  310   273.50        1.096133E+15   2.8405E-06   4.9950E-06   0.56867
FLUX  311   274.50        1.092140E+15   1.8222E-06   5.0279E-06   0.36242
FLUX  312   275.50        1.088176E+15   2.1410E-06   5.0608E-06   0.42306
FLUX  313   276.50        1.084241E+15   2.4379E-06   5.0936E-06   0.47862
FLUX  314   277.50        1.080333E+15   2.9228E-06   5.1264E-06   0.57014
FLUX  315   278.50        1.076454E+15   2.3693E-06   5.1593E-06   0.45924
FLUX  316   279.50        1.072603E+15   9.0139E-07   5.1920E-06   0.17361
FLUX  317   280.50        1.068779E+15   1.2216E-06   5.2249E-06   0.23380
FLUX  318   281.50        1.064982E+15   3.0592E-06   5.2577E-06   0.58185
FLUX  319   282.50        1.061212E+15   3.6342E-06   5.2906E-06   0.68692
FLUX  320   283.50        1.057469E+15   3.4260E-06   5.3236E-06   0.64354
FLUX  321   284.50        1.053752E+15   3.2442E-06   5.3565E-06   0.60566
FLUX  322   285.50        1.050061E+15   2.7243E-06   5.3894E-06   0.50549
FLUX  323   286.50        1.046396E+15   3.5361E-06   5.4224E-06   0.65214
FLUX  324   287.50        1.042757E+15   3.5156E-06   5.4553E-06   0.64444
FLUX  325   288.50        1.039142E+15   3.5272E-06   5.4883E-06   0.64268
FLUX  326   289.50        1.035553E+15   3.3711E-06   5.5211E-06   0.61058
FLUX  327   291.00        1.030215E+15   4.1582E-06   5.5723E-06   0.74623
FLUX  328   293.00        1.023183E+15   3.9178E-06   5.6378E-06   0.69491
FLUX  329   295.00        1.016246E+15   3.9245E-06   5.7037E-06   0.68806
FLUX  330   297.00        1.009402E+15   4.2694E-06   5.7691E-06   0.74005
FLUX  331   299.00        1.002651E+15   4.3285E-06   5.8346E-06   0.74187
FLUX  332   301.00        9.959884E+14   4.5391E-06   5.9001E-06   0.76933
FLUX  333   303.00        9.894142E+14   4.5428E-06   5.9655E-06   0.76151
FLUX  334   305.00        9.829262E+14   4.6276E-06   6.0306E-06   0.76736
FLUX  335   307.00        9.765228E+14   4.7841E-06   6.0956E-06   0.78486
FLUX  336   309.00        9.702023E+14   4.9672E-06   6.1621E-06   0.80609
FLUX  337   311.00        9.639630E+14   4.8651E-06   6.2267E-06   0.78132
FLUX  338   313.00        9.578035E+14   4.8814E-06   6.2918E-06   0.77583
FLUX  339   315.00        9.517222E+14   5.1217E-06   6.3562E-06   0.80577
FLUX  340   317.00        9.457177E+14   5.1770E-06   6.4209E-06   0.80629
FLUX  341   319.00        9.397884E+14   4.8208E-06   6.4854E-06   0.74334
FLUX  342   321.00        9.339330E+14   5.1227E-06   6.5496E-06   0.78214
FLUX  343   323.00        9.281502E+14   4.8106E-06   6.6143E-06   0.72730
FLUX  344   325.00        9.224385E+14   5.2352E-06   6.6783E-06   0.78392
FLUX  345   327.00        9.167966E+14   5.5422E-06   6.7422E-06   0.82202
FLUX  346   329.00        9.112234E+14   5.6047E-06   6.8060E-06   0.82349
FLUX  347   331.00        9.057175E+14   5.8251E-06   6.8694E-06   0.84798
FLUX  348   333.00        9.002778E+14   5.7633E-06   6.9326E-06   0.83133
FLUX  349   335.00        8.949030E+14   5.7573E-06   6.9956E-06   0.82299
FLUX  350   337.00        8.895920E+14   5.6762E-06   7.0585E-06   0.80416
FLUX  351   339.00        8.843437E+14   5.8463E-06   7.1213E-06   0.82096
FLUX  352   341.00        8.791569E+14   5.9116E-06   7.1837E-06   0.82293
FLUX  353   343.00        8.740306E+14   6.0429E-06   7.2458E-06   0.83398
FLUX  354   345.00        8.689638E+14   6.1196E-06   7.3079E-06   0.83739
FLUX  355   347.00        8.639553E+14   6.1057E-06   7.3697E-06   0.82849
FLUX  356   349.00        8.590043E+14   6.2009E-06   7.4313E-06   0.83444
FLUX  357   351.00        8.541097E+14   6.4221E-06   7.4926E-06   0.85713
FLUX  358   353.00        8.492705E+14   6.3870E-06   7.5536E-06   0.84555
FLUX  359   355.00        8.444859E+14   6.7989E-06   7.6145E-06   0.89289
FLUX  360   357.00        8.397549E+14   6.3967E-06   7.6752E-06   0.83342
FLUX  361   359.00        8.350766E+14   6.4112E-06   7.7356E-06   0.82879
FLUX  362   361.00        8.304501E+14   6.5514E-06   7.7959E-06   0.84037
FLUX  363   363.00        8.258747E+14   6.6878E-06   7.8555E-06   0.85136
FLUX  364   364.00        8.236058E+14   6.6357E-06   7.8855E-06   0.84151
FLUX  365   365.00        8.213493E+14   7.1291E-06   2.1463E-05   0.33216
FLUX  366   367.00        8.168733E+14   7.0933E-06   2.1516E-05   0.32967
FLUX  367   369.00        8.124458E+14   6.8884E-06   2.1568E-05   0.31938
FLUX  368   371.00        8.080660E+14   7.2561E-06   2.1619E-05   0.33564
FLUX  369   373.00        8.037332E+14   7.3643E-06   2.1668E-05   0.33987
FLUX  370   375.00        7.994467E+14   8.9428E-06   2.1716E-05   0.41181
FLUX  371   377.00        7.952056E+14   9.7095E-06   2.1787E-05   0.44565
FLUX  372   379.00        7.910092E+14   1.1577E-05   2.1832E-05   0.53029
FLUX  373   381.00        7.868570E+14   1.3328E-05   2.1876E-05   0.60926
FLUX  374   383.00        7.827480E+14   1.0800E-05   2.1918E-05   0.49274
FLUX  375   385.00        7.786818E+14   1.4711E-05   2.1962E-05   0.66984
FLUX  376   387.00        7.746576E+14   1.6267E-05   2.2002E-05   0.73932
FLUX  377   389.00        7.706748E+14   1.0814E-05   2.2041E-05   0.49064
FLUX  378   391.00        7.667327E+14   1.6354E-05   2.2079E-05   0.74071
FLUX  379   393.00        7.628308E+14   1.2888E-05   2.2115E-05   0.58276
FLUX  380   395.00        7.589684E+14   1.6280E-05   2.2151E-05   0.73497
FLUX  381   397.00        7.551448E+14   9.9218E-06   2.2185E-05   0.44724
FLUX  382   399.00        7.513596E+14   1.7159E-05   2.2217E-05   0.77230
FLUX  383   401.00        7.476122E+14   1.8978E-05   2.2252E-05   0.85287
FLUX  384   403.00        7.439020E+14   1.9137E-05   2.2282E-05   0.85886
FLUX  385   405.00        7.402284E+14   1.9039E-05   2.2311E-05   0.85337
FLUX  386   407.00        7.365909E+14   1.8604E-05   2.2337E-05   0.83287
FLUX  387   409.00        7.329890E+14   1.6226E-05   2.2363E-05   0.72558
FLUX  388   411.00        7.294221E+14   1.3163E-05   2.2388E-05   0.58797
FLUX  389   413.00        7.258898E+14   1.8756E-05   2.2411E-05   0.83691
FLUX  390   415.00        7.223916E+14   1.9929E-05   2.2433E-05   0.88841
FLUX  391   417.00        7.189269E+14   1.9975E-05   2.2454E-05   0.88961
FLUX  392   419.00        7.154952E+14   1.9994E-05   2.2474E-05   0.88963
FLUX  393   421.00        7.120962E+14   2.0184E-05   2.2494E-05   0.89730
FLUX  394   423.00        7.087293E+14   1.9756E-05   2.2513E-05   0.87755
FLUX  395   425.00        7.053941E+14   2.0232E-05   2.2531E-05   0.89797
FLUX  396   427.00        7.020902E+14   1.9702E-05   2.2548E-05   0.87377
FLUX  397   429.00        6.988170E+14   1.9886E-05   2.2564E-05   0.88132
FLUX  398   431.00        6.955742E+14   1.8524E-05   2.2580E-05   0.82039
FLUX  399   433.00        6.923614E+14   1.6036E-05   2.2594E-05   0.70972
FLUX  400   435.00        6.891782E+14   1.4083E-05   2.2608E-05   0.62291
FLUX  401   437.00        6.860240E+14   1.9953E-05   2.2621E-05   0.88205
FLUX  402   439.00        6.828986E+14   2.0329E-05   2.2633E-05   0.89819
FLUX  403   441.00        6.798016E+14   2.0263E-05   2.2644E-05   0.89482
FLUX  404   443.00        6.767325E+14   2.0203E-05   2.2655E-05   0.89175
FLUX  405   445.00        6.736910E+14   2.0617E-05   2.2665E-05   0.90966
FLUX  406   447.00        6.706767E+14   2.0820E-05   2.2674E-05   0.91824
FLUX  407   449.00        6.676893E+14   2.0830E-05   2.2682E-05   0.91834
FLUX  408   451.00        6.647284E+14   2.1733E-05   2.2690E-05   0.95786
FLUX  409   453.00        6.617936E+14   2.0862E-05   2.2697E-05   0.91918
FLUX  410   455.00        6.588846E+14   2.0899E-05   2.2703E-05   0.92054
FLUX  411   457.00        6.560011E+14   2.1806E-05   2.2708E-05   0.96028
FLUX  412   459.00        6.531427E+14   2.1099E-05   2.2712E-05   0.92898
FLUX  413   461.00        6.503091E+14   2.1665E-05   2.2715E-05   0.95378
FLUX  414   463.00        6.475000E+14   2.1298E-05   2.2717E-05   0.93752
FLUX  415   465.00        6.447151E+14   2.1606E-05   2.2719E-05   0.95104
FLUX  416   467.00        6.419540E+14   2.1862E-05   2.2720E-05   0.96225
FLUX  417   469.00        6.392164E+14   2.1249E-05   2.2720E-05   0.93524
FLUX  418   471.00        6.365021E+14   2.0613E-05   2.2720E-05   0.90723
FLUX  419   473.00        6.338108E+14   2.1753E-05   2.2720E-05   0.95745
FLUX  420   475.00        6.311421E+14   2.1905E-05   2.2718E-05   0.96420
FLUX  421   477.00        6.284958E+14   2.1762E-05   2.2716E-05   0.95802
FLUX  422   479.00        6.258716E+14   2.1718E-05   2.2712E-05   0.95623
FLUX  423   481.00        6.232692E+14   2.1491E-05   2.2709E-05   0.94637
FLUX  424   483.00        6.206884E+14   2.0930E-05   2.2704E-05   0.92183
FLUX  425   485.00        6.181289E+14   1.7313E-05   2.2700E-05   0.76268
FLUX  426   487.00        6.155903E+14   1.4267E-05   2.2694E-05   0.62865
FLUX  427   489.00        6.130726E+14   2.0224E-05   2.2689E-05   0.89136
FLUX  428   491.00        6.105754E+14   2.1161E-05   2.2683E-05   0.93293
FLUX  429   493.00        6.080984E+14   2.1072E-05   2.2676E-05   0.92927
FLUX  430   495.00        6.056414E+14   2.1687E-05   2.2669E-05   0.95665
FLUX  431   497.00        6.032042E+14   2.1987E-05   2.2662E-05   0.97019
FLUX  432   499.00        6.007866E+14   2.1215E-05   2.2654E-05   0.93644
FLUX  433   501.00        5.983882E+14   2.0687E-05   2.2646E-05   0.91350
FLUX  434   503.00        5.960089E+14   2.1530E-05   2.2638E-05   0.95108
FLUX  435   505.00        5.936485E+14   2.1331E-05   2.2629E-05   0.94265
FLUX  436   507.00        5.913067E+14   2.1893E-05   2.2619E-05   0.96792
FLUX  437   509.00        5.889833E+14   2.1665E-05   2.2609E-05   0.95824
FLUX  438   511.00        5.866781E+14   2.1862E-05   2.2598E-05   0.96741
FLUX  439   513.00        5.843908E+14   2.1557E-05   2.2587E-05   0.95441
FLUX  440   515.00        5.821214E+14   2.1231E-05   2.2576E-05   0.94045
FLUX  441   517.00        5.798694E+14   2.0983E-05   2.2564E-05   0.92991
FLUX  442   519.00        5.776349E+14   2.0918E-05   2.2552E-05   0.92752
FLUX  443   521.00        5.754175E+14   2.1213E-05   2.2539E-05   0.94115
FLUX  444   523.00        5.732170E+14   2.1298E-05   2.2526E-05   0.94545
FLUX  445   525.00        5.710333E+14   2.1779E-05   2.2513E-05   0.96737
FLUX  446   527.00        5.688662E+14   2.0433E-05   2.2499E-05   0.90817
FLUX  447   529.00        5.667155E+14   2.1607E-05   2.2485E-05   0.96096
FLUX  448   531.00        5.645810E+14   2.1621E-05   2.2471E-05   0.96219
FLUX  449   533.00        5.624625E+14   2.0828E-05   2.2456E-05   0.92750
FLUX  450   535.00        5.603598E+14   2.1637E-05   2.2441E-05   0.96421
FLUX  451   537.00        5.582728E+14   2.1571E-05   2.2425E-05   0.96193
FLUX  452   539.00        5.562013E+14   2.1526E-05   2.2409E-05   0.96060
FLUX  453   541.00        5.541451E+14   2.1164E-05   2.2393E-05   0.94512
FLUX  454   543.00        5.521041E+14   2.1513E-05   2.2376E-05   0.96145
FLUX  455   545.00        5.500780E+14   2.1763E-05   2.2358E-05   0.97337
FLUX  456   547.00        5.480667E+14   2.1630E-05   2.2341E-05   0.96818
FLUX  457   549.00        5.460701E+14   2.1656E-05   2.2323E-05   0.97010
FLUX  458   551.00        5.440880E+14   2.1699E-05   2.2305E-05   0.97283
FLUX  459   553.00        5.421203E+14   2.1654E-05   2.2287E-05   0.97161
FLUX  460   555.00        5.401667E+14   2.1830E-05   2.2268E-05   0.98031
FLUX  461   557.00        5.382271E+14   2.1582E-05   2.2249E-05   0.97003
FLUX  462   559.00        5.363014E+14   2.1484E-05   2.2230E-05   0.96644
FLUX  463   561.00        5.343895E+14   2.1643E-05   2.2211E-05   0.97440
FLUX  464   563.00        5.324911E+14   2.1804E-05   2.2198E-05   0.98224
FLUX  465   565.00        5.306062E+14   2.1723E-05   2.2178E-05   0.97949
FLUX  466   567.00        5.287346E+14   2.1504E-05   2.2158E-05   0.97049
FLUX  467   569.00        5.268761E+14   2.1686E-05   2.2137E-05   0.97962
FLUX  468   571.00        5.250306E+14   2.1613E-05   2.2117E-05   0.97725
FLUX  469   573.00        5.231981E+14   2.2008E-05   2.2096E-05   0.99605
FLUX  470   575.00        5.213783E+14   2.1752E-05   2.2074E-05   0.98541
FLUX  471   577.00        5.195711E+14   2.1834E-05   2.2053E-05   0.99008
FLUX  472   579.00        5.177763E+14   2.1734E-05   2.2031E-05   0.98650
FLUX  473   581.00        5.159940E+14   2.1806E-05   2.2009E-05   0.99078
FLUX  474   583.00        5.142238E+14   2.1864E-05   2.1987E-05   0.99439
FLUX  475   585.00        5.124658E+14   2.1712E-05   2.1965E-05   0.98849
FLUX  476   587.00        5.107198E+14   2.1733E-05   2.1942E-05   0.99046
FLUX  477   589.00        5.089856E+14   2.1341E-05   2.1920E-05   0.97360
FLUX  478   591.00        5.072631E+14   2.1693E-05   2.1897E-05   0.99069
FLUX  479   593.00        5.055523E+14   2.1669E-05   2.1874E-05   0.99064
FLUX  480   595.00        5.038529E+14   2.1675E-05   2.1851E-05   0.99198
FLUX  481   597.00        5.021650E+14   2.1679E-05   2.1827E-05   0.99322
FLUX  482   599.00        5.004883E+14   2.1574E-05   2.1804E-05   0.98945
FLUX  483   601.00        4.988228E+14   2.1418E-05   2.1780E-05   0.98339
FLUX  484   603.00        4.971683E+14   2.1461E-05   2.1756E-05   0.98645
FLUX  485   605.00        4.955248E+14   2.1554E-05   2.1732E-05   0.99180
FLUX  486   607.00        4.938921E+14   2.1625E-05   2.1708E-05   0.99616
FLUX  487   609.00        4.922701E+14   2.1489E-05   2.1683E-05   0.99106
FLUX  488   611.00        4.906588E+14   2.1377E-05   2.1659E-05   0.98701
FLUX  489   613.00        4.890579E+14   2.1088E-05   2.1634E-05   0.97476
FLUX  490   615.00        4.874675E+14   2.0971E-05   2.1609E-05   0.97045
FLUX  491   617.00        4.858874E+14   2.0947E-05   2.1584E-05   0.97050
FLUX  492   619.00        4.843174E+14   2.1385E-05   2.1558E-05   0.99197
FLUX  493   621.00        4.827576E+14   2.1398E-05   2.1533E-05   0.99376
FLUX  494   623.00        4.812079E+14   2.1197E-05   2.1507E-05   0.98558
FLUX  495   625.00        4.796680E+14   2.0768E-05   2.1481E-05   0.96681
FLUX  496   627.00        4.781380E+14   2.1332E-05   2.1455E-05   0.99424
FLUX  497   629.00        4.766176E+14   2.1326E-05   2.1429E-05   0.99517
FLUX  498   631.00        4.751070E+14   2.1049E-05   2.1403E-05   0.98346
FLUX  499   633.00        4.736058E+14   2.1114E-05   2.1377E-05   0.98772
FLUX  500   635.00        4.721142E+14   2.0992E-05   2.1350E-05   0.98322
FLUX  501   637.00        4.706319E+14   2.0996E-05   2.1324E-05   0.98463
FLUX  502   639.00        4.691588E+14   2.1097E-05   2.1297E-05   0.99061
FLUX  503   641.00        4.676950E+14   2.0852E-05   2.1270E-05   0.98034
FLUX  504   643.00        4.662403E+14   2.0956E-05   2.1244E-05   0.98648
FLUX  505   645.00        4.647946E+14   2.0720E-05   2.1217E-05   0.97658
FLUX  506   647.00        4.633578E+14   2.0823E-05   2.1189E-05   0.98269
FLUX  507   649.00        4.619299E+14   2.0570E-05   2.1162E-05   0.97201
FLUX  508   651.00        4.605108E+14   2.0615E-05   2.1135E-05   0.97539
FLUX  509   653.00        4.591003E+14   2.0201E-05   2.1107E-05   0.95705
FLUX  510   655.00        4.576985E+14   1.8049E-05   2.1087E-05   0.85590
FLUX  511   657.00        4.563052E+14   1.4773E-05   2.1060E-05   0.70147
FLUX  512   659.00        4.549203E+14   1.9533E-05   2.1032E-05   0.92874
FLUX  513   661.00        4.535439E+14   2.0456E-05   2.1004E-05   0.97390
FLUX  514   663.00        4.521757E+14   2.0669E-05   2.0976E-05   0.98538
FLUX  515   665.00        4.508158E+14   2.0718E-05   2.0948E-05   0.98900
FLUX  516   667.00        4.494640E+14   2.0652E-05   2.0920E-05   0.98720
FLUX  517   669.00        4.481203E+14   2.0763E-05   2.0892E-05   0.99383
FLUX  518   671.00        4.467846E+14   2.0710E-05   2.0863E-05   0.99263
FLUX  519   673.00        4.454569E+14   2.0719E-05   2.0835E-05   0.99443
FLUX  520   675.00        4.441370E+14   2.0548E-05   2.0807E-05   0.98757
FLUX  521   677.00        4.428250E+14   2.0692E-05   2.0778E-05   0.99587
FLUX  522   679.00        4.415206E+14   2.0644E-05   2.0749E-05   0.99490
FLUX  523   681.00        4.402239E+14   2.0608E-05   2.0720E-05   0.99456
FLUX  524   683.00        4.389348E+14   2.0556E-05   2.0691E-05   0.99345
FLUX  525   685.00        4.376533E+14   2.0488E-05   2.0662E-05   0.99156
FLUX  526   687.00        4.363792E+14   2.0540E-05   2.0633E-05   0.99550
FLUX  527   689.00        4.351125E+14   2.0524E-05   2.0604E-05   0.99612
FLUX  528   691.00        4.338531E+14   2.0483E-05   2.0574E-05   0.99555
FLUX  529   693.00        4.326010E+14   2.0444E-05   2.0545E-05   0.99506
FLUX  530   695.00        4.313561E+14   2.0425E-05   2.0516E-05   0.99559
FLUX  531   697.00        4.301184E+14   2.0385E-05   2.0486E-05   0.99507
FLUX  532   699.00        4.288877E+14   2.0389E-05   2.0457E-05   0.99671
FLUX  533   701.00        4.276641E+14   2.0140E-05   2.0427E-05   0.98595
FLUX  534   703.00        4.264474E+14   2.0245E-05   2.0398E-05   0.99250
FLUX  535   705.00        4.252376E+14   2.0273E-05   2.0368E-05   0.99534
FLUX  536   707.00        4.240347E+14   2.0246E-05   2.0338E-05   0.99543
FLUX  537   709.00        4.228385E+14   2.0220E-05   2.0309E-05   0.99562
FLUX  538   711.00        4.216491E+14   1.9853E-05   2.0279E-05   0.97897
FLUX  539   713.00        4.204663E+14   2.0028E-05   2.0249E-05   0.98907
FLUX  540   715.00        4.192902E+14   2.0025E-05   2.0219E-05   0.99041
FLUX  541   717.00        4.181206E+14   1.9974E-05   2.0189E-05   0.98932
FLUX  542   719.00        4.169576E+14   1.9874E-05   2.0159E-05   0.98584
FLUX  543   721.00        4.158010E+14   1.9936E-05   2.0129E-05   0.99039
FLUX  544   723.00        4.146508E+14   1.9904E-05   2.0099E-05   0.99029
FLUX  545   725.00        4.135069E+14   1.9867E-05   2.0074E-05   0.98968
FLUX  546   727.00        4.123693E+14   1.9932E-05   2.0044E-05   0.99441
FLUX  547   729.00        4.112380E+14   1.9737E-05   2.0014E-05   0.98619
FLUX  548   731.00        4.101129E+14   1.9802E-05   1.9993E-05   0.99045
FLUX  549   733.00        4.089939E+14   1.9776E-05   1.9963E-05   0.99065
FLUX  550   735.00        4.078810E+14   1.9824E-05   1.9932E-05   0.99457
FLUX  551   737.00        4.067741E+14   1.9813E-05   1.9902E-05   0.99551
FLUX  552   739.00        4.056732E+14   1.9641E-05   1.9872E-05   0.98839
FLUX  553   741.00        4.045783E+14   1.9492E-05   1.9841E-05   0.98242
FLUX  554   743.00        4.034892E+14   1.9495E-05   1.9811E-05   0.98404
FLUX  555   745.00        4.024060E+14   1.9529E-05   1.9780E-05   0.98731
FLUX  556   747.00        4.013286E+14   1.9462E-05   1.9750E-05   0.98541
FLUX  557   749.00        4.002570E+14   1.9467E-05   1.9719E-05   0.98720
FLUX  558   751.00        3.991911E+14   1.9513E-05   1.9689E-05   0.99106
FLUX  559   753.00        3.981308E+14   1.9516E-05   1.9658E-05   0.99278
FLUX  560   755.00        3.970762E+14   1.9563E-05   1.9628E-05   0.99670
FLUX  561   757.00        3.960271E+14   1.9481E-05   1.9597E-05   0.99406
FLUX  562   759.00        3.949835E+14   1.9474E-05   1.9566E-05   0.99529
FLUX  563   761.00        3.939455E+14   1.9427E-05   1.9536E-05   0.99441
FLUX  564   763.00        3.929128E+14   1.9423E-05   1.9505E-05   0.99581
FLUX  565   765.00        3.918856E+14   1.9354E-05   1.9474E-05   0.99383
FLUX  566   767.00        3.908638E+14   1.9175E-05   1.9444E-05   0.98620
FLUX  567   769.00        3.898472E+14   1.9239E-05   1.9413E-05   0.99106
FLUX  568   771.00        3.888359E+14   1.9205E-05   1.9382E-05   0.99087
FLUX  569   773.00        3.878299E+14   1.9252E-05   1.9352E-05   0.99486
FLUX  570   775.00        3.868290E+14   1.9148E-05   1.9321E-05   0.99107
FLUX  571   777.00        3.858333E+14   1.8854E-05   1.9290E-05   0.97741
FLUX  572   779.00        3.848427E+14   1.9216E-05   1.9259E-05   0.99772
FLUX  573   781.00        3.838572E+14   1.9148E-05   1.9229E-05   0.99579
FLUX  574   783.00        3.828768E+14   1.9021E-05   1.9198E-05   0.99078
FLUX  575   785.00        3.819013E+14   1.8951E-05   1.9167E-05   0.98873
FLUX  576   787.00        3.809307E+14   1.8980E-05   1.9136E-05   0.99184
FLUX  577   789.00        3.799651E+14   1.8927E-05   1.9106E-05   0.99066
FLUX  578   791.00        3.790044E+14   1.8873E-05   1.9075E-05   0.98943
FLUX  579   793.00        3.780485E+14   1.8736E-05   1.9044E-05   0.98382
FLUX  580   795.00        3.770975E+14   1.8751E-05   1.9013E-05   0.98618
FLUX  581   797.00        3.761512E+14   1.8928E-05   1.8983E-05   0.99715
FLUX  582   799.00        3.752096E+14   1.8783E-05   1.8952E-05   0.99109
FLUX  583   801.00        3.742728E+14   1.8802E-05   1.8921E-05   0.99370
FLUX  584   803.00        3.733406E+14   1.8739E-05   1.8890E-05   0.99198
FLUX  585   805.00        3.724130E+14   1.8735E-05   1.8859E-05   0.99342
FLUX  586   807.00        3.714901E+14   1.8730E-05   1.8829E-05   0.99473
FLUX  587   809.00        3.705717E+14   1.8655E-05   1.8798E-05   0.99238
FLUX  588   811.00        3.696578E+14   1.8713E-05   1.8767E-05   0.99710
FLUX  589   813.00        3.687485E+14   1.8712E-05   1.8736E-05   0.99870
FLUX  590   815.00        3.678436E+14   1.8668E-05   1.8706E-05   0.99800
FLUX  591   817.00        3.669431E+14   1.8637E-05   1.8675E-05   0.99796
FLUX  592   819.00        3.660470E+14   1.8302E-05   1.8644E-05   0.98167
FLUX  593   821.00        3.651553E+14   1.8355E-05   2.0404E-05   0.89959
FLUX  594   823.00        3.642679E+14   1.8323E-05   2.0370E-05   0.89952
FLUX  595   825.00        3.633848E+14   1.8339E-05   2.0336E-05   0.90180
FLUX  596   827.00        3.625060E+14   1.8522E-05   2.0302E-05   0.91233
FLUX  597   829.00        3.616315E+14   1.8472E-05   2.0268E-05   0.91136
FLUX  598   831.00        3.607611E+14   1.8367E-05   2.0234E-05   0.90770
FLUX  599   833.00        3.598950E+14   1.8185E-05   2.0201E-05   0.90023
FLUX  600   835.00        3.590329E+14   1.8349E-05   2.0167E-05   0.90985
FLUX  601   837.00        3.581750E+14   1.8373E-05   2.0133E-05   0.91256
FLUX  602   839.00        3.573212E+14   1.8240E-05   2.0099E-05   0.90749
FLUX  603   841.00        3.564715E+14   1.8284E-05   2.0066E-05   0.91121
FLUX  604   843.00        3.556257E+14   1.8186E-05   2.0032E-05   0.90783
FLUX  605   845.00        3.547840E+14   1.7939E-05   1.9998E-05   0.89704
FLUX  606   847.00        3.539463E+14   1.7957E-05   1.9965E-05   0.89942
FLUX  607   849.00        3.531125E+14   1.8096E-05   1.9931E-05   0.90794
FLUX  608   851.00        3.522826E+14   1.7276E-05   1.9898E-05   0.86825
FLUX  609   853.00        3.514566E+14   1.8093E-05   1.9864E-05   0.91083
FLUX  610   855.00        3.506345E+14   1.6057E-05   1.9831E-05   0.80972
FLUX  611   857.00        3.498162E+14   1.8331E-05   1.9797E-05   0.92594
FLUX  612   859.00        3.490017E+14   1.7538E-05   1.9764E-05   0.88737
FLUX  613   861.00        3.481911E+14   1.7266E-05   1.9730E-05   0.87511
FLUX  614   863.00        3.473841E+14   1.8403E-05   1.9697E-05   0.93432
FLUX  615   865.00        3.465809E+14   1.7975E-05   1.9664E-05   0.91412
FLUX  616   867.00        3.457814E+14   1.5256E-05   1.9631E-05   0.77714
FLUX  617   869.00        3.449856E+14   1.7909E-05   1.9598E-05   0.91384
FLUX  618   871.00        3.441935E+14   1.8580E-05   1.9564E-05   0.94967
FLUX  619   873.00        3.434049E+14   1.8153E-05   1.9531E-05   0.92942
FLUX  620   875.00        3.426200E+14   1.5446E-05   1.9498E-05   0.79219
FLUX  621   877.00        3.418387E+14   1.7756E-05   1.9465E-05   0.91221
FLUX  622   879.00        3.410609E+14   1.8629E-05   1.9432E-05   0.95864
FLUX  623   881.00        3.402866E+14   1.8667E-05   1.9400E-05   0.96225
FLUX  624   883.00        3.395159E+14   1.8308E-05   1.9367E-05   0.94533
FLUX  625   885.00        3.387486E+14   1.7121E-05   1.9334E-05   0.88552
FLUX  626   887.00        3.379848E+14   1.5122E-05   1.9301E-05   0.78348
FLUX  627   889.00        3.372244E+14   1.8023E-05   1.9268E-05   0.93539
FLUX  628   891.00        3.364675E+14   1.8579E-05   1.9236E-05   0.96585
FLUX  629   893.00        3.357139E+14   1.8620E-05   1.9203E-05   0.96967
FLUX  630   895.00        3.349637E+14   1.8784E-05   1.9170E-05   0.97988
FLUX  631   897.00        3.342168E+14   1.8571E-05   1.9138E-05   0.97042
FLUX  632   899.00        3.334733E+14   1.8042E-05   1.9105E-05   0.94434
FLUX  633   901.00        3.327331E+14   1.5142E-05   1.9072E-05   0.79391
FLUX  634   903.00        3.319961E+14   1.6518E-05   1.9040E-05   0.86753
FLUX  635   905.00        3.312624E+14   1.8212E-05   1.9007E-05   0.95816
FLUX  636   907.00        3.305320E+14   1.8172E-05   1.8975E-05   0.95769
FLUX  637   909.00        3.298047E+14   1.7991E-05   1.8943E-05   0.94975
FLUX  638   911.00        3.290807E+14   1.8441E-05   1.8910E-05   0.97518
FLUX  639   913.00        3.283598E+14   1.8633E-05   1.8878E-05   0.98700
FLUX  640   915.00        3.276421E+14   1.8642E-05   1.8846E-05   0.98916
FLUX  641   917.00        3.269275E+14   1.8478E-05   1.8814E-05   0.98215
FLUX  642   919.00        3.262160E+14   1.8179E-05   1.8782E-05   0.96793
FLUX  643   921.00        3.255076E+14   1.7182E-05   1.8749E-05   0.91642
FLUX  644   923.00        3.248023E+14   1.4193E-05   1.8717E-05   0.75828
FLUX  645   925.00        3.241000E+14   1.6750E-05   1.8685E-05   0.89642
FLUX  646   927.00        3.234008E+14   1.7680E-05   1.8654E-05   0.94779
FLUX  647   929.00        3.227045E+14   1.8304E-05   1.8622E-05   0.98293
FLUX  648   931.00        3.220113E+14   1.8410E-05   1.8590E-05   0.99030
FLUX  649   933.00        3.213210E+14   1.8390E-05   1.8558E-05   0.99093
FLUX  650   935.00        3.206337E+14   1.8407E-05   1.8527E-05   0.99354
FLUX  651   937.00        3.199493E+14   1.8411E-05   1.8495E-05   0.99544
FLUX  652   939.00        3.192678E+14   1.8295E-05   1.8464E-05   0.99086
FLUX  653   941.00        3.185893E+14   1.7672E-05   1.8432E-05   0.95877
FLUX  654   943.00        3.179136E+14   1.8102E-05   1.8401E-05   0.98379
FLUX  655   945.00        3.172407E+14   1.8085E-05   1.8369E-05   0.98454
FLUX  656   947.00        3.165707E+14   1.8143E-05   1.8338E-05   0.98935
FLUX  657   949.00        3.159036E+14   1.8025E-05   1.8307E-05   0.98459
FLUX  658   951.00        3.152392E+14   1.7650E-05   1.8275E-05   0.96576
FLUX  659   953.00        3.145776E+14   1.6610E-05   1.8244E-05   0.91043
FLUX  660   955.00        3.139188E+14   1.3924E-05   1.8213E-05   0.76450
FLUX  661   957.00        3.132628E+14   1.6775E-05   1.8182E-05   0.92264
FLUX  662   959.00        3.126095E+14   1.7606E-05   1.8151E-05   0.96998
FLUX  663   961.00        3.119589E+14   1.7681E-05   1.8120E-05   0.97579
FLUX  664   963.00        3.113110E+14   1.7594E-05   1.8089E-05   0.97262
FLUX  665   965.00        3.106658E+14   1.7806E-05   1.8058E-05   0.98602
FLUX  666   967.00        3.100233E+14   1.7627E-05   1.8027E-05   0.97782
FLUX  667   969.00        3.093834E+14   1.7665E-05   1.7996E-05   0.98157
FLUX  668   971.00        3.087461E+14   1.7901E-05   1.7966E-05   0.99642
FLUX  669   973.00        3.081115E+14   1.7865E-05   1.7935E-05   0.99608
FLUX  670   975.00        3.074795E+14   1.7682E-05   1.7904E-05   0.98759
FLUX  671   977.00        3.068501E+14   1.7806E-05   1.7874E-05   0.99621
FLUX  672   979.00        3.062232E+14   1.7766E-05   1.7843E-05   0.99568
FLUX  673   981.00        3.055989E+14   1.7756E-05   1.7813E-05   0.99680
FLUX  674   983.00        3.049771E+14   1.7699E-05   1.7782E-05   0.99532
FLUX  675   985.00        3.043579E+14   1.7587E-05   1.7752E-05   0.99073
FLUX  676   987.00        3.037411E+14   1.7545E-05   1.7721E-05   0.99007
FLUX  677   989.00        3.031269E+14   1.7427E-05   1.7691E-05   0.98509
FLUX  678   991.00        3.025151E+14   1.7404E-05   1.7661E-05   0.98546
FLUX  679   993.00        3.019058E+14   1.7469E-05   1.7631E-05   0.99082
FLUX  680   995.00        3.012990E+14   1.7421E-05   1.7601E-05   0.98978
FLUX  681   997.00        3.006946E+14   1.7380E-05   1.7570E-05   0.98917
FLUX  682   999.00        3.000926E+14   1.7252E-05   1.7540E-05   0.98358
FLUX  683  1002.50        2.990449E+14   1.6078E-05   1.7488E-05   0.91938
FLUX  684  1007.50        2.975608E+14   1.5486E-05   1.7414E-05   0.88933
FLUX  685  1012.50        2.960914E+14   1.6968E-05   1.7339E-05   0.97858
FLUX  686  1017.50        2.946364E+14   1.7064E-05   1.7266E-05   0.98833
FLUX  687  1022.50        2.931956E+14   1.7114E-05   1.7192E-05   0.99541
FLUX  688  1027.50        2.917689E+14   1.7085E-05   1.7119E-05   0.99797
FLUX  689  1032.50        2.903559E+14   1.6929E-05   1.7047E-05   0.99309
FLUX  690  1037.50        2.889566E+14   1.6892E-05   1.6974E-05   0.99514
FLUX  691  1042.50        2.875707E+14   1.6827E-05   1.6902E-05   0.99551
FLUX  692  1047.50        2.861981E+14   1.6548E-05   1.6831E-05   0.98322
FLUX  693  1052.50        2.848385E+14   1.6598E-05   1.6759E-05   0.99038
FLUX  694  1057.50        2.834917E+14   1.6541E-05   1.6688E-05   0.99118
FLUX  695  1062.50        2.821576E+14   1.6476E-05   1.6617E-05   0.99150
FLUX  696  1067.50        2.808361E+14   1.6088E-05   1.6547E-05   0.97230
FLUX  697  1072.50        2.795268E+14   1.6216E-05   1.6476E-05   0.98418
FLUX  698  1077.50        2.782297E+14   1.6165E-05   1.6406E-05   0.98529
FLUX  699  1082.50        2.769446E+14   1.6014E-05   1.6337E-05   0.98024
FLUX  700  1087.50        2.756713E+14   1.5799E-05   1.6268E-05   0.97118
FLUX  701  1092.50        2.744096E+14   1.3870E-05   1.6199E-05   0.85621
FLUX  702  1097.50        2.731595E+14   1.5016E-05   1.6131E-05   0.93091
FLUX  703  1102.50        2.719206E+14   1.5817E-05   1.6063E-05   0.98470
FLUX  704  1107.50        2.706930E+14   1.5903E-05   1.5995E-05   0.99427
FLUX  705  1112.50        2.694764E+14   1.5811E-05   1.5927E-05   0.99271
FLUX  706  1117.50        2.682707E+14   1.5753E-05   1.5860E-05   0.99329
FLUX  707  1122.50        2.670757E+14   1.5738E-05   1.5793E-05   0.99650
FLUX  708  1127.50        2.658914E+14   1.5396E-05   1.5726E-05   0.97897
FLUX  709  1132.50        2.647174E+14   1.5362E-05   1.5660E-05   0.98094
FLUX  710  1137.50        2.635538E+14   1.5438E-05   1.5595E-05   0.98997
FLUX  711  1142.50        2.624004E+14   1.5262E-05   1.5529E-05   0.98280
FLUX  712  1147.50        2.612571E+14   1.5412E-05   1.5463E-05   0.99670
FLUX  713  1152.50        2.601236E+14   1.5360E-05   1.5398E-05   0.99754
FLUX  714  1157.50        2.590000E+14   1.5263E-05   1.5334E-05   0.99538
FLUX  715  1162.50        2.578860E+14   1.5001E-05   1.5269E-05   0.98246
FLUX  716  1167.50        2.567816E+14   1.4862E-05   1.5205E-05   0.97747
FLUX  717  1172.50        2.556866E+14   1.5102E-05   1.5141E-05   0.99741
FLUX  718  1177.50        2.546008E+14   1.4723E-05   1.5077E-05   0.97653
FLUX  719  1182.50        2.535243E+14   1.4800E-05   1.5014E-05   0.98574
FLUX  720  1187.50        2.524568E+14   1.4639E-05   1.4951E-05   0.97912
FLUX  721  1192.50        2.513983E+14   1.4877E-05   1.4888E-05   0.99922
FLUX  722  1197.50        2.503486E+14   1.4591E-05   1.4826E-05   0.98419
FLUX  723  1202.50        2.493077E+14   1.4653E-05   1.4764E-05   0.99247
FLUX  724  1207.50        2.482754E+14   1.4547E-05   1.4702E-05   0.98950
FLUX  725  1212.50        2.472515E+14   1.4509E-05   1.4640E-05   0.99101
FLUX  726  1217.50        2.462361E+14   1.4529E-05   1.4579E-05   0.99661
FLUX  727  1222.50        2.452290E+14   1.4445E-05   1.4518E-05   0.99496
FLUX  728  1227.50        2.442301E+14   1.4351E-05   1.4457E-05   0.99268
FLUX  729  1232.50        2.432394E+14   1.4309E-05   1.4397E-05   0.99390
FLUX  730  1237.50        2.422566E+14   1.4267E-05   1.4337E-05   0.99515
FLUX  731  1242.50        2.412817E+14   1.4239E-05   1.4277E-05   0.99738
FLUX  732  1247.50        2.403146E+14   1.4159E-05   1.4217E-05   0.99590
FLUX  733  1252.50        2.393553E+14   1.4064E-05   1.4158E-05   0.99340
FLUX  734  1257.50        2.384036E+14   1.3932E-05   1.4099E-05   0.98814
FLUX  735  1262.50        2.374594E+14   1.3913E-05   1.4040E-05   0.99095
FLUX  736  1267.50        2.365227E+14   1.3876E-05   1.3982E-05   0.99245
FLUX  737  1272.50        2.355933E+14   1.3766E-05   1.3923E-05   0.98871
FLUX  738  1277.50        2.346712E+14   1.3291E-05   1.3866E-05   0.95856
FLUX  739  1282.50        2.337563E+14   1.1542E-05   1.3808E-05   0.83587
FLUX  740  1287.50        2.328485E+14   1.3276E-05   1.3751E-05   0.96546
FLUX  741  1292.50        2.319478E+14   1.3523E-05   1.3693E-05   0.98755
FLUX  742  1297.50        2.310539E+14   1.3549E-05   1.3637E-05   0.99356
FLUX  743  1302.50        2.301670E+14   1.3518E-05   1.3580E-05   0.99545
FLUX  744  1307.50        2.292868E+14   1.3500E-05   1.3524E-05   0.99826
FLUX  745  1312.50        2.284133E+14   1.3397E-05   1.3467E-05   0.99475
FLUX  746  1317.50        2.275465E+14   1.3301E-05   1.3412E-05   0.99176
FLUX  747  1322.50        2.266862E+14   1.3329E-05   1.3356E-05   0.99801
FLUX  748  1327.50        2.258324E+14   1.3251E-05   1.3300E-05   0.99627
FLUX  749  1332.50        2.249850E+14   1.3217E-05   1.3245E-05   0.99783
FLUX  750  1337.50        2.241439E+14   1.3153E-05   1.3190E-05   0.99713
FLUX  751  1342.50        2.233091E+14   1.3109E-05   1.3136E-05   0.99800
FLUX  752  1347.50        2.224805E+14   1.3052E-05   1.3081E-05   0.99778
FLUX  753  1352.50        2.216580E+14   1.2964E-05   1.3027E-05   0.99515
FLUX  754  1357.50        2.208416E+14   1.2880E-05   1.2973E-05   0.99280
FLUX  755  1362.50        2.200312E+14   1.2884E-05   1.2919E-05   0.99724
FLUX  756  1367.50        2.192267E+14   1.2807E-05   1.2866E-05   0.99543
FLUX  757  1372.50        2.184281E+14   1.2638E-05   1.2812E-05   0.98639
FLUX  758  1377.50        2.176352E+14   1.2670E-05   1.2759E-05   0.99300
FLUX  759  1382.50        2.168481E+14   1.2632E-05   1.2706E-05   0.99414
FLUX  760  1387.50        2.160667E+14   1.2640E-05   1.2654E-05   0.99891
FLUX  761  1392.50        2.152908E+14   1.2518E-05   1.2601E-05   0.99340
FLUX  762  1397.50        2.145206E+14   1.2494E-05   1.2549E-05   0.99561
FLUX  763  1402.50        2.137558E+14   1.2438E-05   1.2497E-05   0.99528
FLUX  764  1407.50        2.129964E+14   1.2417E-05   1.2445E-05   0.99781
FLUX  765  1412.50        2.122425E+14   1.2320E-05   1.2393E-05   0.99415
FLUX  766  1417.50        2.114938E+14   1.2306E-05   1.2341E-05   0.99712
FLUX  767  1422.50        2.107504E+14   1.2207E-05   1.2290E-05   0.99322
FLUX  768  1427.50        2.100123E+14   1.2129E-05   1.2239E-05   0.99104
FLUX  769  1432.50        2.092792E+14   1.2143E-05   1.2188E-05   0.99632
FLUX  770  1437.50        2.085513E+14   1.2122E-05   1.2137E-05   0.99874
FLUX  771  1442.50        2.078284E+14   1.1776E-05   1.2086E-05   0.97432
FLUX  772  1447.50        2.071105E+14   1.1992E-05   1.2036E-05   0.99639
FLUX  773  1452.50        2.063976E+14   1.1794E-05   1.1985E-05   0.98400
FLUX  774  1457.00        2.057601E+14   1.1874E-05   1.1940E-05   0.99449
FLUX  775  1462.00        2.050564E+14   1.1795E-05   1.2393E-05   0.95179
FLUX  776  1467.50        2.042879E+14   1.1788E-05   1.2337E-05   0.95546
FLUX  777  1472.50        2.035942E+14   1.1685E-05   1.2287E-05   0.95101
FLUX  778  1477.50        2.029052E+14   1.1601E-05   1.2237E-05   0.94802
FLUX  779  1482.50        2.022209E+14   1.1597E-05   1.2187E-05   0.95164
FLUX  780  1487.50        2.015412E+14   1.1474E-05   1.2137E-05   0.94543
FLUX  781  1492.50        2.008660E+14   1.1589E-05   1.2087E-05   0.95884
FLUX  782  1497.50        2.001953E+14   1.1490E-05   1.2037E-05   0.95459
FLUX  783  1502.50        1.995291E+14   1.1388E-05   1.1987E-05   0.94997
FLUX  784  1507.50        1.988673E+14   1.1321E-05   1.1938E-05   0.94836
FLUX  785  1512.50        1.982099E+14   1.1375E-05   1.1888E-05   0.95681
FLUX  786  1517.50        1.975568E+14   1.1337E-05   1.1839E-05   0.95764
FLUX  787  1522.50        1.969080E+14   1.1254E-05   1.1789E-05   0.95462
FLUX  788  1527.50        1.962635E+14   1.1220E-05   1.1740E-05   0.95576
FLUX  789  1532.50        1.956232E+14   1.1156E-05   1.1691E-05   0.95432
FLUX  790  1537.50        1.949870E+14   1.1125E-05   1.1641E-05   0.95568
FLUX  791  1542.50        1.943549E+14   1.0969E-05   1.1592E-05   0.94629
FLUX  792  1547.50        1.937270E+14   1.1002E-05   1.1543E-05   0.95315
FLUX  793  1552.50        1.931031E+14   1.0969E-05   1.1493E-05   0.95435
FLUX  794  1557.50        1.924831E+14   1.0786E-05   1.1444E-05   0.94247
FLUX  795  1562.50        1.918672E+14   1.0969E-05   1.1395E-05   0.96265
FLUX  796  1567.50        1.912552E+14   1.0730E-05   1.1346E-05   0.94571
FLUX  797  1572.50        1.906471E+14   1.0558E-05   1.1297E-05   0.93461
FLUX  798  1577.50        1.900428E+14   1.0724E-05   1.1247E-05   0.95349
FLUX  799  1582.50        1.894423E+14   1.0737E-05   1.1198E-05   0.95878
FLUX  800  1587.50        1.888457E+14   1.0049E-05   1.1149E-05   0.90131
FLUX  801  1592.50        1.882527E+14   1.0541E-05   1.1099E-05   0.94965
FLUX  802  1597.50        1.876635E+14   1.0695E-05   1.1050E-05   0.96785
FLUX  803  1605.00        1.867866E+14   1.0462E-05   1.0976E-05   0.95322
FLUX  804  1615.00        1.856300E+14   1.0028E-05   1.0876E-05   0.92200
FLUX  805  1625.00        1.844877E+14   1.0558E-05   1.0776E-05   0.97972
FLUX  806  1635.00        1.833593E+14   1.0137E-05   1.0674E-05   0.94967
FLUX  807  1645.00        1.822447E+14   9.6186E-06   1.0570E-05   0.91000
FLUX  808  1655.00        1.811435E+14   1.0300E-05   1.0464E-05   0.98436
FLUX  809  1665.00        1.800556E+14   1.0232E-05   1.0360E-05   0.98764
FLUX  810  1675.00        1.789806E+14   9.7206E-06   1.0257E-05   0.94766
FLUX  811  1685.00        1.779184E+14   9.1816E-06   1.0156E-05   0.90404
FLUX  812  1695.00        1.768687E+14   9.9405E-06   1.0056E-05   0.98847
FLUX  813  1705.00        1.758314E+14   9.8403E-06   9.9582E-06   0.98816
FLUX  814  1715.00        1.748061E+14   9.7810E-06   9.8614E-06   0.99185
FLUX  815  1725.00        1.737928E+14   9.5315E-06   9.7659E-06   0.97600
FLUX  816  1735.00        1.727911E+14   8.5088E-06   9.6719E-06   0.87974
FLUX  817  1745.00        1.718009E+14   9.2114E-06   9.5791E-06   0.96161
FLUX  818  1755.00        1.708219E+14   9.3572E-06   9.4877E-06   0.98624
FLUX  819  1765.00        1.698541E+14   9.2882E-06   9.3976E-06   0.98836
FLUX  820  1775.00        1.688972E+14   9.2365E-06   9.3087E-06   0.99224
FLUX  821  1785.00        1.679510E+14   9.1429E-06   9.2211E-06   0.99152
FLUX  822  1795.00        1.670153E+14   9.0864E-06   9.1348E-06   0.99471
FLUX  823  1805.00        1.660900E+14   8.8867E-06   9.0495E-06   0.98201
FLUX  824  1815.00        1.651749E+14   8.0036E-06   8.9655E-06   0.89271
FLUX  825  1825.00        1.642699E+14   8.5030E-06   8.8826E-06   0.95726
FLUX  826  1835.00        1.633747E+14   8.7073E-06   8.8008E-06   0.98938
FLUX  827  1845.00        1.624892E+14   8.6434E-06   8.7201E-06   0.99120
FLUX  828  1855.00        1.616132E+14   8.5426E-06   8.6405E-06   0.98867
FLUX  829  1865.00        1.607466E+14   8.3855E-06   8.5620E-06   0.97939
FLUX  830  1875.00        1.598893E+14   7.4852E-06   8.4845E-06   0.88222
FLUX  831  1885.00        1.590411E+14   8.1862E-06   8.4080E-06   0.97362
FLUX  832  1895.00        1.582018E+14   8.1703E-06   8.3326E-06   0.98052
FLUX  833  1905.00        1.573714E+14   8.2216E-06   8.2582E-06   0.99558
FLUX  834  1915.00        1.565496E+14   8.1420E-06   8.1847E-06   0.99478
FLUX  835  1925.00        1.557364E+14   8.0492E-06   8.1123E-06   0.99223
FLUX  836  1935.00        1.549315E+14   7.8636E-06   8.0407E-06   0.97797
FLUX  837  1945.00        1.541350E+14   7.0537E-06   7.9702E-06   0.88501
FLUX  838  1955.00        1.533465E+14   7.7373E-06   7.9005E-06   0.97934
FLUX  839  1965.00        1.525662E+14   7.7758E-06   7.8318E-06   0.99285
FLUX  840  1975.00        1.517937E+14   7.7071E-06   7.7640E-06   0.99268
FLUX  841  1985.00        1.510290E+14   7.6711E-06   7.6970E-06   0.99664
FLUX  842  1995.00        1.502719E+14   7.6051E-06   7.6309E-06   0.99662
FLUX  843  2005.00        1.495224E+14   7.5508E-06   7.5657E-06   0.99803
FLUX  844  2015.00        1.487804E+14   7.4952E-06   7.5013E-06   0.99919
FLUX  845  2025.00        1.480457E+14   7.4151E-06   7.4377E-06   0.99696
FLUX  846  2035.00        1.473182E+14   7.3351E-06   7.3749E-06   0.99461
FLUX  847  2045.00        1.465978E+14   7.3083E-06   7.3129E-06   0.99938
FLUX  848  2055.00        1.458844E+14   7.2414E-06   7.2517E-06   0.99859
FLUX  849  2065.00        1.451780E+14   7.1602E-06   7.1912E-06   0.99569
FLUX  850  2075.00        1.444783E+14   7.1108E-06   7.1315E-06   0.99710
FLUX  851  2085.00        1.437854E+14   7.0569E-06   7.0725E-06   0.99779
FLUX  852  2095.00        1.430990E+14   6.9873E-06   7.0142E-06   0.99617
FLUX  853  2105.00        1.424192E+14   6.9374E-06   6.9567E-06   0.99722
FLUX  854  2115.00        1.417459E+14   6.8628E-06   6.8998E-06   0.99464
FLUX  855  2125.00        1.410788E+14   6.8079E-06   6.8437E-06   0.99477
FLUX  856  2135.00        1.404180E+14   6.7540E-06   6.7882E-06   0.99495
FLUX  857  2145.00        1.397634E+14   6.7023E-06   6.7334E-06   0.99539
FLUX  858  2155.00        1.391148E+14   6.5783E-06   6.6792E-06   0.98488
FLUX  859  2165.00        1.384723E+14   5.9247E-06   6.6257E-06   0.89419
FLUX  860  2175.00        1.378356E+14   6.4105E-06   6.5729E-06   0.97530
FLUX  861  2185.00        1.372048E+14   6.4718E-06   6.5206E-06   0.99251
FLUX  862  2195.00        1.365797E+14   6.4615E-06   6.4690E-06   0.99884
FLUX  863  2205.00        1.359603E+14   6.3868E-06   6.4180E-06   0.99513
FLUX  864  2215.00        1.353465E+14   6.3404E-06   6.3676E-06   0.99573
FLUX  865  2225.00        1.347382E+14   6.3127E-06   6.3178E-06   0.99919
FLUX  866  2235.00        1.341353E+14   6.2627E-06   6.2686E-06   0.99905
FLUX  867  2245.00        1.335379E+14   6.2148E-06   6.2200E-06   0.99917
FLUX  868  2255.00        1.329457E+14   6.1358E-06   6.1719E-06   0.99416
FLUX  869  2265.00        1.323587E+14   6.1083E-06   6.1243E-06   0.99738
FLUX  870  2275.00        1.317769E+14   6.0672E-06   6.0773E-06   0.99833
FLUX  871  2285.00        1.312002E+14   6.0159E-06   6.1168E-06   0.98350
FLUX  872  2295.00        1.306285E+14   5.9670E-06   6.0698E-06   0.98306
FLUX  873  2305.00        1.300618E+14   5.9376E-06   6.0233E-06   0.98578
FLUX  874  2315.00        1.295000E+14   5.8876E-06   5.9773E-06   0.98499
FLUX  875  2325.00        1.289430E+14   5.8509E-06   5.9319E-06   0.98634
FLUX  876  2335.00        1.283908E+14   5.8024E-06   5.8870E-06   0.98562
FLUX  877  2345.00        1.278433E+14   5.7648E-06   5.8426E-06   0.98668
FLUX  878  2355.00        1.273004E+14   5.7222E-06   5.7987E-06   0.98680
FLUX  879  2365.00        1.267622E+14   5.6827E-06   5.7553E-06   0.98737
FLUX  880  2375.00        1.262284E+14   5.6296E-06   5.7124E-06   0.98550
FLUX  881  2385.00        1.256992E+14   5.5904E-06   5.6700E-06   0.98596
FLUX  882  2395.00        1.251743E+14   5.5548E-06   5.6280E-06   0.98699
FLUX  883  2405.00        1.246538E+14   5.5106E-06   5.5865E-06   0.98641
FLUX  884  2415.00        1.241377E+14   5.4674E-06   5.5455E-06   0.98593
FLUX  885  2425.00        1.236258E+14   5.4336E-06   5.5049E-06   0.98705
FLUX  886  2435.00        1.231181E+14   5.3858E-06   5.4647E-06   0.98556
FLUX  887  2445.00        1.226145E+14   5.3522E-06   5.4250E-06   0.98658
FLUX  888  2455.00        1.221151E+14   5.3036E-06   5.3857E-06   0.98476
FLUX  889  2465.00        1.216197E+14   5.2729E-06   5.3469E-06   0.98616
FLUX  890  2475.00        1.211283E+14   5.2306E-06   5.3084E-06   0.98535
FLUX  891  2485.00        1.206408E+14   5.1882E-06   5.2704E-06   0.98440
FLUX  892  2495.00        1.201573E+14   5.1325E-06   5.2328E-06   0.98083
FLUX  893  2505.00        1.196776E+14   5.1352E-06   5.1956E-06   0.98837
FLUX  894  2515.00        1.192018E+14   5.0972E-06   5.1588E-06   0.98806
FLUX  895  2525.00        1.187297E+14   5.0156E-06   5.1223E-06   0.97917
FLUX  896  2535.00        1.182613E+14   5.0238E-06   5.0863E-06   0.98771
FLUX  897  2545.00        1.177967E+14   4.9972E-06   5.0506E-06   0.98943
FLUX  898  2555.00        1.173356E+14   4.9420E-06   5.0154E-06   0.98538
FLUX  899  2565.00        1.168782E+14   4.8263E-06   4.9804E-06   0.96906
FLUX  900  2575.00        1.164243E+14   4.8842E-06   4.9459E-06   0.98754
FLUX  901  2585.00        1.159739E+14   4.8505E-06   4.9117E-06   0.98754
FLUX  902  2595.00        1.155270E+14   4.8327E-06   4.8779E-06   0.99074
FLUX  903  2605.00        1.150835E+14   4.7491E-06   4.8444E-06   0.98034
FLUX  904  2615.00        1.146434E+14   4.5818E-06   4.8113E-06   0.95231
FLUX  905  2625.00        1.142067E+14   4.2934E-06   4.7785E-06   0.89850
FLUX  906  2635.00        1.137732E+14   4.6207E-06   4.7460E-06   0.97360
FLUX  907  2645.00        1.133431E+14   4.6626E-06   4.7138E-06   0.98913
FLUX  908  2655.00        1.129162E+14   4.6388E-06   4.6820E-06   0.99077
FLUX  909  2665.00        1.124925E+14   4.5665E-06   4.6505E-06   0.98194
FLUX  910  2675.00        1.120720E+14   4.3589E-06   4.6193E-06   0.94364
FLUX  911  2685.00        1.116546E+14   4.5224E-06   4.5884E-06   0.98561
FLUX  912  2695.00        1.112403E+14   4.5361E-06   4.5579E-06   0.99522
FLUX  913  2705.00        1.108290E+14   4.5102E-06   4.5276E-06   0.99615
FLUX  914  2715.00        1.104208E+14   4.4892E-06   4.4977E-06   0.99812
FLUX  915  2725.00        1.100156E+14   4.4595E-06   4.4680E-06   0.99811
FLUX  916  2735.00        1.096133E+14   4.4212E-06   4.4386E-06   0.99607
FLUX  917  2745.00        1.092140E+14   4.3701E-06   4.4095E-06   0.99105
FLUX  918  2755.00        1.088176E+14   4.1149E-06   4.3807E-06   0.93932
FLUX  919  2765.00        1.084241E+14   4.2189E-06   4.3522E-06   0.96936
FLUX  920  2775.00        1.080333E+14   4.2966E-06   4.3240E-06   0.99367
FLUX  921  2785.00        1.076454E+14   4.2867E-06   4.2960E-06   0.99783
FLUX  922  2795.00        1.072603E+14   4.2663E-06   4.2683E-06   0.99953
FLUX  923  2805.00        1.068779E+14   4.2390E-06   4.2409E-06   0.99956
FLUX  924  2815.00        1.064982E+14   4.2118E-06   4.2138E-06   0.99952
FLUX  925  2825.00        1.061212E+14   4.1842E-06   4.1869E-06   0.99937
FLUX  926  2835.00        1.057469E+14   4.1593E-06   4.1602E-06   0.99979
FLUX  927  2845.00        1.053752E+14   4.1223E-06   4.1338E-06   0.99721
FLUX  928  2855.00        1.050061E+14   4.0860E-06   4.1077E-06   0.99471
FLUX  929  2865.00        1.046396E+14   3.9842E-06   4.0818E-06   0.97608
FLUX  930  2875.00        1.042757E+14   3.7571E-06   4.0562E-06   0.92627
FLUX  931  2885.00        1.039142E+14   3.9820E-06   4.0307E-06   0.98790
FLUX  932  2895.00        1.035553E+14   3.9895E-06   4.0056E-06   0.99599
FLUX  933  2905.00        1.031988E+14   3.9781E-06   3.9806E-06   0.99935
FLUX  934  2915.00        1.028448E+14   3.9472E-06   3.9559E-06   0.99778
FLUX  935  2925.00        1.024932E+14   3.9251E-06   3.9315E-06   0.99837
FLUX  936  2935.00        1.021440E+14   3.9058E-06   3.9072E-06   0.99963
FLUX  937  2945.00        1.017971E+14   3.8802E-06   3.8832E-06   0.99923
FLUX  938  2955.00        1.014526E+14   3.8582E-06   3.8594E-06   0.99968
FLUX  939  2965.00        1.011105E+14   3.8348E-06   3.8358E-06   0.99973
FLUX  940  2975.00        1.007706E+14   3.8107E-06   3.8125E-06   0.99954
FLUX  941  2985.00        1.004330E+14   3.7883E-06   3.7893E-06   0.99974
FLUX  942  2995.00        1.000977E+14   3.7623E-06   3.7664E-06   0.99892
FLUX  943  3005.00        9.976456E+13   3.7381E-06   3.7436E-06   0.99851
FLUX  944  3015.00        9.943367E+13   3.7096E-06   3.7211E-06   0.99691
FLUX  945  3025.00        9.910496E+13   3.6670E-06   3.6988E-06   0.99141
FLUX  946  3035.00        9.877842E+13   3.4451E-06   3.6767E-06   0.93700
FLUX  947  3045.00        9.845402E+13   3.5068E-06   3.6547E-06   0.95953
FLUX  948  3055.00        9.813175E+13   3.6075E-06   3.6330E-06   0.99300
FLUX  949  3065.00        9.781158E+13   3.6018E-06   3.6114E-06   0.99734
FLUX  950  3075.00        9.749350E+13   3.5871E-06   3.5901E-06   0.99916
FLUX  951  3085.00        9.717747E+13   3.5592E-06   3.5689E-06   0.99729
FLUX  952  3095.00        9.686349E+13   3.5416E-06   3.5479E-06   0.99821
FLUX  953  3105.00        9.655153E+13   3.5211E-06   3.5271E-06   0.99828
FLUX  954  3115.00        9.624157E+13   3.4892E-06   3.5065E-06   0.99507
FLUX  955  3125.00        9.593360E+13   3.4788E-06   3.4861E-06   0.99792
FLUX  956  3135.00        9.562759E+13   3.4586E-06   3.4658E-06   0.99792
FLUX  957  3145.00        9.532353E+13   3.4387E-06   3.4457E-06   0.99796
FLUX  958  3155.00        9.502139E+13   3.4202E-06   3.4258E-06   0.99836
FLUX  959  3165.00        9.472117E+13   3.4045E-06   3.4060E-06   0.99954
FLUX  960  3175.00        9.442283E+13   3.3803E-06   3.3865E-06   0.99817
FLUX  961  3185.00        9.412637E+13   3.3655E-06   3.3671E-06   0.99954
FLUX  962  3195.00        9.383177E+13   3.3465E-06   3.3478E-06   0.99961
FLUX  963  3210.00        9.339330E+13   3.3161E-06   3.3193E-06   0.99906
FLUX  964  3230.00        9.281502E+13   3.2807E-06   3.2818E-06   0.99968
FLUX  965  3250.00        9.224385E+13   3.2428E-06   3.2449E-06   0.99936
FLUX  966  3270.00        9.167966E+13   3.1998E-06   3.2086E-06   0.99724
FLUX  967  3290.00        9.112234E+13   3.0120E-06   3.1882E-06   0.94474
FLUX  968  3310.00        9.057175E+13   3.0845E-06   3.1528E-06   0.97832
FLUX  969  3330.00        9.002778E+13   3.0872E-06   3.1181E-06   0.99010
FLUX  970  3350.00        8.949030E+13   3.0601E-06   3.0839E-06   0.99228
FLUX  971  3370.00        8.895920E+13   3.0212E-06   3.0503E-06   0.99047
FLUX  972  3390.00        8.843437E+13   2.9898E-06   3.0172E-06   0.99093
FLUX  973  3410.00        8.791569E+13   2.9582E-06   2.9846E-06   0.99113
FLUX  974  3430.00        8.740306E+13   2.9309E-06   2.9526E-06   0.99266
FLUX  975  3450.00        8.689638E+13   2.9047E-06   2.9211E-06   0.99439
FLUX  976  3470.00        8.639553E+13   2.8725E-06   2.8901E-06   0.99390
FLUX  977  3490.00        8.590043E+13   2.8436E-06   2.8596E-06   0.99442
FLUX  978  3510.00        8.541097E+13   2.8142E-06   2.8296E-06   0.99456
FLUX  979  3530.00        8.492705E+13   2.7841E-06   2.8000E-06   0.99431
FLUX  980  3550.00        8.444859E+13   2.7559E-06   2.7709E-06   0.99457
FLUX  981  3570.00        8.397549E+13   2.7257E-06   2.7423E-06   0.99395
FLUX  982  3590.00        8.350766E+13   2.6987E-06   2.7141E-06   0.99434
FLUX  983  3610.00        8.304501E+13   2.6708E-06   2.6863E-06   0.99424
FLUX  984  3630.00        8.258747E+13   2.6458E-06   2.6589E-06   0.99505
FLUX  985  3650.00        8.213493E+13   2.6144E-06   2.6320E-06   0.99329
FLUX  986  3670.00        8.168733E+13   2.5903E-06   2.6055E-06   0.99415
FLUX  987  3690.00        8.124458E+13   2.5533E-06   2.5794E-06   0.98989
FLUX  988  3710.00        8.080660E+13   2.5317E-06   2.5536E-06   0.99141
FLUX  989  3730.00        8.037332E+13   2.4538E-06   2.5283E-06   0.97054
FLUX  990  3750.00        7.994467E+13   2.3998E-06   2.5033E-06   0.95867
FLUX  991  3770.00        7.952056E+13   2.4601E-06   2.4787E-06   0.99251
FLUX  992  3790.00        7.910092E+13   2.4410E-06   2.4545E-06   0.99451
FLUX  993  3810.00        7.868570E+13   2.4087E-06   2.4306E-06   0.99099
FLUX  994  3830.00        7.827480E+13   2.3897E-06   2.4070E-06   0.99280
FLUX  995  3850.00        7.786818E+13   2.3756E-06   2.3838E-06   0.99654
FLUX  996  3870.00        7.746576E+13   2.3494E-06   2.3610E-06   0.99511
FLUX  997  3890.00        7.706748E+13   2.3238E-06   2.3384E-06   0.99375
FLUX  998  3910.00        7.667327E+13   2.2847E-06   2.3162E-06   0.98640
FLUX  999  3930.00        7.628308E+13   2.2857E-06   2.2943E-06   0.99624
FLUX 1000  3950.00        7.589684E+13   2.2667E-06   2.2727E-06   0.99737
FLUX 1001  3970.00        7.551448E+13   2.2478E-06   2.2514E-06   0.99838
FLUX 1002  3990.00        7.513596E+13   2.2180E-06   2.2304E-06   0.99443
FLUX 1003  4010.00        7.476122E+13   2.1818E-06   2.2097E-06   0.98735
FLUX 1004  4030.00        7.439020E+13   2.1549E-06   2.1893E-06   0.98429
FLUX 1005  4050.00        7.402284E+13   2.0752E-06   2.1692E-06   0.95671
FLUX 1006  4070.00        7.365909E+13   2.1358E-06   2.1493E-06   0.99373
FLUX 1007  4090.00        7.329890E+13   2.1240E-06   2.1297E-06   0.99732
FLUX 1008  4110.00        7.294221E+13   2.1089E-06   2.1104E-06   0.99927
FLUX 1009  4130.00        7.258898E+13   2.0900E-06   2.0914E-06   0.99934
FLUX 1010  4150.00        7.223916E+13   2.0628E-06   2.0726E-06   0.99531
FLUX 1011  4170.00        7.189269E+13   1.9984E-06   2.0540E-06   0.97293
FLUX 1012  4190.00        7.154952E+13   2.0248E-06   2.0357E-06   0.99466
FLUX 1013  4210.00        7.120962E+13   2.0112E-06   2.0177E-06   0.99682
FLUX 1014  4230.00        7.087293E+13   1.9996E-06   1.9998E-06   0.99986
FLUX 1015  4250.00        7.053941E+13   1.9811E-06   1.9823E-06   0.99944
FLUX 1016  4270.00        7.020902E+13   1.9646E-06   1.9649E-06   0.99987
FLUX 1017  4290.00        6.988170E+13   1.9476E-06   1.9478E-06   0.99990
FLUX 1018  4310.00        6.955742E+13   1.9305E-06   1.9309E-06   0.99978
FLUX 1019  4330.00        6.923614E+13   1.9127E-06   1.9142E-06   0.99922
FLUX 1020  4350.00        6.891782E+13   1.8935E-06   1.8977E-06   0.99777
FLUX 1021  4370.00        6.860240E+13   1.8259E-06   1.8815E-06   0.97043
FLUX 1022  4390.00        6.828986E+13   1.8456E-06   1.8654E-06   0.98934
FLUX 1023  4410.00        6.798016E+13   1.8458E-06   1.8496E-06   0.99794
FLUX 1024  4430.00        6.767325E+13   1.8326E-06   1.8340E-06   0.99926
FLUX 1025  4450.00        6.736910E+13   1.8173E-06   1.8185E-06   0.99932
FLUX 1026  4470.00        6.706767E+13   1.8037E-06   1.8067E-06   0.99838
FLUX 1027  4490.00        6.676893E+13   1.7886E-06   1.7916E-06   0.99834
FLUX 1028  4510.00        6.647284E+13   1.7745E-06   1.7766E-06   0.99879
FLUX 1029  4530.00        6.617936E+13   1.7597E-06   1.7619E-06   0.99874
FLUX 1030  4550.00        6.588846E+13   1.7452E-06   1.7474E-06   0.99876
FLUX 1031  4570.00        6.560011E+13   1.7290E-06   1.7330E-06   0.99771
FLUX 1032  4590.00        6.531427E+13   1.7136E-06   1.7188E-06   0.99701
FLUX 1033  4610.00        6.503091E+13   1.6999E-06   1.7048E-06   0.99714
FLUX 1034  4630.00        6.475000E+13   1.6819E-06   1.6909E-06   0.99469
FLUX 1035  4650.00        6.447151E+13   1.5992E-06   1.6772E-06   0.95348
FLUX 1036  4670.00        6.419540E+13   1.5949E-06   1.6637E-06   0.95863
FLUX 1037  4690.00        6.392164E+13   1.6363E-06   1.6503E-06   0.99151
FLUX 1038  4710.00        6.365021E+13   1.6319E-06   1.6371E-06   0.99681
FLUX 1039  4730.00        6.338108E+13   1.6215E-06   1.6241E-06   0.99838
FLUX 1040  4750.00        6.311421E+13   1.6092E-06   1.6112E-06   0.99875
FLUX 1041  4770.00        6.284958E+13   1.5968E-06   1.5985E-06   0.99896
FLUX 1042  4790.00        6.258716E+13   1.5851E-06   1.5859E-06   0.99953
FLUX 1043  4810.00        6.232692E+13   1.5726E-06   1.5735E-06   0.99943
FLUX 1044  4830.00        6.206884E+13   1.5604E-06   1.5612E-06   0.99948
FLUX 1045  4850.00        6.181289E+13   1.5482E-06   1.5490E-06   0.99947
FLUX 1046  4870.00        6.155903E+13   1.5362E-06   1.5370E-06   0.99947
FLUX 1047  4890.00        6.130726E+13   1.5244E-06   1.5252E-06   0.99951
FLUX 1048  4910.00        6.105754E+13   1.5121E-06   1.5134E-06   0.99913
FLUX 1049  4930.00        6.080984E+13   1.5010E-06   1.5018E-06   0.99943
FLUX 1050  4950.00        6.056414E+13   1.4893E-06   1.4904E-06   0.99924
FLUX 1051  4970.00        6.032042E+13   1.4781E-06   1.4791E-06   0.99937
FLUX 1052  4990.00        6.007866E+13   1.4673E-06   1.4679E-06   0.99959
FLUX 1053  5010.00        5.983882E+13   1.4561E-06   1.4568E-06   0.99954
FLUX 1054  5030.00        5.960089E+13   1.4448E-06   1.4458E-06   0.99930
FLUX 1055  5050.00        5.936485E+13   1.4345E-06   1.4350E-06   0.99965
FLUX 1056  5070.00        5.913067E+13   1.4236E-06   1.4243E-06   0.99954
FLUX 1057  5090.00        5.889833E+13   1.4094E-06   1.4137E-06   0.99694
FLUX 1058  5110.00        5.866781E+13   1.3933E-06   1.4033E-06   0.99289
FLUX 1059  5130.00        5.843908E+13   1.3366E-06   1.3929E-06   0.95955
FLUX 1060  5150.00        5.821214E+13   1.3755E-06   1.3827E-06   0.99479
FLUX 1061  5170.00        5.798694E+13   1.3683E-06   1.3725E-06   0.99690
FLUX 1062  5190.00        5.776349E+13   1.3619E-06   1.3625E-06   0.99955
FLUX 1063  5210.00        5.754175E+13   1.3519E-06   1.3526E-06   0.99948
FLUX 1064  5230.00        5.732170E+13   1.3423E-06   1.3428E-06   0.99958
FLUX 1065  5250.00        5.710333E+13   1.3315E-06   1.3331E-06   0.99875
FLUX 1066  5270.00        5.688662E+13   1.3204E-06   1.3235E-06   0.99762
FLUX 1067  5290.00        5.667155E+13   1.3138E-06   1.3141E-06   0.99978
FLUX 1068  5310.00        5.645810E+13   1.3044E-06   1.3047E-06   0.99981
FLUX 1069  5330.00        5.624625E+13   1.2952E-06   1.2954E-06   0.99987
FLUX 1070  5350.00        5.603598E+13   1.2858E-06   1.2862E-06   0.99971
FLUX 1071  5370.00        5.582728E+13   1.2730E-06   1.2771E-06   0.99674
FLUX 1072  5390.00        5.562013E+13   1.2646E-06   1.2681E-06   0.99721
FLUX 1073  5410.00        5.541451E+13   1.2591E-06   1.2592E-06   0.99988
FLUX 1074  5430.00        5.521041E+13   1.2497E-06   1.2504E-06   0.99940
FLUX 1075  5450.00        5.500780E+13   1.2413E-06   1.2417E-06   0.99968
FLUX 1076  5470.00        5.480667E+13   1.2319E-06   1.2331E-06   0.99903
FLUX 1077  5490.00        5.460701E+13   1.2241E-06   1.2246E-06   0.99961
FLUX 1078  5510.00        5.440880E+13   1.2135E-06   1.2161E-06   0.99781
FLUX 1079  5530.00        5.421203E+13   1.2009E-06   1.2078E-06   0.99434
FLUX 1080  5550.00        5.401667E+13   1.1988E-06   1.1995E-06   0.99945
FLUX 1081  5570.00        5.382271E+13   1.1909E-06   1.1913E-06   0.99966
FLUX 1082  5590.00        5.363014E+13   1.1814E-06   1.1832E-06   0.99851
FLUX 1083  5610.00        5.343895E+13   1.1748E-06   1.1752E-06   0.99968
FLUX 1084  5630.00        5.324911E+13   1.1668E-06   1.1672E-06   0.99960
FLUX 1085  5650.00        5.306062E+13   1.1593E-06   1.1594E-06   0.99991
FLUX 1086  5670.00        5.287346E+13   1.1514E-06   1.1516E-06   0.99982
FLUX 1087  5690.00        5.268761E+13   1.1421E-06   1.1439E-06   0.99847
FLUX 1088  5710.00        5.250306E+13   1.1261E-06   1.1363E-06   0.99105
FLUX 1089  5730.00        5.231981E+13   1.1265E-06   1.1287E-06   0.99804
FLUX 1090  5750.00        5.213783E+13   1.1211E-06   1.1213E-06   0.99990
FLUX 1091  5770.00        5.195711E+13   1.1136E-06   1.1139E-06   0.99979
FLUX 1092  5790.00        5.177763E+13   1.1061E-06   1.1065E-06   0.99961
FLUX 1093  5810.00        5.159940E+13   1.0991E-06   1.0993E-06   0.99984
FLUX 1094  5830.00        5.142238E+13   1.0920E-06   1.0921E-06   0.99997
FLUX 1095  5850.00        5.124658E+13   1.0857E-06   1.0859E-06   0.99978
FLUX 1096  5870.00        5.107198E+13   1.0771E-06   1.0788E-06   0.99843
FLUX 1097  5890.00        5.089856E+13   1.0639E-06   1.0719E-06   0.99254
FLUX 1098  5910.00        5.072631E+13   1.0215E-06   1.0649E-06   0.95922
FLUX 1099  5930.00        5.055523E+13   1.0517E-06   1.0581E-06   0.99400
FLUX 1100  5950.00        5.038529E+13   1.0353E-06   1.0513E-06   0.98479
FLUX 1101  5970.00        5.021650E+13   1.0371E-06   1.0446E-06   0.99280
FLUX 1102  5990.00        5.004883E+13   1.0363E-06   1.0379E-06   0.99846
FLUX 1103  6010.00        4.988228E+13   1.0306E-06   1.0313E-06   0.99929
FLUX 1104  6030.00        4.971683E+13   1.0247E-06   1.0248E-06   0.99988
FLUX 1105  6050.00        4.955248E+13   1.0182E-06   1.0183E-06   0.99990
FLUX 1106  6070.00        4.938921E+13   1.0116E-06   1.0119E-06   0.99964
FLUX 1107  6090.00        4.922701E+13   1.0050E-06   1.0056E-06   0.99942
FLUX 1108  6110.00        4.906588E+13   9.9792E-07   9.9930E-07   0.99863
FLUX 1109  6130.00        4.890579E+13   9.9277E-07   9.9307E-07   0.99970
FLUX 1110  6150.00        4.874675E+13   9.8675E-07   9.8690E-07   0.99985
FLUX 1111  6170.00        4.858874E+13   9.8056E-07   9.8078E-07   0.99978
FLUX 1112  6190.00        4.843174E+13   9.7437E-07   9.7472E-07   0.99964
FLUX 1113  6210.00        4.827576E+13   9.6861E-07   9.6872E-07   0.99988
FLUX 1114  6230.00        4.812079E+13   9.6157E-07   9.6277E-07   0.99875
FLUX 1115  6250.00        4.796680E+13   9.5642E-07   9.5688E-07   0.99951
FLUX 1116  6270.00        4.781380E+13   9.4702E-07   9.5104E-07   0.99577
FLUX 1117  6290.00        4.766176E+13   9.2453E-07   9.4526E-07   0.97807
FLUX 1118  6310.00        4.751070E+13   9.3384E-07   9.3953E-07   0.99395
FLUX 1119  6330.00        4.736058E+13   9.3308E-07   9.3385E-07   0.99918
FLUX 1120  6350.00        4.721142E+13   9.2788E-07   9.2822E-07   0.99964
FLUX 1121  6370.00        4.706319E+13   9.2241E-07   9.2264E-07   0.99975
FLUX 1122  6390.00        4.691588E+13   9.1681E-07   9.1711E-07   0.99968
FLUX 1123  6420.00        4.669665E+13   9.0881E-07   9.0891E-07   0.99989
FLUX 1124  6460.00        4.640751E+13   8.9782E-07   8.9815E-07   0.99964
FLUX 1125  6500.00        4.612192E+13   8.8714E-07   8.8757E-07   0.99951
FLUX 1126  6540.00        4.583983E+13   8.7710E-07   8.7718E-07   0.99990
FLUX 1127  6580.00        4.556117E+13   8.6681E-07   8.6698E-07   0.99981
FLUX 1128  6620.00        4.528588E+13   8.5670E-07   8.5695E-07   0.99971
FLUX 1129  6660.00        4.501389E+13   8.4696E-07   8.4709E-07   0.99984
FLUX 1130  6700.00        4.474515E+13   8.3718E-07   8.3740E-07   0.99973
FLUX 1131  6740.00        4.447960E+13   8.2576E-07   8.2788E-07   0.99744
FLUX 1132  6780.00        4.421718E+13   8.0504E-07   8.1852E-07   0.98353
FLUX 1133  6820.00        4.395784E+13   8.0871E-07   8.0931E-07   0.99926
FLUX 1134  6860.00        4.370153E+13   8.0000E-07   8.0026E-07   0.99968
FLUX 1135  6900.00        4.344819E+13   7.9098E-07   7.9136E-07   0.99952
FLUX 1136  6940.00        4.319777E+13   7.8208E-07   7.8261E-07   0.99932
FLUX 1137  6980.00        4.295021E+13   7.7369E-07   7.7400E-07   0.99959
FLUX 1138  7020.00        4.270548E+13   7.6511E-07   7.6554E-07   0.99944
FLUX 1139  7060.00        4.246353E+13   7.5687E-07   7.5721E-07   0.99955
FLUX 1140  7100.00        4.222430E+13   7.4885E-07   7.4902E-07   0.99977
FLUX 1141  7140.00        4.198775E+13   7.4074E-07   7.4096E-07   0.99970
FLUX 1142  7180.00        4.175383E+13   7.3276E-07   7.3302E-07   0.99964
FLUX 1143  7220.00        4.152251E+13   7.2450E-07   7.2522E-07   0.99902
FLUX 1144  7260.00        4.129373E+13   7.1681E-07   7.1753E-07   0.99900
FLUX 1145  7300.00        4.106747E+13   7.0987E-07   7.0997E-07   0.99986
FLUX 1146  7340.00        4.084366E+13   7.0225E-07   7.0253E-07   0.99960
FLUX 1147  7380.00        4.062229E+13   6.9508E-07   6.9520E-07   0.99983
FLUX 1148  7420.00        4.040330E+13   6.8691E-07   6.8799E-07   0.99842
FLUX 1149  7460.00        4.018666E+13   6.6429E-07   6.8090E-07   0.97561
FLUX 1150  7500.00        3.997233E+13   6.5153E-07   6.7391E-07   0.96678
FLUX 1151  7540.00        3.976028E+13   6.6444E-07   6.6704E-07   0.99611
FLUX 1152  7580.00        3.955046E+13   6.6003E-07   6.6026E-07   0.99965
FLUX 1153  7620.00        3.934285E+13   6.5348E-07   6.5359E-07   0.99983
FLUX 1154  7660.00        3.913740E+13   6.4693E-07   6.4702E-07   0.99986
FLUX 1155  7700.00        3.893409E+13   6.4040E-07   6.4054E-07   0.99978
FLUX 1156  7740.00        3.873288E+13   6.3409E-07   6.3417E-07   0.99988
FLUX 1157  7780.00        3.853374E+13   6.2581E-07   6.2789E-07   0.99669
FLUX 1158  7820.00        3.833664E+13   6.2164E-07   6.2170E-07   0.99991
FLUX 1159  7860.00        3.814154E+13   6.1558E-07   6.1560E-07   0.99997
FLUX 1160  7900.00        3.794842E+13   6.0957E-07   6.0959E-07   0.99997
FLUX 1161  7940.00        3.775724E+13   6.0362E-07   6.0367E-07   0.99993
FLUX 1162  7980.00        3.756798E+13   5.9776E-07   5.9783E-07   0.99989
FLUX 1163  8020.00        3.738061E+13   5.9194E-07   5.9208E-07   0.99977
FLUX 1164  8060.00        3.719510E+13   5.8626E-07   5.8641E-07   0.99975
FLUX 1165  8100.00        3.701142E+13   5.8077E-07   5.8082E-07   0.99992
FLUX 1166  8140.00        3.682955E+13   5.7279E-07   5.7531E-07   0.99562
FLUX 1167  8180.00        3.664945E+13   5.6881E-07   5.6988E-07   0.99812
FLUX 1168  8220.00        3.647111E+13   5.6448E-07   5.6452E-07   0.99992
FLUX 1169  8260.00        3.629449E+13   5.5920E-07   5.5924E-07   0.99992
FLUX 1170  8300.00        3.611958E+13   5.5398E-07   5.5403E-07   0.99990
FLUX 1171  8340.00        3.594634E+13   5.4864E-07   5.4890E-07   0.99952
FLUX 1172  8380.00        3.577476E+13   5.4354E-07   5.4384E-07   0.99945
FLUX 1173  8420.00        3.560481E+13   5.3867E-07   5.3884E-07   0.99968
FLUX 1174  8460.00        3.543647E+13   5.3386E-07   5.3391E-07   0.99990
FLUX 1175  8500.00        3.526971E+13   5.2904E-07   5.2905E-07   0.99998
FLUX 1176  8540.00        3.510451E+13   5.2420E-07   5.2426E-07   0.99989
FLUX 1177  8580.00        3.494085E+13   5.1947E-07   5.1953E-07   0.99988
FLUX 1178  8620.00        3.477871E+13   5.1471E-07   5.1487E-07   0.99969
FLUX 1179  8660.00        3.461807E+13   5.0599E-07   5.1026E-07   0.99162
FLUX 1180  8700.00        3.445891E+13   5.0520E-07   5.0572E-07   0.99897
FLUX 1181  8740.00        3.430120E+13   4.9550E-07   5.0124E-07   0.98856
FLUX 1182  8780.00        3.414493E+13   4.9124E-07   4.9682E-07   0.98877
FLUX 1183  8820.00        3.399008E+13   4.9231E-07   4.9245E-07   0.99971
FLUX 1184  8860.00        3.383663E+13   4.8804E-07   4.8814E-07   0.99978
FLUX 1185  8900.00        3.368455E+13   4.8379E-07   4.8389E-07   0.99980
FLUX 1186  8940.00        3.353384E+13   4.7964E-07   4.7970E-07   0.99989
FLUX 1187  8980.00        3.338447E+13   4.7539E-07   4.7555E-07   0.99966
FLUX 1188  9020.00        3.323642E+13   4.7137E-07   4.7147E-07   0.99980
FLUX 1189  9060.00        3.308968E+13   4.6742E-07   4.6743E-07   0.99997
FLUX 1190  9100.00        3.294423E+13   4.6331E-07   4.6344E-07   0.99971
FLUX 1191  9140.00        3.280005E+13   4.5941E-07   4.5951E-07   0.99979
FLUX 1192  9180.00        3.265714E+13   4.5559E-07   4.5563E-07   0.99992
FLUX 1193  9220.00        3.251546E+13   4.5178E-07   4.5179E-07   0.99997
FLUX 1194  9260.00        3.237500E+13   4.4796E-07   4.4800E-07   0.99991
FLUX 1195  9300.00        3.223575E+13   4.4425E-07   4.4426E-07   0.99997
FLUX 1196  9340.00        3.209770E+13   4.4048E-07   4.4057E-07   0.99979
FLUX 1197  9380.00        3.196082E+13   4.3193E-07   4.3692E-07   0.98857
FLUX 1198  9420.00        3.182511E+13   4.3199E-07   4.3332E-07   0.99693
FLUX 1199  9460.00        3.169054E+13   4.2972E-07   4.2976E-07   0.99990
FLUX 1200  9500.00        3.155711E+13   4.2620E-07   4.2625E-07   0.99988
FLUX 1201  9540.00        3.142479E+13   4.2261E-07   4.2277E-07   0.99961
FLUX 1202  9580.00        3.129358E+13   4.1933E-07   4.1934E-07   0.99997
FLUX 1203  9620.00        3.116346E+13   4.1588E-07   4.1596E-07   0.99982
FLUX 1204  9660.00        3.103442E+13   4.1260E-07   4.1261E-07   0.99998
FLUX 1205  9700.00        3.090644E+13   4.0929E-07   4.0930E-07   0.99998
FLUX 1206  9740.00        3.077952E+13   4.0590E-07   4.0603E-07   0.99968
FLUX 1207  9780.00        3.065363E+13   4.0275E-07   4.0280E-07   0.99987
FLUX 1208  9820.00        3.052877E+13   3.9953E-07   3.9961E-07   0.99980
FLUX 1209  9860.00        3.040492E+13   3.9637E-07   3.9646E-07   0.99977
FLUX 1210  9900.00        3.028207E+13   3.9334E-07   3.9334E-07   0.99999
FLUX 1211  9940.00        3.016021E+13   3.9022E-07   3.9026E-07   0.99989
FLUX 1212  9980.00        3.003933E+13   3.8716E-07   3.8722E-07   0.99986
FLUX 1213 10020.00        2.991941E+13   3.8416E-07   3.8421E-07   0.99986
FLUX 1214 20000.00        1.498963E+13   9.8381E-08   9.8383E-08   0.99998
FLUX 1215 40000.00        7.494813E+12   2.4552E-08   2.4552E-08   1.00000
FLUX 1216 60000.00        4.996542E+12   1.0830E-08   1.0830E-08   1.00000
FLUX 1217 80000.00        3.747406E+12   6.0476E-09   6.0476E-09   1.00000
FLUX 1218100000.00        2.997925E+12   3.8457E-09   3.8457E-09   1.00000
FLUX 1219120000.00        2.498271E+12   2.6556E-09   2.6556E-09   1.00000
FLUX 1220140000.00        2.141375E+12   1.9414E-09   1.9414E-09   1.00000
FLUX 1221160000.00        1.873703E+12   1.4798E-09   1.4798E-09   1.00000
FLUX
