TEFF  32000.  GRAVITY 4.00000 LTE 
TITLE  [0.0] VTURB=2  L/H=1.25 NOVER NEW ODF                                    
FLUX    1     9.09        3.298047E+16   2.6760E-33   2.6851E-33   0.99661
FLUX    2     9.35        3.206337E+16   1.6471E-32   1.6524E-32   0.99680
FLUX    3     9.61        3.119589E+16   9.2740E-32   9.3083E-32   0.99631
FLUX    4     9.77        3.068501E+16   2.5813E-31   2.5891E-31   0.99699
FLUX    5     9.96        3.009965E+16   8.3650E-31   8.3899E-31   0.99704
FLUX    6    10.20        2.939142E+16   3.4899E-30   3.4999E-30   0.99714
FLUX    7    10.38        2.888174E+16   9.8013E-30   9.8290E-30   0.99719
FLUX    8    10.56        2.838944E+16   2.6648E-29   2.6722E-29   0.99725
FLUX    9    10.77        2.783589E+16   8.2322E-29   8.2545E-29   0.99730
FLUX   10    11.04        2.715512E+16   3.3086E-28   3.3174E-28   0.99736
FLUX   11    11.40        2.629759E+16   1.9203E-27   1.9253E-27   0.99741
FLUX   12    11.78        2.544928E+16   1.1030E-26   1.1058E-26   0.99744
FLUX   13    12.13        2.471496E+16   5.0310E-26   5.0433E-26   0.99755
FLUX   14    12.48        2.402183E+16   2.1146E-25   2.1198E-25   0.99755
FLUX   15    12.71        2.358714E+16   5.2114E-25   5.2237E-25   0.99763
FLUX   16    12.84        2.334833E+16   8.5578E-25   8.5781E-25   0.99764
FLUX   17    13.05        2.297261E+16   1.8680E-24   1.8733E-24   0.99720
FLUX   18    13.24        2.264294E+16   3.7108E-24   3.7196E-24   0.99763
FLUX   19    13.39        2.238928E+16   6.2931E-24   6.3077E-24   0.99768
FLUX   20    13.66        2.194674E+16   1.5847E-23   1.5884E-23   0.99763
FLUX   21    13.98        2.144438E+16   4.5296E-23   4.5398E-23   0.99775
FLUX   22    14.33        2.092062E+16   1.3558E-22   1.3589E-22   0.99774
FLUX   23    14.72        2.036634E+16   4.3312E-22   4.3426E-22   0.99738
FLUX   24    15.10        1.985381E+16   1.2710E-21   1.2737E-21   0.99784
FLUX   25    15.52        1.931653E+16   3.9342E-21   3.9426E-21   0.99787
FLUX   26    15.88        1.887862E+16   9.9018E-21   9.9227E-21   0.99790
FLUX   27    16.20        1.850571E+16   2.1774E-20   2.1826E-20   0.99764
FLUX   28    16.60        1.805979E+16   5.6014E-20   5.6117E-20   0.99815
FLUX   29    17.03        1.760379E+16   1.4728E-19   1.4770E-19   0.99716
FLUX   30    17.34        1.728907E+16   2.8835E-19   2.8846E-19   0.99959
FLUX   31    17.68        1.695659E+16   5.8708E-19   5.8744E-19   0.99940
FLUX   32    18.02        1.663665E+16   1.1630E-18   1.1631E-18   0.99997
FLUX   33    18.17        1.649931E+16   1.5657E-18   1.5666E-18   0.99942
FLUX   34    18.61        1.610922E+16   3.6143E-18   3.6166E-18   0.99936
FLUX   35    19.10        1.569594E+16   8.8025E-18   8.8028E-18   0.99997
FLUX   36    19.39        1.546119E+16   1.4605E-17   1.4606E-17   0.99988
FLUX   37    19.84        1.511051E+16   3.1242E-17   3.1246E-17   0.99987
FLUX   38    20.18        1.485592E+16   5.4245E-17   5.4262E-17   0.99969
FLUX   39    20.50        1.462402E+16   8.9769E-17   8.9806E-17   0.99958
FLUX   40    21.05        1.424192E+16   2.0666E-16   2.0668E-16   0.99989
FLUX   41    21.62        1.386644E+16   4.6846E-16   4.7032E-16   0.99605
FLUX   42    21.98        1.363933E+16   7.7428E-16   7.7450E-16   0.99972
FLUX   43    22.30        1.344361E+16   1.1915E-15   1.1919E-15   0.99959
FLUX   44    22.68        1.321836E+16   1.9688E-15   2.0035E-15   0.98269
FLUX   45    23.00        1.303446E+16   1.3441E-12   2.3717E-12   0.56673
FLUX   46    23.40        1.281165E+16   3.0574E-12   3.5686E-12   0.85675
FLUX   47    24.00        1.249135E+16   5.1289E-12   6.4274E-12   0.79798
FLUX   48    24.65        1.216197E+16   9.2008E-12   1.1788E-11   0.78050
FLUX   49    25.24        1.187767E+16   1.5849E-11   2.0324E-11   0.77979
FLUX   50    25.68        1.167416E+16   2.2212E-11   3.0354E-11   0.73178
FLUX   51    26.00        1.153048E+16   4.1420E-11   5.8349E-11   0.70986
FLUX   52    26.40        1.135578E+16   7.4255E-11   1.1286E-10   0.65794
FLUX   53    26.85        1.116546E+16   1.1493E-10   1.5701E-10   0.73198
FLUX   54    27.35        1.096133E+16   1.6232E-10   2.2376E-10   0.72544
FLUX   55    27.85        1.076454E+16   2.0890E-10   3.1491E-10   0.66338
FLUX   56    28.40        1.055607E+16   4.6101E-10   5.6991E-10   0.80892
FLUX   57    29.00        1.033767E+16   6.8902E-10   8.2771E-10   0.83244
FLUX   58    29.60        1.012813E+16   9.3820E-10   1.1818E-09   0.79390
FLUX   59    30.10        9.959884E+15   1.5749E-09   2.5589E-09   0.61545
FLUX   60    30.80        9.733523E+15   3.8100E-09   8.4704E-09   0.44980
FLUX   61    31.80        9.427437E+15   9.1770E-09   1.3679E-08   0.67088
FLUX   62    32.80        9.140015E+15   1.3951E-08   2.1541E-08   0.64767
FLUX   63    33.80        8.869601E+15   2.6698E-08   3.3109E-08   0.80636
FLUX   64    34.80        8.614727E+15   4.3538E-08   4.9815E-08   0.87399
FLUX   65    35.70        8.397549E+15   8.8803E-08   1.2821E-07   0.69265
FLUX   66    36.60        8.191052E+15   1.7776E-07   2.2180E-07   0.80144
FLUX   67    37.50        7.994467E+15   2.2016E-07   2.8791E-07   0.76466
FLUX   68    38.50        7.786818E+15   3.2641E-07   3.9718E-07   0.82182
FLUX   69    39.50        7.589684E+15   5.4770E-07   6.6588E-07   0.82253
FLUX   70    40.50        7.402284E+15   7.0885E-07   8.3874E-07   0.84513
FLUX   71    41.40        7.241365E+15   9.2998E-07   1.0974E-06   0.84746
FLUX   72    42.20        7.104088E+15   1.0844E-06   1.3378E-06   0.81060
FLUX   73    43.00        6.971919E+15   1.2863E-06   1.5731E-06   0.81764
FLUX   74    44.10        6.798016E+15   1.6794E-06   1.9526E-06   0.86010
FLUX   75    45.10        6.647284E+15   1.9658E-06   2.3693E-06   0.82969
FLUX   76    46.00        6.517228E+15   2.1728E-06   2.7895E-06   0.77892
FLUX   77    47.00        6.378564E+15   2.6928E-06   3.3239E-06   0.81014
FLUX   78    48.00        6.245677E+15   3.2976E-06   3.9313E-06   0.83881
FLUX   79    49.00        6.118214E+15   3.7099E-06   4.6315E-06   0.80102
FLUX   80    50.00        5.995850E+15   4.6676E-06   5.4061E-06   0.86340
FLUX   81    50.60        5.924753E+15   9.3462E-06   1.1295E-04   0.08275
FLUX   82    51.20        5.855322E+15   5.8362E-05   1.2731E-04   0.45841
FLUX   83    52.00        5.765240E+15   5.6917E-05   1.2898E-04   0.44127
FLUX   84    53.00        5.656462E+15   5.2752E-05   1.3119E-04   0.40210
FLUX   85    54.00        5.551713E+15   5.0553E-05   1.3357E-04   0.37849
FLUX   86    55.00        5.450773E+15   6.1111E-05   1.3618E-04   0.44876
FLUX   87    56.00        5.353438E+15   8.1399E-05   1.3894E-04   0.58584
FLUX   88    57.00        5.259518E+15   9.0165E-05   1.4186E-04   0.63558
FLUX   89    58.00        5.168836E+15   8.5485E-05   1.4589E-04   0.58596
FLUX   90    59.00        5.081229E+15   9.3639E-05   1.4913E-04   0.62789
FLUX   91    60.00        4.996542E+15   7.6780E-05   1.5253E-04   0.50337
FLUX   92    61.00        4.914631E+15   9.7586E-05   1.5609E-04   0.62518
FLUX   93    62.00        4.835363E+15   1.2026E-04   1.5981E-04   0.75252
FLUX   94    63.00        4.758611E+15   1.1972E-04   1.6367E-04   0.73144
FLUX   95    64.00        4.684258E+15   1.2292E-04   1.6778E-04   0.73263
FLUX   96    65.00        4.612192E+15   1.2185E-04   1.7205E-04   0.70820
FLUX   97    65.80        4.556117E+15   1.0615E-04   1.7558E-04   0.60455
FLUX   98    66.50        4.508158E+15   1.2964E-04   1.7873E-04   0.72534
FLUX   99    67.50        4.441370E+15   1.4968E-04   1.8335E-04   0.81637
FLUX  100    68.50        4.376533E+15   1.2152E-04   1.8810E-04   0.64605
FLUX  101    69.50        4.313561E+15   1.6535E-04   1.9297E-04   0.85685
FLUX  102    70.50        4.252376E+15   1.3549E-04   1.9796E-04   0.68444
FLUX  103    71.60        4.187046E+15   1.8729E-04   2.0359E-04   0.91994
FLUX  104    72.60        4.129373E+15   1.8782E-04   2.0885E-04   0.89927
FLUX  105    73.50        4.078810E+15   1.9307E-04   2.1369E-04   0.90353
FLUX  106    74.50        4.024060E+15   1.8863E-04   2.1918E-04   0.86062
FLUX  107    75.50        3.970762E+15   1.9409E-04   2.2476E-04   0.86352
FLUX  108    76.50        3.918856E+15   2.0168E-04   2.3043E-04   0.87523
FLUX  109    77.50        3.868290E+15   2.1492E-04   2.3617E-04   0.91001
FLUX  110    78.50        3.819013E+15   2.2653E-04   2.4198E-04   0.93612
FLUX  111    79.50        3.770975E+15   2.3396E-04   2.4786E-04   0.94394
FLUX  112    80.50        3.724130E+15   2.2938E-04   2.5379E-04   0.90381
FLUX  113    81.50        3.678436E+15   2.3346E-04   2.5978E-04   0.89868
FLUX  114    82.50        3.633848E+15   2.5268E-04   2.6583E-04   0.95053
FLUX  115    83.50        3.590329E+15   2.1094E-04   2.7194E-04   0.77568
FLUX  116    84.50        3.547840E+15   2.5309E-04   2.7810E-04   0.91007
FLUX  117    85.50        3.506345E+15   2.5685E-04   2.8427E-04   0.90351
FLUX  118    86.50        3.465809E+15   2.7077E-04   2.9048E-04   0.93214
FLUX  119    87.50        3.426200E+15   2.7865E-04   2.9670E-04   0.93917
FLUX  120    88.50        3.387486E+15   2.8968E-04   3.0295E-04   0.95620
FLUX  121    89.50        3.349637E+15   2.9807E-04   3.0920E-04   0.96401
FLUX  122    90.50        3.312624E+15   2.9568E-04   3.1545E-04   0.93735
FLUX  123    91.50        3.276421E+15   3.3682E-04   2.9205E-03   0.11533
FLUX  124    92.50        3.241000E+15   1.0012E-03   2.9160E-03   0.34333
FLUX  125    93.50        3.206337E+15   1.5424E-03   2.9109E-03   0.52986
FLUX  126    94.50        3.172407E+15   1.9301E-03   2.9053E-03   0.66436
FLUX  127    95.50        3.139188E+15   2.0926E-03   2.8991E-03   0.72182
FLUX  128    96.50        3.106658E+15   2.3352E-03   2.8924E-03   0.80737
FLUX  129    97.50        3.074795E+15   1.0660E-03   2.8853E-03   0.36945
FLUX  130    98.50        3.043579E+15   1.9709E-03   2.8778E-03   0.68486
FLUX  131    99.50        3.012990E+15   1.8559E-03   2.8699E-03   0.64669
FLUX  132   100.50        2.983010E+15   1.9722E-03   2.8615E-03   0.68923
FLUX  133   101.50        2.953621E+15   2.1006E-03   2.8527E-03   0.73637
FLUX  134   102.50        2.924805E+15   1.7886E-03   2.8436E-03   0.62897
FLUX  135   103.50        2.896546E+15   2.1122E-03   2.8342E-03   0.74527
FLUX  136   104.50        2.868828E+15   2.4371E-03   2.8244E-03   0.86285
FLUX  137   105.50        2.841635E+15   2.3641E-03   2.8144E-03   0.83999
FLUX  138   106.50        2.814953E+15   2.1246E-03   2.8040E-03   0.75768
FLUX  139   107.50        2.788767E+15   2.2249E-03   2.7934E-03   0.79648
FLUX  140   108.50        2.763065E+15   2.1020E-03   2.7825E-03   0.75543
FLUX  141   109.50        2.737831E+15   2.2505E-03   2.7714E-03   0.81207
FLUX  142   110.50        2.713054E+15   2.1975E-03   2.7600E-03   0.79618
FLUX  143   111.50        2.688722E+15   2.1971E-03   2.7484E-03   0.79942
FLUX  144   112.50        2.664822E+15   1.8711E-03   2.7367E-03   0.68372
FLUX  145   113.50        2.641344E+15   2.1842E-03   2.7247E-03   0.80162
FLUX  146   114.50        2.618275E+15   2.1393E-03   2.7126E-03   0.78865
FLUX  147   115.50        2.595606E+15   2.0831E-03   2.7003E-03   0.77144
FLUX  148   116.50        2.573326E+15   2.0544E-03   2.6879E-03   0.76432
FLUX  149   117.50        2.551426E+15   1.4089E-03   2.6753E-03   0.52665
FLUX  150   118.50        2.529895E+15   1.9328E-03   2.6627E-03   0.72590
FLUX  151   119.50        2.508724E+15   1.9164E-03   2.6499E-03   0.72322
FLUX  152   120.50        2.487905E+15   1.8630E-03   2.6369E-03   0.70651
FLUX  153   121.50        2.467428E+15   1.5600E-03   2.6239E-03   0.59452
FLUX  154   122.50        2.447286E+15   1.8716E-03   2.6108E-03   0.71684
FLUX  155   123.50        2.427470E+15   2.0173E-03   2.5977E-03   0.77658
FLUX  156   124.50        2.407972E+15   1.9687E-03   2.5843E-03   0.76179
FLUX  157   125.50        2.388785E+15   1.9929E-03   2.5710E-03   0.77515
FLUX  158   126.50        2.369901E+15   2.0698E-03   2.5577E-03   0.80927
FLUX  159   127.50        2.351314E+15   2.1469E-03   2.5443E-03   0.84383
FLUX  160   128.50        2.333016E+15   2.1698E-03   2.5308E-03   0.85736
FLUX  161   129.50        2.315000E+15   2.0594E-03   2.5173E-03   0.81811
FLUX  162   130.50        2.297261E+15   2.0775E-03   2.5038E-03   0.82975
FLUX  163   131.50        2.279791E+15   2.2057E-03   2.4903E-03   0.88574
FLUX  164   132.50        2.262585E+15   2.1586E-03   2.4767E-03   0.87156
FLUX  165   133.50        2.245637E+15   2.1217E-03   2.4632E-03   0.86134
FLUX  166   134.50        2.228941E+15   2.1563E-03   2.4496E-03   0.88025
FLUX  167   135.50        2.212491E+15   2.1271E-03   2.4361E-03   0.87317
FLUX  168   136.50        2.196282E+15   2.0888E-03   2.4225E-03   0.86226
FLUX  169   137.50        2.180309E+15   2.0591E-03   2.4089E-03   0.85475
FLUX  170   138.50        2.164567E+15   2.0257E-03   2.3954E-03   0.84567
FLUX  171   139.50        2.149050E+15   1.6629E-03   2.3819E-03   0.69816
FLUX  172   140.50        2.133754E+15   1.7221E-03   2.3684E-03   0.72713
FLUX  173   141.50        2.118675E+15   2.0004E-03   2.3549E-03   0.84945
FLUX  174   142.50        2.103807E+15   1.8305E-03   2.3414E-03   0.78180
FLUX  175   143.50        2.089146E+15   1.9626E-03   2.3280E-03   0.84304
FLUX  176   144.20        2.079005E+15   1.9613E-03   2.3186E-03   0.84587
FLUX  177   144.70        2.071821E+15   1.9623E-03   2.3120E-03   0.84877
FLUX  178   145.50        2.060430E+15   1.8939E-03   2.3013E-03   0.82298
FLUX  179   146.50        2.046365E+15   1.8736E-03   2.2880E-03   0.81889
FLUX  180   147.50        2.032492E+15   1.9063E-03   2.2747E-03   0.83806
FLUX  181   148.50        2.018805E+15   1.9270E-03   2.2615E-03   0.85211
FLUX  182   149.50        2.005301E+15   1.8899E-03   2.2483E-03   0.84060
FLUX  183   150.50        1.991977E+15   1.8646E-03   2.2351E-03   0.83421
FLUX  184   151.20        1.982755E+15   1.8348E-03   2.2260E-03   0.82427
FLUX  185   151.70        1.976220E+15   1.8605E-03   2.2194E-03   0.83829
FLUX  186   152.50        1.965852E+15   1.8158E-03   2.2090E-03   0.82199
FLUX  187   153.50        1.953046E+15   1.6189E-03   2.1960E-03   0.73720
FLUX  188   154.50        1.940405E+15   1.4088E-03   2.1831E-03   0.64533
FLUX  189   155.50        1.927926E+15   1.4288E-03   2.1703E-03   0.65836
FLUX  190   156.50        1.915607E+15   1.6094E-03   2.1575E-03   0.74595
FLUX  191   157.50        1.903444E+15   1.7057E-03   2.1447E-03   0.79528
FLUX  192   158.50        1.891435E+15   1.7331E-03   2.1320E-03   0.81291
FLUX  193   159.50        1.879577E+15   1.7353E-03   2.1194E-03   0.81875
FLUX  194   160.50        1.867866E+15   1.6584E-03   2.1069E-03   0.78716
FLUX  195   161.50        1.856300E+15   1.6068E-03   2.0944E-03   0.76720
FLUX  196   162.50        1.844877E+15   1.6600E-03   2.0820E-03   0.79732
FLUX  197   163.50        1.833593E+15   1.6934E-03   2.0696E-03   0.81821
FLUX  198   164.50        1.822447E+15   1.6969E-03   2.0573E-03   0.82483
FLUX  199   165.50        1.811435E+15   1.7285E-03   2.0451E-03   0.84520
FLUX  200   166.50        1.800556E+15   1.7222E-03   2.0330E-03   0.84712
FLUX  201   167.20        1.793017E+15   1.6090E-03   2.0245E-03   0.79476
FLUX  202   167.70        1.787671E+15   1.8604E-03   2.0185E-03   0.92167
FLUX  203   168.50        1.779184E+15   1.7874E-03   2.0089E-03   0.88978
FLUX  204   169.50        1.768687E+15   1.7452E-03   1.9969E-03   0.87393
FLUX  205   170.50        1.758314E+15   1.7436E-03   1.9850E-03   0.87838
FLUX  206   171.50        1.748061E+15   1.6846E-03   1.9732E-03   0.85372
FLUX  207   172.50        1.737928E+15   1.6478E-03   1.9615E-03   0.84009
FLUX  208   173.50        1.727911E+15   1.7187E-03   1.9498E-03   0.88147
FLUX  209   174.50        1.718009E+15   1.7152E-03   1.9383E-03   0.88494
FLUX  210   175.50        1.708219E+15   1.7063E-03   1.9267E-03   0.88559
FLUX  211   176.50        1.698541E+15   1.7040E-03   1.9153E-03   0.88966
FLUX  212   177.50        1.688972E+15   1.6664E-03   1.9039E-03   0.87524
FLUX  213   178.50        1.679510E+15   1.7017E-03   1.8926E-03   0.89911
FLUX  214   179.50        1.670153E+15   1.6818E-03   1.8814E-03   0.89389
FLUX  215   180.50        1.660900E+15   1.6962E-03   1.8703E-03   0.90693
FLUX  216   181.50        1.651749E+15   1.6626E-03   1.8592E-03   0.89423
FLUX  217   182.50        1.642699E+15   1.6581E-03   1.8482E-03   0.89712
FLUX  218   183.50        1.633747E+15   1.6709E-03   1.8373E-03   0.90944
FLUX  219   184.50        1.624892E+15   1.6002E-03   1.8265E-03   0.87611
FLUX  220   185.50        1.616132E+15   1.6334E-03   1.8157E-03   0.89959
FLUX  221   186.50        1.607466E+15   1.6482E-03   1.8050E-03   0.91312
FLUX  222   187.50        1.598893E+15   1.6325E-03   1.7944E-03   0.90974
FLUX  223   188.50        1.590411E+15   1.5670E-03   1.7839E-03   0.87844
FLUX  224   189.50        1.582018E+15   1.5478E-03   1.7734E-03   0.87280
FLUX  225   190.50        1.573714E+15   1.6014E-03   1.7630E-03   0.90831
FLUX  226   191.50        1.565496E+15   1.5726E-03   1.7527E-03   0.89727
FLUX  227   192.50        1.557364E+15   1.4963E-03   1.7425E-03   0.85870
FLUX  228   193.50        1.549315E+15   1.5889E-03   1.7323E-03   0.91724
FLUX  229   194.50        1.541350E+15   1.6176E-03   1.7222E-03   0.93927
FLUX  230   195.50        1.533465E+15   1.4967E-03   1.7122E-03   0.87417
FLUX  231   196.70        1.524110E+15   1.5751E-03   1.7003E-03   0.92640
FLUX  232   197.60        1.517169E+15   1.6175E-03   1.6914E-03   0.95630
FLUX  233   198.40        1.511051E+15   1.5721E-03   1.6836E-03   0.93378
FLUX  234   199.50        1.502719E+15   1.5453E-03   1.6729E-03   0.92375
FLUX  235   200.50        1.495224E+15   1.5840E-03   1.6632E-03   0.95238
FLUX  236   201.50        1.487804E+15   1.5934E-03   1.6537E-03   0.96355
FLUX  237   202.50        1.480457E+15   1.6038E-03   1.6441E-03   0.97547
FLUX  238   203.50        1.473182E+15   1.5541E-03   1.6347E-03   0.95067
FLUX  239   204.50        1.465978E+15   1.5489E-03   1.6253E-03   0.95301
FLUX  240   205.50        1.458844E+15   1.2934E-03   1.6510E-03   0.78345
FLUX  241   206.50        1.451780E+15   1.2652E-03   1.6412E-03   0.77087
FLUX  242   207.40        1.445480E+15   1.3324E-03   1.6325E-03   0.81614
FLUX  243   207.80        1.442697E+15   1.3232E-03   1.6287E-03   0.81245
FLUX  244   208.50        1.437854E+15   1.4147E-03   1.6220E-03   0.87218
FLUX  245   209.50        1.430990E+15   1.4742E-03   1.6125E-03   0.91423
FLUX  246   210.50        1.424192E+15   1.5092E-03   1.6031E-03   0.94147
FLUX  247   211.50        1.417459E+15   1.5327E-03   1.5937E-03   0.96174
FLUX  248   212.50        1.410788E+15   1.5217E-03   1.5844E-03   0.96041
FLUX  249   213.50        1.404180E+15   1.5213E-03   1.5752E-03   0.96580
FLUX  250   214.50        1.397634E+15   1.5049E-03   1.5660E-03   0.96100
FLUX  251   215.50        1.391148E+15   1.5212E-03   1.5569E-03   0.97705
FLUX  252   216.50        1.384723E+15   1.4778E-03   1.5479E-03   0.95471
FLUX  253   217.50        1.378356E+15   1.5086E-03   1.5390E-03   0.98025
FLUX  254   218.50        1.372048E+15   1.4807E-03   1.5301E-03   0.96772
FLUX  255   219.50        1.365797E+15   1.5101E-03   1.5213E-03   0.99265
FLUX  256   220.50        1.359603E+15   1.5003E-03   1.5125E-03   0.99196
FLUX  257   221.50        1.353465E+15   1.4648E-03   1.5038E-03   0.97404
FLUX  258   222.50        1.347382E+15   1.4794E-03   1.4952E-03   0.98945
FLUX  259   223.50        1.341353E+15   1.4686E-03   1.4866E-03   0.98789
FLUX  260   224.50        1.335379E+15   1.4606E-03   1.4781E-03   0.98814
FLUX  261   225.50        1.329457E+15   1.4325E-03   1.4697E-03   0.97467
FLUX  262   226.50        1.323587E+15   1.4491E-03   1.4614E-03   0.99161
FLUX  263   227.50        1.317769E+15   1.4459E-03   1.4531E-03   0.99506
FLUX  264   228.50        1.312002E+15   1.4258E-03   1.4448E-03   0.98684
FLUX  265   229.50        1.306285E+15   1.3085E-03   1.4367E-03   0.91075
FLUX  266   230.50        1.300618E+15   1.3894E-03   1.4286E-03   0.97255
FLUX  267   231.50        1.295000E+15   1.3962E-03   1.4205E-03   0.98286
FLUX  268   232.50        1.289430E+15   1.3988E-03   1.4125E-03   0.99027
FLUX  269   233.50        1.283908E+15   1.3881E-03   1.4046E-03   0.98824
FLUX  270   234.50        1.278433E+15   1.3837E-03   1.3967E-03   0.99069
FLUX  271   235.50        1.273004E+15   1.3704E-03   1.3889E-03   0.98665
FLUX  272   236.50        1.267622E+15   1.3613E-03   1.3812E-03   0.98560
FLUX  273   237.50        1.262284E+15   1.3462E-03   1.3735E-03   0.98014
FLUX  274   238.50        1.256992E+15   1.3097E-03   1.3659E-03   0.95888
FLUX  275   239.50        1.251743E+15   1.3223E-03   1.3583E-03   0.97353
FLUX  276   240.50        1.246538E+15   1.3278E-03   1.3508E-03   0.98296
FLUX  277   241.50        1.241377E+15   1.3211E-03   1.3433E-03   0.98341
FLUX  278   242.50        1.236258E+15   1.3212E-03   1.3359E-03   0.98897
FLUX  279   243.50        1.231181E+15   1.3084E-03   1.3286E-03   0.98482
FLUX  280   244.50        1.226145E+15   1.3046E-03   1.3213E-03   0.98734
FLUX  281   245.50        1.221151E+15   1.2977E-03   1.3141E-03   0.98752
FLUX  282   246.50        1.216197E+15   1.2908E-03   1.3069E-03   0.98766
FLUX  283   247.50        1.211283E+15   1.2831E-03   1.2998E-03   0.98713
FLUX  284   248.50        1.206408E+15   1.2592E-03   1.2927E-03   0.97410
FLUX  285   249.50        1.201573E+15   9.9569E-04   1.2857E-03   0.77444
FLUX  286   250.50        1.196776E+15   1.2290E-03   1.2787E-03   0.96111
FLUX  287   251.30        1.192967E+15   1.1962E-03   1.2732E-03   0.93953
FLUX  288   251.80        1.190598E+15   1.2234E-03   1.2697E-03   0.96351
FLUX  289   252.50        1.187297E+15   1.2483E-03   1.2649E-03   0.98685
FLUX  290   253.50        1.182613E+15   1.2477E-03   1.2582E-03   0.99167
FLUX  291   254.50        1.177967E+15   1.2316E-03   1.2514E-03   0.98415
FLUX  292   255.50        1.173356E+15   1.2277E-03   1.2447E-03   0.98630
FLUX  293   256.50        1.168782E+15   1.2246E-03   1.2381E-03   0.98915
FLUX  294   257.50        1.164243E+15   1.2186E-03   1.2315E-03   0.98955
FLUX  295   258.50        1.159739E+15   1.2135E-03   1.2249E-03   0.99064
FLUX  296   259.50        1.155270E+15   1.2028E-03   1.2184E-03   0.98721
FLUX  297   260.50        1.150835E+15   1.2046E-03   1.2145E-03   0.99182
FLUX  298   261.50        1.146434E+15   1.1916E-03   1.2081E-03   0.98637
FLUX  299   262.50        1.142067E+15   1.1908E-03   1.2017E-03   0.99096
FLUX  300   263.50        1.137732E+15   1.1865E-03   1.1954E-03   0.99258
FLUX  301   264.50        1.133431E+15   1.1765E-03   1.1891E-03   0.98947
FLUX  302   265.50        1.129162E+15   1.1723E-03   1.1828E-03   0.99112
FLUX  303   266.50        1.124925E+15   1.1568E-03   1.1766E-03   0.98312
FLUX  304   267.50        1.120720E+15   1.1426E-03   1.1705E-03   0.97616
FLUX  305   268.50        1.116546E+15   1.1528E-03   1.1644E-03   0.99010
FLUX  306   269.50        1.112403E+15   1.1354E-03   1.1583E-03   0.98025
FLUX  307   270.50        1.108290E+15   1.1345E-03   1.1523E-03   0.98454
FLUX  308   271.50        1.104208E+15   1.1271E-03   1.1463E-03   0.98326
FLUX  309   272.50        1.100156E+15   1.1243E-03   1.1404E-03   0.98583
FLUX  310   273.50        1.096133E+15   1.1066E-03   1.1345E-03   0.97535
FLUX  311   274.50        1.092140E+15   1.1180E-03   1.1287E-03   0.99051
FLUX  312   275.50        1.088176E+15   1.1125E-03   1.1229E-03   0.99073
FLUX  313   276.50        1.084241E+15   1.1018E-03   1.1171E-03   0.98626
FLUX  314   277.50        1.080333E+15   1.1059E-03   1.1114E-03   0.99507
FLUX  315   278.50        1.076454E+15   1.0957E-03   1.1058E-03   0.99090
FLUX  316   279.50        1.072603E+15   1.0711E-03   1.1001E-03   0.97365
FLUX  317   280.50        1.068779E+15   1.0810E-03   1.0945E-03   0.98759
FLUX  318   281.50        1.064982E+15   1.0828E-03   1.0890E-03   0.99433
FLUX  319   282.50        1.061212E+15   1.0741E-03   1.0835E-03   0.99129
FLUX  320   283.50        1.057469E+15   1.0618E-03   1.0780E-03   0.98499
FLUX  321   284.50        1.053752E+15   1.0675E-03   1.0726E-03   0.99520
FLUX  322   285.50        1.050061E+15   1.0596E-03   1.0672E-03   0.99286
FLUX  323   286.50        1.046396E+15   1.0517E-03   1.0619E-03   0.99046
FLUX  324   287.50        1.042757E+15   1.0479E-03   1.0565E-03   0.99184
FLUX  325   288.50        1.039142E+15   1.0435E-03   1.0513E-03   0.99261
FLUX  326   289.50        1.035553E+15   1.0384E-03   1.0460E-03   0.99273
FLUX  327   291.00        1.030215E+15   1.0262E-03   1.0383E-03   0.98842
FLUX  328   293.00        1.023183E+15   1.0225E-03   1.0280E-03   0.99463
FLUX  329   295.00        1.016246E+15   1.0071E-03   1.0179E-03   0.98941
FLUX  330   297.00        1.009402E+15   9.9978E-04   1.0079E-03   0.99191
FLUX  331   299.00        1.002651E+15   9.8483E-04   9.9811E-04   0.98669
FLUX  332   301.00        9.959884E+14   9.7182E-04   9.8842E-04   0.98321
FLUX  333   303.00        9.894142E+14   9.6146E-04   9.7887E-04   0.98222
FLUX  334   305.00        9.829262E+14   9.5824E-04   9.6945E-04   0.98845
FLUX  335   307.00        9.765228E+14   9.5322E-04   9.6016E-04   0.99278
FLUX  336   309.00        9.702023E+14   9.3689E-04   9.5099E-04   0.98516
FLUX  337   311.00        9.639630E+14   9.3601E-04   9.4196E-04   0.99369
FLUX  338   313.00        9.578035E+14   9.2456E-04   9.3348E-04   0.99045
FLUX  339   315.00        9.517222E+14   9.1787E-04   9.2468E-04   0.99263
FLUX  340   317.00        9.457177E+14   9.0799E-04   9.1602E-04   0.99124
FLUX  341   319.00        9.397884E+14   8.9961E-04   9.0746E-04   0.99135
FLUX  342   321.00        9.339330E+14   8.8767E-04   8.9903E-04   0.98736
FLUX  343   323.00        9.281502E+14   8.8335E-04   8.9071E-04   0.99174
FLUX  344   325.00        9.224385E+14   8.7888E-04   8.8250E-04   0.99590
FLUX  345   327.00        9.167966E+14   8.6517E-04   8.7440E-04   0.98944
FLUX  346   329.00        9.112234E+14   8.6052E-04   8.6641E-04   0.99320
FLUX  347   331.00        9.057175E+14   8.5255E-04   8.5853E-04   0.99304
FLUX  348   333.00        9.002778E+14   8.4283E-04   8.5076E-04   0.99068
FLUX  349   335.00        8.949030E+14   8.3303E-04   8.4309E-04   0.98808
FLUX  350   337.00        8.895920E+14   8.2715E-04   8.3551E-04   0.98999
FLUX  351   339.00        8.843437E+14   8.2446E-04   8.2804E-04   0.99568
FLUX  352   341.00        8.791569E+14   8.1670E-04   8.2067E-04   0.99516
FLUX  353   343.00        8.740306E+14   8.0983E-04   8.1595E-04   0.99249
FLUX  354   345.00        8.689638E+14   7.9903E-04   8.0873E-04   0.98801
FLUX  355   347.00        8.639553E+14   7.9444E-04   8.0160E-04   0.99106
FLUX  356   349.00        8.590043E+14   7.8735E-04   7.9457E-04   0.99091
FLUX  357   351.00        8.541097E+14   7.8184E-04   7.8762E-04   0.99267
FLUX  358   353.00        8.492705E+14   7.7655E-04   7.8076E-04   0.99460
FLUX  359   355.00        8.444859E+14   7.6927E-04   7.7399E-04   0.99390
FLUX  360   357.00        8.397549E+14   7.6414E-04   7.6730E-04   0.99587
FLUX  361   359.00        8.350766E+14   7.5419E-04   7.6070E-04   0.99144
FLUX  362   361.00        8.304501E+14   7.4766E-04   7.5419E-04   0.99134
FLUX  363   363.00        8.258747E+14   7.4167E-04   7.4775E-04   0.99187
FLUX  364   364.00        8.236058E+14   7.3774E-04   7.4457E-04   0.99083
FLUX  365   365.00        8.213493E+14   7.0762E-04   8.3160E-04   0.85091
FLUX  366   367.00        8.168733E+14   7.0409E-04   8.2436E-04   0.85410
FLUX  367   369.00        8.124458E+14   6.9799E-04   8.1905E-04   0.85220
FLUX  368   371.00        8.080660E+14   6.8495E-04   8.1198E-04   0.84356
FLUX  369   373.00        8.037332E+14   6.7737E-04   8.0501E-04   0.84145
FLUX  370   375.00        7.994467E+14   6.9253E-04   7.9811E-04   0.86771
FLUX  371   377.00        7.952056E+14   6.9076E-04   7.9130E-04   0.87294
FLUX  372   379.00        7.910092E+14   7.1397E-04   7.8458E-04   0.91001
FLUX  373   381.00        7.868570E+14   7.3365E-04   7.7793E-04   0.94308
FLUX  374   383.00        7.827480E+14   6.7860E-04   7.7137E-04   0.87974
FLUX  375   385.00        7.786818E+14   7.4204E-04   7.6488E-04   0.97014
FLUX  376   387.00        7.746576E+14   7.3168E-04   7.5848E-04   0.96466
FLUX  377   389.00        7.706748E+14   6.6214E-04   7.5215E-04   0.88033
FLUX  378   391.00        7.667327E+14   7.3748E-04   7.4590E-04   0.98872
FLUX  379   393.00        7.628308E+14   7.2285E-04   7.3972E-04   0.97720
FLUX  380   395.00        7.589684E+14   7.1712E-04   7.3362E-04   0.97751
FLUX  381   397.00        7.551448E+14   6.3624E-04   7.2759E-04   0.87445
FLUX  382   399.00        7.513596E+14   7.1197E-04   7.2163E-04   0.98661
FLUX  383   401.00        7.476122E+14   7.0627E-04   7.1574E-04   0.98677
FLUX  384   403.00        7.439020E+14   6.8801E-04   7.0993E-04   0.96913
FLUX  385   405.00        7.402284E+14   6.9801E-04   7.0418E-04   0.99124
FLUX  386   407.00        7.365909E+14   6.8078E-04   6.9850E-04   0.97463
FLUX  387   409.00        7.329890E+14   6.5624E-04   6.9288E-04   0.94711
FLUX  388   411.00        7.294221E+14   6.1321E-04   6.8734E-04   0.89215
FLUX  389   413.00        7.258898E+14   6.6667E-04   6.8185E-04   0.97773
FLUX  390   415.00        7.223916E+14   6.6423E-04   6.7643E-04   0.98196
FLUX  391   417.00        7.189269E+14   6.6501E-04   6.7108E-04   0.99095
FLUX  392   419.00        7.154952E+14   6.5918E-04   6.6578E-04   0.99008
FLUX  393   421.00        7.120962E+14   6.5290E-04   6.6055E-04   0.98841
FLUX  394   423.00        7.087293E+14   6.5178E-04   6.5537E-04   0.99452
FLUX  395   425.00        7.053941E+14   6.4221E-04   6.5026E-04   0.98763
FLUX  396   427.00        7.020902E+14   6.3404E-04   6.4520E-04   0.98270
FLUX  397   429.00        6.988170E+14   6.3057E-04   6.4020E-04   0.98496
FLUX  398   431.00        6.955742E+14   6.2121E-04   6.3526E-04   0.97788
FLUX  399   433.00        6.923614E+14   5.9677E-04   6.3038E-04   0.94669
FLUX  400   435.00        6.891782E+14   5.6359E-04   6.2554E-04   0.90096
FLUX  401   437.00        6.860240E+14   6.0920E-04   6.2077E-04   0.98137
FLUX  402   439.00        6.828986E+14   6.0196E-04   6.1604E-04   0.97714
FLUX  403   441.00        6.798016E+14   6.0104E-04   6.1137E-04   0.98310
FLUX  404   443.00        6.767325E+14   6.0098E-04   6.0675E-04   0.99048
FLUX  405   445.00        6.736910E+14   5.9582E-04   6.0218E-04   0.98944
FLUX  406   447.00        6.706767E+14   5.8163E-04   5.9766E-04   0.97318
FLUX  407   449.00        6.676893E+14   5.8779E-04   5.9319E-04   0.99090
FLUX  408   451.00        6.647284E+14   5.8103E-04   5.8877E-04   0.98686
FLUX  409   453.00        6.617936E+14   5.7905E-04   5.8439E-04   0.99086
FLUX  410   455.00        6.588846E+14   5.7142E-04   5.8006E-04   0.98511
FLUX  411   457.00        6.560011E+14   5.7164E-04   5.7578E-04   0.99282
FLUX  412   459.00        6.531427E+14   5.6588E-04   5.7154E-04   0.99009
FLUX  413   461.00        6.503091E+14   5.6116E-04   5.6735E-04   0.98909
FLUX  414   463.00        6.475000E+14   5.5432E-04   5.6321E-04   0.98422
FLUX  415   465.00        6.447151E+14   5.3443E-04   5.5910E-04   0.95587
FLUX  416   467.00        6.419540E+14   5.4710E-04   5.5505E-04   0.98568
FLUX  417   469.00        6.392164E+14   5.3899E-04   5.5103E-04   0.97814
FLUX  418   471.00        6.365021E+14   5.3645E-04   5.4706E-04   0.98061
FLUX  419   473.00        6.338108E+14   5.4132E-04   5.4313E-04   0.99667
FLUX  420   475.00        6.311421E+14   5.3679E-04   5.3924E-04   0.99546
FLUX  421   477.00        6.284958E+14   5.3515E-04   5.3539E-04   0.99955
FLUX  422   479.00        6.258716E+14   5.3117E-04   5.3158E-04   0.99922
FLUX  423   481.00        6.232692E+14   5.2657E-04   5.2782E-04   0.99765
FLUX  424   483.00        6.206884E+14   5.2127E-04   5.2409E-04   0.99462
FLUX  425   485.00        6.181289E+14   5.0490E-04   5.2040E-04   0.97022
FLUX  426   487.00        6.155903E+14   4.6799E-04   5.1674E-04   0.90566
FLUX  427   489.00        6.130726E+14   5.1050E-04   5.1313E-04   0.99488
FLUX  428   491.00        6.105754E+14   5.0771E-04   5.0955E-04   0.99638
FLUX  429   493.00        6.080984E+14   4.9818E-04   5.0601E-04   0.98453
FLUX  430   495.00        6.056414E+14   4.9953E-04   5.0250E-04   0.99408
FLUX  431   497.00        6.032042E+14   4.9882E-04   4.9903E-04   0.99958
FLUX  432   499.00        6.007866E+14   4.9530E-04   4.9560E-04   0.99940
FLUX  433   501.00        5.983882E+14   4.8476E-04   4.9220E-04   0.98488
FLUX  434   503.00        5.960089E+14   4.8723E-04   4.8883E-04   0.99672
FLUX  435   505.00        5.936485E+14   4.8292E-04   4.8550E-04   0.99469
FLUX  436   507.00        5.913067E+14   4.8197E-04   4.8221E-04   0.99950
FLUX  437   509.00        5.889833E+14   4.7845E-04   4.7894E-04   0.99897
FLUX  438   511.00        5.866781E+14   4.7504E-04   4.7571E-04   0.99860
FLUX  439   513.00        5.843908E+14   4.7131E-04   4.7251E-04   0.99746
FLUX  440   515.00        5.821214E+14   4.6824E-04   4.6934E-04   0.99766
FLUX  441   517.00        5.798694E+14   4.6523E-04   4.6621E-04   0.99790
FLUX  442   519.00        5.776349E+14   4.6255E-04   4.6310E-04   0.99882
FLUX  443   521.00        5.754175E+14   4.5968E-04   4.6003E-04   0.99925
FLUX  444   523.00        5.732170E+14   4.5664E-04   4.5698E-04   0.99925
FLUX  445   525.00        5.710333E+14   4.5269E-04   4.5397E-04   0.99720
FLUX  446   527.00        5.688662E+14   4.4962E-04   4.5098E-04   0.99699
FLUX  447   529.00        5.667155E+14   4.4773E-04   4.4802E-04   0.99935
FLUX  448   531.00        5.645810E+14   4.4469E-04   4.4509E-04   0.99910
FLUX  449   533.00        5.624625E+14   4.4186E-04   4.4219E-04   0.99925
FLUX  450   535.00        5.603598E+14   4.3906E-04   4.3932E-04   0.99940
FLUX  451   537.00        5.582728E+14   4.3619E-04   4.3648E-04   0.99935
FLUX  452   539.00        5.562013E+14   4.3316E-04   4.3366E-04   0.99885
FLUX  453   541.00        5.541451E+14   4.2752E-04   4.3087E-04   0.99223
FLUX  454   543.00        5.521041E+14   4.2789E-04   4.2810E-04   0.99951
FLUX  455   545.00        5.500780E+14   4.2509E-04   4.2536E-04   0.99936
FLUX  456   547.00        5.480667E+14   4.2230E-04   4.2265E-04   0.99917
FLUX  457   549.00        5.460701E+14   4.1963E-04   4.1996E-04   0.99922
FLUX  458   551.00        5.440880E+14   4.1698E-04   4.1730E-04   0.99923
FLUX  459   553.00        5.421203E+14   4.1430E-04   4.1466E-04   0.99913
FLUX  460   555.00        5.401667E+14   4.1194E-04   4.1204E-04   0.99974
FLUX  461   557.00        5.382271E+14   4.0918E-04   4.0945E-04   0.99933
FLUX  462   559.00        5.363014E+14   4.0603E-04   4.0689E-04   0.99789
FLUX  463   561.00        5.343895E+14   4.0428E-04   4.0435E-04   0.99983
FLUX  464   563.00        5.324911E+14   4.0177E-04   4.0183E-04   0.99986
FLUX  465   565.00        5.306062E+14   3.9908E-04   3.9933E-04   0.99937
FLUX  466   567.00        5.287346E+14   3.9603E-04   3.9686E-04   0.99790
FLUX  467   569.00        5.268761E+14   3.8954E-04   3.9441E-04   0.98765
FLUX  468   571.00        5.250306E+14   3.8395E-04   3.9221E-04   0.97896
FLUX  469   573.00        5.231981E+14   3.8190E-04   3.8980E-04   0.97975
FLUX  470   575.00        5.213783E+14   3.7913E-04   3.8741E-04   0.97862
FLUX  471   577.00        5.195711E+14   3.7766E-04   3.8504E-04   0.98083
FLUX  472   579.00        5.177763E+14   3.7534E-04   3.8270E-04   0.98078
FLUX  473   581.00        5.159940E+14   3.7278E-04   3.8037E-04   0.98003
FLUX  474   583.00        5.142238E+14   3.7054E-04   3.7807E-04   0.98008
FLUX  475   585.00        5.124658E+14   3.6974E-04   3.7579E-04   0.98390
FLUX  476   587.00        5.107198E+14   3.6118E-04   3.7353E-04   0.96695
FLUX  477   589.00        5.089856E+14   3.6571E-04   3.7129E-04   0.98498
FLUX  478   591.00        5.072631E+14   3.6480E-04   3.6906E-04   0.98844
FLUX  479   593.00        5.055523E+14   3.6323E-04   3.6686E-04   0.99010
FLUX  480   595.00        5.038529E+14   3.6187E-04   3.6468E-04   0.99228
FLUX  481   597.00        5.021650E+14   3.6111E-04   3.6252E-04   0.99612
FLUX  482   599.00        5.004883E+14   3.5929E-04   3.6037E-04   0.99701
FLUX  483   601.00        4.988228E+14   3.5785E-04   3.5825E-04   0.99890
FLUX  484   603.00        4.971683E+14   3.5546E-04   3.5614E-04   0.99809
FLUX  485   605.00        4.955248E+14   3.5356E-04   3.5405E-04   0.99861
FLUX  486   607.00        4.938921E+14   3.5167E-04   3.5198E-04   0.99912
FLUX  487   609.00        4.922701E+14   3.4973E-04   3.4993E-04   0.99941
FLUX  488   611.00        4.906588E+14   3.4755E-04   3.4790E-04   0.99901
FLUX  489   613.00        4.890579E+14   3.4567E-04   3.4588E-04   0.99937
FLUX  490   615.00        4.874675E+14   3.4317E-04   3.4389E-04   0.99793
FLUX  491   617.00        4.858874E+14   3.4123E-04   3.4190E-04   0.99802
FLUX  492   619.00        4.843174E+14   3.3972E-04   3.3994E-04   0.99934
FLUX  493   621.00        4.827576E+14   3.3791E-04   3.3799E-04   0.99974
FLUX  494   623.00        4.812079E+14   3.3580E-04   3.3606E-04   0.99922
FLUX  495   625.00        4.796680E+14   3.3381E-04   3.3415E-04   0.99899
FLUX  496   627.00        4.781380E+14   3.3207E-04   3.3225E-04   0.99948
FLUX  497   629.00        4.766176E+14   3.3029E-04   3.3036E-04   0.99978
FLUX  498   631.00        4.751070E+14   3.2795E-04   3.2850E-04   0.99832
FLUX  499   633.00        4.736058E+14   3.2658E-04   3.2665E-04   0.99981
FLUX  500   635.00        4.721142E+14   3.2457E-04   3.2481E-04   0.99925
FLUX  501   637.00        4.706319E+14   3.2296E-04   3.2299E-04   0.99992
FLUX  502   639.00        4.691588E+14   3.2113E-04   3.2119E-04   0.99981
FLUX  503   641.00        4.676950E+14   3.1899E-04   3.1940E-04   0.99873
FLUX  504   643.00        4.662403E+14   3.1761E-04   3.1762E-04   0.99997
FLUX  505   645.00        4.647946E+14   3.1571E-04   3.1586E-04   0.99952
FLUX  506   647.00        4.633578E+14   3.1353E-04   3.1411E-04   0.99813
FLUX  507   649.00        4.619299E+14   3.1196E-04   3.1238E-04   0.99866
FLUX  508   651.00        4.605108E+14   3.1038E-04   3.1067E-04   0.99907
FLUX  509   653.00        4.591003E+14   3.0766E-04   3.0896E-04   0.99579
FLUX  510   655.00        4.576985E+14   3.0226E-04   3.0727E-04   0.98370
FLUX  511   657.00        4.563052E+14   2.7718E-04   3.0560E-04   0.90702
FLUX  512   659.00        4.549203E+14   3.0205E-04   3.0393E-04   0.99380
FLUX  513   661.00        4.535439E+14   3.0204E-04   3.0228E-04   0.99918
FLUX  514   663.00        4.521757E+14   3.0058E-04   3.0065E-04   0.99976
FLUX  515   665.00        4.508158E+14   2.9887E-04   2.9912E-04   0.99918
FLUX  516   667.00        4.494640E+14   2.9486E-04   2.9751E-04   0.99111
FLUX  517   669.00        4.481203E+14   2.9301E-04   2.9591E-04   0.99021
FLUX  518   671.00        4.467846E+14   2.9377E-04   2.9432E-04   0.99812
FLUX  519   673.00        4.454569E+14   2.9193E-04   2.9275E-04   0.99721
FLUX  520   675.00        4.441370E+14   2.9076E-04   2.9119E-04   0.99854
FLUX  521   677.00        4.428250E+14   2.8953E-04   2.8964E-04   0.99962
FLUX  522   679.00        4.415206E+14   2.8744E-04   2.8811E-04   0.99768
FLUX  523   681.00        4.402239E+14   2.8647E-04   2.8658E-04   0.99960
FLUX  524   683.00        4.389348E+14   2.8493E-04   2.8507E-04   0.99950
FLUX  525   685.00        4.376533E+14   2.8348E-04   2.8357E-04   0.99968
FLUX  526   687.00        4.363792E+14   2.8190E-04   2.8208E-04   0.99935
FLUX  527   689.00        4.351125E+14   2.7960E-04   2.8060E-04   0.99642
FLUX  528   691.00        4.338531E+14   2.7860E-04   2.7914E-04   0.99807
FLUX  529   693.00        4.326010E+14   2.7768E-04   2.7768E-04   0.99998
FLUX  530   695.00        4.313561E+14   2.7622E-04   2.7624E-04   0.99993
FLUX  531   697.00        4.301184E+14   2.7480E-04   2.7481E-04   0.99998
FLUX  532   699.00        4.288877E+14   2.7337E-04   2.7339E-04   0.99991
FLUX  533   701.00        4.276641E+14   2.7182E-04   2.7198E-04   0.99942
FLUX  534   703.00        4.264474E+14   2.7010E-04   2.7058E-04   0.99823
FLUX  535   705.00        4.252376E+14   2.6897E-04   2.6919E-04   0.99918
FLUX  536   707.00        4.240347E+14   2.6445E-04   2.6782E-04   0.98744
FLUX  537   709.00        4.228385E+14   2.6643E-04   2.6645E-04   0.99992
FLUX  538   711.00        4.216491E+14   2.6467E-04   2.6509E-04   0.99842
FLUX  539   713.00        4.204663E+14   2.6350E-04   2.6375E-04   0.99905
FLUX  540   715.00        4.192902E+14   2.6241E-04   2.6241E-04   0.99999
FLUX  541   717.00        4.181206E+14   2.6059E-04   2.6109E-04   0.99810
FLUX  542   719.00        4.169576E+14   2.5958E-04   2.5977E-04   0.99926
FLUX  543   721.00        4.158010E+14   2.5846E-04   2.5846E-04   0.99999
FLUX  544   723.00        4.146508E+14   2.5561E-04   2.5717E-04   0.99395
FLUX  545   725.00        4.135069E+14   2.5561E-04   2.5588E-04   0.99893
FLUX  546   727.00        4.123693E+14   2.5460E-04   2.5460E-04   0.99998
FLUX  547   729.00        4.112380E+14   2.5180E-04   2.5334E-04   0.99395
FLUX  548   731.00        4.101129E+14   2.5200E-04   2.5208E-04   0.99967
FLUX  549   733.00        4.089939E+14   2.5078E-04   2.5083E-04   0.99980
FLUX  550   735.00        4.078810E+14   2.4957E-04   2.4959E-04   0.99991
FLUX  551   737.00        4.067741E+14   2.4834E-04   2.4836E-04   0.99994
FLUX  552   739.00        4.056732E+14   2.4714E-04   2.4714E-04   0.99999
FLUX  553   741.00        4.045783E+14   2.4591E-04   2.4593E-04   0.99993
FLUX  554   743.00        4.034892E+14   2.4472E-04   2.4472E-04   0.99999
FLUX  555   745.00        4.024060E+14   2.4347E-04   2.4354E-04   0.99971
FLUX  556   747.00        4.013286E+14   2.4198E-04   2.4236E-04   0.99843
FLUX  557   749.00        4.002570E+14   2.4071E-04   2.4118E-04   0.99806
FLUX  558   751.00        3.991911E+14   2.3992E-04   2.4001E-04   0.99964
FLUX  559   753.00        3.981308E+14   2.3875E-04   2.3885E-04   0.99956
FLUX  560   755.00        3.970762E+14   2.3769E-04   2.3770E-04   0.99997
FLUX  561   757.00        3.960271E+14   2.3651E-04   2.3655E-04   0.99980
FLUX  562   759.00        3.949835E+14   2.3464E-04   2.3542E-04   0.99670
FLUX  563   761.00        3.939455E+14   2.3397E-04   2.3429E-04   0.99862
FLUX  564   763.00        3.929128E+14   2.3305E-04   2.3317E-04   0.99948
FLUX  565   765.00        3.918856E+14   2.3197E-04   2.3206E-04   0.99962
FLUX  566   767.00        3.908638E+14   2.3094E-04   2.3096E-04   0.99993
FLUX  567   769.00        3.898472E+14   2.2957E-04   2.2986E-04   0.99873
FLUX  568   771.00        3.888359E+14   2.2860E-04   2.2877E-04   0.99922
FLUX  569   773.00        3.878299E+14   2.2731E-04   2.2769E-04   0.99832
FLUX  570   775.00        3.868290E+14   2.2657E-04   2.2662E-04   0.99977
FLUX  571   777.00        3.858333E+14   2.2553E-04   2.2556E-04   0.99987
FLUX  572   779.00        3.848427E+14   2.2449E-04   2.2450E-04   0.99998
FLUX  573   781.00        3.838572E+14   2.2337E-04   2.2345E-04   0.99965
FLUX  574   783.00        3.828768E+14   2.2240E-04   2.2241E-04   0.99997
FLUX  575   785.00        3.819013E+14   2.2139E-04   2.2149E-04   0.99952
FLUX  576   787.00        3.809307E+14   2.2018E-04   2.2047E-04   0.99871
FLUX  577   789.00        3.799651E+14   2.1909E-04   2.1944E-04   0.99838
FLUX  578   791.00        3.790044E+14   2.1832E-04   2.1843E-04   0.99949
FLUX  579   793.00        3.780485E+14   2.1727E-04   2.1742E-04   0.99930
FLUX  580   795.00        3.770975E+14   2.1638E-04   2.1642E-04   0.99980
FLUX  581   797.00        3.761512E+14   2.1523E-04   2.1542E-04   0.99909
FLUX  582   799.00        3.752096E+14   2.1437E-04   2.1444E-04   0.99968
FLUX  583   801.00        3.742728E+14   2.1330E-04   2.1345E-04   0.99925
FLUX  584   803.00        3.733406E+14   2.1227E-04   2.1248E-04   0.99899
FLUX  585   805.00        3.724130E+14   2.1141E-04   2.1151E-04   0.99952
FLUX  586   807.00        3.714901E+14   2.1045E-04   2.1055E-04   0.99951
FLUX  587   809.00        3.705717E+14   2.0932E-04   2.0960E-04   0.99870
FLUX  588   811.00        3.696578E+14   2.0782E-04   2.0865E-04   0.99603
FLUX  589   813.00        3.687485E+14   2.0762E-04   2.0771E-04   0.99957
FLUX  590   815.00        3.678436E+14   2.0646E-04   2.0677E-04   0.99851
FLUX  591   817.00        3.669431E+14   2.0577E-04   2.0584E-04   0.99964
FLUX  592   819.00        3.660470E+14   2.0424E-04   2.0492E-04   0.99669
FLUX  593   821.00        3.651553E+14   2.0181E-04   2.0891E-04   0.96599
FLUX  594   823.00        3.642679E+14   2.0055E-04   2.0797E-04   0.96432
FLUX  595   825.00        3.633848E+14   2.0036E-04   2.0704E-04   0.96777
FLUX  596   827.00        3.625060E+14   1.9864E-04   2.0615E-04   0.96354
FLUX  597   829.00        3.616315E+14   1.9856E-04   2.0523E-04   0.96747
FLUX  598   831.00        3.607611E+14   1.9783E-04   2.0432E-04   0.96826
FLUX  599   833.00        3.598950E+14   1.9670E-04   2.0341E-04   0.96701
FLUX  600   835.00        3.590329E+14   1.9524E-04   2.0251E-04   0.96414
FLUX  601   837.00        3.581750E+14   1.9492E-04   2.0161E-04   0.96682
FLUX  602   839.00        3.573212E+14   1.9438E-04   2.0072E-04   0.96845
FLUX  603   841.00        3.564715E+14   1.9348E-04   1.9983E-04   0.96824
FLUX  604   843.00        3.556257E+14   1.9263E-04   1.9895E-04   0.96825
FLUX  605   845.00        3.547840E+14   1.9109E-04   1.9808E-04   0.96473
FLUX  606   847.00        3.539463E+14   1.9090E-04   1.9721E-04   0.96799
FLUX  607   849.00        3.531125E+14   1.9004E-04   1.9635E-04   0.96788
FLUX  608   851.00        3.522826E+14   1.8842E-04   1.9549E-04   0.96385
FLUX  609   853.00        3.514566E+14   1.8861E-04   1.9464E-04   0.96901
FLUX  610   855.00        3.506345E+14   1.8636E-04   1.9379E-04   0.96163
FLUX  611   857.00        3.498162E+14   1.8823E-04   1.9295E-04   0.97553
FLUX  612   859.00        3.490017E+14   1.8396E-04   1.9212E-04   0.95754
FLUX  613   861.00        3.481911E+14   1.8386E-04   1.9129E-04   0.96118
FLUX  614   863.00        3.473841E+14   1.8690E-04   1.9046E-04   0.98131
FLUX  615   865.00        3.465809E+14   1.8397E-04   1.8964E-04   0.97006
FLUX  616   867.00        3.457814E+14   1.7709E-04   1.8883E-04   0.93783
FLUX  617   869.00        3.449856E+14   1.8476E-04   1.8802E-04   0.98263
FLUX  618   871.00        3.441935E+14   1.8521E-04   1.8722E-04   0.98928
FLUX  619   873.00        3.434049E+14   1.8219E-04   1.8642E-04   0.97730
FLUX  620   875.00        3.426200E+14   1.7104E-04   1.8563E-04   0.92141
FLUX  621   877.00        3.418387E+14   1.7934E-04   1.8484E-04   0.97024
FLUX  622   879.00        3.410609E+14   1.8280E-04   1.8406E-04   0.99314
FLUX  623   881.00        3.402866E+14   1.8239E-04   1.8328E-04   0.99515
FLUX  624   883.00        3.395159E+14   1.8114E-04   1.8251E-04   0.99252
FLUX  625   885.00        3.387486E+14   1.7442E-04   1.8174E-04   0.95973
FLUX  626   887.00        3.379848E+14   1.6547E-04   1.8097E-04   0.91430
FLUX  627   889.00        3.372244E+14   1.7801E-04   1.8022E-04   0.98776
FLUX  628   891.00        3.364675E+14   1.7868E-04   1.7946E-04   0.99566
FLUX  629   893.00        3.357139E+14   1.7811E-04   1.7871E-04   0.99665
FLUX  630   895.00        3.349637E+14   1.7761E-04   1.7797E-04   0.99796
FLUX  631   897.00        3.342168E+14   1.7668E-04   1.7723E-04   0.99689
FLUX  632   899.00        3.334733E+14   1.7393E-04   1.7649E-04   0.98548
FLUX  633   901.00        3.327331E+14   1.6070E-04   1.7576E-04   0.91432
FLUX  634   903.00        3.319961E+14   1.6697E-04   1.7504E-04   0.95389
FLUX  635   905.00        3.312624E+14   1.7321E-04   1.7431E-04   0.99366
FLUX  636   907.00        3.305320E+14   1.7214E-04   1.7360E-04   0.99161
FLUX  637   909.00        3.298047E+14   1.7232E-04   1.7288E-04   0.99672
FLUX  638   911.00        3.290807E+14   1.7204E-04   1.7217E-04   0.99922
FLUX  639   913.00        3.283598E+14   1.7141E-04   1.7147E-04   0.99966
FLUX  640   915.00        3.276421E+14   1.7075E-04   1.7077E-04   0.99989
FLUX  641   917.00        3.269275E+14   1.6968E-04   1.7007E-04   0.99766
FLUX  642   919.00        3.262160E+14   1.6874E-04   1.6938E-04   0.99623
FLUX  643   921.00        3.255076E+14   1.6429E-04   1.6870E-04   0.97391
FLUX  644   923.00        3.248023E+14   1.5033E-04   1.6801E-04   0.89475
FLUX  645   925.00        3.241000E+14   1.6320E-04   1.6733E-04   0.97531
FLUX  646   927.00        3.234008E+14   1.6590E-04   1.6666E-04   0.99546
FLUX  647   929.00        3.227045E+14   1.6579E-04   1.6599E-04   0.99881
FLUX  648   931.00        3.220113E+14   1.6473E-04   1.6532E-04   0.99646
FLUX  649   933.00        3.213210E+14   1.6435E-04   1.6466E-04   0.99816
FLUX  650   935.00        3.206337E+14   1.6311E-04   1.6400E-04   0.99458
FLUX  651   937.00        3.199493E+14   1.6314E-04   1.6334E-04   0.99876
FLUX  652   939.00        3.192678E+14   1.6261E-04   1.6269E-04   0.99948
FLUX  653   941.00        3.185893E+14   1.6184E-04   1.6204E-04   0.99875
FLUX  654   943.00        3.179136E+14   1.6126E-04   1.6140E-04   0.99914
FLUX  655   945.00        3.172407E+14   1.6062E-04   1.6076E-04   0.99910
FLUX  656   947.00        3.165707E+14   1.5943E-04   1.6012E-04   0.99569
FLUX  657   949.00        3.159036E+14   1.5926E-04   1.5949E-04   0.99854
FLUX  658   951.00        3.152392E+14   1.5715E-04   1.5886E-04   0.98923
FLUX  659   953.00        3.145776E+14   1.5317E-04   1.5824E-04   0.96796
FLUX  660   955.00        3.139188E+14   1.4079E-04   1.5762E-04   0.89326
FLUX  661   957.00        3.132628E+14   1.5422E-04   1.5700E-04   0.98228
FLUX  662   959.00        3.126095E+14   1.5582E-04   1.5639E-04   0.99637
FLUX  663   961.00        3.119589E+14   1.5526E-04   1.5578E-04   0.99668
FLUX  664   963.00        3.113110E+14   1.5443E-04   1.5517E-04   0.99526
FLUX  665   965.00        3.106658E+14   1.5453E-04   1.5457E-04   0.99977
FLUX  666   967.00        3.100233E+14   1.5396E-04   1.5397E-04   0.99997
FLUX  667   969.00        3.093834E+14   1.5327E-04   1.5337E-04   0.99935
FLUX  668   971.00        3.087461E+14   1.5056E-04   1.5278E-04   0.98550
FLUX  669   973.00        3.081115E+14   1.5187E-04   1.5219E-04   0.99794
FLUX  670   975.00        3.074795E+14   1.5157E-04   1.5160E-04   0.99980
FLUX  671   977.00        3.068501E+14   1.5097E-04   1.5102E-04   0.99971
FLUX  672   979.00        3.062232E+14   1.5040E-04   1.5044E-04   0.99977
FLUX  673   981.00        3.055989E+14   1.4978E-04   1.4986E-04   0.99947
FLUX  674   983.00        3.049771E+14   1.4926E-04   1.4929E-04   0.99981
FLUX  675   985.00        3.043579E+14   1.4866E-04   1.4872E-04   0.99961
FLUX  676   987.00        3.037411E+14   1.4808E-04   1.4815E-04   0.99949
FLUX  677   989.00        3.031269E+14   1.4740E-04   1.4759E-04   0.99871
FLUX  678   991.00        3.025151E+14   1.4650E-04   1.4703E-04   0.99638
FLUX  679   993.00        3.019058E+14   1.4645E-04   1.4647E-04   0.99983
FLUX  680   995.00        3.012990E+14   1.4590E-04   1.4592E-04   0.99987
FLUX  681   997.00        3.006946E+14   1.4529E-04   1.4537E-04   0.99944
FLUX  682   999.00        3.000926E+14   1.4476E-04   1.4482E-04   0.99956
FLUX  683  1002.50        2.990449E+14   1.3982E-04   1.4387E-04   0.97186
FLUX  684  1007.50        2.975608E+14   1.3692E-04   1.4253E-04   0.96065
FLUX  685  1012.50        2.960914E+14   1.4010E-04   1.4120E-04   0.99219
FLUX  686  1017.50        2.946364E+14   1.3989E-04   1.3990E-04   0.99998
FLUX  687  1022.50        2.931956E+14   1.3854E-04   1.3861E-04   0.99950
FLUX  688  1027.50        2.917689E+14   1.3731E-04   1.3734E-04   0.99978
FLUX  689  1032.50        2.903559E+14   1.3567E-04   1.3609E-04   0.99694
FLUX  690  1037.50        2.889566E+14   1.3485E-04   1.3485E-04   0.99998
FLUX  691  1042.50        2.875707E+14   1.3360E-04   1.3363E-04   0.99972
FLUX  692  1047.50        2.861981E+14   1.3243E-04   1.3243E-04   0.99998
FLUX  693  1052.50        2.848385E+14   1.3122E-04   1.3124E-04   0.99982
FLUX  694  1057.50        2.834917E+14   1.3007E-04   1.3007E-04   0.99994
FLUX  695  1062.50        2.821576E+14   1.2891E-04   1.2892E-04   0.99992
FLUX  696  1067.50        2.808361E+14   1.2763E-04   1.2778E-04   0.99885
FLUX  697  1072.50        2.795268E+14   1.2665E-04   1.2665E-04   0.99998
FLUX  698  1077.50        2.782297E+14   1.2554E-04   1.2554E-04   0.99992
FLUX  699  1082.50        2.769446E+14   1.2341E-04   1.2445E-04   0.99166
FLUX  700  1087.50        2.756713E+14   1.2321E-04   1.2337E-04   0.99874
FLUX  701  1092.50        2.744096E+14   1.1532E-04   1.2230E-04   0.94294
FLUX  702  1097.50        2.731595E+14   1.1966E-04   1.2125E-04   0.98688
FLUX  703  1102.50        2.719206E+14   1.1975E-04   1.2021E-04   0.99621
FLUX  704  1107.50        2.706930E+14   1.1914E-04   1.1918E-04   0.99968
FLUX  705  1112.50        2.694764E+14   1.1815E-04   1.1817E-04   0.99986
FLUX  706  1117.50        2.682707E+14   1.1717E-04   1.1717E-04   0.99998
FLUX  707  1122.50        2.670757E+14   1.1614E-04   1.1618E-04   0.99961
FLUX  708  1127.50        2.658914E+14   1.1519E-04   1.1520E-04   0.99991
FLUX  709  1132.50        2.647174E+14   1.1417E-04   1.1424E-04   0.99936
FLUX  710  1137.50        2.635538E+14   1.1326E-04   1.1329E-04   0.99971
FLUX  711  1142.50        2.624004E+14   1.1231E-04   1.1235E-04   0.99964
FLUX  712  1147.50        2.612571E+14   1.1140E-04   1.1142E-04   0.99982
FLUX  713  1152.50        2.601236E+14   1.1050E-04   1.1050E-04   0.99999
FLUX  714  1157.50        2.590000E+14   1.0957E-04   1.0960E-04   0.99971
FLUX  715  1162.50        2.578860E+14   1.0849E-04   1.0870E-04   0.99799
FLUX  716  1167.50        2.567816E+14   1.0765E-04   1.0782E-04   0.99847
FLUX  717  1172.50        2.556866E+14   1.0695E-04   1.0695E-04   1.00000
FLUX  718  1177.50        2.546008E+14   1.0608E-04   1.0608E-04   0.99994
FLUX  719  1182.50        2.535243E+14   1.0520E-04   1.0523E-04   0.99973
FLUX  720  1187.50        2.524568E+14   1.0438E-04   1.0439E-04   0.99988
FLUX  721  1192.50        2.513983E+14   1.0354E-04   1.0356E-04   0.99989
FLUX  722  1197.50        2.503486E+14   1.0194E-04   1.0273E-04   0.99227
FLUX  723  1202.50        2.493077E+14   1.0192E-04   1.0192E-04   0.99997
FLUX  724  1207.50        2.482754E+14   1.0111E-04   1.0112E-04   0.99991
FLUX  725  1212.50        2.472515E+14   1.0029E-04   1.0032E-04   0.99967
FLUX  726  1217.50        2.462361E+14   9.9536E-05   9.9540E-05   0.99997
FLUX  727  1222.50        2.452290E+14   9.8759E-05   9.8764E-05   0.99995
FLUX  728  1227.50        2.442301E+14   9.7997E-05   9.7998E-05   0.99999
FLUX  729  1232.50        2.432394E+14   9.7231E-05   9.7241E-05   0.99990
FLUX  730  1237.50        2.422566E+14   9.6482E-05   9.6492E-05   0.99990
FLUX  731  1242.50        2.412817E+14   9.5751E-05   9.5752E-05   0.99999
FLUX  732  1247.50        2.403146E+14   9.5003E-05   9.5020E-05   0.99982
FLUX  733  1252.50        2.393553E+14   9.4120E-05   9.4296E-05   0.99813
FLUX  734  1257.50        2.384036E+14   9.3550E-05   9.3581E-05   0.99966
FLUX  735  1262.50        2.374594E+14   9.2855E-05   9.2874E-05   0.99980
FLUX  736  1267.50        2.365227E+14   9.2173E-05   9.2175E-05   0.99998
FLUX  737  1272.50        2.355933E+14   9.1476E-05   9.1484E-05   0.99992
FLUX  738  1277.50        2.346712E+14   8.9711E-05   9.0800E-05   0.98800
FLUX  739  1282.50        2.337563E+14   8.4993E-05   9.0124E-05   0.94306
FLUX  740  1287.50        2.328485E+14   8.9176E-05   8.9455E-05   0.99687
FLUX  741  1292.50        2.319478E+14   8.8788E-05   8.8794E-05   0.99993
FLUX  742  1297.50        2.310539E+14   8.7719E-05   8.8140E-05   0.99523
FLUX  743  1302.50        2.301670E+14   8.7452E-05   8.7494E-05   0.99952
FLUX  744  1307.50        2.292868E+14   8.6853E-05   8.6854E-05   0.99999
FLUX  745  1312.50        2.284133E+14   8.6221E-05   8.6221E-05   1.00000
FLUX  746  1317.50        2.275465E+14   8.5594E-05   8.5595E-05   0.99999
FLUX  747  1322.50        2.266862E+14   8.4976E-05   8.4976E-05   0.99999
FLUX  748  1327.50        2.258324E+14   8.4363E-05   8.4364E-05   0.99999
FLUX  749  1332.50        2.249850E+14   8.3746E-05   8.3758E-05   0.99986
FLUX  750  1337.50        2.241439E+14   8.3131E-05   8.3159E-05   0.99967
FLUX  751  1342.50        2.233091E+14   8.2500E-05   8.2566E-05   0.99920
FLUX  752  1347.50        2.224805E+14   8.1969E-05   8.1979E-05   0.99988
FLUX  753  1352.50        2.216580E+14   8.1365E-05   8.1399E-05   0.99958
FLUX  754  1357.50        2.208416E+14   8.0817E-05   8.0825E-05   0.99991
FLUX  755  1362.50        2.200312E+14   8.0209E-05   8.0256E-05   0.99941
FLUX  756  1367.50        2.192267E+14   7.9687E-05   7.9694E-05   0.99991
FLUX  757  1372.50        2.184281E+14   7.9086E-05   7.9138E-05   0.99935
FLUX  758  1377.50        2.176352E+14   7.8586E-05   7.8587E-05   0.99999
FLUX  759  1382.50        2.168481E+14   7.8041E-05   7.8042E-05   0.99999
FLUX  760  1387.50        2.160667E+14   7.7498E-05   7.7503E-05   0.99994
FLUX  761  1392.50        2.152908E+14   7.6931E-05   7.6969E-05   0.99951
FLUX  762  1397.50        2.145206E+14   7.6431E-05   7.6441E-05   0.99987
FLUX  763  1402.50        2.137558E+14   7.5887E-05   7.5918E-05   0.99960
FLUX  764  1407.50        2.129964E+14   7.5399E-05   7.5400E-05   0.99999
FLUX  765  1412.50        2.122425E+14   7.4879E-05   7.4888E-05   0.99988
FLUX  766  1417.50        2.114938E+14   7.4376E-05   7.4381E-05   0.99994
FLUX  767  1422.50        2.107504E+14   7.3878E-05   7.3878E-05   0.99999
FLUX  768  1427.50        2.100123E+14   7.3376E-05   7.3381E-05   0.99992
FLUX  769  1432.50        2.092792E+14   7.2886E-05   7.2889E-05   0.99995
FLUX  770  1437.50        2.085513E+14   7.2396E-05   7.2402E-05   0.99992
FLUX  771  1442.50        2.078284E+14   7.1919E-05   7.1920E-05   0.99999
FLUX  772  1447.50        2.071105E+14   7.1442E-05   7.1443E-05   1.00000
FLUX  773  1452.50        2.063976E+14   7.0964E-05   7.0970E-05   0.99992
FLUX  774  1457.00        2.057601E+14   7.0546E-05   7.0548E-05   0.99997
FLUX  775  1462.00        2.050564E+14   7.0068E-05   7.0572E-05   0.99286
FLUX  776  1467.50        2.042879E+14   6.9568E-05   7.0063E-05   0.99294
FLUX  777  1472.50        2.035942E+14   6.9115E-05   6.9605E-05   0.99297
FLUX  778  1477.50        2.029052E+14   6.8597E-05   6.9151E-05   0.99200
FLUX  779  1482.50        2.022209E+14   6.8226E-05   6.8701E-05   0.99309
FLUX  780  1487.50        2.015412E+14   6.7788E-05   6.8256E-05   0.99315
FLUX  781  1492.50        2.008660E+14   6.7354E-05   6.7815E-05   0.99320
FLUX  782  1497.50        2.001953E+14   6.6923E-05   6.7378E-05   0.99324
FLUX  783  1502.50        1.995291E+14   6.6488E-05   6.6946E-05   0.99316
FLUX  784  1507.50        1.988673E+14   6.5984E-05   6.6517E-05   0.99199
FLUX  785  1512.50        1.982099E+14   6.5650E-05   6.6093E-05   0.99329
FLUX  786  1517.50        1.975568E+14   6.5230E-05   6.5673E-05   0.99326
FLUX  787  1522.50        1.969080E+14   6.4821E-05   6.5256E-05   0.99332
FLUX  788  1527.50        1.962635E+14   6.4394E-05   6.4844E-05   0.99305
FLUX  789  1532.50        1.956232E+14   6.3977E-05   6.4436E-05   0.99289
FLUX  790  1537.50        1.949870E+14   6.3600E-05   6.4031E-05   0.99326
FLUX  791  1542.50        1.943549E+14   6.3127E-05   6.3630E-05   0.99210
FLUX  792  1547.50        1.937270E+14   6.2804E-05   6.3233E-05   0.99321
FLUX  793  1552.50        1.931031E+14   6.2399E-05   6.2840E-05   0.99298
FLUX  794  1557.50        1.924831E+14   6.1848E-05   6.2450E-05   0.99036
FLUX  795  1562.50        1.918672E+14   6.1740E-05   6.2064E-05   0.99478
FLUX  796  1567.50        1.912552E+14   6.1137E-05   6.1681E-05   0.99119
FLUX  797  1572.50        1.906471E+14   6.0598E-05   6.1302E-05   0.98852
FLUX  798  1577.50        1.900428E+14   6.0661E-05   6.0926E-05   0.99564
FLUX  799  1582.50        1.894423E+14   6.0258E-05   6.0554E-05   0.99512
FLUX  800  1587.50        1.888457E+14   5.9059E-05   6.0185E-05   0.98130
FLUX  801  1592.50        1.882527E+14   5.9368E-05   5.9820E-05   0.99246
FLUX  802  1597.50        1.876635E+14   5.9283E-05   5.9457E-05   0.99707
FLUX  803  1605.00        1.867866E+14   5.8559E-05   5.8920E-05   0.99388
FLUX  804  1615.00        1.856300E+14   5.7314E-05   5.8215E-05   0.98452
FLUX  805  1625.00        1.844877E+14   5.7515E-05   5.7522E-05   0.99988
FLUX  806  1635.00        1.833593E+14   5.6442E-05   5.6842E-05   0.99296
FLUX  807  1645.00        1.822447E+14   5.5078E-05   5.6173E-05   0.98050
FLUX  808  1655.00        1.811435E+14   5.5511E-05   5.5516E-05   0.99992
FLUX  809  1665.00        1.800556E+14   5.4867E-05   5.4871E-05   0.99993
FLUX  810  1675.00        1.789806E+14   5.3795E-05   5.4236E-05   0.99187
FLUX  811  1685.00        1.779184E+14   5.2402E-05   5.3612E-05   0.97742
FLUX  812  1695.00        1.768687E+14   5.2994E-05   5.3000E-05   0.99989
FLUX  813  1705.00        1.758314E+14   5.2175E-05   5.2397E-05   0.99576
FLUX  814  1715.00        1.748061E+14   5.1804E-05   5.1805E-05   0.99998
FLUX  815  1725.00        1.737928E+14   5.1200E-05   5.1222E-05   0.99957
FLUX  816  1735.00        1.727911E+14   4.9098E-05   5.0650E-05   0.96937
FLUX  817  1745.00        1.718009E+14   4.9952E-05   5.0086E-05   0.99731
FLUX  818  1755.00        1.708219E+14   4.9532E-05   4.9532E-05   0.99999
FLUX  819  1765.00        1.698541E+14   4.8988E-05   4.8988E-05   1.00000
FLUX  820  1775.00        1.688972E+14   4.8449E-05   4.8452E-05   0.99994
FLUX  821  1785.00        1.679510E+14   4.7906E-05   4.7924E-05   0.99963
FLUX  822  1795.00        1.670153E+14   4.7405E-05   4.7406E-05   1.00000
FLUX  823  1805.00        1.660900E+14   4.6891E-05   4.6895E-05   0.99990
FLUX  824  1815.00        1.651749E+14   4.4976E-05   4.6393E-05   0.96945
FLUX  825  1825.00        1.642699E+14   4.5658E-05   4.5899E-05   0.99477
FLUX  826  1835.00        1.633747E+14   4.5411E-05   4.5412E-05   0.99998
FLUX  827  1845.00        1.624892E+14   4.4929E-05   4.4933E-05   0.99991
FLUX  828  1855.00        1.616132E+14   4.4424E-05   4.4462E-05   0.99914
FLUX  829  1865.00        1.607466E+14   4.3664E-05   4.3998E-05   0.99241
FLUX  830  1875.00        1.598893E+14   4.2144E-05   4.3541E-05   0.96791
FLUX  831  1885.00        1.590411E+14   4.3071E-05   4.3091E-05   0.99954
FLUX  832  1895.00        1.582018E+14   4.2637E-05   4.2649E-05   0.99972
FLUX  833  1905.00        1.573714E+14   4.2092E-05   4.2212E-05   0.99715
FLUX  834  1915.00        1.565496E+14   4.1782E-05   4.1783E-05   0.99997
FLUX  835  1925.00        1.557364E+14   4.1360E-05   4.1360E-05   0.99999
FLUX  836  1935.00        1.549315E+14   4.0894E-05   4.0943E-05   0.99879
FLUX  837  1945.00        1.541350E+14   3.9078E-05   4.0533E-05   0.96412
FLUX  838  1955.00        1.533465E+14   4.0037E-05   4.0129E-05   0.99771
FLUX  839  1965.00        1.525662E+14   3.9730E-05   3.9730E-05   0.99999
FLUX  840  1975.00        1.517937E+14   3.9337E-05   3.9338E-05   1.00000
FLUX  841  1985.00        1.510290E+14   3.8950E-05   3.8951E-05   0.99998
FLUX  842  1995.00        1.502719E+14   3.8569E-05   3.8570E-05   0.99998
FLUX  843  2005.00        1.495224E+14   3.8194E-05   3.8194E-05   0.99999
FLUX  844  2015.00        1.487804E+14   3.7824E-05   3.7824E-05   1.00000
FLUX  845  2025.00        1.480457E+14   3.7459E-05   3.7459E-05   1.00000
FLUX  846  2035.00        1.473182E+14   3.7100E-05   3.7100E-05   1.00000
FLUX  847  2045.00        1.465978E+14   3.6736E-05   3.6745E-05   0.99976
FLUX  848  2055.00        1.458844E+14   3.6338E-05   3.6396E-05   0.99842
FLUX  849  2065.00        1.451780E+14   3.6051E-05   3.6051E-05   1.00000
FLUX  850  2075.00        1.444783E+14   3.5709E-05   3.5711E-05   0.99993
FLUX  851  2085.00        1.437854E+14   3.5376E-05   3.5377E-05   0.99999
FLUX  852  2095.00        1.430990E+14   3.5044E-05   3.5046E-05   0.99994
FLUX  853  2105.00        1.424192E+14   3.4716E-05   3.4721E-05   0.99988
FLUX  854  2115.00        1.417459E+14   3.4296E-05   3.4400E-05   0.99700
FLUX  855  2125.00        1.410788E+14   3.4083E-05   3.4083E-05   1.00000
FLUX  856  2135.00        1.404180E+14   3.3770E-05   3.3771E-05   0.99998
FLUX  857  2145.00        1.397634E+14   3.3456E-05   3.3462E-05   0.99980
FLUX  858  2155.00        1.391148E+14   3.3123E-05   3.3158E-05   0.99893
FLUX  859  2165.00        1.384723E+14   3.1631E-05   3.2859E-05   0.96263
FLUX  860  2175.00        1.378356E+14   3.2482E-05   3.2563E-05   0.99751
FLUX  861  2185.00        1.372048E+14   3.2256E-05   3.2271E-05   0.99953
FLUX  862  2195.00        1.365797E+14   3.1983E-05   3.1983E-05   0.99999
FLUX  863  2205.00        1.359603E+14   3.1699E-05   3.1699E-05   1.00000
FLUX  864  2215.00        1.353465E+14   3.1418E-05   3.1418E-05   1.00000
FLUX  865  2225.00        1.347382E+14   3.1137E-05   3.1142E-05   0.99986
FLUX  866  2235.00        1.341353E+14   3.0868E-05   3.0869E-05   1.00000
FLUX  867  2245.00        1.335379E+14   3.0599E-05   3.0599E-05   1.00000
FLUX  868  2255.00        1.329457E+14   3.0333E-05   3.0333E-05   1.00000
FLUX  869  2265.00        1.323587E+14   3.0070E-05   3.0070E-05   1.00000
FLUX  870  2275.00        1.317769E+14   2.9811E-05   2.9811E-05   1.00000
FLUX  871  2285.00        1.312002E+14   2.9553E-05   2.9636E-05   0.99720
FLUX  872  2295.00        1.306285E+14   2.9301E-05   2.9382E-05   0.99725
FLUX  873  2305.00        1.300618E+14   2.9048E-05   2.9132E-05   0.99712
FLUX  874  2315.00        1.295000E+14   2.8807E-05   2.8885E-05   0.99730
FLUX  875  2325.00        1.289430E+14   2.8565E-05   2.8641E-05   0.99734
FLUX  876  2335.00        1.283908E+14   2.8325E-05   2.8400E-05   0.99737
FLUX  877  2345.00        1.278433E+14   2.8089E-05   2.8162E-05   0.99740
FLUX  878  2355.00        1.273004E+14   2.7855E-05   2.7927E-05   0.99742
FLUX  879  2365.00        1.267622E+14   2.7624E-05   2.7695E-05   0.99744
FLUX  880  2375.00        1.262284E+14   2.7396E-05   2.7466E-05   0.99745
FLUX  881  2385.00        1.256992E+14   2.7171E-05   2.7239E-05   0.99749
FLUX  882  2395.00        1.251743E+14   2.6948E-05   2.7016E-05   0.99748
FLUX  883  2405.00        1.246538E+14   2.6728E-05   2.6795E-05   0.99749
FLUX  884  2415.00        1.241377E+14   2.6510E-05   2.6577E-05   0.99747
FLUX  885  2425.00        1.236258E+14   2.6292E-05   2.6361E-05   0.99735
FLUX  886  2435.00        1.231181E+14   2.6082E-05   2.6148E-05   0.99745
FLUX  887  2445.00        1.226145E+14   2.5869E-05   2.5938E-05   0.99734
FLUX  888  2455.00        1.221151E+14   2.5667E-05   2.5730E-05   0.99753
FLUX  889  2465.00        1.216197E+14   2.5454E-05   2.5525E-05   0.99724
FLUX  890  2475.00        1.211283E+14   2.5221E-05   2.5322E-05   0.99601
FLUX  891  2485.00        1.206408E+14   2.5065E-05   2.5121E-05   0.99776
FLUX  892  2495.00        1.201573E+14   2.4828E-05   2.4923E-05   0.99619
FLUX  893  2505.00        1.196776E+14   2.4688E-05   2.4727E-05   0.99841
FLUX  894  2515.00        1.192018E+14   2.4501E-05   2.4534E-05   0.99866
FLUX  895  2525.00        1.187297E+14   2.4221E-05   2.4343E-05   0.99501
FLUX  896  2535.00        1.182613E+14   2.4110E-05   2.4153E-05   0.99820
FLUX  897  2545.00        1.177967E+14   2.3966E-05   2.3967E-05   0.99997
FLUX  898  2555.00        1.173356E+14   2.3736E-05   2.3782E-05   0.99808
FLUX  899  2565.00        1.168782E+14   2.3428E-05   2.3599E-05   0.99276
FLUX  900  2575.00        1.164243E+14   2.3389E-05   2.3419E-05   0.99875
FLUX  901  2585.00        1.159739E+14   2.3240E-05   2.3240E-05   0.99998
FLUX  902  2595.00        1.155270E+14   2.3063E-05   2.3064E-05   0.99997
FLUX  903  2605.00        1.150835E+14   2.2801E-05   2.2889E-05   0.99617
FLUX  904  2615.00        1.146434E+14   2.2402E-05   2.2717E-05   0.98613
FLUX  905  2625.00        1.142067E+14   2.1673E-05   2.2546E-05   0.96129
FLUX  906  2635.00        1.137732E+14   2.2300E-05   2.2377E-05   0.99655
FLUX  907  2645.00        1.133431E+14   2.2210E-05   2.2210E-05   0.99997
FLUX  908  2655.00        1.129162E+14   2.2029E-05   2.2046E-05   0.99925
FLUX  909  2665.00        1.124925E+14   2.1830E-05   2.1882E-05   0.99760
FLUX  910  2675.00        1.120720E+14   2.1351E-05   2.1721E-05   0.98298
FLUX  911  2685.00        1.116546E+14   2.1498E-05   2.1561E-05   0.99708
FLUX  912  2695.00        1.112403E+14   2.1403E-05   2.1404E-05   0.99998
FLUX  913  2705.00        1.108290E+14   2.1247E-05   2.1248E-05   0.99999
FLUX  914  2715.00        1.104208E+14   2.1093E-05   2.1093E-05   1.00000
FLUX  915  2725.00        1.100156E+14   2.0940E-05   2.0940E-05   1.00000
FLUX  916  2735.00        1.096133E+14   2.0789E-05   2.0789E-05   0.99999
FLUX  917  2745.00        1.092140E+14   2.0620E-05   2.0640E-05   0.99903
FLUX  918  2755.00        1.088176E+14   2.0084E-05   2.0492E-05   0.98010
FLUX  919  2765.00        1.084241E+14   2.0185E-05   2.0345E-05   0.99210
FLUX  920  2775.00        1.080333E+14   2.0200E-05   2.0201E-05   0.99997
FLUX  921  2785.00        1.076454E+14   2.0057E-05   2.0057E-05   0.99999
FLUX  922  2795.00        1.072603E+14   1.9916E-05   1.9916E-05   1.00000
FLUX  923  2805.00        1.068779E+14   1.9774E-05   1.9776E-05   0.99992
FLUX  924  2815.00        1.064982E+14   1.9637E-05   1.9637E-05   0.99999
FLUX  925  2825.00        1.061212E+14   1.9499E-05   1.9499E-05   0.99999
FLUX  926  2835.00        1.057469E+14   1.9364E-05   1.9364E-05   1.00000
FLUX  927  2845.00        1.053752E+14   1.9229E-05   1.9229E-05   0.99999
FLUX  928  2855.00        1.050061E+14   1.9089E-05   1.9096E-05   0.99963
FLUX  929  2865.00        1.046396E+14   1.8854E-05   1.8964E-05   0.99419
FLUX  930  2875.00        1.042757E+14   1.8331E-05   1.8834E-05   0.97332
FLUX  931  2885.00        1.039142E+14   1.8676E-05   1.8705E-05   0.99847
FLUX  932  2895.00        1.035553E+14   1.8577E-05   1.8577E-05   0.99999
FLUX  933  2905.00        1.031988E+14   1.8451E-05   1.8451E-05   1.00000
FLUX  934  2915.00        1.028448E+14   1.8326E-05   1.8326E-05   1.00000
FLUX  935  2925.00        1.024932E+14   1.8202E-05   1.8202E-05   1.00000
FLUX  936  2935.00        1.021440E+14   1.8079E-05   1.8079E-05   0.99999
FLUX  937  2945.00        1.017971E+14   1.7958E-05   1.7958E-05   0.99998
FLUX  938  2955.00        1.014526E+14   1.7838E-05   1.7838E-05   1.00000
FLUX  939  2965.00        1.011105E+14   1.7719E-05   1.7719E-05   1.00000
FLUX  940  2975.00        1.007706E+14   1.7601E-05   1.7601E-05   1.00000
FLUX  941  2985.00        1.004330E+14   1.7484E-05   1.7484E-05   1.00000
FLUX  942  2995.00        1.000977E+14   1.7369E-05   1.7369E-05   0.99998
FLUX  943  3005.00        9.976456E+13   1.7254E-05   1.7255E-05   1.00000
FLUX  944  3015.00        9.943367E+13   1.7138E-05   1.7141E-05   0.99982
FLUX  945  3025.00        9.910496E+13   1.7017E-05   1.7029E-05   0.99929
FLUX  946  3035.00        9.877842E+13   1.6507E-05   1.6918E-05   0.97571
FLUX  947  3045.00        9.845402E+13   1.6583E-05   1.6808E-05   0.98658
FLUX  948  3055.00        9.813175E+13   1.6696E-05   1.6699E-05   0.99978
FLUX  949  3065.00        9.781158E+13   1.6590E-05   1.6592E-05   0.99989
FLUX  950  3075.00        9.749350E+13   1.6479E-05   1.6485E-05   0.99965
FLUX  951  3085.00        9.717747E+13   1.6375E-05   1.6379E-05   0.99975
FLUX  952  3095.00        9.686349E+13   1.6274E-05   1.6274E-05   1.00000
FLUX  953  3105.00        9.655153E+13   1.6170E-05   1.6170E-05   0.99997
FLUX  954  3115.00        9.624157E+13   1.6067E-05   1.6068E-05   0.99995
FLUX  955  3125.00        9.593360E+13   1.5964E-05   1.5966E-05   0.99990
FLUX  956  3135.00        9.562759E+13   1.5865E-05   1.5865E-05   0.99999
FLUX  957  3145.00        9.532353E+13   1.5765E-05   1.5765E-05   0.99997
FLUX  958  3155.00        9.502139E+13   1.5666E-05   1.5666E-05   1.00000
FLUX  959  3165.00        9.472117E+13   1.5568E-05   1.5568E-05   0.99999
FLUX  960  3175.00        9.442283E+13   1.5471E-05   1.5471E-05   1.00000
FLUX  961  3185.00        9.412637E+13   1.5375E-05   1.5375E-05   1.00000
FLUX  962  3195.00        9.383177E+13   1.5279E-05   1.5279E-05   1.00000
FLUX  963  3210.00        9.339330E+13   1.5138E-05   1.5138E-05   1.00000
FLUX  964  3230.00        9.281502E+13   1.4953E-05   1.4953E-05   1.00000
FLUX  965  3250.00        9.224385E+13   1.4770E-05   1.4771E-05   1.00000
FLUX  966  3270.00        9.167966E+13   1.4591E-05   1.4592E-05   0.99998
FLUX  967  3290.00        9.112234E+13   1.4115E-05   1.4434E-05   0.97787
FLUX  968  3310.00        9.057175E+13   1.4183E-05   1.4262E-05   0.99448
FLUX  969  3330.00        9.002778E+13   1.4082E-05   1.4092E-05   0.99928
FLUX  970  3350.00        8.949030E+13   1.3925E-05   1.3925E-05   0.99997
FLUX  971  3370.00        8.895920E+13   1.3761E-05   1.3762E-05   0.99997
FLUX  972  3390.00        8.843437E+13   1.3600E-05   1.3601E-05   0.99997
FLUX  973  3410.00        8.791569E+13   1.3442E-05   1.3442E-05   0.99997
FLUX  974  3430.00        8.740306E+13   1.3287E-05   1.3287E-05   0.99997
FLUX  975  3450.00        8.689638E+13   1.3134E-05   1.3134E-05   0.99997
FLUX  976  3470.00        8.639553E+13   1.2984E-05   1.2984E-05   0.99997
FLUX  977  3490.00        8.590043E+13   1.2836E-05   1.2837E-05   0.99997
FLUX  978  3510.00        8.541097E+13   1.2691E-05   1.2691E-05   0.99997
FLUX  979  3530.00        8.492705E+13   1.2548E-05   1.2549E-05   0.99997
FLUX  980  3550.00        8.444859E+13   1.2408E-05   1.2409E-05   0.99997
FLUX  981  3570.00        8.397549E+13   1.2270E-05   1.2271E-05   0.99997
FLUX  982  3590.00        8.350766E+13   1.2135E-05   1.2135E-05   0.99997
FLUX  983  3610.00        8.304501E+13   1.2001E-05   1.2002E-05   0.99997
FLUX  984  3630.00        8.258747E+13   1.1870E-05   1.1870E-05   0.99997
FLUX  985  3650.00        8.213493E+13   1.1740E-05   1.1741E-05   0.99990
FLUX  986  3670.00        8.168733E+13   1.1614E-05   1.1614E-05   0.99998
FLUX  987  3690.00        8.124458E+13   1.1476E-05   1.1489E-05   0.99889
FLUX  988  3710.00        8.080660E+13   1.1353E-05   1.1366E-05   0.99883
FLUX  989  3730.00        8.037332E+13   1.1123E-05   1.1245E-05   0.98914
FLUX  990  3750.00        7.994467E+13   1.0939E-05   1.1126E-05   0.98322
FLUX  991  3770.00        7.952056E+13   1.1006E-05   1.1009E-05   0.99980
FLUX  992  3790.00        7.910092E+13   1.0893E-05   1.0893E-05   0.99998
FLUX  993  3810.00        7.868570E+13   1.0762E-05   1.0780E-05   0.99837
FLUX  994  3830.00        7.827480E+13   1.0652E-05   1.0668E-05   0.99857
FLUX  995  3850.00        7.786818E+13   1.0557E-05   1.0558E-05   0.99998
FLUX  996  3870.00        7.746576E+13   1.0449E-05   1.0449E-05   0.99999
FLUX  997  3890.00        7.706748E+13   1.0338E-05   1.0342E-05   0.99957
FLUX  998  3910.00        7.667327E+13   1.0192E-05   1.0237E-05   0.99559
FLUX  999  3930.00        7.628308E+13   1.0133E-05   1.0134E-05   0.99997
FLUX 1000  3950.00        7.589684E+13   1.0031E-05   1.0032E-05   0.99999
FLUX 1001  3970.00        7.551448E+13   9.9309E-06   9.9310E-06   0.99999
FLUX 1002  3990.00        7.513596E+13   9.8319E-06   9.8320E-06   0.99999
FLUX 1003  4010.00        7.476122E+13   9.7016E-06   9.7345E-06   0.99662
FLUX 1004  4030.00        7.439020E+13   9.5744E-06   9.6384E-06   0.99336
FLUX 1005  4050.00        7.402284E+13   9.3469E-06   9.5437E-06   0.97938
FLUX 1006  4070.00        7.365909E+13   9.4483E-06   9.4504E-06   0.99978
FLUX 1007  4090.00        7.329890E+13   9.3584E-06   9.3584E-06   0.99999
FLUX 1008  4110.00        7.294221E+13   9.2677E-06   9.2678E-06   0.99999
FLUX 1009  4130.00        7.258898E+13   9.1727E-06   9.1784E-06   0.99938
FLUX 1010  4150.00        7.223916E+13   9.0862E-06   9.0904E-06   0.99954
FLUX 1011  4170.00        7.189269E+13   8.9051E-06   9.0036E-06   0.98906
FLUX 1012  4190.00        7.154952E+13   8.9111E-06   8.9180E-06   0.99923
FLUX 1013  4210.00        7.120962E+13   8.8336E-06   8.8336E-06   0.99999
FLUX 1014  4230.00        7.087293E+13   8.7504E-06   8.7504E-06   1.00000
FLUX 1015  4250.00        7.053941E+13   8.6655E-06   8.6684E-06   0.99966
FLUX 1016  4270.00        7.020902E+13   8.5875E-06   8.5875E-06   1.00000
FLUX 1017  4290.00        6.988170E+13   8.4976E-06   8.5077E-06   0.99880
FLUX 1018  4310.00        6.955742E+13   8.4290E-06   8.4291E-06   1.00000
FLUX 1019  4330.00        6.923614E+13   8.3514E-06   8.3515E-06   1.00000
FLUX 1020  4350.00        6.891782E+13   8.2747E-06   8.2750E-06   0.99997
FLUX 1021  4370.00        6.860240E+13   8.0935E-06   8.1995E-06   0.98707
FLUX 1022  4390.00        6.828986E+13   8.0953E-06   8.1250E-06   0.99634
FLUX 1023  4410.00        6.798016E+13   8.0515E-06   8.0516E-06   0.99999
FLUX 1024  4430.00        6.767325E+13   7.9791E-06   7.9791E-06   1.00000
FLUX 1025  4450.00        6.736910E+13   7.9076E-06   7.9076E-06   1.00000
FLUX 1026  4470.00        6.706767E+13   7.8424E-06   7.8425E-06   0.99999
FLUX 1027  4490.00        6.676893E+13   7.7727E-06   7.7728E-06   0.99999
FLUX 1028  4510.00        6.647284E+13   7.7039E-06   7.7040E-06   0.99998
FLUX 1029  4530.00        6.617936E+13   7.6361E-06   7.6362E-06   0.99998
FLUX 1030  4550.00        6.588846E+13   7.5691E-06   7.5692E-06   0.99999
FLUX 1031  4570.00        6.560011E+13   7.5031E-06   7.5031E-06   0.99999
FLUX 1032  4590.00        6.531427E+13   7.4378E-06   7.4379E-06   0.99999
FLUX 1033  4610.00        6.503091E+13   7.3716E-06   7.3735E-06   0.99974
FLUX 1034  4630.00        6.475000E+13   7.3050E-06   7.3099E-06   0.99933
FLUX 1035  4650.00        6.447151E+13   7.0533E-06   7.2472E-06   0.97325
FLUX 1036  4670.00        6.419540E+13   7.0406E-06   7.1852E-06   0.97987
FLUX 1037  4690.00        6.392164E+13   7.0991E-06   7.1241E-06   0.99650
FLUX 1038  4710.00        6.365021E+13   7.0635E-06   7.0637E-06   0.99998
FLUX 1039  4730.00        6.338108E+13   7.0040E-06   7.0041E-06   0.99999
FLUX 1040  4750.00        6.311421E+13   6.9450E-06   6.9452E-06   0.99998
FLUX 1041  4770.00        6.284958E+13   6.8869E-06   6.8870E-06   0.99998
FLUX 1042  4790.00        6.258716E+13   6.8296E-06   6.8296E-06   0.99999
FLUX 1043  4810.00        6.232692E+13   6.7729E-06   6.7729E-06   0.99999
FLUX 1044  4830.00        6.206884E+13   6.7168E-06   6.7169E-06   0.99999
FLUX 1045  4850.00        6.181289E+13   6.6615E-06   6.6616E-06   0.99999
FLUX 1046  4870.00        6.155903E+13   6.6069E-06   6.6070E-06   0.99999
FLUX 1047  4890.00        6.130726E+13   6.5529E-06   6.5530E-06   0.99999
FLUX 1048  4910.00        6.105754E+13   6.4996E-06   6.4997E-06   0.99999
FLUX 1049  4930.00        6.080984E+13   6.4469E-06   6.4470E-06   0.99999
FLUX 1050  4950.00        6.056414E+13   6.3949E-06   6.3950E-06   0.99999
FLUX 1051  4970.00        6.032042E+13   6.3435E-06   6.3435E-06   0.99999
FLUX 1052  4990.00        6.007866E+13   6.2927E-06   6.2927E-06   0.99999
FLUX 1053  5010.00        5.983882E+13   6.2425E-06   6.2426E-06   0.99999
FLUX 1054  5030.00        5.960089E+13   6.1928E-06   6.1929E-06   0.99998
FLUX 1055  5050.00        5.936485E+13   6.1439E-06   6.1439E-06   0.99999
FLUX 1056  5070.00        5.913067E+13   6.0954E-06   6.0955E-06   0.99999
FLUX 1057  5090.00        5.889833E+13   6.0475E-06   6.0476E-06   0.99998
FLUX 1058  5110.00        5.866781E+13   5.9875E-06   6.0003E-06   0.99787
FLUX 1059  5130.00        5.843908E+13   5.8200E-06   5.9535E-06   0.97758
FLUX 1060  5150.00        5.821214E+13   5.8992E-06   5.9073E-06   0.99863
FLUX 1061  5170.00        5.798694E+13   5.8615E-06   5.8616E-06   0.99997
FLUX 1062  5190.00        5.776349E+13   5.8164E-06   5.8165E-06   0.99999
FLUX 1063  5210.00        5.754175E+13   5.7718E-06   5.7718E-06   0.99999
FLUX 1064  5230.00        5.732170E+13   5.7276E-06   5.7277E-06   0.99999
FLUX 1065  5250.00        5.710333E+13   5.6839E-06   5.6840E-06   0.99998
FLUX 1066  5270.00        5.688662E+13   5.6407E-06   5.6409E-06   0.99997
FLUX 1067  5290.00        5.667155E+13   5.5982E-06   5.5982E-06   0.99999
FLUX 1068  5310.00        5.645810E+13   5.5560E-06   5.5560E-06   0.99999
FLUX 1069  5330.00        5.624625E+13   5.5143E-06   5.5143E-06   0.99999
FLUX 1070  5350.00        5.603598E+13   5.4730E-06   5.4731E-06   0.99999
FLUX 1071  5370.00        5.582728E+13   5.4299E-06   5.4323E-06   0.99956
FLUX 1072  5390.00        5.562013E+13   5.3897E-06   5.3920E-06   0.99958
FLUX 1073  5410.00        5.541451E+13   5.3520E-06   5.3521E-06   0.99999
FLUX 1074  5430.00        5.521041E+13   5.3126E-06   5.3126E-06   0.99999
FLUX 1075  5450.00        5.500780E+13   5.2736E-06   5.2736E-06   1.00000
FLUX 1076  5470.00        5.480667E+13   5.2350E-06   5.2350E-06   0.99999
FLUX 1077  5490.00        5.460701E+13   5.1968E-06   5.1968E-06   0.99999
FLUX 1078  5510.00        5.440880E+13   5.1570E-06   5.1591E-06   0.99961
FLUX 1079  5530.00        5.421203E+13   5.1112E-06   5.1217E-06   0.99795
FLUX 1080  5550.00        5.401667E+13   5.0847E-06   5.0848E-06   0.99998
FLUX 1081  5570.00        5.382271E+13   5.0482E-06   5.0482E-06   0.99999
FLUX 1082  5590.00        5.363014E+13   5.0120E-06   5.0120E-06   1.00000
FLUX 1083  5610.00        5.343895E+13   4.9762E-06   4.9763E-06   1.00000
FLUX 1084  5630.00        5.324911E+13   4.9408E-06   4.9409E-06   1.00000
FLUX 1085  5650.00        5.306062E+13   4.9058E-06   4.9058E-06   1.00000
FLUX 1086  5670.00        5.287346E+13   4.8711E-06   4.8712E-06   0.99999
FLUX 1087  5690.00        5.268761E+13   4.8367E-06   4.8369E-06   0.99997
FLUX 1088  5710.00        5.250306E+13   4.7826E-06   4.8029E-06   0.99576
FLUX 1089  5730.00        5.231981E+13   4.7673E-06   4.7693E-06   0.99958
FLUX 1090  5750.00        5.213783E+13   4.7361E-06   4.7361E-06   0.99999
FLUX 1091  5770.00        5.195711E+13   4.7032E-06   4.7032E-06   1.00000
FLUX 1092  5790.00        5.177763E+13   4.6706E-06   4.6707E-06   0.99999
FLUX 1093  5810.00        5.159940E+13   4.6384E-06   4.6385E-06   1.00000
FLUX 1094  5830.00        5.142238E+13   4.6065E-06   4.6066E-06   0.99999
FLUX 1095  5850.00        5.124658E+13   4.5768E-06   4.5769E-06   0.99999
FLUX 1096  5870.00        5.107198E+13   4.5455E-06   4.5456E-06   0.99998
FLUX 1097  5890.00        5.089856E+13   4.5020E-06   4.5147E-06   0.99720
FLUX 1098  5910.00        5.072631E+13   4.3654E-06   4.4841E-06   0.97354
FLUX 1099  5930.00        5.055523E+13   4.4416E-06   4.4537E-06   0.99726
FLUX 1100  5950.00        5.038529E+13   4.3932E-06   4.4237E-06   0.99309
FLUX 1101  5970.00        5.021650E+13   4.3800E-06   4.3940E-06   0.99680
FLUX 1102  5990.00        5.004883E+13   4.3645E-06   4.3646E-06   0.99998
FLUX 1103  6010.00        4.988228E+13   4.3354E-06   4.3355E-06   0.99999
FLUX 1104  6030.00        4.971683E+13   4.3066E-06   4.3066E-06   0.99999
FLUX 1105  6050.00        4.955248E+13   4.2780E-06   4.2781E-06   0.99999
FLUX 1106  6070.00        4.938921E+13   4.2498E-06   4.2498E-06   0.99999
FLUX 1107  6090.00        4.922701E+13   4.2218E-06   4.2218E-06   0.99999
FLUX 1108  6110.00        4.906588E+13   4.1941E-06   4.1941E-06   0.99999
FLUX 1109  6130.00        4.890579E+13   4.1666E-06   4.1666E-06   0.99999
FLUX 1110  6150.00        4.874675E+13   4.1394E-06   4.1395E-06   0.99999
FLUX 1111  6170.00        4.858874E+13   4.1125E-06   4.1125E-06   0.99999
FLUX 1112  6190.00        4.843174E+13   4.0858E-06   4.0859E-06   0.99999
FLUX 1113  6210.00        4.827576E+13   4.0594E-06   4.0595E-06   0.99999
FLUX 1114  6230.00        4.812079E+13   4.0333E-06   4.0333E-06   0.99999
FLUX 1115  6250.00        4.796680E+13   4.0073E-06   4.0074E-06   0.99998
FLUX 1116  6270.00        4.781380E+13   3.9763E-06   3.9818E-06   0.99862
FLUX 1117  6290.00        4.766176E+13   3.9077E-06   3.9563E-06   0.98772
FLUX 1118  6310.00        4.751070E+13   3.9216E-06   3.9312E-06   0.99756
FLUX 1119  6330.00        4.736058E+13   3.9062E-06   3.9062E-06   0.99998
FLUX 1120  6350.00        4.721142E+13   3.8815E-06   3.8815E-06   0.99999
FLUX 1121  6370.00        4.706319E+13   3.8570E-06   3.8571E-06   0.99999
FLUX 1122  6390.00        4.691588E+13   3.8328E-06   3.8328E-06   0.99999
FLUX 1123  6420.00        4.669665E+13   3.7969E-06   3.7969E-06   0.99999
FLUX 1124  6460.00        4.640751E+13   3.7497E-06   3.7498E-06   0.99999
FLUX 1125  6500.00        4.612192E+13   3.7035E-06   3.7035E-06   0.99999
FLUX 1126  6540.00        4.583983E+13   3.6580E-06   3.6581E-06   0.99999
FLUX 1127  6580.00        4.556117E+13   3.6134E-06   3.6135E-06   0.99999
FLUX 1128  6620.00        4.528588E+13   3.5696E-06   3.5697E-06   0.99999
FLUX 1129  6660.00        4.501389E+13   3.5266E-06   3.5267E-06   0.99999
FLUX 1130  6700.00        4.474515E+13   3.4844E-06   3.4844E-06   0.99999
FLUX 1131  6740.00        4.447960E+13   3.4392E-06   3.4429E-06   0.99893
FLUX 1132  6780.00        4.421718E+13   3.3684E-06   3.4022E-06   0.99006
FLUX 1133  6820.00        4.395784E+13   3.3620E-06   3.3621E-06   0.99998
FLUX 1134  6860.00        4.370153E+13   3.3227E-06   3.3228E-06   0.99999
FLUX 1135  6900.00        4.344819E+13   3.2841E-06   3.2841E-06   0.99999
FLUX 1136  6940.00        4.319777E+13   3.2461E-06   3.2461E-06   0.99999
FLUX 1137  6980.00        4.295021E+13   3.2087E-06   3.2087E-06   0.99999
FLUX 1138  7020.00        4.270548E+13   3.1720E-06   3.1720E-06   1.00000
FLUX 1139  7060.00        4.246353E+13   3.1359E-06   3.1359E-06   0.99999
FLUX 1140  7100.00        4.222430E+13   3.1004E-06   3.1005E-06   0.99999
FLUX 1141  7140.00        4.198775E+13   3.0655E-06   3.0656E-06   0.99999
FLUX 1142  7180.00        4.175383E+13   3.0312E-06   3.0313E-06   1.00000
FLUX 1143  7220.00        4.152251E+13   2.9975E-06   2.9975E-06   0.99999
FLUX 1144  7260.00        4.129373E+13   2.9643E-06   2.9643E-06   0.99998
FLUX 1145  7300.00        4.106747E+13   2.9317E-06   2.9317E-06   0.99999
FLUX 1146  7340.00        4.084366E+13   2.8996E-06   2.8996E-06   1.00000
FLUX 1147  7380.00        4.062229E+13   2.8680E-06   2.8680E-06   0.99999
FLUX 1148  7420.00        4.040330E+13   2.8330E-06   2.8369E-06   0.99860
FLUX 1149  7460.00        4.018666E+13   2.7551E-06   2.8064E-06   0.98172
FLUX 1150  7500.00        3.997233E+13   2.7050E-06   2.7763E-06   0.97431
FLUX 1151  7540.00        3.976028E+13   2.7416E-06   2.7467E-06   0.99812
FLUX 1152  7580.00        3.955046E+13   2.7176E-06   2.7176E-06   0.99999
FLUX 1153  7620.00        3.934285E+13   2.6889E-06   2.6890E-06   0.99999
FLUX 1154  7660.00        3.913740E+13   2.6607E-06   2.6607E-06   0.99999
FLUX 1155  7700.00        3.893409E+13   2.6329E-06   2.6330E-06   0.99999
FLUX 1156  7740.00        3.873288E+13   2.6056E-06   2.6056E-06   0.99998
FLUX 1157  7780.00        3.853374E+13   2.5751E-06   2.5787E-06   0.99862
FLUX 1158  7820.00        3.833664E+13   2.5521E-06   2.5522E-06   0.99998
FLUX 1159  7860.00        3.814154E+13   2.5260E-06   2.5261E-06   0.99999
FLUX 1160  7900.00        3.794842E+13   2.5003E-06   2.5004E-06   0.99999
FLUX 1161  7940.00        3.775724E+13   2.4750E-06   2.4750E-06   0.99999
FLUX 1162  7980.00        3.756798E+13   2.4501E-06   2.4501E-06   0.99999
FLUX 1163  8020.00        3.738061E+13   2.4255E-06   2.4255E-06   0.99999
FLUX 1164  8060.00        3.719510E+13   2.4013E-06   2.4013E-06   0.99999
FLUX 1165  8100.00        3.701142E+13   2.3774E-06   2.3775E-06   0.99999
FLUX 1166  8140.00        3.682955E+13   2.3484E-06   2.3540E-06   0.99764
FLUX 1167  8180.00        3.664945E+13   2.3289E-06   2.3308E-06   0.99920
FLUX 1168  8220.00        3.647111E+13   2.3080E-06   2.3080E-06   0.99999
FLUX 1169  8260.00        3.629449E+13   2.2855E-06   2.2855E-06   0.99999
FLUX 1170  8300.00        3.611958E+13   2.2633E-06   2.2633E-06   1.00000
FLUX 1171  8340.00        3.594634E+13   2.2415E-06   2.2415E-06   1.00000
FLUX 1172  8380.00        3.577476E+13   2.2200E-06   2.2200E-06   1.00000
FLUX 1173  8420.00        3.560481E+13   2.1988E-06   2.1988E-06   1.00000
FLUX 1174  8460.00        3.543647E+13   2.1778E-06   2.1778E-06   1.00000
FLUX 1175  8500.00        3.526971E+13   2.1572E-06   2.1572E-06   1.00000
FLUX 1176  8540.00        3.510451E+13   2.1369E-06   2.1369E-06   1.00000
FLUX 1177  8580.00        3.494085E+13   2.1168E-06   2.1168E-06   0.99999
FLUX 1178  8620.00        3.477871E+13   2.0970E-06   2.0971E-06   0.99998
FLUX 1179  8660.00        3.461807E+13   2.0659E-06   2.0776E-06   0.99437
FLUX 1180  8700.00        3.445891E+13   2.0574E-06   2.0583E-06   0.99955
FLUX 1181  8740.00        3.430120E+13   2.0215E-06   2.0394E-06   0.99126
FLUX 1182  8780.00        3.414493E+13   2.0028E-06   2.0206E-06   0.99119
FLUX 1183  8820.00        3.399008E+13   2.0022E-06   2.0022E-06   0.99999
FLUX 1184  8860.00        3.383663E+13   1.9840E-06   1.9840E-06   0.99999
FLUX 1185  8900.00        3.368455E+13   1.9660E-06   1.9660E-06   0.99999
FLUX 1186  8940.00        3.353384E+13   1.9483E-06   1.9483E-06   1.00000
FLUX 1187  8980.00        3.338447E+13   1.9308E-06   1.9308E-06   1.00000
FLUX 1188  9020.00        3.323642E+13   1.9136E-06   1.9136E-06   0.99999
FLUX 1189  9060.00        3.308968E+13   1.8965E-06   1.8966E-06   0.99999
FLUX 1190  9100.00        3.294423E+13   1.8797E-06   1.8798E-06   0.99999
FLUX 1191  9140.00        3.280005E+13   1.8632E-06   1.8632E-06   0.99999
FLUX 1192  9180.00        3.265714E+13   1.8468E-06   1.8468E-06   0.99999
FLUX 1193  9220.00        3.251546E+13   1.8307E-06   1.8307E-06   0.99999
FLUX 1194  9260.00        3.237500E+13   1.8147E-06   1.8147E-06   0.99998
FLUX 1195  9300.00        3.223575E+13   1.7990E-06   1.7990E-06   0.99999
FLUX 1196  9340.00        3.209770E+13   1.7834E-06   1.7835E-06   0.99998
FLUX 1197  9380.00        3.196082E+13   1.7532E-06   1.7682E-06   0.99153
FLUX 1198  9420.00        3.182511E+13   1.7492E-06   1.7530E-06   0.99781
FLUX 1199  9460.00        3.169054E+13   1.7381E-06   1.7381E-06   0.99999
FLUX 1200  9500.00        3.155711E+13   1.7233E-06   1.7233E-06   0.99999
FLUX 1201  9540.00        3.142479E+13   1.7087E-06   1.7088E-06   0.99998
FLUX 1202  9580.00        3.129358E+13   1.6944E-06   1.6944E-06   0.99999
FLUX 1203  9620.00        3.116346E+13   1.6802E-06   1.6802E-06   0.99999
FLUX 1204  9660.00        3.103442E+13   1.6661E-06   1.6661E-06   1.00000
FLUX 1205  9700.00        3.090644E+13   1.6523E-06   1.6523E-06   0.99999
FLUX 1206  9740.00        3.077952E+13   1.6386E-06   1.6386E-06   1.00000
FLUX 1207  9780.00        3.065363E+13   1.6251E-06   1.6251E-06   0.99999
FLUX 1208  9820.00        3.052877E+13   1.6117E-06   1.6117E-06   0.99998
FLUX 1209  9860.00        3.040492E+13   1.5985E-06   1.5986E-06   0.99998
FLUX 1210  9900.00        3.028207E+13   1.5855E-06   1.5855E-06   0.99999
FLUX 1211  9940.00        3.016021E+13   1.5727E-06   1.5727E-06   0.99999
FLUX 1212  9980.00        3.003933E+13   1.5599E-06   1.5599E-06   1.00000
FLUX 1213 10020.00        2.991941E+13   1.5474E-06   1.5474E-06   1.00000
FLUX 1214 20000.00        1.498963E+13   3.8085E-07   3.8085E-07   1.00000
FLUX 1215 40000.00        7.494813E+12   9.2610E-08   9.2610E-08   1.00000
FLUX 1216 60000.00        4.996542E+12   4.0413E-08   4.0413E-08   1.00000
FLUX 1217 80000.00        3.747406E+12   2.2430E-08   2.2430E-08   1.00000
FLUX 1218100000.00        2.997925E+12   1.4207E-08   1.4207E-08   1.00000
FLUX 1219120000.00        2.498271E+12   9.7843E-09   9.7843E-09   1.00000
FLUX 1220140000.00        2.141375E+12   7.1391E-09   7.1391E-09   1.00000
FLUX 1221160000.00        1.873703E+12   5.4339E-09   5.4339E-09   1.00000
FLUX
