TEFF  17000.  GRAVITY 4.00000 LTE 
TITLE  [+0.2] N(He)/Ntot=0.07828 VTURB=2.0  L/H=1.25 NOVER                      
FLUX    1     9.09        3.298047E+16   1.0000E-50   0.0000E+00   1.00000
FLUX    2     9.35        3.206337E+16   1.0000E-50   0.0000E+00   1.00000
FLUX    3     9.61        3.119589E+16   1.0000E-50   0.0000E+00   1.00000
FLUX    4     9.77        3.068501E+16   1.0000E-50   0.0000E+00   1.00000
FLUX    5     9.96        3.009965E+16   1.0000E-50   0.0000E+00   1.00000
FLUX    6    10.20        2.939142E+16   1.0000E-50   0.0000E+00   1.00000
FLUX    7    10.38        2.888174E+16   1.0000E-50   0.0000E+00   1.00000
FLUX    8    10.56        2.838944E+16   1.0000E-50   0.0000E+00   1.00000
FLUX    9    10.77        2.783589E+16   1.0000E-50   0.0000E+00   1.00000
FLUX   10    11.04        2.715512E+16   1.0000E-50   0.0000E+00   1.00000
FLUX   11    11.40        2.629759E+16   1.0000E-50   0.0000E+00   1.00000
FLUX   12    11.78        2.544928E+16   1.0000E-50   0.0000E+00   1.00000
FLUX   13    12.13        2.471496E+16   1.0000E-50   0.0000E+00   1.00000
FLUX   14    12.48        2.402183E+16   1.0000E-50   0.0000E+00   1.00000
FLUX   15    12.71        2.358714E+16   1.0000E-50   0.0000E+00   1.00000
FLUX   16    12.84        2.334833E+16   1.0000E-50   0.0000E+00   1.00000
FLUX   17    13.05        2.297261E+16   1.0000E-50   0.0000E+00   1.00000
FLUX   18    13.24        2.264294E+16   1.0000E-50   0.0000E+00   1.00000
FLUX   19    13.39        2.238928E+16   1.0000E-50   0.0000E+00   1.00000
FLUX   20    13.66        2.194674E+16   1.0000E-50   0.0000E+00   1.00000
FLUX   21    13.98        2.144438E+16   1.0000E-50   0.0000E+00   1.00000
FLUX   22    14.33        2.092062E+16   1.0000E-50   0.0000E+00   1.00000
FLUX   23    14.72        2.036634E+16   1.0000E-50   0.0000E+00   1.00000
FLUX   24    15.10        1.985381E+16   1.0000E-50   0.0000E+00   1.00000
FLUX   25    15.52        1.931653E+16   1.0000E-50   0.0000E+00   1.00000
FLUX   26    15.88        1.887862E+16   1.3707E-37   1.3708E-37   0.99997
FLUX   27    16.20        1.850571E+16   7.1040E-37   7.1042E-37   0.99997
FLUX   28    16.60        1.805979E+16   4.8499E-36   4.8500E-36   0.99997
FLUX   29    17.03        1.760379E+16   3.4260E-35   3.4303E-35   0.99873
FLUX   30    17.34        1.728907E+16   1.3224E-34   1.3224E-34   0.99998
FLUX   31    17.68        1.695659E+16   5.5059E-34   5.5060E-34   0.99998
FLUX   32    18.02        1.663665E+16   2.1743E-33   2.1744E-33   0.99998
FLUX   33    18.17        1.649931E+16   3.9204E-33   3.9215E-33   0.99972
FLUX   34    18.61        1.610922E+16   2.0958E-32   2.0966E-32   0.99964
FLUX   35    19.10        1.569594E+16   1.2385E-31   1.2385E-31   0.99998
FLUX   36    19.39        1.546119E+16   3.3872E-31   3.3873E-31   0.99998
FLUX   37    19.84        1.511051E+16   1.5252E-30   1.5253E-30   0.99998
FLUX   38    20.18        1.485592E+16   4.5651E-30   4.5651E-30   0.99998
FLUX   39    20.50        1.462402E+16   1.2426E-29   1.2427E-29   0.99998
FLUX   40    21.05        1.424192E+16   6.4331E-29   6.4332E-29   0.99998
FLUX   41    21.62        1.386644E+16   3.2440E-28   3.2440E-28   0.99998
FLUX   42    21.98        1.363933E+16   8.6398E-28   8.6400E-28   0.99998
FLUX   43    22.30        1.344361E+16   2.0048E-27   2.0048E-27   0.99998
FLUX   44    22.68        1.321836E+16   5.2950E-27   5.2952E-27   0.99997
FLUX   45    23.00        1.303446E+16   1.2833E-26   1.4082E-26   0.91128
FLUX   46    23.40        1.281165E+16   3.6493E-26   3.6827E-26   0.99092
FLUX   47    24.00        1.249135E+16   1.4680E-25   1.4689E-25   0.99939
FLUX   48    24.65        1.216197E+16   6.1010E-25   6.1046E-25   0.99941
FLUX   49    25.24        1.187767E+16   2.0902E-24   2.0903E-24   0.99997
FLUX   50    25.68        1.167416E+16   5.0104E-24   5.0483E-24   0.99249
FLUX   51    26.00        1.153048E+16   9.4160E-24   9.4162E-24   0.99999
FLUX   52    26.40        1.135578E+16   2.0086E-23   2.0088E-23   0.99993
FLUX   53    26.85        1.116546E+16   4.5776E-23   4.5777E-23   0.99998
FLUX   54    27.35        1.096133E+16   1.1069E-22   1.1074E-22   0.99957
FLUX   55    27.85        1.076454E+16   2.6016E-22   2.6016E-22   0.99998
FLUX   56    28.40        1.055607E+16   6.4370E-22   6.4372E-22   0.99998
FLUX   57    29.00        1.033767E+16   1.6589E-21   1.6591E-21   0.99990
FLUX   58    29.60        1.012813E+16   4.1074E-21   4.1080E-21   0.99987
FLUX   59    30.10        9.959884E+15   8.5210E-21   8.5244E-21   0.99959
FLUX   60    30.80        9.733523E+15   2.2636E-20   2.2794E-20   0.99309
FLUX   61    31.80        9.427437E+15   8.5861E-20   8.5873E-20   0.99987
FLUX   62    32.80        9.140015E+15   2.9711E-19   2.9845E-19   0.99554
FLUX   63    33.80        8.869601E+15   9.6245E-19   9.6247E-19   0.99998
FLUX   64    34.80        8.614727E+15   2.9026E-18   2.9030E-18   0.99985
FLUX   65    35.70        8.397549E+15   7.4833E-18   7.5190E-18   0.99525
FLUX   66    36.60        8.191052E+15   1.8358E-17   1.8368E-17   0.99944
FLUX   67    37.50        7.994467E+15   4.2800E-17   4.2912E-17   0.99740
FLUX   68    38.50        7.786818E+15   1.0494E-16   1.0512E-16   0.99825
FLUX   69    39.50        7.589684E+15   2.4520E-16   2.4584E-16   0.99739
FLUX   70    40.50        7.402284E+15   5.4980E-16   5.5087E-16   0.99806
FLUX   71    41.40        7.241365E+15   1.0998E-15   1.1009E-15   0.99903
FLUX   72    42.20        7.104088E+15   1.9810E-15   1.9870E-15   0.99696
FLUX   73    43.00        6.971919E+15   3.4849E-15   3.5041E-15   0.99451
FLUX   74    44.10        6.798016E+15   7.3687E-15   7.3863E-15   0.99762
FLUX   75    45.10        6.647284E+15   1.4060E-14   1.4081E-14   0.99851
FLUX   76    46.00        6.517228E+15   2.4503E-14   2.4553E-14   0.99798
FLUX   77    47.00        6.378564E+15   4.4332E-14   4.4391E-14   0.99867
FLUX   78    48.00        6.245677E+15   7.8127E-14   7.8225E-14   0.99875
FLUX   79    49.00        6.118214E+15   1.3458E-13   1.3466E-13   0.99944
FLUX   80    50.00        5.995850E+15   2.2649E-13   2.2653E-13   0.99984
FLUX   81    50.60        5.924753E+15   2.1967E-12   4.4259E-12   0.49634
FLUX   82    51.20        5.855322E+15   1.1550E-11   1.4141E-11   0.81679
FLUX   83    52.00        5.765240E+15   1.5930E-11   1.9073E-11   0.83524
FLUX   84    53.00        5.656462E+15   2.4565E-11   2.7369E-11   0.89754
FLUX   85    54.00        5.551713E+15   3.1800E-11   3.8747E-11   0.82071
FLUX   86    55.00        5.450773E+15   5.1510E-11   5.4176E-11   0.95078
FLUX   87    56.00        5.353438E+15   7.0567E-11   7.4832E-11   0.94301
FLUX   88    57.00        5.259518E+15   9.9860E-11   1.0218E-10   0.97730
FLUX   89    58.00        5.168836E+15   1.2244E-10   1.5266E-10   0.80202
FLUX   90    59.00        5.081229E+15   1.8517E-10   2.0235E-10   0.91510
FLUX   91    60.00        4.996542E+15   2.5273E-10   2.6571E-10   0.95112
FLUX   92    61.00        4.914631E+15   3.4383E-10   3.4581E-10   0.99427
FLUX   93    62.00        4.835363E+15   4.3669E-10   4.4624E-10   0.97860
FLUX   94    63.00        4.758611E+15   5.6287E-10   5.7118E-10   0.98545
FLUX   95    64.00        4.684258E+15   6.8475E-10   7.2577E-10   0.94348
FLUX   96    65.00        4.612192E+15   8.3212E-10   9.1547E-10   0.90895
FLUX   97    65.80        4.556117E+15   1.0838E-09   1.0967E-09   0.98816
FLUX   98    66.50        4.508158E+15   1.2341E-09   1.2800E-09   0.96417
FLUX   99    67.50        4.441370E+15   1.5078E-09   1.5873E-09   0.94993
FLUX  100    68.50        4.376533E+15   1.8538E-09   1.9559E-09   0.94780
FLUX  101    69.50        4.313561E+15   2.3452E-09   2.3958E-09   0.97889
FLUX  102    70.50        4.252376E+15   2.8235E-09   2.9176E-09   0.96777
FLUX  103    71.60        4.187046E+15   3.4783E-09   3.6007E-09   0.96603
FLUX  104    72.60        4.129373E+15   4.1632E-09   4.3353E-09   0.96028
FLUX  105    73.50        4.078810E+15   4.8463E-09   5.1023E-09   0.94983
FLUX  106    74.50        4.024060E+15   5.9086E-09   6.0867E-09   0.97074
FLUX  107    75.50        3.970762E+15   7.0592E-09   7.2269E-09   0.97680
FLUX  108    76.50        3.918856E+15   8.3764E-09   8.5494E-09   0.97976
FLUX  109    77.50        3.868290E+15   9.9293E-09   1.0061E-08   0.98690
FLUX  110    78.50        3.819013E+15   1.1695E-08   1.1790E-08   0.99194
FLUX  111    79.50        3.770975E+15   1.3466E-08   1.3761E-08   0.97851
FLUX  112    80.50        3.724130E+15   1.5620E-08   1.5999E-08   0.97630
FLUX  113    81.50        3.678436E+15   1.7884E-08   1.8530E-08   0.96513
FLUX  114    82.50        3.633848E+15   2.0898E-08   2.1385E-08   0.97723
FLUX  115    83.50        3.590329E+15   2.3251E-08   2.4594E-08   0.94539
FLUX  116    84.50        3.547840E+15   2.6896E-08   2.8190E-08   0.95410
FLUX  117    85.50        3.506345E+15   3.0799E-08   3.2208E-08   0.95625
FLUX  118    86.50        3.465809E+15   3.5279E-08   3.6679E-08   0.96183
FLUX  119    87.50        3.426200E+15   4.0422E-08   4.1643E-08   0.97067
FLUX  120    88.50        3.387486E+15   4.6494E-08   4.7141E-08   0.98628
FLUX  121    89.50        3.349637E+15   5.2461E-08   5.3211E-08   0.98590
FLUX  122    90.50        3.312624E+15   5.6833E-08   5.9896E-08   0.94886
FLUX  123    91.50        3.276421E+15   1.4400E-07   2.0680E-04   0.00070
FLUX  124    92.50        3.241000E+15   7.1350E-07   2.1086E-04   0.00338
FLUX  125    93.50        3.206337E+15   1.8708E-06   2.1232E-04   0.00881
FLUX  126    94.50        3.172407E+15   7.4570E-06   2.1270E-04   0.03506
FLUX  127    95.50        3.139188E+15   1.8745E-05   2.1258E-04   0.08818
FLUX  128    96.50        3.106658E+15   2.7703E-05   2.1196E-04   0.13070
FLUX  129    97.50        3.074795E+15   5.5663E-06   2.1091E-04   0.02639
FLUX  130    98.50        3.043579E+15   3.8260E-05   2.1019E-04   0.18202
FLUX  131    99.50        3.012990E+15   3.9858E-05   2.0871E-04   0.19097
FLUX  132   100.50        2.983010E+15   5.1649E-05   2.0667E-04   0.24991
FLUX  133   101.50        2.953621E+15   4.8172E-05   2.0391E-04   0.23625
FLUX  134   102.50        2.924805E+15   8.2501E-06   2.0693E-04   0.03987
FLUX  135   103.50        2.896546E+15   2.7399E-05   2.0782E-04   0.13184
FLUX  136   104.50        2.868828E+15   7.6451E-05   2.0820E-04   0.36720
FLUX  137   105.50        2.841635E+15   8.1358E-05   2.0869E-04   0.38986
FLUX  138   106.50        2.814953E+15   6.4896E-05   2.0993E-04   0.30913
FLUX  139   107.50        2.788767E+15   8.5522E-05   2.1186E-04   0.40367
FLUX  140   108.50        2.763065E+15   7.5594E-05   2.1400E-04   0.35325
FLUX  141   109.50        2.737831E+15   9.3180E-05   2.1590E-04   0.43158
FLUX  142   110.50        2.713054E+15   8.2430E-05   2.5517E-04   0.32304
FLUX  143   111.50        2.688722E+15   8.3702E-05   2.5642E-04   0.32642
FLUX  144   112.50        2.664822E+15   8.4397E-05   2.5716E-04   0.32818
FLUX  145   113.50        2.641344E+15   1.1258E-04   2.5863E-04   0.43530
FLUX  146   114.50        2.618275E+15   9.9815E-05   2.5866E-04   0.38590
FLUX  147   115.50        2.595606E+15   1.1188E-04   2.5844E-04   0.43291
FLUX  148   116.50        2.573326E+15   1.2307E-04   2.5800E-04   0.47703
FLUX  149   117.50        2.551426E+15   9.7389E-05   2.5790E-04   0.37763
FLUX  150   118.50        2.529895E+15   1.2845E-04   2.5812E-04   0.49764
FLUX  151   119.50        2.508724E+15   6.5053E-05   2.5759E-04   0.25255
FLUX  152   120.50        2.487905E+15   3.9410E-05   2.5701E-04   0.15334
FLUX  153   121.50        2.467428E+15   1.2292E-05   2.5639E-04   0.04794
FLUX  154   122.50        2.447286E+15   6.1101E-05   2.5707E-04   0.23768
FLUX  155   123.50        2.427470E+15   1.3887E-04   2.5640E-04   0.54162
FLUX  156   124.50        2.407972E+15   1.5853E-04   2.6052E-04   0.60852
FLUX  157   125.50        2.388785E+15   1.5900E-04   2.6063E-04   0.61005
FLUX  158   126.50        2.369901E+15   1.3585E-04   2.6027E-04   0.52196
FLUX  159   127.50        2.351314E+15   1.5829E-04   2.5970E-04   0.60952
FLUX  160   128.50        2.333016E+15   1.7530E-04   2.5908E-04   0.67664
FLUX  161   129.50        2.315000E+15   1.0759E-04   2.5840E-04   0.41636
FLUX  162   130.50        2.297261E+15   8.8930E-05   2.5769E-04   0.34511
FLUX  163   131.50        2.279791E+15   1.6724E-04   2.5696E-04   0.65083
FLUX  164   132.50        2.262585E+15   1.6410E-04   2.5625E-04   0.64039
FLUX  165   133.50        2.245637E+15   1.3901E-04   2.5552E-04   0.54402
FLUX  166   134.50        2.228941E+15   1.7872E-04   2.5478E-04   0.70146
FLUX  167   135.50        2.212491E+15   1.7283E-04   2.5404E-04   0.68035
FLUX  168   136.50        2.196282E+15   1.5098E-04   2.5328E-04   0.59609
FLUX  169   137.50        2.180309E+15   1.6153E-04   2.5253E-04   0.63966
FLUX  170   138.50        2.164567E+15   1.6742E-04   2.5177E-04   0.66496
FLUX  171   139.50        2.149050E+15   1.5190E-04   2.5101E-04   0.60516
FLUX  172   140.50        2.133754E+15   1.6122E-04   2.5024E-04   0.64425
FLUX  173   141.50        2.118675E+15   1.5573E-04   2.4948E-04   0.62423
FLUX  174   142.50        2.103807E+15   1.6569E-04   2.4877E-04   0.66605
FLUX  175   143.50        2.089146E+15   1.6634E-04   2.4800E-04   0.67071
FLUX  176   144.20        2.079005E+15   1.7909E-04   2.4746E-04   0.72371
FLUX  177   144.70        2.071821E+15   1.7970E-04   2.4746E-04   0.72619
FLUX  178   145.50        2.060430E+15   1.7713E-04   2.4684E-04   0.71759
FLUX  179   146.50        2.046365E+15   1.6646E-04   2.4607E-04   0.67647
FLUX  180   147.50        2.032492E+15   1.6639E-04   2.4529E-04   0.67835
FLUX  181   148.50        2.018805E+15   1.6786E-04   2.4451E-04   0.68650
FLUX  182   149.50        2.005301E+15   1.7196E-04   2.4373E-04   0.70554
FLUX  183   150.50        1.991977E+15   1.6178E-04   2.4295E-04   0.66590
FLUX  184   151.20        1.982755E+15   1.4566E-04   2.4240E-04   0.60089
FLUX  185   151.70        1.976220E+15   1.5739E-04   2.4201E-04   0.65033
FLUX  186   152.50        1.965852E+15   1.5938E-04   2.4141E-04   0.66021
FLUX  187   153.50        1.953046E+15   1.4381E-04   2.4063E-04   0.59763
FLUX  188   154.50        1.940405E+15   1.5302E-04   2.3986E-04   0.63796
FLUX  189   155.50        1.927926E+15   1.4558E-04   2.3908E-04   0.60893
FLUX  190   156.50        1.915607E+15   1.4874E-04   2.3831E-04   0.62415
FLUX  191   157.50        1.903444E+15   1.5865E-04   2.3754E-04   0.66789
FLUX  192   158.50        1.891435E+15   1.6562E-04   2.3677E-04   0.69949
FLUX  193   159.50        1.879577E+15   1.6996E-04   2.3600E-04   0.72019
FLUX  194   160.50        1.867866E+15   1.6683E-04   2.3523E-04   0.70921
FLUX  195   161.50        1.856300E+15   1.7073E-04   2.3446E-04   0.72817
FLUX  196   162.50        1.844877E+15   1.6212E-04   2.3370E-04   0.69370
FLUX  197   163.50        1.833593E+15   1.7383E-04   2.3294E-04   0.74626
FLUX  198   164.50        1.822447E+15   1.7577E-04   2.3218E-04   0.75703
FLUX  199   165.50        1.811435E+15   1.6230E-04   2.3142E-04   0.70132
FLUX  200   166.50        1.800556E+15   1.8062E-04   2.3068E-04   0.78300
FLUX  201   167.20        1.793017E+15   1.7114E-04   2.3016E-04   0.74355
FLUX  202   167.70        1.787671E+15   1.7812E-04   2.2980E-04   0.77510
FLUX  203   168.50        1.779184E+15   1.8673E-04   2.2921E-04   0.81468
FLUX  204   169.50        1.768687E+15   1.7714E-04   2.2847E-04   0.77532
FLUX  205   170.50        1.758314E+15   1.6935E-04   2.2773E-04   0.74362
FLUX  206   171.50        1.748061E+15   1.5848E-04   2.2700E-04   0.69816
FLUX  207   172.50        1.737928E+15   1.5881E-04   2.2627E-04   0.70184
FLUX  208   173.50        1.727911E+15   1.7050E-04   2.2555E-04   0.75596
FLUX  209   174.50        1.718009E+15   1.6638E-04   2.2482E-04   0.74005
FLUX  210   175.50        1.708219E+15   1.7742E-04   2.2410E-04   0.79170
FLUX  211   176.50        1.698541E+15   1.6345E-04   2.2339E-04   0.73167
FLUX  212   177.50        1.688972E+15   1.6695E-04   2.2267E-04   0.74974
FLUX  213   178.50        1.679510E+15   1.7304E-04   2.2196E-04   0.77960
FLUX  214   179.50        1.670153E+15   1.8396E-04   2.2126E-04   0.83143
FLUX  215   180.50        1.660900E+15   1.8532E-04   2.2055E-04   0.84023
FLUX  216   181.50        1.651749E+15   1.6805E-04   2.1985E-04   0.76437
FLUX  217   182.50        1.642699E+15   1.7599E-04   2.1916E-04   0.80301
FLUX  218   183.50        1.633747E+15   1.6830E-04   2.1849E-04   0.77030
FLUX  219   184.50        1.624892E+15   1.5691E-04   2.1782E-04   0.72038
FLUX  220   185.50        1.616132E+15   1.5042E-04   2.1715E-04   0.69270
FLUX  221   186.50        1.607466E+15   1.5705E-04   2.1649E-04   0.72547
FLUX  222   187.50        1.598893E+15   1.7772E-04   2.1583E-04   0.82343
FLUX  223   188.50        1.590411E+15   1.6131E-04   2.1517E-04   0.74967
FLUX  224   189.50        1.582018E+15   1.5262E-04   2.1452E-04   0.71145
FLUX  225   190.50        1.573714E+15   1.6800E-04   2.1387E-04   0.78555
FLUX  226   191.50        1.565496E+15   1.5834E-04   2.1335E-04   0.74215
FLUX  227   192.50        1.557364E+15   1.5620E-04   2.1271E-04   0.73434
FLUX  228   193.50        1.549315E+15   1.6559E-04   2.1207E-04   0.78082
FLUX  229   194.50        1.541350E+15   1.6893E-04   2.1144E-04   0.79897
FLUX  230   195.50        1.533465E+15   1.5719E-04   2.1081E-04   0.74564
FLUX  231   196.70        1.524110E+15   1.7523E-04   2.1008E-04   0.83409
FLUX  232   197.60        1.517169E+15   1.8326E-04   2.0954E-04   0.87461
FLUX  233   198.40        1.511051E+15   1.7117E-04   2.0909E-04   0.81862
FLUX  234   199.50        1.502719E+15   1.6728E-04   2.0843E-04   0.80256
FLUX  235   200.50        1.495224E+15   1.7524E-04   2.0784E-04   0.84314
FLUX  236   201.50        1.487804E+15   1.6730E-04   2.0725E-04   0.80724
FLUX  237   202.50        1.480457E+15   1.8245E-04   2.0666E-04   0.88283
FLUX  238   203.50        1.473182E+15   1.6845E-04   2.0608E-04   0.81740
FLUX  239   204.50        1.465978E+15   1.7463E-04   2.0550E-04   0.84977
FLUX  240   205.50        1.458844E+15   1.6756E-04   2.0492E-04   0.81771
FLUX  241   206.50        1.451780E+15   1.7217E-04   2.0434E-04   0.84256
FLUX  242   207.40        1.445480E+15   1.8245E-04   2.0383E-04   0.89511
FLUX  243   207.80        1.442697E+15   1.6890E-04   2.0360E-04   0.82957
FLUX  244   208.50        1.437854E+15   1.7828E-04   2.0320E-04   0.87735
FLUX  245   209.50        1.430990E+15   1.6803E-04   2.0264E-04   0.82920
FLUX  246   210.50        1.424192E+15   1.7296E-04   2.0207E-04   0.85594
FLUX  247   211.50        1.417459E+15   1.7499E-04   2.0151E-04   0.86840
FLUX  248   212.50        1.410788E+15   1.7897E-04   2.0096E-04   0.89059
FLUX  249   213.50        1.404180E+15   1.7033E-04   2.0040E-04   0.84995
FLUX  250   214.50        1.397634E+15   1.7122E-04   1.9985E-04   0.85672
FLUX  251   215.50        1.391148E+15   1.7945E-04   1.9930E-04   0.90037
FLUX  252   216.50        1.384723E+15   1.7578E-04   1.9876E-04   0.88439
FLUX  253   217.50        1.378356E+15   1.7521E-04   1.9822E-04   0.88394
FLUX  254   218.50        1.372048E+15   1.7012E-04   1.9768E-04   0.86057
FLUX  255   219.50        1.365797E+15   1.7723E-04   1.9714E-04   0.89899
FLUX  256   220.50        1.359603E+15   1.7406E-04   1.9661E-04   0.88532
FLUX  257   221.50        1.353465E+15   1.6929E-04   1.9608E-04   0.86337
FLUX  258   222.50        1.347382E+15   1.6288E-04   1.9555E-04   0.83293
FLUX  259   223.50        1.341353E+15   1.7323E-04   1.9503E-04   0.88822
FLUX  260   224.50        1.335379E+15   1.6848E-04   1.9451E-04   0.86618
FLUX  261   225.50        1.329457E+15   1.6253E-04   1.9399E-04   0.83780
FLUX  262   226.50        1.323587E+15   1.6836E-04   1.9348E-04   0.87020
FLUX  263   227.50        1.317769E+15   1.7265E-04   1.9296E-04   0.89472
FLUX  264   228.50        1.312002E+15   1.7551E-04   1.9245E-04   0.91194
FLUX  265   229.50        1.306285E+15   1.6915E-04   1.9195E-04   0.88124
FLUX  266   230.50        1.300618E+15   1.6627E-04   1.9144E-04   0.86850
FLUX  267   231.50        1.295000E+15   1.6058E-04   1.9094E-04   0.84099
FLUX  268   232.50        1.289430E+15   1.5983E-04   1.9044E-04   0.83925
FLUX  269   233.50        1.283908E+15   1.5365E-04   1.8995E-04   0.80893
FLUX  270   234.50        1.278433E+15   1.5254E-04   1.8945E-04   0.80514
FLUX  271   235.50        1.273004E+15   1.5767E-04   1.8896E-04   0.83438
FLUX  272   236.50        1.267622E+15   1.5162E-04   1.8848E-04   0.80444
FLUX  273   237.50        1.262284E+15   1.5454E-04   1.8799E-04   0.82203
FLUX  274   238.50        1.256992E+15   1.4823E-04   1.8751E-04   0.79050
FLUX  275   239.50        1.251743E+15   1.5845E-04   1.8703E-04   0.84718
FLUX  276   240.50        1.246538E+15   1.5129E-04   1.8656E-04   0.81093
FLUX  277   241.50        1.241377E+15   1.5472E-04   1.8608E-04   0.83143
FLUX  278   242.50        1.236258E+15   1.5883E-04   1.8561E-04   0.85571
FLUX  279   243.50        1.231181E+15   1.5218E-04   1.8515E-04   0.82194
FLUX  280   244.50        1.226145E+15   1.6003E-04   1.8468E-04   0.86653
FLUX  281   245.50        1.221151E+15   1.5764E-04   1.8422E-04   0.85575
FLUX  282   246.50        1.216197E+15   1.5793E-04   1.8376E-04   0.85944
FLUX  283   247.50        1.211283E+15   1.5376E-04   1.8330E-04   0.83886
FLUX  284   248.50        1.206408E+15   1.6167E-04   1.8284E-04   0.88420
FLUX  285   249.50        1.201573E+15   1.5709E-04   1.8239E-04   0.86131
FLUX  286   250.50        1.196776E+15   1.6369E-04   1.8193E-04   0.89971
FLUX  287   251.30        1.192967E+15   1.5436E-04   1.8157E-04   0.85015
FLUX  288   251.80        1.190598E+15   1.6103E-04   1.8135E-04   0.88797
FLUX  289   252.50        1.187297E+15   1.5357E-04   1.8104E-04   0.84826
FLUX  290   253.50        1.182613E+15   1.5492E-04   1.8060E-04   0.85778
FLUX  291   254.50        1.177967E+15   1.5092E-04   1.8017E-04   0.83767
FLUX  292   255.50        1.173356E+15   1.5766E-04   1.7973E-04   0.87717
FLUX  293   256.50        1.168782E+15   1.5636E-04   1.7930E-04   0.87203
FLUX  294   257.50        1.164243E+15   1.6352E-04   1.7888E-04   0.91416
FLUX  295   258.50        1.159739E+15   1.6355E-04   1.7845E-04   0.91652
FLUX  296   259.50        1.155270E+15   1.6484E-04   1.7803E-04   0.92594
FLUX  297   260.50        1.150835E+15   1.6105E-04   1.7878E-04   0.90086
FLUX  298   261.50        1.146434E+15   1.6089E-04   1.7833E-04   0.90219
FLUX  299   262.50        1.142067E+15   1.6197E-04   1.7790E-04   0.91047
FLUX  300   263.50        1.137732E+15   1.6337E-04   1.7746E-04   0.92058
FLUX  301   264.50        1.133431E+15   1.6858E-04   1.7703E-04   0.95227
FLUX  302   265.50        1.129162E+15   1.6806E-04   1.7660E-04   0.95167
FLUX  303   266.50        1.124925E+15   1.6207E-04   1.7617E-04   0.91998
FLUX  304   267.50        1.120720E+15   1.6665E-04   1.7574E-04   0.94826
FLUX  305   268.50        1.116546E+15   1.6559E-04   1.7532E-04   0.94449
FLUX  306   269.50        1.112403E+15   1.6298E-04   1.7490E-04   0.93188
FLUX  307   270.50        1.108290E+15   1.6460E-04   1.7448E-04   0.94339
FLUX  308   271.50        1.104208E+15   1.6161E-04   1.7406E-04   0.92849
FLUX  309   272.50        1.100156E+15   1.6116E-04   1.7364E-04   0.92809
FLUX  310   273.50        1.096133E+15   1.6606E-04   1.7323E-04   0.95861
FLUX  311   274.50        1.092140E+15   1.5636E-04   1.7282E-04   0.90476
FLUX  312   275.50        1.088176E+15   1.5655E-04   1.7241E-04   0.90801
FLUX  313   276.50        1.084241E+15   1.5933E-04   1.7200E-04   0.92634
FLUX  314   277.50        1.080333E+15   1.6345E-04   1.7160E-04   0.95251
FLUX  315   278.50        1.076454E+15   1.6382E-04   1.7119E-04   0.95691
FLUX  316   279.50        1.072603E+15   1.5563E-04   1.7079E-04   0.91125
FLUX  317   280.50        1.068779E+15   1.6158E-04   1.7039E-04   0.94829
FLUX  318   281.50        1.064982E+15   1.6458E-04   1.6999E-04   0.96814
FLUX  319   282.50        1.061212E+15   1.6316E-04   1.6960E-04   0.96202
FLUX  320   283.50        1.057469E+15   1.5699E-04   1.6920E-04   0.92783
FLUX  321   284.50        1.053752E+15   1.5613E-04   1.6881E-04   0.92490
FLUX  322   285.50        1.050061E+15   1.5821E-04   1.6842E-04   0.93937
FLUX  323   286.50        1.046396E+15   1.6194E-04   1.6803E-04   0.96378
FLUX  324   287.50        1.042757E+15   1.5992E-04   1.6764E-04   0.95392
FLUX  325   288.50        1.039142E+15   1.6093E-04   1.6726E-04   0.96214
FLUX  326   289.50        1.035553E+15   1.6065E-04   1.6687E-04   0.96268
FLUX  327   291.00        1.030215E+15   1.6310E-04   1.6630E-04   0.98073
FLUX  328   293.00        1.023183E+15   1.6084E-04   1.6555E-04   0.97155
FLUX  329   295.00        1.016246E+15   1.5961E-04   1.6480E-04   0.96852
FLUX  330   297.00        1.009402E+15   1.6016E-04   1.6406E-04   0.97625
FLUX  331   299.00        1.002651E+15   1.5923E-04   1.6332E-04   0.97496
FLUX  332   301.00        9.959884E+14   1.6034E-04   1.6259E-04   0.98619
FLUX  333   303.00        9.894142E+14   1.6077E-04   1.6187E-04   0.99319
FLUX  334   305.00        9.829262E+14   1.5937E-04   1.6115E-04   0.98898
FLUX  335   307.00        9.765228E+14   1.5854E-04   1.6044E-04   0.98819
FLUX  336   309.00        9.702023E+14   1.5845E-04   1.5973E-04   0.99198
FLUX  337   311.00        9.639630E+14   1.5704E-04   1.5903E-04   0.98750
FLUX  338   313.00        9.578035E+14   1.5679E-04   1.5844E-04   0.98959
FLUX  339   315.00        9.517222E+14   1.5636E-04   1.5775E-04   0.99119
FLUX  340   317.00        9.457177E+14   1.5534E-04   1.5706E-04   0.98902
FLUX  341   319.00        9.397884E+14   1.5247E-04   1.5639E-04   0.97493
FLUX  342   321.00        9.339330E+14   1.5382E-04   1.5571E-04   0.98783
FLUX  343   323.00        9.281502E+14   1.5345E-04   1.5504E-04   0.98972
FLUX  344   325.00        9.224385E+14   1.5302E-04   1.5438E-04   0.99118
FLUX  345   327.00        9.167966E+14   1.5276E-04   1.5372E-04   0.99372
FLUX  346   329.00        9.112234E+14   1.5223E-04   1.5307E-04   0.99451
FLUX  347   331.00        9.057175E+14   1.5207E-04   1.5242E-04   0.99772
FLUX  348   333.00        9.002778E+14   1.5118E-04   1.5177E-04   0.99607
FLUX  349   335.00        8.949030E+14   1.5006E-04   1.5113E-04   0.99293
FLUX  350   337.00        8.895920E+14   1.4963E-04   1.5050E-04   0.99424
FLUX  351   339.00        8.843437E+14   1.4906E-04   1.4987E-04   0.99461
FLUX  352   341.00        8.791569E+14   1.4875E-04   1.4924E-04   0.99673
FLUX  353   343.00        8.740306E+14   1.4778E-04   1.4907E-04   0.99136
FLUX  354   345.00        8.689638E+14   1.4698E-04   1.4844E-04   0.99015
FLUX  355   347.00        8.639553E+14   1.4640E-04   1.4781E-04   0.99044
FLUX  356   349.00        8.590043E+14   1.4592E-04   1.4719E-04   0.99139
FLUX  357   351.00        8.541097E+14   1.4574E-04   1.4657E-04   0.99432
FLUX  358   353.00        8.492705E+14   1.4539E-04   1.4595E-04   0.99613
FLUX  359   355.00        8.444859E+14   1.4484E-04   1.4534E-04   0.99655
FLUX  360   357.00        8.397549E+14   1.4453E-04   1.4473E-04   0.99860
FLUX  361   359.00        8.350766E+14   1.4314E-04   1.4413E-04   0.99309
FLUX  362   361.00        8.304501E+14   1.4281E-04   1.4353E-04   0.99496
FLUX  363   363.00        8.258747E+14   1.4228E-04   1.4294E-04   0.99542
FLUX  364   364.00        8.236058E+14   1.4260E-04   1.4264E-04   0.99968
FLUX  365   365.00        8.213493E+14   1.4185E-04   2.4071E-04   0.58929
FLUX  366   367.00        8.168733E+14   1.4173E-04   2.3899E-04   0.59305
FLUX  367   369.00        8.124458E+14   1.3960E-04   2.4038E-04   0.58077
FLUX  368   371.00        8.080660E+14   1.3765E-04   2.3867E-04   0.57676
FLUX  369   373.00        8.037332E+14   1.3545E-04   2.3697E-04   0.57159
FLUX  370   375.00        7.994467E+14   1.5351E-04   2.3530E-04   0.65240
FLUX  371   377.00        7.952056E+14   1.5874E-04   2.3364E-04   0.67941
FLUX  372   379.00        7.910092E+14   1.7583E-04   2.3201E-04   0.75785
FLUX  373   381.00        7.868570E+14   1.9001E-04   2.3039E-04   0.82473
FLUX  374   383.00        7.827480E+14   1.6253E-04   2.2878E-04   0.71042
FLUX  375   385.00        7.786818E+14   2.0158E-04   2.2720E-04   0.88724
FLUX  376   387.00        7.746576E+14   2.1018E-04   2.2563E-04   0.93156
FLUX  377   389.00        7.706748E+14   1.5641E-04   2.2407E-04   0.69802
FLUX  378   391.00        7.667327E+14   2.1321E-04   2.2253E-04   0.95811
FLUX  379   393.00        7.628308E+14   2.1102E-04   2.2101E-04   0.95482
FLUX  380   395.00        7.589684E+14   2.1092E-04   2.1950E-04   0.96091
FLUX  381   397.00        7.551448E+14   1.5227E-04   2.1801E-04   0.69846
FLUX  382   399.00        7.513596E+14   2.0544E-04   2.1654E-04   0.94874
FLUX  383   401.00        7.476122E+14   2.0996E-04   2.1508E-04   0.97618
FLUX  384   403.00        7.439020E+14   1.9935E-04   2.1363E-04   0.93314
FLUX  385   405.00        7.402284E+14   2.0992E-04   2.1220E-04   0.98924
FLUX  386   407.00        7.365909E+14   2.0522E-04   2.1079E-04   0.97359
FLUX  387   409.00        7.329890E+14   1.8608E-04   2.0938E-04   0.88872
FLUX  388   411.00        7.294221E+14   1.5829E-04   2.0800E-04   0.76103
FLUX  389   413.00        7.258898E+14   1.9765E-04   2.0663E-04   0.95654
FLUX  390   415.00        7.223916E+14   1.9994E-04   2.0527E-04   0.97402
FLUX  391   417.00        7.189269E+14   2.0064E-04   2.0393E-04   0.98390
FLUX  392   419.00        7.154952E+14   2.0093E-04   2.0259E-04   0.99179
FLUX  393   421.00        7.120962E+14   2.0033E-04   2.0128E-04   0.99528
FLUX  394   423.00        7.087293E+14   1.9858E-04   1.9997E-04   0.99305
FLUX  395   425.00        7.053941E+14   1.9687E-04   1.9868E-04   0.99086
FLUX  396   427.00        7.020902E+14   1.9276E-04   1.9740E-04   0.97648
FLUX  397   429.00        6.988170E+14   1.9406E-04   1.9614E-04   0.98939
FLUX  398   431.00        6.955742E+14   1.9101E-04   1.9489E-04   0.98011
FLUX  399   433.00        6.923614E+14   1.6779E-04   1.9364E-04   0.86648
FLUX  400   435.00        6.891782E+14   1.5143E-04   1.9242E-04   0.78699
FLUX  401   437.00        6.860240E+14   1.8622E-04   1.9120E-04   0.97396
FLUX  402   439.00        6.828986E+14   1.8274E-04   1.8999E-04   0.96183
FLUX  403   441.00        6.798016E+14   1.8696E-04   1.8880E-04   0.99023
FLUX  404   443.00        6.767325E+14   1.8478E-04   1.8762E-04   0.98488
FLUX  405   445.00        6.736910E+14   1.8558E-04   1.8645E-04   0.99533
FLUX  406   447.00        6.706767E+14   1.7645E-04   1.8529E-04   0.95231
FLUX  407   449.00        6.676893E+14   1.8106E-04   1.8414E-04   0.98329
FLUX  408   451.00        6.647284E+14   1.8234E-04   1.8300E-04   0.99640
FLUX  409   453.00        6.617936E+14   1.8037E-04   1.8187E-04   0.99170
FLUX  410   455.00        6.588846E+14   1.7938E-04   1.8076E-04   0.99240
FLUX  411   457.00        6.560011E+14   1.7900E-04   1.7965E-04   0.99638
FLUX  412   459.00        6.531427E+14   1.7766E-04   1.7856E-04   0.99499
FLUX  413   461.00        6.503091E+14   1.7654E-04   1.7747E-04   0.99475
FLUX  414   463.00        6.475000E+14   1.7463E-04   1.7640E-04   0.98997
FLUX  415   465.00        6.447151E+14   1.7395E-04   1.7534E-04   0.99207
FLUX  416   467.00        6.419540E+14   1.7334E-04   1.7428E-04   0.99460
FLUX  417   469.00        6.392164E+14   1.7270E-04   1.7324E-04   0.99692
FLUX  418   471.00        6.365021E+14   1.6796E-04   1.7220E-04   0.97537
FLUX  419   473.00        6.338108E+14   1.6926E-04   1.7117E-04   0.98880
FLUX  420   475.00        6.311421E+14   1.6810E-04   1.7016E-04   0.98791
FLUX  421   477.00        6.284958E+14   1.6902E-04   1.6915E-04   0.99923
FLUX  422   479.00        6.258716E+14   1.6746E-04   1.6815E-04   0.99591
FLUX  423   481.00        6.232692E+14   1.6518E-04   1.6716E-04   0.98816
FLUX  424   483.00        6.206884E+14   1.6308E-04   1.6618E-04   0.98134
FLUX  425   485.00        6.181289E+14   1.4709E-04   1.6521E-04   0.89038
FLUX  426   487.00        6.155903E+14   1.2910E-04   1.6424E-04   0.78606
FLUX  427   489.00        6.130726E+14   1.5985E-04   1.6329E-04   0.97898
FLUX  428   491.00        6.105754E+14   1.6062E-04   1.6234E-04   0.98942
FLUX  429   493.00        6.080984E+14   1.5636E-04   1.6140E-04   0.96874
FLUX  430   495.00        6.056414E+14   1.5978E-04   1.6047E-04   0.99569
FLUX  431   497.00        6.032042E+14   1.5928E-04   1.5955E-04   0.99832
FLUX  432   499.00        6.007866E+14   1.5796E-04   1.5864E-04   0.99573
FLUX  433   501.00        5.983882E+14   1.5322E-04   1.5774E-04   0.97138
FLUX  434   503.00        5.960089E+14   1.5526E-04   1.5684E-04   0.98996
FLUX  435   505.00        5.936485E+14   1.5218E-04   1.5595E-04   0.97580
FLUX  436   507.00        5.913067E+14   1.5420E-04   1.5507E-04   0.99442
FLUX  437   509.00        5.889833E+14   1.5316E-04   1.5419E-04   0.99326
FLUX  438   511.00        5.866781E+14   1.5176E-04   1.5333E-04   0.98974
FLUX  439   513.00        5.843908E+14   1.5083E-04   1.5247E-04   0.98921
FLUX  440   515.00        5.821214E+14   1.4955E-04   1.5162E-04   0.98636
FLUX  441   517.00        5.798694E+14   1.4961E-04   1.5078E-04   0.99228
FLUX  442   519.00        5.776349E+14   1.4890E-04   1.4994E-04   0.99306
FLUX  443   521.00        5.754175E+14   1.4629E-04   1.4911E-04   0.98106
FLUX  444   523.00        5.732170E+14   1.4712E-04   1.4829E-04   0.99209
FLUX  445   525.00        5.710333E+14   1.4659E-04   1.4747E-04   0.99399
FLUX  446   527.00        5.688662E+14   1.4535E-04   1.4667E-04   0.99101
FLUX  447   529.00        5.667155E+14   1.4542E-04   1.4586E-04   0.99693
FLUX  448   531.00        5.645810E+14   1.4422E-04   1.4507E-04   0.99413
FLUX  449   533.00        5.624625E+14   1.4341E-04   1.4428E-04   0.99393
FLUX  450   535.00        5.603598E+14   1.4226E-04   1.4350E-04   0.99138
FLUX  451   537.00        5.582728E+14   1.4224E-04   1.4273E-04   0.99658
FLUX  452   539.00        5.562013E+14   1.4144E-04   1.4196E-04   0.99634
FLUX  453   541.00        5.541451E+14   1.4043E-04   1.4120E-04   0.99454
FLUX  454   543.00        5.521041E+14   1.3928E-04   1.4044E-04   0.99177
FLUX  455   545.00        5.500780E+14   1.3883E-04   1.3969E-04   0.99381
FLUX  456   547.00        5.480667E+14   1.3786E-04   1.3895E-04   0.99219
FLUX  457   549.00        5.460701E+14   1.3770E-04   1.3821E-04   0.99634
FLUX  458   551.00        5.440880E+14   1.3677E-04   1.3748E-04   0.99487
FLUX  459   553.00        5.421203E+14   1.3619E-04   1.3675E-04   0.99589
FLUX  460   555.00        5.401667E+14   1.3559E-04   1.3603E-04   0.99678
FLUX  461   557.00        5.382271E+14   1.3479E-04   1.3532E-04   0.99611
FLUX  462   559.00        5.363014E+14   1.3418E-04   1.3461E-04   0.99680
FLUX  463   561.00        5.343895E+14   1.3338E-04   1.3391E-04   0.99607
FLUX  464   563.00        5.324911E+14   1.3311E-04   1.3321E-04   0.99922
FLUX  465   565.00        5.306062E+14   1.3095E-04   1.3252E-04   0.98816
FLUX  466   567.00        5.287346E+14   1.3059E-04   1.3183E-04   0.99055
FLUX  467   569.00        5.268761E+14   1.3051E-04   1.3115E-04   0.99506
FLUX  468   571.00        5.250306E+14   1.3022E-04   1.3048E-04   0.99806
FLUX  469   573.00        5.231981E+14   1.2960E-04   1.2981E-04   0.99839
FLUX  470   575.00        5.213783E+14   1.2891E-04   1.2914E-04   0.99820
FLUX  471   577.00        5.195711E+14   1.2835E-04   1.2849E-04   0.99893
FLUX  472   579.00        5.177763E+14   1.2761E-04   1.2783E-04   0.99822
FLUX  473   581.00        5.159940E+14   1.2693E-04   1.2718E-04   0.99798
FLUX  474   583.00        5.142238E+14   1.2628E-04   1.2654E-04   0.99796
FLUX  475   585.00        5.124658E+14   1.2569E-04   1.2590E-04   0.99830
FLUX  476   587.00        5.107198E+14   1.2177E-04   1.2527E-04   0.97204
FLUX  477   589.00        5.089856E+14   1.2366E-04   1.2464E-04   0.99210
FLUX  478   591.00        5.072631E+14   1.2371E-04   1.2402E-04   0.99752
FLUX  479   593.00        5.055523E+14   1.2325E-04   1.2340E-04   0.99879
FLUX  480   595.00        5.038529E+14   1.2195E-04   1.2278E-04   0.99322
FLUX  481   597.00        5.021650E+14   1.2193E-04   1.2218E-04   0.99803
FLUX  482   599.00        5.004883E+14   1.2107E-04   1.2157E-04   0.99588
FLUX  483   601.00        4.988228E+14   1.2089E-04   1.2097E-04   0.99931
FLUX  484   603.00        4.971683E+14   1.2022E-04   1.2037E-04   0.99869
FLUX  485   605.00        4.955248E+14   1.1967E-04   1.1978E-04   0.99901
FLUX  486   607.00        4.938921E+14   1.1905E-04   1.1920E-04   0.99876
FLUX  487   609.00        4.922701E+14   1.1838E-04   1.1862E-04   0.99801
FLUX  488   611.00        4.906588E+14   1.1797E-04   1.1804E-04   0.99944
FLUX  489   613.00        4.890579E+14   1.1741E-04   1.1747E-04   0.99952
FLUX  490   615.00        4.874675E+14   1.1614E-04   1.1690E-04   0.99354
FLUX  491   617.00        4.858874E+14   1.1617E-04   1.1634E-04   0.99859
FLUX  492   619.00        4.843174E+14   1.1571E-04   1.1578E-04   0.99948
FLUX  493   621.00        4.827576E+14   1.1513E-04   1.1522E-04   0.99921
FLUX  494   623.00        4.812079E+14   1.1446E-04   1.1467E-04   0.99815
FLUX  495   625.00        4.796680E+14   1.1351E-04   1.1412E-04   0.99470
FLUX  496   627.00        4.781380E+14   1.1342E-04   1.1358E-04   0.99864
FLUX  497   629.00        4.766176E+14   1.1283E-04   1.1304E-04   0.99818
FLUX  498   631.00        4.751070E+14   1.1212E-04   1.1250E-04   0.99667
FLUX  499   633.00        4.736058E+14   1.1181E-04   1.1197E-04   0.99856
FLUX  500   635.00        4.721142E+14   1.1036E-04   1.1144E-04   0.99036
FLUX  501   637.00        4.706319E+14   1.1018E-04   1.1091E-04   0.99341
FLUX  502   639.00        4.691588E+14   1.1012E-04   1.1039E-04   0.99749
FLUX  503   641.00        4.676950E+14   1.0953E-04   1.0988E-04   0.99684
FLUX  504   643.00        4.662403E+14   1.0930E-04   1.0936E-04   0.99938
FLUX  505   645.00        4.647946E+14   1.0860E-04   1.0885E-04   0.99769
FLUX  506   647.00        4.633578E+14   1.0811E-04   1.0835E-04   0.99784
FLUX  507   649.00        4.619299E+14   1.0755E-04   1.0784E-04   0.99729
FLUX  508   651.00        4.605108E+14   1.0668E-04   1.0735E-04   0.99378
FLUX  509   653.00        4.591003E+14   1.0565E-04   1.0685E-04   0.98876
FLUX  510   655.00        4.576985E+14   9.9612E-05   1.0636E-04   0.93656
FLUX  511   657.00        4.563052E+14   8.6756E-05   1.0587E-04   0.81946
FLUX  512   659.00        4.549203E+14   1.0284E-04   1.0539E-04   0.97580
FLUX  513   661.00        4.535439E+14   1.0429E-04   1.0490E-04   0.99419
FLUX  514   663.00        4.521757E+14   1.0420E-04   1.0443E-04   0.99786
FLUX  515   665.00        4.508158E+14   1.0387E-04   1.0399E-04   0.99884
FLUX  516   667.00        4.494640E+14   1.0253E-04   1.0352E-04   0.99046
FLUX  517   669.00        4.481203E+14   1.0215E-04   1.0305E-04   0.99128
FLUX  518   671.00        4.467846E+14   1.0244E-04   1.0259E-04   0.99854
FLUX  519   673.00        4.454569E+14   1.0199E-04   1.0212E-04   0.99872
FLUX  520   675.00        4.441370E+14   1.0158E-04   1.0166E-04   0.99915
FLUX  521   677.00        4.428250E+14   1.0115E-04   1.0121E-04   0.99942
FLUX  522   679.00        4.415206E+14   1.0039E-04   1.0076E-04   0.99636
FLUX  523   681.00        4.402239E+14   1.0016E-04   1.0031E-04   0.99853
FLUX  524   683.00        4.389348E+14   9.9613E-05   9.9860E-05   0.99753
FLUX  525   685.00        4.376533E+14   9.9303E-05   9.9417E-05   0.99885
FLUX  526   687.00        4.363792E+14   9.8886E-05   9.8977E-05   0.99909
FLUX  527   689.00        4.351125E+14   9.8449E-05   9.8539E-05   0.99908
FLUX  528   691.00        4.338531E+14   9.8004E-05   9.8105E-05   0.99898
FLUX  529   693.00        4.326010E+14   9.7370E-05   9.7673E-05   0.99689
FLUX  530   695.00        4.313561E+14   9.7170E-05   9.7245E-05   0.99923
FLUX  531   697.00        4.301184E+14   9.6768E-05   9.6820E-05   0.99947
FLUX  532   699.00        4.288877E+14   9.6322E-05   9.6397E-05   0.99922
FLUX  533   701.00        4.276641E+14   9.5860E-05   9.5977E-05   0.99877
FLUX  534   703.00        4.264474E+14   9.5460E-05   9.5560E-05   0.99895
FLUX  535   705.00        4.252376E+14   9.4829E-05   9.5146E-05   0.99667
FLUX  536   707.00        4.240347E+14   9.3445E-05   9.4735E-05   0.98639
FLUX  537   709.00        4.228385E+14   9.4291E-05   9.4326E-05   0.99963
FLUX  538   711.00        4.216491E+14   9.3739E-05   9.3920E-05   0.99807
FLUX  539   713.00        4.204663E+14   9.3375E-05   9.3516E-05   0.99849
FLUX  540   715.00        4.192902E+14   9.2996E-05   9.3116E-05   0.99872
FLUX  541   717.00        4.181206E+14   9.2638E-05   9.2717E-05   0.99915
FLUX  542   719.00        4.169576E+14   9.2288E-05   9.2322E-05   0.99964
FLUX  543   721.00        4.158010E+14   9.1898E-05   9.1929E-05   0.99966
FLUX  544   723.00        4.146508E+14   9.0700E-05   9.1538E-05   0.99084
FLUX  545   725.00        4.135069E+14   9.1014E-05   9.1150E-05   0.99850
FLUX  546   727.00        4.123693E+14   9.0735E-05   9.0765E-05   0.99967
FLUX  547   729.00        4.112380E+14   8.9886E-05   9.0382E-05   0.99451
FLUX  548   731.00        4.101129E+14   8.9965E-05   9.0001E-05   0.99960
FLUX  549   733.00        4.089939E+14   8.9588E-05   8.9623E-05   0.99961
FLUX  550   735.00        4.078810E+14   8.9241E-05   8.9247E-05   0.99993
FLUX  551   737.00        4.067741E+14   8.8864E-05   8.8874E-05   0.99989
FLUX  552   739.00        4.056732E+14   8.8493E-05   8.8503E-05   0.99989
FLUX  553   741.00        4.045783E+14   8.8124E-05   8.8134E-05   0.99988
FLUX  554   743.00        4.034892E+14   8.7606E-05   8.7768E-05   0.99815
FLUX  555   745.00        4.024060E+14   8.7325E-05   8.7410E-05   0.99902
FLUX  556   747.00        4.013286E+14   8.6835E-05   8.7049E-05   0.99754
FLUX  557   749.00        4.002570E+14   8.6556E-05   8.6689E-05   0.99847
FLUX  558   751.00        3.991911E+14   8.6229E-05   8.6332E-05   0.99881
FLUX  559   753.00        3.981308E+14   8.5910E-05   8.5977E-05   0.99922
FLUX  560   755.00        3.970762E+14   8.5579E-05   8.5625E-05   0.99947
FLUX  561   757.00        3.960271E+14   8.5247E-05   8.5275E-05   0.99967
FLUX  562   759.00        3.949835E+14   8.4852E-05   8.4926E-05   0.99913
FLUX  563   761.00        3.939455E+14   8.4573E-05   8.4581E-05   0.99991
FLUX  564   763.00        3.929128E+14   8.4214E-05   8.4237E-05   0.99973
FLUX  565   765.00        3.918856E+14   8.3862E-05   8.3895E-05   0.99961
FLUX  566   767.00        3.908638E+14   8.3527E-05   8.3555E-05   0.99966
FLUX  567   769.00        3.898472E+14   8.3182E-05   8.3218E-05   0.99957
FLUX  568   771.00        3.888359E+14   8.2856E-05   8.2883E-05   0.99968
FLUX  569   773.00        3.878299E+14   8.2502E-05   8.2549E-05   0.99943
FLUX  570   775.00        3.868290E+14   8.2183E-05   8.2218E-05   0.99957
FLUX  571   777.00        3.858333E+14   8.1031E-05   8.1889E-05   0.98953
FLUX  572   779.00        3.848427E+14   8.1529E-05   8.1562E-05   0.99960
FLUX  573   781.00        3.838572E+14   8.1208E-05   8.1236E-05   0.99964
FLUX  574   783.00        3.828768E+14   8.0898E-05   8.0913E-05   0.99981
FLUX  575   785.00        3.819013E+14   8.0288E-05   8.0629E-05   0.99576
FLUX  576   787.00        3.809307E+14   8.0029E-05   8.0310E-05   0.99650
FLUX  577   789.00        3.799651E+14   7.9545E-05   7.9992E-05   0.99441
FLUX  578   791.00        3.790044E+14   7.9590E-05   7.9676E-05   0.99892
FLUX  579   793.00        3.780485E+14   7.9339E-05   7.9362E-05   0.99971
FLUX  580   795.00        3.770975E+14   7.8722E-05   7.9050E-05   0.99585
FLUX  581   797.00        3.761512E+14   7.8672E-05   7.8740E-05   0.99914
FLUX  582   799.00        3.752096E+14   7.7948E-05   7.8432E-05   0.99383
FLUX  583   801.00        3.742728E+14   7.8085E-05   7.8125E-05   0.99948
FLUX  584   803.00        3.733406E+14   7.7752E-05   7.7820E-05   0.99913
FLUX  585   805.00        3.724130E+14   7.7432E-05   7.7518E-05   0.99890
FLUX  586   807.00        3.714901E+14   7.7170E-05   7.7216E-05   0.99940
FLUX  587   809.00        3.705717E+14   7.6817E-05   7.6917E-05   0.99870
FLUX  588   811.00        3.696578E+14   7.6516E-05   7.6620E-05   0.99865
FLUX  589   813.00        3.687485E+14   7.6228E-05   7.6324E-05   0.99874
FLUX  590   815.00        3.678436E+14   7.5933E-05   7.6030E-05   0.99872
FLUX  591   817.00        3.669431E+14   7.5701E-05   7.5738E-05   0.99952
FLUX  592   819.00        3.660470E+14   7.5320E-05   7.5447E-05   0.99832
FLUX  593   821.00        3.651553E+14   7.4765E-05   8.2083E-05   0.91084
FLUX  594   823.00        3.642679E+14   7.4400E-05   8.1752E-05   0.91006
FLUX  595   825.00        3.633848E+14   7.4498E-05   8.1423E-05   0.91494
FLUX  596   827.00        3.625060E+14   7.4097E-05   8.1124E-05   0.91338
FLUX  597   829.00        3.616315E+14   7.3868E-05   8.0798E-05   0.91422
FLUX  598   831.00        3.607611E+14   7.3652E-05   8.0475E-05   0.91522
FLUX  599   833.00        3.598950E+14   7.3400E-05   8.0153E-05   0.91575
FLUX  600   835.00        3.590329E+14   7.2966E-05   7.9834E-05   0.91398
FLUX  601   837.00        3.581750E+14   7.2749E-05   7.9516E-05   0.91490
FLUX  602   839.00        3.573212E+14   7.2611E-05   7.9200E-05   0.91680
FLUX  603   841.00        3.564715E+14   7.2245E-05   7.8886E-05   0.91581
FLUX  604   843.00        3.556257E+14   7.1857E-05   7.8574E-05   0.91450
FLUX  605   845.00        3.547840E+14   7.0982E-05   7.8264E-05   0.90695
FLUX  606   847.00        3.539463E+14   7.0912E-05   7.7956E-05   0.90964
FLUX  607   849.00        3.531125E+14   7.1023E-05   7.7650E-05   0.91466
FLUX  608   851.00        3.522826E+14   6.9839E-05   7.7345E-05   0.90295
FLUX  609   853.00        3.514566E+14   7.0916E-05   7.7042E-05   0.92048
FLUX  610   855.00        3.506345E+14   6.7947E-05   7.6741E-05   0.88540
FLUX  611   857.00        3.498162E+14   7.1352E-05   7.6442E-05   0.93341
FLUX  612   859.00        3.490017E+14   6.8071E-05   7.6145E-05   0.89396
FLUX  613   861.00        3.481911E+14   6.7550E-05   7.5849E-05   0.89058
FLUX  614   863.00        3.473841E+14   7.1593E-05   7.5555E-05   0.94755
FLUX  615   865.00        3.465809E+14   6.9455E-05   7.5263E-05   0.92283
FLUX  616   867.00        3.457814E+14   6.3112E-05   7.4973E-05   0.84179
FLUX  617   869.00        3.449856E+14   7.0754E-05   7.4684E-05   0.94738
FLUX  618   871.00        3.441935E+14   7.2177E-05   7.4397E-05   0.97016
FLUX  619   873.00        3.434049E+14   7.0042E-05   7.4111E-05   0.94508
FLUX  620   875.00        3.426200E+14   6.0915E-05   7.3828E-05   0.82510
FLUX  621   877.00        3.418387E+14   6.7927E-05   7.3546E-05   0.92361
FLUX  622   879.00        3.410609E+14   7.1666E-05   7.3265E-05   0.97818
FLUX  623   881.00        3.402866E+14   7.1981E-05   7.2986E-05   0.98622
FLUX  624   883.00        3.395159E+14   7.0894E-05   7.2709E-05   0.97504
FLUX  625   885.00        3.387486E+14   6.5764E-05   7.2433E-05   0.90793
FLUX  626   887.00        3.379848E+14   5.9549E-05   7.2159E-05   0.82525
FLUX  627   889.00        3.372244E+14   6.9003E-05   7.1887E-05   0.95989
FLUX  628   891.00        3.364675E+14   7.0608E-05   7.1616E-05   0.98593
FLUX  629   893.00        3.357139E+14   7.0538E-05   7.1346E-05   0.98867
FLUX  630   895.00        3.349637E+14   7.0623E-05   7.1079E-05   0.99358
FLUX  631   897.00        3.342168E+14   7.0058E-05   7.0812E-05   0.98935
FLUX  632   899.00        3.334733E+14   6.7975E-05   7.0548E-05   0.96353
FLUX  633   901.00        3.327331E+14   5.8819E-05   7.0285E-05   0.83687
FLUX  634   903.00        3.319961E+14   6.2539E-05   7.0023E-05   0.89312
FLUX  635   905.00        3.312624E+14   6.8157E-05   6.9763E-05   0.97699
FLUX  636   907.00        3.305320E+14   6.8266E-05   6.9504E-05   0.98220
FLUX  637   909.00        3.298047E+14   6.8428E-05   6.9246E-05   0.98819
FLUX  638   911.00        3.290807E+14   6.8615E-05   6.8991E-05   0.99456
FLUX  639   913.00        3.283598E+14   6.8415E-05   6.8736E-05   0.99532
FLUX  640   915.00        3.276421E+14   6.8221E-05   6.8483E-05   0.99618
FLUX  641   917.00        3.269275E+14   6.7646E-05   6.8232E-05   0.99142
FLUX  642   919.00        3.262160E+14   6.6873E-05   6.7981E-05   0.98369
FLUX  643   921.00        3.255076E+14   6.3753E-05   6.7733E-05   0.94124
FLUX  644   923.00        3.248023E+14   5.4595E-05   6.7485E-05   0.80899
FLUX  645   925.00        3.241000E+14   6.2633E-05   6.7239E-05   0.93149
FLUX  646   927.00        3.234008E+14   6.5080E-05   6.6994E-05   0.97142
FLUX  647   929.00        3.227045E+14   6.6202E-05   6.6751E-05   0.99177
FLUX  648   931.00        3.220113E+14   6.6081E-05   6.6509E-05   0.99356
FLUX  649   933.00        3.213210E+14   6.6060E-05   6.6269E-05   0.99685
FLUX  650   935.00        3.206337E+14   6.5922E-05   6.6029E-05   0.99838
FLUX  651   937.00        3.199493E+14   6.5721E-05   6.5791E-05   0.99893
FLUX  652   939.00        3.192678E+14   6.5441E-05   6.5554E-05   0.99827
FLUX  653   941.00        3.185893E+14   6.4711E-05   6.5319E-05   0.99069
FLUX  654   943.00        3.179136E+14   6.5011E-05   6.5085E-05   0.99886
FLUX  655   945.00        3.172407E+14   6.4776E-05   6.4852E-05   0.99884
FLUX  656   947.00        3.165707E+14   6.4154E-05   6.4620E-05   0.99278
FLUX  657   949.00        3.159036E+14   6.3960E-05   6.4390E-05   0.99332
FLUX  658   951.00        3.152392E+14   6.2824E-05   6.4161E-05   0.97917
FLUX  659   953.00        3.145776E+14   5.9505E-05   6.3933E-05   0.93074
FLUX  660   955.00        3.139188E+14   5.1949E-05   6.3706E-05   0.81545
FLUX  661   957.00        3.132628E+14   6.0265E-05   6.3481E-05   0.94934
FLUX  662   959.00        3.126095E+14   6.2419E-05   6.3256E-05   0.98677
FLUX  663   961.00        3.119589E+14   6.2568E-05   6.3033E-05   0.99261
FLUX  664   963.00        3.113110E+14   6.2006E-05   6.2811E-05   0.98718
FLUX  665   965.00        3.106658E+14   6.2551E-05   6.2591E-05   0.99937
FLUX  666   967.00        3.100233E+14   6.2244E-05   6.2371E-05   0.99796
FLUX  667   969.00        3.093834E+14   6.2077E-05   6.2152E-05   0.99879
FLUX  668   971.00        3.087461E+14   6.1824E-05   6.1935E-05   0.99820
FLUX  669   973.00        3.081115E+14   6.1708E-05   6.1719E-05   0.99981
FLUX  670   975.00        3.074795E+14   6.1456E-05   6.1504E-05   0.99921
FLUX  671   977.00        3.068501E+14   6.1288E-05   6.1290E-05   0.99997
FLUX  672   979.00        3.062232E+14   6.1063E-05   6.1077E-05   0.99977
FLUX  673   981.00        3.055989E+14   6.0847E-05   6.0866E-05   0.99969
FLUX  674   983.00        3.049771E+14   6.0584E-05   6.0655E-05   0.99883
FLUX  675   985.00        3.043579E+14   6.0414E-05   6.0446E-05   0.99948
FLUX  676   987.00        3.037411E+14   6.0195E-05   6.0237E-05   0.99930
FLUX  677   989.00        3.031269E+14   5.9919E-05   6.0030E-05   0.99815
FLUX  678   991.00        3.025151E+14   5.9626E-05   5.9824E-05   0.99668
FLUX  679   993.00        3.019058E+14   5.9579E-05   5.9619E-05   0.99934
FLUX  680   995.00        3.012990E+14   5.9334E-05   5.9415E-05   0.99865
FLUX  681   997.00        3.006946E+14   5.9011E-05   5.9212E-05   0.99660
FLUX  682   999.00        3.000926E+14   5.8682E-05   5.9010E-05   0.99445
FLUX  683  1002.50        2.990449E+14   5.5366E-05   5.8659E-05   0.94386
FLUX  684  1007.50        2.975608E+14   5.3631E-05   5.8163E-05   0.92208
FLUX  685  1012.50        2.960914E+14   5.7128E-05   5.7674E-05   0.99054
FLUX  686  1017.50        2.946364E+14   5.7097E-05   5.7190E-05   0.99836
FLUX  687  1022.50        2.931956E+14   5.6676E-05   5.6713E-05   0.99934
FLUX  688  1027.50        2.917689E+14   5.6222E-05   5.6242E-05   0.99965
FLUX  689  1032.50        2.903559E+14   5.5611E-05   5.5777E-05   0.99703
FLUX  690  1037.50        2.889566E+14   5.5297E-05   5.5317E-05   0.99964
FLUX  691  1042.50        2.875707E+14   5.4852E-05   5.4863E-05   0.99979
FLUX  692  1047.50        2.861981E+14   5.4383E-05   5.4415E-05   0.99942
FLUX  693  1052.50        2.848385E+14   5.3922E-05   5.3973E-05   0.99906
FLUX  694  1057.50        2.834917E+14   5.3505E-05   5.3535E-05   0.99942
FLUX  695  1062.50        2.821576E+14   5.3092E-05   5.3103E-05   0.99978
FLUX  696  1067.50        2.808361E+14   5.2448E-05   5.2677E-05   0.99565
FLUX  697  1072.50        2.795268E+14   5.2210E-05   5.2256E-05   0.99912
FLUX  698  1077.50        2.782297E+14   5.1809E-05   5.1839E-05   0.99942
FLUX  699  1082.50        2.769446E+14   5.0902E-05   5.1428E-05   0.98978
FLUX  700  1087.50        2.756713E+14   5.0692E-05   5.1021E-05   0.99355
FLUX  701  1092.50        2.744096E+14   4.5679E-05   5.0620E-05   0.90239
FLUX  702  1097.50        2.731595E+14   4.8516E-05   5.0223E-05   0.96600
FLUX  703  1102.50        2.719206E+14   4.9493E-05   4.9831E-05   0.99321
FLUX  704  1107.50        2.706930E+14   4.9401E-05   4.9444E-05   0.99914
FLUX  705  1112.50        2.694764E+14   4.9048E-05   4.9061E-05   0.99974
FLUX  706  1117.50        2.682707E+14   4.8661E-05   4.8683E-05   0.99956
FLUX  707  1122.50        2.670757E+14   4.8287E-05   4.8308E-05   0.99957
FLUX  708  1127.50        2.658914E+14   4.7730E-05   4.7939E-05   0.99564
FLUX  709  1132.50        2.647174E+14   4.7424E-05   4.7573E-05   0.99686
FLUX  710  1137.50        2.635538E+14   4.7195E-05   4.7212E-05   0.99965
FLUX  711  1142.50        2.624004E+14   4.6831E-05   4.6854E-05   0.99951
FLUX  712  1147.50        2.612571E+14   4.6495E-05   4.6501E-05   0.99987
FLUX  713  1152.50        2.601236E+14   4.6141E-05   4.6152E-05   0.99977
FLUX  714  1157.50        2.590000E+14   4.5795E-05   4.5807E-05   0.99973
FLUX  715  1162.50        2.578860E+14   4.5392E-05   4.5466E-05   0.99838
FLUX  716  1167.50        2.567816E+14   4.5065E-05   4.5128E-05   0.99860
FLUX  717  1172.50        2.556866E+14   4.4769E-05   4.4794E-05   0.99944
FLUX  718  1177.50        2.546008E+14   4.4318E-05   4.4464E-05   0.99670
FLUX  719  1182.50        2.535243E+14   4.4121E-05   4.4138E-05   0.99962
FLUX  720  1187.50        2.524568E+14   4.3776E-05   4.3816E-05   0.99909
FLUX  721  1192.50        2.513983E+14   4.3494E-05   4.3496E-05   0.99993
FLUX  722  1197.50        2.503486E+14   4.2941E-05   4.3181E-05   0.99445
FLUX  723  1202.50        2.493077E+14   4.2866E-05   4.2869E-05   0.99994
FLUX  724  1207.50        2.482754E+14   4.2555E-05   4.2560E-05   0.99988
FLUX  725  1212.50        2.472515E+14   4.2243E-05   4.2254E-05   0.99974
FLUX  726  1217.50        2.462361E+14   4.1946E-05   4.1952E-05   0.99985
FLUX  727  1222.50        2.452290E+14   4.1643E-05   4.1653E-05   0.99975
FLUX  728  1227.50        2.442301E+14   4.1344E-05   4.1358E-05   0.99966
FLUX  729  1232.50        2.432394E+14   4.1052E-05   4.1065E-05   0.99967
FLUX  730  1237.50        2.422566E+14   4.0767E-05   4.0776E-05   0.99979
FLUX  731  1242.50        2.412817E+14   4.0487E-05   4.0490E-05   0.99994
FLUX  732  1247.50        2.403146E+14   4.0153E-05   4.0206E-05   0.99867
FLUX  733  1252.50        2.393553E+14   3.9883E-05   3.9926E-05   0.99891
FLUX  734  1257.50        2.384036E+14   3.9607E-05   3.9649E-05   0.99894
FLUX  735  1262.50        2.374594E+14   3.9355E-05   3.9375E-05   0.99951
FLUX  736  1267.50        2.365227E+14   3.9094E-05   3.9103E-05   0.99976
FLUX  737  1272.50        2.355933E+14   3.8752E-05   3.8834E-05   0.99788
FLUX  738  1277.50        2.346712E+14   3.7811E-05   3.8569E-05   0.98035
FLUX  739  1282.50        2.337563E+14   3.4633E-05   3.8306E-05   0.90413
FLUX  740  1287.50        2.328485E+14   3.7623E-05   3.8045E-05   0.98891
FLUX  741  1292.50        2.319478E+14   3.7727E-05   3.7787E-05   0.99841
FLUX  742  1297.50        2.310539E+14   3.7406E-05   3.7532E-05   0.99664
FLUX  743  1302.50        2.301670E+14   3.7279E-05   3.7280E-05   0.99998
FLUX  744  1307.50        2.292868E+14   3.7029E-05   3.7030E-05   0.99997
FLUX  745  1312.50        2.284133E+14   3.6782E-05   3.6782E-05   0.99999
FLUX  746  1317.50        2.275465E+14   3.6505E-05   3.6537E-05   0.99912
FLUX  747  1322.50        2.266862E+14   3.6294E-05   3.6294E-05   0.99998
FLUX  748  1327.50        2.258324E+14   3.6054E-05   3.6054E-05   0.99999
FLUX  749  1332.50        2.249850E+14   3.5816E-05   3.5816E-05   0.99998
FLUX  750  1337.50        2.241439E+14   3.5580E-05   3.5581E-05   0.99999
FLUX  751  1342.50        2.233091E+14   3.5330E-05   3.5348E-05   0.99950
FLUX  752  1347.50        2.224805E+14   3.5111E-05   3.5117E-05   0.99984
FLUX  753  1352.50        2.216580E+14   3.4877E-05   3.4888E-05   0.99967
FLUX  754  1357.50        2.208416E+14   3.4656E-05   3.4662E-05   0.99982
FLUX  755  1362.50        2.200312E+14   3.4431E-05   3.4438E-05   0.99981
FLUX  756  1367.50        2.192267E+14   3.4198E-05   3.4216E-05   0.99947
FLUX  757  1372.50        2.184281E+14   3.3980E-05   3.3996E-05   0.99952
FLUX  758  1377.50        2.176352E+14   3.3776E-05   3.3778E-05   0.99994
FLUX  759  1382.50        2.168481E+14   3.3562E-05   3.3563E-05   0.99997
FLUX  760  1387.50        2.160667E+14   3.3349E-05   3.3350E-05   0.99997
FLUX  761  1392.50        2.152908E+14   3.3129E-05   3.3138E-05   0.99973
FLUX  762  1397.50        2.145206E+14   3.2924E-05   3.2929E-05   0.99984
FLUX  763  1402.50        2.137558E+14   3.2720E-05   3.2721E-05   0.99997
FLUX  764  1407.50        2.129964E+14   3.2511E-05   3.2516E-05   0.99986
FLUX  765  1412.50        2.122425E+14   3.2307E-05   3.2312E-05   0.99984
FLUX  766  1417.50        2.114938E+14   3.2110E-05   3.2111E-05   0.99998
FLUX  767  1422.50        2.107504E+14   3.1911E-05   3.1911E-05   0.99998
FLUX  768  1427.50        2.100123E+14   3.1713E-05   3.1713E-05   0.99999
FLUX  769  1432.50        2.092792E+14   3.1516E-05   3.1517E-05   0.99997
FLUX  770  1437.50        2.085513E+14   3.1321E-05   3.1323E-05   0.99992
FLUX  771  1442.50        2.078284E+14   3.1095E-05   3.1131E-05   0.99883
FLUX  772  1447.50        2.071105E+14   3.0927E-05   3.0940E-05   0.99957
FLUX  773  1452.50        2.063976E+14   3.0736E-05   3.0752E-05   0.99949
FLUX  774  1457.00        2.057601E+14   3.0583E-05   3.0583E-05   0.99998
FLUX  775  1462.00        2.050564E+14   3.0391E-05   3.1108E-05   0.97697
FLUX  776  1467.50        2.042879E+14   3.0200E-05   3.0898E-05   0.97740
FLUX  777  1472.50        2.035942E+14   3.0019E-05   3.0710E-05   0.97749
FLUX  778  1477.50        2.029052E+14   2.9832E-05   3.0523E-05   0.97735
FLUX  779  1482.50        2.022209E+14   2.9670E-05   3.0338E-05   0.97798
FLUX  780  1487.50        2.015412E+14   2.9494E-05   3.0154E-05   0.97812
FLUX  781  1492.50        2.008660E+14   2.9327E-05   2.9973E-05   0.97847
FLUX  782  1497.50        2.001953E+14   2.9151E-05   2.9792E-05   0.97846
FLUX  783  1502.50        1.995291E+14   2.8984E-05   2.9614E-05   0.97875
FLUX  784  1507.50        1.988673E+14   2.8783E-05   2.9437E-05   0.97779
FLUX  785  1512.50        1.982099E+14   2.8640E-05   2.9261E-05   0.97876
FLUX  786  1517.50        1.975568E+14   2.8470E-05   2.9088E-05   0.97878
FLUX  787  1522.50        1.969080E+14   2.8303E-05   2.8915E-05   0.97881
FLUX  788  1527.50        1.962635E+14   2.8116E-05   2.8745E-05   0.97812
FLUX  789  1532.50        1.956232E+14   2.7936E-05   2.8575E-05   0.97761
FLUX  790  1537.50        1.949870E+14   2.7805E-05   2.8408E-05   0.97880
FLUX  791  1542.50        1.943549E+14   2.7548E-05   2.8241E-05   0.97546
FLUX  792  1547.50        1.937270E+14   2.7480E-05   2.8077E-05   0.97875
FLUX  793  1552.50        1.931031E+14   2.7307E-05   2.7913E-05   0.97830
FLUX  794  1557.50        1.924831E+14   2.6940E-05   2.7751E-05   0.97075
FLUX  795  1562.50        1.918672E+14   2.7142E-05   2.7591E-05   0.98371
FLUX  796  1567.50        1.912552E+14   2.6710E-05   2.7432E-05   0.97370
FLUX  797  1572.50        1.906471E+14   2.6363E-05   2.7274E-05   0.96660
FLUX  798  1577.50        1.900428E+14   2.6747E-05   2.7118E-05   0.98634
FLUX  799  1582.50        1.894423E+14   2.6559E-05   2.6963E-05   0.98503
FLUX  800  1587.50        1.888457E+14   2.5475E-05   2.6809E-05   0.95024
FLUX  801  1592.50        1.882527E+14   2.6069E-05   2.6657E-05   0.97797
FLUX  802  1597.50        1.876635E+14   2.6261E-05   2.6506E-05   0.99075
FLUX  803  1605.00        1.867866E+14   2.5823E-05   2.6282E-05   0.98255
FLUX  804  1615.00        1.856300E+14   2.5013E-05   2.5987E-05   0.96252
FLUX  805  1625.00        1.844877E+14   2.5589E-05   2.5698E-05   0.99578
FLUX  806  1635.00        1.833593E+14   2.4935E-05   2.5413E-05   0.98122
FLUX  807  1645.00        1.822447E+14   2.4089E-05   2.5133E-05   0.95845
FLUX  808  1655.00        1.811435E+14   2.4816E-05   2.4858E-05   0.99834
FLUX  809  1665.00        1.800556E+14   2.4569E-05   2.4587E-05   0.99929
FLUX  810  1675.00        1.789806E+14   2.3835E-05   2.4320E-05   0.98006
FLUX  811  1685.00        1.779184E+14   2.2993E-05   2.4058E-05   0.95574
FLUX  812  1695.00        1.768687E+14   2.3752E-05   2.3800E-05   0.99797
FLUX  813  1705.00        1.758314E+14   2.3466E-05   2.3547E-05   0.99660
FLUX  814  1715.00        1.748061E+14   2.3287E-05   2.3297E-05   0.99955
FLUX  815  1725.00        1.737928E+14   2.2980E-05   2.3051E-05   0.99691
FLUX  816  1735.00        1.727911E+14   2.1522E-05   2.2809E-05   0.94357
FLUX  817  1745.00        1.718009E+14   2.2365E-05   2.2571E-05   0.99086
FLUX  818  1755.00        1.708219E+14   2.2322E-05   2.2337E-05   0.99933
FLUX  819  1765.00        1.698541E+14   2.2099E-05   2.2106E-05   0.99965
FLUX  820  1775.00        1.688972E+14   2.1865E-05   2.1879E-05   0.99937
FLUX  821  1785.00        1.679510E+14   2.1644E-05   2.1656E-05   0.99949
FLUX  822  1795.00        1.670153E+14   2.1434E-05   2.1435E-05   0.99993
FLUX  823  1805.00        1.660900E+14   2.1143E-05   2.1218E-05   0.99645
FLUX  824  1815.00        1.651749E+14   1.9905E-05   2.1005E-05   0.94763
FLUX  825  1825.00        1.642699E+14   2.0490E-05   2.0794E-05   0.98539
FLUX  826  1835.00        1.633747E+14   2.0572E-05   2.0587E-05   0.99929
FLUX  827  1845.00        1.624892E+14   2.0378E-05   2.0383E-05   0.99975
FLUX  828  1855.00        1.616132E+14   2.0158E-05   2.0182E-05   0.99884
FLUX  829  1865.00        1.607466E+14   1.9845E-05   1.9984E-05   0.99305
FLUX  830  1875.00        1.598893E+14   1.8745E-05   1.9788E-05   0.94726
FLUX  831  1885.00        1.590411E+14   1.9520E-05   1.9596E-05   0.99613
FLUX  832  1895.00        1.582018E+14   1.9397E-05   1.9406E-05   0.99954
FLUX  833  1905.00        1.573714E+14   1.9183E-05   1.9220E-05   0.99811
FLUX  834  1915.00        1.565496E+14   1.9033E-05   1.9035E-05   0.99989
FLUX  835  1925.00        1.557364E+14   1.8850E-05   1.8854E-05   0.99977
FLUX  836  1935.00        1.549315E+14   1.8582E-05   1.8675E-05   0.99499
FLUX  837  1945.00        1.541350E+14   1.7429E-05   1.8499E-05   0.94216
FLUX  838  1955.00        1.533465E+14   1.8222E-05   1.8325E-05   0.99437
FLUX  839  1965.00        1.525662E+14   1.8153E-05   1.8153E-05   0.99998
FLUX  840  1975.00        1.517937E+14   1.7983E-05   1.7984E-05   0.99994
FLUX  841  1985.00        1.510290E+14   1.7817E-05   1.7818E-05   0.99998
FLUX  842  1995.00        1.502719E+14   1.7653E-05   1.7654E-05   0.99998
FLUX  843  2005.00        1.495224E+14   1.7491E-05   1.7491E-05   0.99999
FLUX  844  2015.00        1.487804E+14   1.7331E-05   1.7332E-05   0.99998
FLUX  845  2025.00        1.480457E+14   1.7174E-05   1.7174E-05   0.99999
FLUX  846  2035.00        1.473182E+14   1.7018E-05   1.7018E-05   0.99998
FLUX  847  2045.00        1.465978E+14   1.6863E-05   1.6865E-05   0.99989
FLUX  848  2055.00        1.458844E+14   1.6692E-05   1.6714E-05   0.99872
FLUX  849  2065.00        1.451780E+14   1.6564E-05   1.6564E-05   0.99998
FLUX  850  2075.00        1.444783E+14   1.6417E-05   1.6417E-05   0.99999
FLUX  851  2085.00        1.437854E+14   1.6271E-05   1.6271E-05   0.99999
FLUX  852  2095.00        1.430990E+14   1.6127E-05   1.6128E-05   0.99992
FLUX  853  2105.00        1.424192E+14   1.5986E-05   1.5986E-05   0.99995
FLUX  854  2115.00        1.417459E+14   1.5819E-05   1.5847E-05   0.99824
FLUX  855  2125.00        1.410788E+14   1.5706E-05   1.5709E-05   0.99980
FLUX  856  2135.00        1.404180E+14   1.5567E-05   1.5573E-05   0.99966
FLUX  857  2145.00        1.397634E+14   1.5432E-05   1.5438E-05   0.99963
FLUX  858  2155.00        1.391148E+14   1.5241E-05   1.5306E-05   0.99575
FLUX  859  2165.00        1.384723E+14   1.4322E-05   1.5175E-05   0.94380
FLUX  860  2175.00        1.378356E+14   1.4929E-05   1.5045E-05   0.99225
FLUX  861  2185.00        1.372048E+14   1.4913E-05   1.4918E-05   0.99966
FLUX  862  2195.00        1.365797E+14   1.4788E-05   1.4792E-05   0.99976
FLUX  863  2205.00        1.359603E+14   1.4667E-05   1.4668E-05   0.99999
FLUX  864  2215.00        1.353465E+14   1.4544E-05   1.4545E-05   0.99994
FLUX  865  2225.00        1.347382E+14   1.4422E-05   1.4423E-05   0.99993
FLUX  866  2235.00        1.341353E+14   1.4304E-05   1.4304E-05   0.99999
FLUX  867  2245.00        1.335379E+14   1.4185E-05   1.4185E-05   0.99999
FLUX  868  2255.00        1.329457E+14   1.4068E-05   1.4069E-05   0.99998
FLUX  869  2265.00        1.323587E+14   1.3953E-05   1.3953E-05   0.99999
FLUX  870  2275.00        1.317769E+14   1.3839E-05   1.3839E-05   0.99999
FLUX  871  2285.00        1.312002E+14   1.3727E-05   1.3839E-05   0.99191
FLUX  872  2295.00        1.306285E+14   1.3616E-05   1.3726E-05   0.99199
FLUX  873  2305.00        1.300618E+14   1.3507E-05   1.3615E-05   0.99204
FLUX  874  2315.00        1.295000E+14   1.3400E-05   1.3505E-05   0.99219
FLUX  875  2325.00        1.289430E+14   1.3294E-05   1.3397E-05   0.99230
FLUX  876  2335.00        1.283908E+14   1.3188E-05   1.3290E-05   0.99238
FLUX  877  2345.00        1.278433E+14   1.3085E-05   1.3184E-05   0.99249
FLUX  878  2355.00        1.273004E+14   1.2982E-05   1.3079E-05   0.99256
FLUX  879  2365.00        1.267622E+14   1.2880E-05   1.2975E-05   0.99262
FLUX  880  2375.00        1.262284E+14   1.2779E-05   1.2873E-05   0.99271
FLUX  881  2385.00        1.256992E+14   1.2681E-05   1.2772E-05   0.99282
FLUX  882  2395.00        1.251743E+14   1.2581E-05   1.2672E-05   0.99276
FLUX  883  2405.00        1.246538E+14   1.2481E-05   1.2574E-05   0.99263
FLUX  884  2415.00        1.241377E+14   1.2383E-05   1.2476E-05   0.99255
FLUX  885  2425.00        1.236258E+14   1.2292E-05   1.2380E-05   0.99291
FLUX  886  2435.00        1.231181E+14   1.2195E-05   1.2285E-05   0.99270
FLUX  887  2445.00        1.226145E+14   1.2098E-05   1.2190E-05   0.99238
FLUX  888  2455.00        1.221151E+14   1.2012E-05   1.2097E-05   0.99293
FLUX  889  2465.00        1.216197E+14   1.1911E-05   1.2005E-05   0.99218
FLUX  890  2475.00        1.211283E+14   1.1816E-05   1.1914E-05   0.99173
FLUX  891  2485.00        1.206408E+14   1.1749E-05   1.1824E-05   0.99363
FLUX  892  2495.00        1.201573E+14   1.1611E-05   1.1735E-05   0.98940
FLUX  893  2505.00        1.196776E+14   1.1576E-05   1.1647E-05   0.99390
FLUX  894  2515.00        1.192018E+14   1.1492E-05   1.1561E-05   0.99409
FLUX  895  2525.00        1.187297E+14   1.1320E-05   1.1475E-05   0.98654
FLUX  896  2535.00        1.182613E+14   1.1314E-05   1.1390E-05   0.99340
FLUX  897  2545.00        1.177967E+14   1.1256E-05   1.1305E-05   0.99563
FLUX  898  2555.00        1.173356E+14   1.1144E-05   1.1222E-05   0.99304
FLUX  899  2565.00        1.168782E+14   1.0932E-05   1.1140E-05   0.98133
FLUX  900  2575.00        1.164243E+14   1.0994E-05   1.1059E-05   0.99413
FLUX  901  2585.00        1.159739E+14   1.0940E-05   1.0978E-05   0.99650
FLUX  902  2595.00        1.155270E+14   1.0857E-05   1.0899E-05   0.99619
FLUX  903  2605.00        1.150835E+14   1.0705E-05   1.0820E-05   0.98941
FLUX  904  2615.00        1.146434E+14   1.0430E-05   1.0742E-05   0.97096
FLUX  905  2625.00        1.142067E+14   1.0041E-05   1.0665E-05   0.94152
FLUX  906  2635.00        1.137732E+14   1.0478E-05   1.0589E-05   0.98954
FLUX  907  2645.00        1.133431E+14   1.0481E-05   1.0513E-05   0.99688
FLUX  908  2655.00        1.129162E+14   1.0409E-05   1.0439E-05   0.99713
FLUX  909  2665.00        1.124925E+14   1.0290E-05   1.0365E-05   0.99278
FLUX  910  2675.00        1.120720E+14   9.9171E-06   1.0292E-05   0.96359
FLUX  911  2685.00        1.116546E+14   1.0142E-05   1.0220E-05   0.99243
FLUX  912  2695.00        1.112403E+14   1.0139E-05   1.0148E-05   0.99912
FLUX  913  2705.00        1.108290E+14   1.0077E-05   1.0077E-05   0.99997
FLUX  914  2715.00        1.104208E+14   1.0007E-05   1.0007E-05   0.99999
FLUX  915  2725.00        1.100156E+14   9.9379E-06   9.9380E-06   0.99998
FLUX  916  2735.00        1.096133E+14   9.8686E-06   9.8694E-06   0.99991
FLUX  917  2745.00        1.092140E+14   9.7605E-06   9.8016E-06   0.99581
FLUX  918  2755.00        1.088176E+14   9.3634E-06   9.7344E-06   0.96189
FLUX  919  2765.00        1.084241E+14   9.4975E-06   9.6679E-06   0.98237
FLUX  920  2775.00        1.080333E+14   9.5855E-06   9.6021E-06   0.99828
FLUX  921  2785.00        1.076454E+14   9.5368E-06   9.5369E-06   0.99998
FLUX  922  2795.00        1.072603E+14   9.4724E-06   9.4725E-06   0.99999
FLUX  923  2805.00        1.068779E+14   9.4085E-06   9.4086E-06   0.99998
FLUX  924  2815.00        1.064982E+14   9.3452E-06   9.3455E-06   0.99997
FLUX  925  2825.00        1.061212E+14   9.2823E-06   9.2829E-06   0.99993
FLUX  926  2835.00        1.057469E+14   9.2193E-06   9.2210E-06   0.99982
FLUX  927  2845.00        1.053752E+14   9.1590E-06   9.1597E-06   0.99993
FLUX  928  2855.00        1.050061E+14   9.0860E-06   9.0990E-06   0.99857
FLUX  929  2865.00        1.046396E+14   8.9183E-06   9.0389E-06   0.98666
FLUX  930  2875.00        1.042757E+14   8.5628E-06   8.9794E-06   0.95360
FLUX  931  2885.00        1.039142E+14   8.8721E-06   8.9205E-06   0.99457
FLUX  932  2895.00        1.035553E+14   8.8582E-06   8.8621E-06   0.99955
FLUX  933  2905.00        1.031988E+14   8.8043E-06   8.8044E-06   0.99999
FLUX  934  2915.00        1.028448E+14   8.7463E-06   8.7472E-06   0.99990
FLUX  935  2925.00        1.024932E+14   8.6904E-06   8.6905E-06   0.99998
FLUX  936  2935.00        1.021440E+14   8.6338E-06   8.6344E-06   0.99993
FLUX  937  2945.00        1.017971E+14   8.5785E-06   8.5789E-06   0.99996
FLUX  938  2955.00        1.014526E+14   8.5238E-06   8.5238E-06   1.00000
FLUX  939  2965.00        1.011105E+14   8.4693E-06   8.4693E-06   0.99999
FLUX  940  2975.00        1.007706E+14   8.4153E-06   8.4154E-06   0.99999
FLUX  941  2985.00        1.004330E+14   8.3619E-06   8.3619E-06   1.00000
FLUX  942  2995.00        1.000977E+14   8.3089E-06   8.3089E-06   0.99999
FLUX  943  3005.00        9.976456E+13   8.2563E-06   8.2565E-06   0.99998
FLUX  944  3015.00        9.943367E+13   8.2036E-06   8.2045E-06   0.99989
FLUX  945  3025.00        9.910496E+13   8.1236E-06   8.1530E-06   0.99639
FLUX  946  3035.00        9.877842E+13   7.7794E-06   8.1020E-06   0.96018
FLUX  947  3045.00        9.845402E+13   7.8530E-06   8.0515E-06   0.97535
FLUX  948  3055.00        9.813175E+13   7.9795E-06   8.0014E-06   0.99726
FLUX  949  3065.00        9.781158E+13   7.9517E-06   7.9519E-06   0.99998
FLUX  950  3075.00        9.749350E+13   7.9021E-06   7.9027E-06   0.99992
FLUX  951  3085.00        9.717747E+13   7.8495E-06   7.8540E-06   0.99942
FLUX  952  3095.00        9.686349E+13   7.8057E-06   7.8058E-06   0.99998
FLUX  953  3105.00        9.655153E+13   7.7579E-06   7.7580E-06   0.99999
FLUX  954  3115.00        9.624157E+13   7.7105E-06   7.7107E-06   0.99998
FLUX  955  3125.00        9.593360E+13   7.6632E-06   7.6637E-06   0.99993
FLUX  956  3135.00        9.562759E+13   7.6172E-06   7.6172E-06   0.99999
FLUX  957  3145.00        9.532353E+13   7.5708E-06   7.5712E-06   0.99995
FLUX  958  3155.00        9.502139E+13   7.5254E-06   7.5255E-06   0.99999
FLUX  959  3165.00        9.472117E+13   7.4798E-06   7.4803E-06   0.99994
FLUX  960  3175.00        9.442283E+13   7.4352E-06   7.4354E-06   0.99998
FLUX  961  3185.00        9.412637E+13   7.3909E-06   7.3910E-06   0.99999
FLUX  962  3195.00        9.383177E+13   7.3468E-06   7.3469E-06   0.99998
FLUX  963  3210.00        9.339330E+13   7.2815E-06   7.2816E-06   0.99999
FLUX  964  3230.00        9.281502E+13   7.1958E-06   7.1958E-06   1.00000
FLUX  965  3250.00        9.224385E+13   7.1115E-06   7.1115E-06   0.99999
FLUX  966  3270.00        9.167966E+13   7.0243E-06   7.0287E-06   0.99937
FLUX  967  3290.00        9.112234E+13   6.7191E-06   6.9721E-06   0.96372
FLUX  968  3310.00        9.057175E+13   6.8048E-06   6.8917E-06   0.98739
FLUX  969  3330.00        9.002778E+13   6.7776E-06   6.8127E-06   0.99485
FLUX  970  3350.00        8.949030E+13   6.7039E-06   6.7351E-06   0.99537
FLUX  971  3370.00        8.895920E+13   6.6284E-06   6.6587E-06   0.99545
FLUX  972  3390.00        8.843437E+13   6.5547E-06   6.5837E-06   0.99560
FLUX  973  3410.00        8.791569E+13   6.4819E-06   6.5099E-06   0.99570
FLUX  974  3430.00        8.740306E+13   6.4101E-06   6.4374E-06   0.99577
FLUX  975  3450.00        8.689638E+13   6.3398E-06   6.3660E-06   0.99588
FLUX  976  3470.00        8.639553E+13   6.2701E-06   6.2958E-06   0.99591
FLUX  977  3490.00        8.590043E+13   6.2016E-06   6.2268E-06   0.99595
FLUX  978  3510.00        8.541097E+13   6.1346E-06   6.1589E-06   0.99606
FLUX  979  3530.00        8.492705E+13   6.0683E-06   6.0921E-06   0.99609
FLUX  980  3550.00        8.444859E+13   6.0030E-06   6.0264E-06   0.99612
FLUX  981  3570.00        8.397549E+13   5.9383E-06   5.9617E-06   0.99608
FLUX  982  3590.00        8.350766E+13   5.8763E-06   5.8981E-06   0.99631
FLUX  983  3610.00        8.304501E+13   5.8120E-06   5.8355E-06   0.99598
FLUX  984  3630.00        8.258747E+13   5.7533E-06   5.7738E-06   0.99644
FLUX  985  3650.00        8.213493E+13   5.6890E-06   5.7132E-06   0.99577
FLUX  986  3670.00        8.168733E+13   5.6346E-06   5.6535E-06   0.99667
FLUX  987  3690.00        8.124458E+13   5.5667E-06   5.5947E-06   0.99499
FLUX  988  3710.00        8.080660E+13   5.5126E-06   5.5368E-06   0.99563
FLUX  989  3730.00        8.037332E+13   5.3777E-06   5.4798E-06   0.98137
FLUX  990  3750.00        7.994467E+13   5.2742E-06   5.4237E-06   0.97244
FLUX  991  3770.00        7.952056E+13   5.3489E-06   5.3684E-06   0.99638
FLUX  992  3790.00        7.910092E+13   5.3001E-06   5.3139E-06   0.99740
FLUX  993  3810.00        7.868570E+13   5.2298E-06   5.2603E-06   0.99420
FLUX  994  3830.00        7.827480E+13   5.1804E-06   5.2075E-06   0.99480
FLUX  995  3850.00        7.786818E+13   5.1488E-06   5.1555E-06   0.99871
FLUX  996  3870.00        7.746576E+13   5.1030E-06   5.1042E-06   0.99976
FLUX  997  3890.00        7.706748E+13   5.0362E-06   5.0537E-06   0.99653
FLUX  998  3910.00        7.667327E+13   4.9510E-06   5.0040E-06   0.98940
FLUX  999  3930.00        7.628308E+13   4.9460E-06   4.9550E-06   0.99820
FLUX 1000  3950.00        7.589684E+13   4.9047E-06   4.9066E-06   0.99961
FLUX 1001  3970.00        7.551448E+13   4.8586E-06   4.8590E-06   0.99992
FLUX 1002  3990.00        7.513596E+13   4.8100E-06   4.8121E-06   0.99956
FLUX 1003  4010.00        7.476122E+13   4.7251E-06   4.7659E-06   0.99144
FLUX 1004  4030.00        7.439020E+13   4.6608E-06   4.7203E-06   0.98739
FLUX 1005  4050.00        7.402284E+13   4.5347E-06   4.6753E-06   0.96991
FLUX 1006  4070.00        7.365909E+13   4.6213E-06   4.6310E-06   0.99789
FLUX 1007  4090.00        7.329890E+13   4.5872E-06   4.5874E-06   0.99997
FLUX 1008  4110.00        7.294221E+13   4.5442E-06   4.5443E-06   0.99997
FLUX 1009  4130.00        7.258898E+13   4.5007E-06   4.5019E-06   0.99975
FLUX 1010  4150.00        7.223916E+13   4.4502E-06   4.4600E-06   0.99782
FLUX 1011  4170.00        7.189269E+13   4.3201E-06   4.4187E-06   0.97769
FLUX 1012  4190.00        7.154952E+13   4.3654E-06   4.3780E-06   0.99714
FLUX 1013  4210.00        7.120962E+13   4.3377E-06   4.3378E-06   0.99998
FLUX 1014  4230.00        7.087293E+13   4.2982E-06   4.2982E-06   0.99999
FLUX 1015  4250.00        7.053941E+13   4.2587E-06   4.2591E-06   0.99990
FLUX 1016  4270.00        7.020902E+13   4.2206E-06   4.2206E-06   1.00000
FLUX 1017  4290.00        6.988170E+13   4.1805E-06   4.1826E-06   0.99950
FLUX 1018  4310.00        6.955742E+13   4.1450E-06   4.1451E-06   0.99999
FLUX 1019  4330.00        6.923614E+13   4.1080E-06   4.1081E-06   0.99999
FLUX 1020  4350.00        6.891782E+13   4.0674E-06   4.0715E-06   0.99898
FLUX 1021  4370.00        6.860240E+13   3.9387E-06   4.0355E-06   0.97603
FLUX 1022  4390.00        6.828986E+13   3.9661E-06   3.9999E-06   0.99154
FLUX 1023  4410.00        6.798016E+13   3.9647E-06   3.9648E-06   0.99997
FLUX 1024  4430.00        6.767325E+13   3.9301E-06   3.9302E-06   0.99999
FLUX 1025  4450.00        6.736910E+13   3.8960E-06   3.8960E-06   1.00000
FLUX 1026  4470.00        6.706767E+13   3.8688E-06   3.8692E-06   0.99990
FLUX 1027  4490.00        6.676893E+13   3.8354E-06   3.8358E-06   0.99990
FLUX 1028  4510.00        6.647284E+13   3.8027E-06   3.8028E-06   0.99997
FLUX 1029  4530.00        6.617936E+13   3.7685E-06   3.7703E-06   0.99954
FLUX 1030  4550.00        6.588846E+13   3.7377E-06   3.7382E-06   0.99989
FLUX 1031  4570.00        6.560011E+13   3.7056E-06   3.7064E-06   0.99978
FLUX 1032  4590.00        6.531427E+13   3.6690E-06   3.6751E-06   0.99834
FLUX 1033  4610.00        6.503091E+13   3.6353E-06   3.6442E-06   0.99757
FLUX 1034  4630.00        6.475000E+13   3.5985E-06   3.6136E-06   0.99582
FLUX 1035  4650.00        6.447151E+13   3.4468E-06   3.5835E-06   0.96186
FLUX 1036  4670.00        6.419540E+13   3.4297E-06   3.5537E-06   0.96512
FLUX 1037  4690.00        6.392164E+13   3.4980E-06   3.5242E-06   0.99255
FLUX 1038  4710.00        6.365021E+13   3.4862E-06   3.4952E-06   0.99743
FLUX 1039  4730.00        6.338108E+13   3.4629E-06   3.4665E-06   0.99898
FLUX 1040  4750.00        6.311421E+13   3.4365E-06   3.4381E-06   0.99952
FLUX 1041  4770.00        6.284958E+13   3.4098E-06   3.4101E-06   0.99990
FLUX 1042  4790.00        6.258716E+13   3.3824E-06   3.3824E-06   0.99997
FLUX 1043  4810.00        6.232692E+13   3.3550E-06   3.3551E-06   0.99997
FLUX 1044  4830.00        6.206884E+13   3.3280E-06   3.3281E-06   0.99997
FLUX 1045  4850.00        6.181289E+13   3.3013E-06   3.3014E-06   0.99997
FLUX 1046  4870.00        6.155903E+13   3.2750E-06   3.2751E-06   0.99997
FLUX 1047  4890.00        6.130726E+13   3.2489E-06   3.2490E-06   0.99997
FLUX 1048  4910.00        6.105754E+13   3.2232E-06   3.2233E-06   0.99997
FLUX 1049  4930.00        6.080984E+13   3.1977E-06   3.1978E-06   0.99997
FLUX 1050  4950.00        6.056414E+13   3.1726E-06   3.1727E-06   0.99997
FLUX 1051  4970.00        6.032042E+13   3.1477E-06   3.1478E-06   0.99997
FLUX 1052  4990.00        6.007866E+13   3.1232E-06   3.1233E-06   0.99997
FLUX 1053  5010.00        5.983882E+13   3.0987E-06   3.0990E-06   0.99990
FLUX 1054  5030.00        5.960089E+13   3.0743E-06   3.0750E-06   0.99978
FLUX 1055  5050.00        5.936485E+13   3.0512E-06   3.0513E-06   0.99997
FLUX 1056  5070.00        5.913067E+13   3.0278E-06   3.0279E-06   0.99997
FLUX 1057  5090.00        5.889833E+13   2.9968E-06   3.0047E-06   0.99736
FLUX 1058  5110.00        5.866781E+13   2.9633E-06   2.9818E-06   0.99382
FLUX 1059  5130.00        5.843908E+13   2.8518E-06   2.9591E-06   0.96373
FLUX 1060  5150.00        5.821214E+13   2.9225E-06   2.9367E-06   0.99517
FLUX 1061  5170.00        5.798694E+13   2.9062E-06   2.9146E-06   0.99712
FLUX 1062  5190.00        5.776349E+13   2.8916E-06   2.8927E-06   0.99961
FLUX 1063  5210.00        5.754175E+13   2.8710E-06   2.8711E-06   0.99997
FLUX 1064  5230.00        5.732170E+13   2.8496E-06   2.8497E-06   0.99997
FLUX 1065  5250.00        5.710333E+13   2.8251E-06   2.8285E-06   0.99880
FLUX 1066  5270.00        5.688662E+13   2.8003E-06   2.8076E-06   0.99741
FLUX 1067  5290.00        5.667155E+13   2.7868E-06   2.7868E-06   0.99997
FLUX 1068  5310.00        5.645810E+13   2.7663E-06   2.7664E-06   0.99998
FLUX 1069  5330.00        5.624625E+13   2.7461E-06   2.7461E-06   0.99998
FLUX 1070  5350.00        5.603598E+13   2.7260E-06   2.7261E-06   0.99997
FLUX 1071  5370.00        5.582728E+13   2.6983E-06   2.7063E-06   0.99706
FLUX 1072  5390.00        5.562013E+13   2.6788E-06   2.6867E-06   0.99709
FLUX 1073  5410.00        5.541451E+13   2.6672E-06   2.6673E-06   0.99997
FLUX 1074  5430.00        5.521041E+13   2.6480E-06   2.6481E-06   0.99998
FLUX 1075  5450.00        5.500780E+13   2.6291E-06   2.6291E-06   0.99998
FLUX 1076  5470.00        5.480667E+13   2.6103E-06   2.6103E-06   0.99999
FLUX 1077  5490.00        5.460701E+13   2.5917E-06   2.5917E-06   0.99998
FLUX 1078  5510.00        5.440880E+13   2.5674E-06   2.5734E-06   0.99770
FLUX 1079  5530.00        5.421203E+13   2.5405E-06   2.5552E-06   0.99425
FLUX 1080  5550.00        5.401667E+13   2.5356E-06   2.5372E-06   0.99937
FLUX 1081  5570.00        5.382271E+13   2.5193E-06   2.5194E-06   0.99998
FLUX 1082  5590.00        5.363014E+13   2.5017E-06   2.5017E-06   0.99999
FLUX 1083  5610.00        5.343895E+13   2.4843E-06   2.4843E-06   0.99998
FLUX 1084  5630.00        5.324911E+13   2.4670E-06   2.4670E-06   0.99999
FLUX 1085  5650.00        5.306062E+13   2.4499E-06   2.4500E-06   0.99999
FLUX 1086  5670.00        5.287346E+13   2.4330E-06   2.4331E-06   0.99998
FLUX 1087  5690.00        5.268761E+13   2.4123E-06   2.4163E-06   0.99832
FLUX 1088  5710.00        5.250306E+13   2.3767E-06   2.3998E-06   0.99038
FLUX 1089  5730.00        5.231981E+13   2.3777E-06   2.3834E-06   0.99762
FLUX 1090  5750.00        5.213783E+13   2.3671E-06   2.3671E-06   0.99998
FLUX 1091  5770.00        5.195711E+13   2.3510E-06   2.3511E-06   0.99999
FLUX 1092  5790.00        5.177763E+13   2.3352E-06   2.3352E-06   0.99999
FLUX 1093  5810.00        5.159940E+13   2.3194E-06   2.3194E-06   0.99999
FLUX 1094  5830.00        5.142238E+13   2.3038E-06   2.3039E-06   0.99997
FLUX 1095  5850.00        5.124658E+13   2.2908E-06   2.2908E-06   0.99997
FLUX 1096  5870.00        5.107198E+13   2.2706E-06   2.2755E-06   0.99785
FLUX 1097  5890.00        5.089856E+13   2.2441E-06   2.2604E-06   0.99281
FLUX 1098  5910.00        5.072631E+13   2.1551E-06   2.2454E-06   0.95977
FLUX 1099  5930.00        5.055523E+13   2.2164E-06   2.2306E-06   0.99366
FLUX 1100  5950.00        5.038529E+13   2.1829E-06   2.2159E-06   0.98511
FLUX 1101  5970.00        5.021650E+13   2.1836E-06   2.2013E-06   0.99195
FLUX 1102  5990.00        5.004883E+13   2.1821E-06   2.1869E-06   0.99780
FLUX 1103  6010.00        4.988228E+13   2.1726E-06   2.1726E-06   0.99997
FLUX 1104  6030.00        4.971683E+13   2.1585E-06   2.1585E-06   0.99998
FLUX 1105  6050.00        4.955248E+13   2.1445E-06   2.1445E-06   0.99998
FLUX 1106  6070.00        4.938921E+13   2.1306E-06   2.1307E-06   0.99998
FLUX 1107  6090.00        4.922701E+13   2.1169E-06   2.1169E-06   0.99998
FLUX 1108  6110.00        4.906588E+13   2.1033E-06   2.1033E-06   0.99998
FLUX 1109  6130.00        4.890579E+13   2.0898E-06   2.0899E-06   0.99998
FLUX 1110  6150.00        4.874675E+13   2.0765E-06   2.0765E-06   0.99998
FLUX 1111  6170.00        4.858874E+13   2.0633E-06   2.0633E-06   0.99998
FLUX 1112  6190.00        4.843174E+13   2.0502E-06   2.0503E-06   0.99998
FLUX 1113  6210.00        4.827576E+13   2.0373E-06   2.0373E-06   0.99998
FLUX 1114  6230.00        4.812079E+13   2.0244E-06   2.0245E-06   0.99998
FLUX 1115  6250.00        4.796680E+13   2.0104E-06   2.0117E-06   0.99936
FLUX 1116  6270.00        4.781380E+13   1.9897E-06   1.9991E-06   0.99528
FLUX 1117  6290.00        4.766176E+13   1.9385E-06   1.9867E-06   0.97575
FLUX 1118  6310.00        4.751070E+13   1.9615E-06   1.9743E-06   0.99350
FLUX 1119  6330.00        4.736058E+13   1.9597E-06   1.9620E-06   0.99883
FLUX 1120  6350.00        4.721142E+13   1.9498E-06   1.9499E-06   0.99997
FLUX 1121  6370.00        4.706319E+13   1.9378E-06   1.9379E-06   0.99998
FLUX 1122  6390.00        4.691588E+13   1.9259E-06   1.9260E-06   0.99998
FLUX 1123  6420.00        4.669665E+13   1.9082E-06   1.9083E-06   0.99998
FLUX 1124  6460.00        4.640751E+13   1.8851E-06   1.8851E-06   0.99998
FLUX 1125  6500.00        4.612192E+13   1.8623E-06   1.8623E-06   0.99998
FLUX 1126  6540.00        4.583983E+13   1.8399E-06   1.8400E-06   0.99998
FLUX 1127  6580.00        4.556117E+13   1.8180E-06   1.8180E-06   0.99998
FLUX 1128  6620.00        4.528588E+13   1.7963E-06   1.7964E-06   0.99992
FLUX 1129  6660.00        4.501389E+13   1.7752E-06   1.7752E-06   0.99998
FLUX 1130  6700.00        4.474515E+13   1.7543E-06   1.7544E-06   0.99997
FLUX 1131  6740.00        4.447960E+13   1.7281E-06   1.7339E-06   0.99664
FLUX 1132  6780.00        4.421718E+13   1.6812E-06   1.7138E-06   0.98100
FLUX 1133  6820.00        4.395784E+13   1.6924E-06   1.6940E-06   0.99902
FLUX 1134  6860.00        4.370153E+13   1.6745E-06   1.6746E-06   0.99992
FLUX 1135  6900.00        4.344819E+13   1.6555E-06   1.6555E-06   0.99998
FLUX 1136  6940.00        4.319777E+13   1.6366E-06   1.6367E-06   0.99990
FLUX 1137  6980.00        4.295021E+13   1.6182E-06   1.6183E-06   0.99998
FLUX 1138  7020.00        4.270548E+13   1.6001E-06   1.6001E-06   0.99998
FLUX 1139  7060.00        4.246353E+13   1.5822E-06   1.5823E-06   0.99998
FLUX 1140  7100.00        4.222430E+13   1.5647E-06   1.5647E-06   0.99997
FLUX 1141  7140.00        4.198775E+13   1.5473E-06   1.5475E-06   0.99992
FLUX 1142  7180.00        4.175383E+13   1.5304E-06   1.5305E-06   0.99998
FLUX 1143  7220.00        4.152251E+13   1.5137E-06   1.5138E-06   0.99998
FLUX 1144  7260.00        4.129373E+13   1.4956E-06   1.4973E-06   0.99881
FLUX 1145  7300.00        4.106747E+13   1.4811E-06   1.4812E-06   0.99997
FLUX 1146  7340.00        4.084366E+13   1.4652E-06   1.4653E-06   0.99997
FLUX 1147  7380.00        4.062229E+13   1.4496E-06   1.4496E-06   0.99997
FLUX 1148  7420.00        4.040330E+13   1.4308E-06   1.4342E-06   0.99764
FLUX 1149  7460.00        4.018666E+13   1.3809E-06   1.4191E-06   0.97309
FLUX 1150  7500.00        3.997233E+13   1.3503E-06   1.4042E-06   0.96164
FLUX 1151  7540.00        3.976028E+13   1.3818E-06   1.3895E-06   0.99443
FLUX 1152  7580.00        3.955046E+13   1.3745E-06   1.3751E-06   0.99960
FLUX 1153  7620.00        3.934285E+13   1.3608E-06   1.3608E-06   0.99998
FLUX 1154  7660.00        3.913740E+13   1.3468E-06   1.3468E-06   0.99997
FLUX 1155  7700.00        3.893409E+13   1.3330E-06   1.3330E-06   0.99998
FLUX 1156  7740.00        3.873288E+13   1.3186E-06   1.3194E-06   0.99939
FLUX 1157  7780.00        3.853374E+13   1.2997E-06   1.3061E-06   0.99515
FLUX 1158  7820.00        3.833664E+13   1.2921E-06   1.2929E-06   0.99937
FLUX 1159  7860.00        3.814154E+13   1.2799E-06   1.2799E-06   0.99998
FLUX 1160  7900.00        3.794842E+13   1.2671E-06   1.2671E-06   0.99999
FLUX 1161  7940.00        3.775724E+13   1.2545E-06   1.2545E-06   0.99999
FLUX 1162  7980.00        3.756798E+13   1.2421E-06   1.2421E-06   0.99998
FLUX 1163  8020.00        3.738061E+13   1.2299E-06   1.2299E-06   0.99999
FLUX 1164  8060.00        3.719510E+13   1.2178E-06   1.2178E-06   0.99998
FLUX 1165  8100.00        3.701142E+13   1.2059E-06   1.2060E-06   0.99997
FLUX 1166  8140.00        3.682955E+13   1.1868E-06   1.1943E-06   0.99372
FLUX 1167  8180.00        3.664945E+13   1.1790E-06   1.1827E-06   0.99687
FLUX 1168  8220.00        3.647111E+13   1.1713E-06   1.1713E-06   0.99998
FLUX 1169  8260.00        3.629449E+13   1.1601E-06   1.1601E-06   0.99999
FLUX 1170  8300.00        3.611958E+13   1.1491E-06   1.1491E-06   0.99999
FLUX 1171  8340.00        3.594634E+13   1.1382E-06   1.1382E-06   0.99999
FLUX 1172  8380.00        3.577476E+13   1.1274E-06   1.1274E-06   0.99998
FLUX 1173  8420.00        3.560481E+13   1.1168E-06   1.1169E-06   0.99999
FLUX 1174  8460.00        3.543647E+13   1.1064E-06   1.1064E-06   0.99999
FLUX 1175  8500.00        3.526971E+13   1.0961E-06   1.0961E-06   0.99999
FLUX 1176  8540.00        3.510451E+13   1.0859E-06   1.0860E-06   0.99999
FLUX 1177  8580.00        3.494085E+13   1.0759E-06   1.0759E-06   0.99998
FLUX 1178  8620.00        3.477871E+13   1.0650E-06   1.0661E-06   0.99899
FLUX 1179  8660.00        3.461807E+13   1.0434E-06   1.0563E-06   0.98777
FLUX 1180  8700.00        3.445891E+13   1.0433E-06   1.0467E-06   0.99678
FLUX 1181  8740.00        3.430120E+13   1.0209E-06   1.0372E-06   0.98430
FLUX 1182  8780.00        3.414493E+13   1.0118E-06   1.0279E-06   0.98437
FLUX 1183  8820.00        3.399008E+13   1.0186E-06   1.0186E-06   0.99997
FLUX 1184  8860.00        3.383663E+13   1.0095E-06   1.0095E-06   0.99998
FLUX 1185  8900.00        3.368455E+13   1.0005E-06   1.0005E-06   0.99999
FLUX 1186  8940.00        3.353384E+13   9.9167E-07   9.9168E-07   0.99999
FLUX 1187  8980.00        3.338447E+13   9.8292E-07   9.8293E-07   0.99999
FLUX 1188  9020.00        3.323642E+13   9.7428E-07   9.7429E-07   0.99999
FLUX 1189  9060.00        3.308968E+13   9.6575E-07   9.6577E-07   0.99999
FLUX 1190  9100.00        3.294423E+13   9.5734E-07   9.5735E-07   0.99999
FLUX 1191  9140.00        3.280005E+13   9.4903E-07   9.4905E-07   0.99999
FLUX 1192  9180.00        3.265714E+13   9.4084E-07   9.4085E-07   0.99998
FLUX 1193  9220.00        3.251546E+13   9.3274E-07   9.3276E-07   0.99998
FLUX 1194  9260.00        3.237500E+13   9.2474E-07   9.2477E-07   0.99997
FLUX 1195  9300.00        3.223575E+13   9.1686E-07   9.1688E-07   0.99998
FLUX 1196  9340.00        3.209770E+13   9.0798E-07   9.0909E-07   0.99878
FLUX 1197  9380.00        3.196082E+13   8.8606E-07   9.0140E-07   0.98298
FLUX 1198  9420.00        3.182511E+13   8.8849E-07   8.9381E-07   0.99405
FLUX 1199  9460.00        3.169054E+13   8.8628E-07   8.8631E-07   0.99997
FLUX 1200  9500.00        3.155711E+13   8.7873E-07   8.7890E-07   0.99980
FLUX 1201  9540.00        3.142479E+13   8.7125E-07   8.7159E-07   0.99961
FLUX 1202  9580.00        3.129358E+13   8.6435E-07   8.6437E-07   0.99998
FLUX 1203  9620.00        3.116346E+13   8.5722E-07   8.5723E-07   0.99999
FLUX 1204  9660.00        3.103442E+13   8.5017E-07   8.5018E-07   0.99999
FLUX 1205  9700.00        3.090644E+13   8.4321E-07   8.4322E-07   0.99998
FLUX 1206  9740.00        3.077952E+13   8.3633E-07   8.3634E-07   0.99999
FLUX 1207  9780.00        3.065363E+13   8.2954E-07   8.2955E-07   0.99998
FLUX 1208  9820.00        3.052877E+13   8.2251E-07   8.2284E-07   0.99960
FLUX 1209  9860.00        3.040492E+13   8.1523E-07   8.1620E-07   0.99880
FLUX 1210  9900.00        3.028207E+13   8.0964E-07   8.0965E-07   0.99998
FLUX 1211  9940.00        3.016021E+13   8.0317E-07   8.0318E-07   0.99999
FLUX 1212  9980.00        3.003933E+13   7.9677E-07   7.9678E-07   0.99999
FLUX 1213 10020.00        2.991941E+13   7.9045E-07   7.9046E-07   0.99999
FLUX 1214 20000.00        1.498963E+13   1.9731E-07   1.9731E-07   1.00000
FLUX 1215 40000.00        7.494813E+12   4.8345E-08   4.8345E-08   1.00000
FLUX 1216 60000.00        4.996542E+12   2.1169E-08   2.1169E-08   1.00000
FLUX 1217 80000.00        3.747406E+12   1.1782E-08   1.1782E-08   1.00000
FLUX 1218100000.00        2.997925E+12   7.4814E-09   7.4814E-09   1.00000
FLUX 1219120000.00        2.498271E+12   5.1642E-09   5.1642E-09   1.00000
FLUX 1220140000.00        2.141375E+12   3.7759E-09   3.7759E-09   1.00000
FLUX 1221160000.00        1.873703E+12   2.8795E-09   2.8795E-09   1.00000
FLUX
