TEFF   3500.  GRAVITY 4.00000 LTE 
TITLE  [+0.2] VTURB=2  L/H=1.25 NOVER NEW ODF                                   
FLUX    1     9.09        3.298047E+16   2.5000E-39   2.5000E-39   1.00000
FLUX    2     9.35        3.206337E+16   2.5000E-39   2.5000E-39   1.00000
FLUX    3     9.61        3.119589E+16   2.5000E-39   2.5000E-39   1.00000
FLUX    4     9.77        3.068500E+16   2.5000E-39   2.5000E-39   1.00000
FLUX    5     9.96        3.009965E+16   2.5000E-39   2.5000E-39   1.00000
FLUX    6    10.20        2.939142E+16   2.5000E-39   2.5000E-39   1.00000
FLUX    7    10.38        2.888174E+16   2.5000E-39   2.5000E-39   1.00000
FLUX    8    10.56        2.838944E+16   2.5000E-39   2.5000E-39   1.00000
FLUX    9    10.77        2.783589E+16   2.5000E-39   2.5000E-39   1.00000
FLUX   10    11.04        2.715512E+16   2.5000E-39   2.5000E-39   1.00000
FLUX   11    11.40        2.629759E+16   2.5000E-39   2.5000E-39   1.00000
FLUX   12    11.78        2.544928E+16   2.5000E-39   2.5000E-39   1.00000
FLUX   13    12.13        2.471496E+16   2.5000E-39   2.5000E-39   1.00000
FLUX   14    12.48        2.402184E+16   2.5000E-39   2.5000E-39   1.00000
FLUX   15    12.71        2.358714E+16   2.5000E-39   2.5000E-39   1.00000
FLUX   16    12.84        2.334833E+16   2.5000E-39   2.5000E-39   1.00000
FLUX   17    13.05        2.297260E+16   2.5000E-39   2.5000E-39   1.00000
FLUX   18    13.24        2.264294E+16   2.5000E-39   2.5000E-39   1.00000
FLUX   19    13.39        2.238928E+16   2.5000E-39   2.5000E-39   1.00000
FLUX   20    13.66        2.194674E+16   2.5000E-39   2.5000E-39   1.00000
FLUX   21    13.98        2.144439E+16   2.5000E-39   2.5000E-39   1.00000
FLUX   22    14.33        2.092062E+16   2.5000E-39   2.5000E-39   1.00000
FLUX   23    14.72        2.036634E+16   2.5000E-39   2.5000E-39   1.00000
FLUX   24    15.10        1.985381E+16   2.5000E-39   2.5000E-39   1.00000
FLUX   25    15.52        1.931653E+16   2.5000E-39   2.5000E-39   1.00000
FLUX   26    15.88        1.887862E+16   2.5000E-39   2.5000E-39   1.00000
FLUX   27    16.20        1.850571E+16   2.5000E-39   2.5000E-39   1.00000
FLUX   28    16.60        1.805979E+16   2.5000E-39   2.5000E-39   1.00000
FLUX   29    17.03        1.760379E+16   2.5000E-39   2.5000E-39   1.00000
FLUX   30    17.34        1.728907E+16   2.5000E-39   2.5000E-39   1.00000
FLUX   31    17.68        1.695659E+16   2.5000E-39   2.5000E-39   1.00000
FLUX   32    18.02        1.663665E+16   2.5000E-39   2.5000E-39   1.00000
FLUX   33    18.17        1.649931E+16   9.3768-146   9.3770-146   0.99998
FLUX   34    18.61        1.610921E+16   2.2566-142   2.2566-142   0.99998
FLUX   35    19.10        1.569594E+16   8.5883-139   8.5885-139   0.99998
FLUX   36    19.39        1.546119E+16   9.2482-137   9.2484-137   0.99998
FLUX   37    19.84        1.511051E+16   1.0021-133   1.0021-133   0.99998
FLUX   38    20.18        1.485592E+16   1.5999-131   1.5999-131   0.99998
FLUX   39    20.50        1.462402E+16   1.6251-129   1.6251-129   0.99998
FLUX   40    21.05        1.424192E+16   3.2679-126   3.2680-126   0.99998
FLUX   41    21.62        1.386644E+16   5.7394-123   5.7395-123   0.99998
FLUX   42    21.98        1.363933E+16   5.2548-121   5.2548-121   0.99998
FLUX   43    22.30        1.344361E+16   2.5686-119   2.5686-119   0.99998
FLUX   44    22.68        1.321836E+16   2.2569-117   2.2570-117   0.99998
FLUX   45    23.00        1.303446E+16   8.7210-116   8.7211-116   0.99998
FLUX   46    23.40        1.281165E+16   7.2716-114   7.2717-114   0.99998
FLUX   47    24.00        1.249135E+16   4.1874-111   4.1875-111   0.99998
FLUX   48    24.65        1.216197E+16   2.8790-108   2.8790-108   0.99998
FLUX   49    25.24        1.187767E+16   8.0680-106   8.0681-106   0.99998
FLUX   50    25.68        1.167416E+16   4.5498-104   4.5498-104   0.99998
FLUX   51    26.00        1.153048E+16   7.8331-103   7.8332-103   0.99998
FLUX   52    26.40        1.135578E+16   2.4901-101   2.4901-101   0.99998
FLUX   53    26.85        1.116546E+16   1.0751E-99   1.0751E-99   0.99998
FLUX   54    27.35        1.096133E+16   6.0855E-98   6.0856E-98   0.99998
FLUX   55    27.85        1.076454E+16   2.9787E-96   2.9787E-96   0.99998
FLUX   56    28.40        1.055607E+16   1.8310E-94   1.8311E-94   0.99998
FLUX   57    29.00        1.033767E+16   1.3656E-92   1.3656E-92   0.99998
FLUX   58    29.60        1.012812E+16   8.5157E-91   8.5159E-91   0.99998
FLUX   59    30.10        9.959883E+15   2.3503E-89   2.3508E-89   0.99982
FLUX   60    30.80        9.733523E+15   2.0350E-87   2.0351E-87   0.99998
FLUX   61    31.80        9.427437E+15   8.4292E-85   8.4294E-85   0.99998
FLUX   62    32.80        9.140015E+15   2.4038E-82   2.4038E-82   0.99998
FLUX   63    33.80        8.869601E+15   4.8740E-80   4.8741E-80   0.99998
FLUX   64    34.80        8.614727E+15   7.2485E-78   7.2486E-78   0.99998
FLUX   65    35.70        8.397549E+15   5.1167E-76   5.1168E-76   0.99998
FLUX   66    36.60        8.191052E+15   2.9231E-74   2.9232E-74   0.99998
FLUX   67    37.50        7.994467E+15   1.3688E-72   1.3688E-72   0.99998
FLUX   68    38.50        7.786818E+15   7.9276E-71   7.9277E-71   0.99998
FLUX   69    39.50        7.589683E+15   3.7205E-69   3.7206E-69   0.99998
FLUX   70    40.50        7.402284E+15   1.4385E-67   1.4385E-67   0.99998
FLUX   71    41.40        7.241364E+15   3.3091E-66   3.3091E-66   0.99998
FLUX   72    42.20        7.104087E+15   4.7881E-65   4.7882E-65   0.99998
FLUX   73    43.00        6.971919E+15   6.2593E-64   6.2594E-64   0.99998
FLUX   74    44.10        6.798016E+15   1.8362E-62   1.8363E-62   0.99998
FLUX   75    45.10        6.647284E+15   3.4210E-61   3.4210E-61   0.99998
FLUX   76    46.00        6.517228E+15   4.2569E-60   4.2570E-60   0.99998
FLUX   77    47.00        6.378564E+15   6.2442E-59   6.2443E-59   0.99998
FLUX   78    48.00        6.245677E+15   8.1629E-58   8.1631E-58   0.99998
FLUX   79    49.00        6.118214E+15   9.5881E-57   9.5883E-57   0.99998
FLUX   80    50.00        5.995850E+15   1.0170E-55   1.0170E-55   0.99998
FLUX   81    50.60        5.924753E+15   5.4200E-55   6.1564E-55   0.88038
FLUX   82    51.20        5.855322E+15   2.3117E-54   2.3363E-54   0.98946
FLUX   83    52.00        5.765240E+15   1.3052E-53   1.3164E-53   0.99148
FLUX   84    53.00        5.656462E+15   1.0596E-52   1.0596E-52   0.99998
FLUX   85    54.00        5.551713E+15   7.8364E-52   7.8773E-52   0.99481
FLUX   86    55.00        5.450773E+15   5.4349E-51   5.4350E-51   0.99998
FLUX   87    56.00        5.353437E+15   3.4922E-50   3.4923E-50   0.99998
FLUX   88    57.00        5.259517E+15   2.0977E-49   2.0978E-49   0.99998
FLUX   89    58.00        5.168836E+15   1.1701E-48   1.1828E-48   0.98923
FLUX   90    59.00        5.081229E+15   6.2708E-48   6.2731E-48   0.99963
FLUX   91    60.00        4.996542E+15   3.1403E-47   3.1411E-47   0.99974
FLUX   92    61.00        4.914631E+15   1.4891E-46   1.4891E-46   0.99998
FLUX   93    62.00        4.835363E+15   6.7012E-46   6.7021E-46   0.99987
FLUX   94    63.00        4.758611E+15   2.8705E-45   2.8708E-45   0.99991
FLUX   95    64.00        4.684258E+15   1.1737E-44   1.1737E-44   0.99998
FLUX   96    65.00        4.612192E+15   4.5880E-44   4.5881E-44   0.99998
FLUX   97    65.80        4.556117E+15   1.3239E-43   1.3239E-43   0.99998
FLUX   98    66.50        4.508158E+15   3.2717E-43   3.2741E-43   0.99924
FLUX   99    67.50        4.441370E+15   1.1532E-42   1.1539E-42   0.99939
FLUX  100    68.50        4.376533E+15   3.9143E-42   3.9144E-42   0.99998
FLUX  101    69.50        4.313561E+15   1.2801E-41   1.2802E-41   0.99998
FLUX  102    70.50        4.252376E+15   4.0324E-41   4.0427E-41   0.99744
FLUX  103    71.60        4.187046E+15   1.3780E-40   1.3780E-40   0.99998
FLUX  104    72.60        4.129373E+15   4.0625E-40   4.0626E-40   0.99998
FLUX  105    73.50        4.078809E+15   1.0473E-39   1.0474E-39   0.99991
FLUX  106    74.50        4.024060E+15   2.9166E-39   2.9179E-39   0.99954
FLUX  107    75.50        3.970762E+15   7.8973E-39   7.9016E-39   0.99945
FLUX  108    76.50        3.918856E+15   2.0821E-38   2.0823E-38   0.99991
FLUX  109    77.50        3.868290E+15   5.3431E-38   5.3459E-38   0.99948
FLUX  110    78.50        3.819013E+15   1.3384E-37   1.3384E-37   0.99998
FLUX  111    79.50        3.770975E+15   3.2494E-37   3.2708E-37   0.99345
FLUX  112    80.50        3.724130E+15   7.7885E-37   7.8098E-37   0.99727
FLUX  113    81.50        3.678436E+15   1.8228E-36   1.8235E-36   0.99965
FLUX  114    82.50        3.633848E+15   4.1670E-36   4.1673E-36   0.99992
FLUX  115    83.50        3.590329E+15   9.3292E-36   9.3299E-36   0.99992
FLUX  116    84.50        3.547840E+15   2.0455E-35   2.0474E-35   0.99906
FLUX  117    85.50        3.506345E+15   4.3879E-35   4.4070E-35   0.99566
FLUX  118    86.50        3.465809E+15   9.2332E-35   9.3110E-35   0.99165
FLUX  119    87.50        3.426200E+15   1.9054E-34   1.9321E-34   0.98616
FLUX  120    88.50        3.387486E+15   3.8735E-34   3.9409E-34   0.98290
FLUX  121    89.50        3.349637E+15   7.7522E-34   7.9044E-34   0.98074
FLUX  122    90.50        3.312624E+15   1.5182E-33   1.5599E-33   0.97322
FLUX  123    91.50        3.276421E+15   3.5091E-29   1.9477E-26   0.00180
FLUX  124    92.50        3.241000E+15   1.6982E-28   2.4397E-26   0.00696
FLUX  125    93.50        3.206337E+15   2.6571E-28   2.0396E-26   0.01303
FLUX  126    94.50        3.172407E+15   4.2868E-28   1.4684E-26   0.02919
FLUX  127    95.50        3.139188E+15   5.4938E-28   1.3599E-26   0.04040
FLUX  128    96.50        3.106658E+15   1.1638E-27   1.4843E-26   0.07841
FLUX  129    97.50        3.074795E+15   1.2555E-27   1.7852E-26   0.07033
FLUX  130    98.50        3.043579E+15   2.5359E-27   2.5835E-26   0.09816
FLUX  131    99.50        3.012990E+15   4.3200E-27   3.5236E-26   0.12260
FLUX  132   100.50        2.983010E+15   5.7542E-27   4.8958E-26   0.11753
FLUX  133   101.50        2.953621E+15   8.7229E-27   6.8294E-26   0.12773
FLUX  134   102.50        2.924805E+15   1.3478E-26   1.0438E-25   0.12913
FLUX  135   103.50        2.896546E+15   2.9924E-26   1.5631E-25   0.19144
FLUX  136   104.50        2.868828E+15   4.6098E-26   2.4318E-25   0.18956
FLUX  137   105.50        2.841635E+15   5.9580E-26   3.8553E-25   0.15454
FLUX  138   106.50        2.814953E+15   1.4817E-25   6.2143E-25   0.23844
FLUX  139   107.50        2.788767E+15   2.1611E-25   1.0152E-24   0.21286
FLUX  140   108.50        2.763064E+15   4.2808E-25   1.6728E-24   0.25591
FLUX  141   109.50        2.737831E+15   6.2639E-25   2.7655E-24   0.22650
FLUX  142   110.50        2.713054E+15   9.8781E-25   4.5482E-24   0.21719
FLUX  143   111.50        2.688722E+15   1.4328E-24   7.4393E-24   0.19260
FLUX  144   112.50        2.664822E+15   3.4352E-24   1.2019E-23   0.28581
FLUX  145   113.50        2.641344E+15   6.3761E-24   1.9158E-23   0.33282
FLUX  146   114.50        2.618275E+15   1.1213E-23   3.0109E-23   0.37242
FLUX  147   115.50        2.595606E+15   1.7594E-23   4.6393E-23   0.37923
FLUX  148   116.50        2.573326E+15   2.4543E-23   6.9931E-23   0.35095
FLUX  149   117.50        2.551426E+15   4.1578E-23   1.0240E-22   0.40602
FLUX  150   118.50        2.529894E+15   5.7817E-23   1.6599E-22   0.34831
FLUX  151   119.50        2.508724E+15   6.9518E-23   2.4382E-22   0.28512
FLUX  152   120.50        2.487905E+15   5.9629E-23   3.5341E-22   0.16872
FLUX  153   121.50        2.467428E+15   1.0007E-23   5.0569E-22   0.01979
FLUX  154   122.50        2.447286E+15   1.0333E-22   7.1528E-22   0.14446
FLUX  155   123.50        2.427470E+15   3.2896E-22   1.0030E-21   0.32797
FLUX  156   124.50        2.407972E+15   5.5265E-22   1.1356E-21   0.48667
FLUX  157   125.50        2.388785E+15   8.4432E-22   1.7242E-21   0.48970
FLUX  158   126.50        2.369901E+15   1.0915E-21   2.4812E-21   0.43990
FLUX  159   127.50        2.351314E+15   1.6103E-21   3.4807E-21   0.46262
FLUX  160   128.50        2.333016E+15   1.7206E-21   4.8442E-21   0.35519
FLUX  161   129.50        2.315000E+15   2.4277E-21   6.6682E-21   0.36407
FLUX  162   130.50        2.297261E+15   3.1983E-21   9.1095E-21   0.35110
FLUX  163   131.50        2.279791E+15   4.4073E-21   1.2353E-20   0.35679
FLUX  164   132.50        2.262585E+15   5.2863E-21   1.6546E-20   0.31949
FLUX  165   133.50        2.245637E+15   6.3461E-21   2.1865E-20   0.29024
FLUX  166   134.50        2.228940E+15   8.9326E-21   2.8494E-20   0.31349
FLUX  167   135.50        2.212491E+15   1.2420E-20   3.6606E-20   0.33930
FLUX  168   136.50        2.196282E+15   1.4229E-20   4.6378E-20   0.30681
FLUX  169   137.50        2.180309E+15   1.6127E-20   5.8075E-20   0.27768
FLUX  170   138.50        2.164567E+15   2.0254E-20   7.2155E-20   0.28070
FLUX  171   139.50        2.149050E+15   2.4480E-20   8.9226E-20   0.27436
FLUX  172   140.50        2.133754E+15   3.5540E-20   1.1012E-19   0.32273
FLUX  173   141.50        2.118675E+15   4.6826E-20   1.3624E-19   0.34371
FLUX  174   142.50        2.103807E+15   5.3288E-20   1.6889E-19   0.31552
FLUX  175   143.50        2.089146E+15   7.8285E-20   2.0976E-19   0.37322
FLUX  176   144.20        2.079005E+15   1.1551E-19   2.4450E-19   0.47244
FLUX  177   144.70        2.071821E+15   9.9139E-20   2.7280E-19   0.36342
FLUX  178   145.50        2.060430E+15   1.1861E-19   3.2508E-19   0.36485
FLUX  179   146.50        2.046365E+15   1.8155E-19   4.0409E-19   0.44929
FLUX  180   147.50        2.032492E+15   1.7924E-19   5.0088E-19   0.35784
FLUX  181   148.50        2.018805E+15   2.3569E-19   6.1958E-19   0.38040
FLUX  182   149.50        2.005301E+15   3.7668E-19   7.6400E-19   0.49303
FLUX  183   150.50        1.991977E+15   5.6852E-19   9.4001E-19   0.60480
FLUX  184   151.20        1.982755E+15   3.2359E-19   1.0836E-18   0.29862
FLUX  185   151.70        1.976220E+15   5.5945E-19   1.2207E-18   0.45832
FLUX  186   152.50        1.965852E+15   7.9072E-19   1.4846E-18   0.53262
FLUX  187   153.50        1.953046E+15   1.0551E-18   1.8287E-18   0.57696
FLUX  188   154.50        1.940405E+15   7.9025E-19   2.2277E-18   0.35474
FLUX  189   155.50        1.927926E+15   1.2244E-18   2.7203E-18   0.45012
FLUX  190   156.50        1.915607E+15   1.2006E-18   3.3325E-18   0.36027
FLUX  191   157.50        1.903444E+15   2.0423E-18   5.7077E-18   0.35782
FLUX  192   158.50        1.891435E+15   2.3369E-18   6.9035E-18   0.33850
FLUX  193   159.50        1.879577E+15   2.4122E-18   8.3467E-18   0.28900
FLUX  194   160.50        1.867866E+15   2.7018E-18   1.0083E-17   0.26796
FLUX  195   161.50        1.856300E+15   3.0687E-18   1.2166E-17   0.25223
FLUX  196   162.50        1.844877E+15   3.2588E-18   1.7973E-17   0.18132
FLUX  197   163.50        1.833593E+15   4.3470E-18   2.1948E-17   0.19806
FLUX  198   164.50        1.822447E+15   5.8390E-18   2.6795E-17   0.21791
FLUX  199   165.50        1.811435E+15   5.4469E-18   3.2613E-17   0.16702
FLUX  200   166.50        1.800556E+15   8.2948E-18   3.9670E-17   0.20909
FLUX  201   167.20        1.793017E+15   7.6400E-18   4.5384E-17   0.16834
FLUX  202   167.70        1.787671E+15   1.1131E-17   4.9940E-17   0.22288
FLUX  203   168.50        1.779184E+15   1.3937E-17   5.8137E-17   0.23973
FLUX  204   169.50        1.768687E+15   1.9746E-17   7.0010E-17   0.28205
FLUX  205   170.50        1.758314E+15   2.1188E-17   8.4053E-17   0.25207
FLUX  206   171.50        1.748061E+15   2.4818E-17   1.0176E-16   0.24389
FLUX  207   172.50        1.737928E+15   3.3695E-17   1.2119E-16   0.27803
FLUX  208   173.50        1.727911E+15   3.9545E-17   1.4381E-16   0.27498
FLUX  209   174.50        1.718009E+15   5.5054E-17   1.7000E-16   0.32384
FLUX  210   175.50        1.708219E+15   5.7694E-17   2.0025E-16   0.28811
FLUX  211   176.50        1.698541E+15   7.0012E-17   2.3508E-16   0.29782
FLUX  212   177.50        1.688972E+15   7.4006E-17   2.7505E-16   0.26906
FLUX  213   178.50        1.679510E+15   1.2249E-16   3.2082E-16   0.38181
FLUX  214   179.50        1.670153E+15   1.1377E-16   3.7318E-16   0.30487
FLUX  215   180.50        1.660900E+15   1.7735E-16   4.3290E-16   0.40968
FLUX  216   181.50        1.651749E+15   1.5005E-16   5.0095E-16   0.29954
FLUX  217   182.50        1.642699E+15   2.2786E-16   5.7837E-16   0.39397
FLUX  218   183.50        1.633747E+15   2.2138E-16   6.6630E-16   0.33225
FLUX  219   184.50        1.624892E+15   3.2373E-16   7.6593E-16   0.42266
FLUX  220   185.50        1.616132E+15   2.9235E-16   8.7870E-16   0.33270
FLUX  221   186.50        1.607466E+15   4.3200E-16   1.0062E-15   0.42934
FLUX  222   187.50        1.598893E+15   4.4647E-16   1.1506E-15   0.38803
FLUX  223   188.50        1.590411E+15   5.5769E-16   1.3131E-15   0.42470
FLUX  224   189.50        1.582018E+15   7.0413E-16   1.4953E-15   0.47090
FLUX  225   190.50        1.573714E+15   7.7890E-16   1.6998E-15   0.45822
FLUX  226   191.50        1.565496E+15   1.0480E-15   1.9287E-15   0.54336
FLUX  227   192.50        1.557364E+15   1.0051E-15   2.1850E-15   0.46001
FLUX  228   193.50        1.549315E+15   7.8803E-16   2.4718E-15   0.31881
FLUX  229   194.50        1.541350E+15   1.4281E-15   2.7928E-15   0.51136
FLUX  230   195.50        1.533465E+15   1.8797E-15   3.1513E-15   0.59648
FLUX  231   196.70        1.524110E+15   2.1838E-15   3.6363E-15   0.60056
FLUX  232   197.60        1.517168E+15   2.5056E-15   4.0433E-15   0.61969
FLUX  233   198.40        1.511051E+15   3.0987E-15   4.4387E-15   0.69811
FLUX  234   199.50        1.502719E+15   3.0710E-15   5.0369E-15   0.60969
FLUX  235   200.50        1.495224E+15   3.7049E-15   5.6436E-15   0.65649
FLUX  236   201.50        1.487804E+15   4.3058E-15   6.3159E-15   0.68174
FLUX  237   202.50        1.480457E+15   4.3817E-15   7.0603E-15   0.62062
FLUX  238   203.50        1.473182E+15   5.4699E-15   7.8835E-15   0.69385
FLUX  239   204.50        1.465978E+15   6.0148E-15   8.7925E-15   0.68408
FLUX  240   205.50        1.458844E+15   7.0161E-15   9.7949E-15   0.71630
FLUX  241   206.50        1.451780E+15   7.3356E-15   1.0896E-14   0.67324
FLUX  242   207.40        1.445480E+15   7.0902E-15   1.1982E-14   0.59172
FLUX  243   207.80        1.442697E+15   9.0433E-15   4.7841E-13   0.01890
FLUX  244   208.50        1.437854E+15   1.0953E-14   5.6006E-13   0.01956
FLUX  245   209.50        1.430990E+15   1.4718E-14   6.9944E-13   0.02104
FLUX  246   210.50        1.424192E+15   1.6855E-14   8.7237E-13   0.01932
FLUX  247   211.50        1.417459E+15   1.8501E-14   1.0882E-12   0.01700
FLUX  248   212.50        1.410788E+15   2.1784E-14   1.3513E-12   0.01612
FLUX  249   213.50        1.404180E+15   2.6479E-14   1.6702E-12   0.01585
FLUX  250   214.50        1.397634E+15   2.2623E-14   2.0615E-12   0.01097
FLUX  251   215.50        1.391148E+15   2.8047E-14   2.5346E-12   0.01107
FLUX  252   216.50        1.384723E+15   2.8379E-14   3.0962E-12   0.00917
FLUX  253   217.50        1.378356E+15   3.1635E-14   3.7593E-12   0.00842
FLUX  254   218.50        1.372048E+15   3.1367E-14   4.5539E-12   0.00689
FLUX  255   219.50        1.365797E+15   4.7012E-14   5.4766E-12   0.00858
FLUX  256   220.50        1.359603E+15   4.3653E-14   6.5410E-12   0.00667
FLUX  257   221.50        1.353465E+15   5.1186E-14   7.7587E-12   0.00660
FLUX  258   222.50        1.347382E+15   4.7388E-14   9.2357E-12   0.00513
FLUX  259   223.50        1.341353E+15   7.1865E-14   1.0833E-11   0.00663
FLUX  260   224.50        1.335379E+15   8.2230E-14   1.2614E-11   0.00652
FLUX  261   225.50        1.329457E+15   9.8226E-14   1.5450E-11   0.00636
FLUX  262   226.50        1.323587E+15   6.7517E-14   1.7783E-11   0.00380
FLUX  263   227.50        1.317769E+15   1.1653E-13   2.0312E-11   0.00574
FLUX  264   228.50        1.312002E+15   1.1649E-13   2.3033E-11   0.00506
FLUX  265   229.50        1.306285E+15   1.7684E-13   2.5952E-11   0.00681
FLUX  266   230.50        1.300618E+15   8.8339E-14   2.9096E-11   0.00304
FLUX  267   231.50        1.295000E+15   2.3222E-13   3.2420E-11   0.00716
FLUX  268   232.50        1.289430E+15   2.0138E-13   3.5917E-11   0.00561
FLUX  269   233.50        1.283908E+15   2.9429E-13   4.0055E-11   0.00735
FLUX  270   234.50        1.278433E+15   2.0327E-13   4.3937E-11   0.00463
FLUX  271   235.50        1.273004E+15   1.9822E-13   4.7987E-11   0.00413
FLUX  272   236.50        1.267622E+15   2.5157E-13   5.2195E-11   0.00482
FLUX  273   237.50        1.262284E+15   2.5775E-13   5.6556E-11   0.00456
FLUX  274   238.50        1.256992E+15   4.0751E-13   6.1073E-11   0.00667
FLUX  275   239.50        1.251743E+15   3.9989E-13   6.5762E-11   0.00608
FLUX  276   240.50        1.246538E+15   6.8850E-13   7.0606E-11   0.00975
FLUX  277   241.50        1.241377E+15   4.4680E-13   7.5610E-11   0.00591
FLUX  278   242.50        1.236258E+15   5.6387E-13   8.0777E-11   0.00698
FLUX  279   243.50        1.231181E+15   8.2184E-13   8.6114E-11   0.00954
FLUX  280   244.50        1.226145E+15   1.1080E-12   9.2690E-11   0.01195
FLUX  281   245.50        1.221151E+15   1.3105E-12   9.8380E-11   0.01332
FLUX  282   246.50        1.216197E+15   9.1667E-13   1.0424E-10   0.00879
FLUX  283   247.50        1.211283E+15   1.5715E-12   1.1029E-10   0.01425
FLUX  284   248.50        1.206408E+15   7.5643E-13   1.1653E-10   0.00649
FLUX  285   249.50        1.201573E+15   8.4532E-13   1.2297E-10   0.00687
FLUX  286   250.50        1.196776E+15   1.4736E-12   1.3048E-10   0.01129
FLUX  287   251.30        1.192967E+15   1.1436E-12   1.3593E-10   0.00841
FLUX  288   251.80        1.190598E+15   1.3472E-12   3.9000E-09   0.00035
FLUX  289   252.50        1.187297E+15   1.6347E-12   4.0786E-09   0.00040
FLUX  290   253.50        1.182613E+15   3.3416E-12   4.3371E-09   0.00077
FLUX  291   254.50        1.177967E+15   4.2330E-12   4.6002E-09   0.00092
FLUX  292   255.50        1.173356E+15   4.3652E-12   4.8687E-09   0.00090
FLUX  293   256.50        1.168782E+15   2.4888E-12   5.1426E-09   0.00048
FLUX  294   257.50        1.164243E+15   4.0994E-12   5.4223E-09   0.00076
FLUX  295   258.50        1.159739E+15   2.9334E-12   5.7079E-09   0.00051
FLUX  296   259.50        1.155270E+15   3.6951E-12   5.9993E-09   0.00062
FLUX  297   260.50        1.150835E+15   5.0726E-12   6.2976E-09   0.00081
FLUX  298   261.50        1.146434E+15   4.5265E-12   6.6029E-09   0.00069
FLUX  299   262.50        1.142067E+15   7.3901E-12   6.9159E-09   0.00107
FLUX  300   263.50        1.137732E+15   1.1571E-11   7.6076E-09   0.00152
FLUX  301   264.50        1.133431E+15   8.9100E-12   7.9307E-09   0.00112
FLUX  302   265.50        1.129162E+15   1.3307E-11   8.2612E-09   0.00161
FLUX  303   266.50        1.124925E+15   1.0764E-11   8.5990E-09   0.00125
FLUX  304   267.50        1.120720E+15   1.0615E-11   8.9443E-09   0.00119
FLUX  305   268.50        1.116546E+15   1.3546E-11   9.2969E-09   0.00146
FLUX  306   269.50        1.112403E+15   9.5408E-12   9.6567E-09   0.00099
FLUX  307   270.50        1.108290E+15   1.8220E-11   1.0516E-08   0.00173
FLUX  308   271.50        1.104208E+15   1.7148E-11   1.0877E-08   0.00158
FLUX  309   272.50        1.100156E+15   1.4844E-11   1.1243E-08   0.00132
FLUX  310   273.50        1.096133E+15   1.5322E-11   1.1615E-08   0.00132
FLUX  311   274.50        1.092140E+15   2.3773E-11   1.1994E-08   0.00198
FLUX  312   275.50        1.088176E+15   2.2168E-11   1.2379E-08   0.00179
FLUX  313   276.50        1.084240E+15   3.3451E-11   1.2769E-08   0.00262
FLUX  314   277.50        1.080333E+15   4.3842E-11   1.3166E-08   0.00333
FLUX  315   278.50        1.076454E+15   2.7997E-11   1.3571E-08   0.00206
FLUX  316   279.50        1.072603E+15   4.4187E-11   1.3985E-08   0.00316
FLUX  317   280.50        1.068779E+15   4.2437E-11   1.4406E-08   0.00295
FLUX  318   281.50        1.064982E+15   4.1810E-11   1.4837E-08   0.00282
FLUX  319   282.50        1.061212E+15   4.2867E-11   1.5276E-08   0.00281
FLUX  320   283.50        1.057469E+15   3.5505E-11   1.5725E-08   0.00226
FLUX  321   284.50        1.053752E+15   2.7123E-11   1.6184E-08   0.00168
FLUX  322   285.50        1.050061E+15   1.5437E-11   1.6651E-08   0.00093
FLUX  323   286.50        1.046396E+15   4.5738E-11   1.7127E-08   0.00267
FLUX  324   287.50        1.042757E+15   4.9452E-11   1.7613E-08   0.00281
FLUX  325   288.50        1.039142E+15   8.8623E-11   1.8108E-08   0.00489
FLUX  326   289.50        1.035553E+15   1.0358E-10   1.8611E-08   0.00557
FLUX  327   291.00        1.030215E+15   1.3019E-10   1.9741E-08   0.00659
FLUX  328   293.00        1.023183E+15   1.4718E-10   2.0772E-08   0.00709
FLUX  329   295.00        1.016246E+15   1.4768E-10   2.1909E-08   0.00674
FLUX  330   297.00        1.009402E+15   1.4358E-10   2.3006E-08   0.00624
FLUX  331   299.00        1.002650E+15   1.8534E-10   2.4143E-08   0.00768
FLUX  332   301.00        9.959884E+14   2.0960E-10   2.5321E-08   0.00828
FLUX  333   303.00        9.894142E+14   2.6594E-10   2.6539E-08   0.01002
FLUX  334   305.00        9.829262E+14   3.2882E-10   2.7794E-08   0.01183
FLUX  335   307.00        9.765228E+14   3.4440E-10   2.9087E-08   0.01184
FLUX  336   309.00        9.702023E+14   3.4029E-10   3.0707E-08   0.01108
FLUX  337   311.00        9.639630E+14   5.2544E-10   3.2043E-08   0.01640
FLUX  338   313.00        9.578035E+14   5.3029E-10   3.3493E-08   0.01583
FLUX  339   315.00        9.517222E+14   7.8396E-10   3.4892E-08   0.02247
FLUX  340   317.00        9.457177E+14   1.1397E-09   3.6326E-08   0.03137
FLUX  341   319.00        9.397884E+14   9.8622E-10   3.7802E-08   0.02609
FLUX  342   321.00        9.339330E+14   1.2762E-09   3.9321E-08   0.03246
FLUX  343   323.00        9.281501E+14   1.4787E-09   4.0950E-08   0.03611
FLUX  344   325.00        9.224385E+14   2.0713E-09   4.2537E-08   0.04869
FLUX  345   327.00        9.167966E+14   2.7192E-09   4.4164E-08   0.06157
FLUX  346   329.00        9.112234E+14   3.7404E-09   4.5873E-08   0.08154
FLUX  347   331.00        9.057175E+14   3.3944E-09   4.7581E-08   0.07134
FLUX  348   333.00        9.002778E+14   4.1005E-09   4.9330E-08   0.08312
FLUX  349   335.00        8.949030E+14   4.0691E-09   5.1118E-08   0.07960
FLUX  350   337.00        8.895920E+14   3.1022E-09   5.2959E-08   0.05858
FLUX  351   339.00        8.843436E+14   4.2266E-09   5.4869E-08   0.07703
FLUX  352   341.00        8.791569E+14   4.9529E-09   5.6790E-08   0.08721
FLUX  353   343.00        8.740306E+14   5.2190E-09   5.8755E-08   0.08883
FLUX  354   345.00        8.689638E+14   4.6174E-09   6.0786E-08   0.07596
FLUX  355   347.00        8.639553E+14   4.7817E-09   6.2857E-08   0.07607
FLUX  356   349.00        8.590043E+14   6.3560E-09   6.4974E-08   0.09782
FLUX  357   351.00        8.541097E+14   8.9664E-09   6.7138E-08   0.13355
FLUX  358   353.00        8.492705E+14   8.5893E-09   6.9350E-08   0.12385
FLUX  359   355.00        8.444859E+14   1.3026E-08   7.1623E-08   0.18186
FLUX  360   357.00        8.397549E+14   6.4176E-09   7.3964E-08   0.08677
FLUX  361   359.00        8.350766E+14   5.5408E-09   7.6353E-08   0.07257
FLUX  362   361.00        8.304501E+14   8.6905E-09   7.8791E-08   0.11030
FLUX  363   363.00        8.258746E+14   1.2382E-08   8.1278E-08   0.15234
FLUX  364   364.00        8.236058E+14   1.3376E-08   8.2547E-08   0.16205
FLUX  365   365.00        8.213493E+14   1.5192E-08   8.3831E-08   0.18122
FLUX  366   367.00        8.168733E+14   2.1251E-08   8.6444E-08   0.24584
FLUX  367   369.00        8.124458E+14   1.7333E-08   8.9106E-08   0.19453
FLUX  368   371.00        8.080660E+14   1.3848E-08   9.1829E-08   0.15080
FLUX  369   373.00        8.037332E+14   6.3451E-09   9.4586E-08   0.06708
FLUX  370   375.00        7.994467E+14   8.5274E-09   9.7392E-08   0.08756
FLUX  371   377.00        7.952056E+14   2.0413E-08   1.0148E-07   0.20115
FLUX  372   379.00        7.910092E+14   2.3801E-08   1.0443E-07   0.22791
FLUX  373   381.00        7.868569E+14   2.1753E-08   1.0743E-07   0.20249
FLUX  374   383.00        7.827480E+14   9.8922E-09   1.1047E-07   0.08955
FLUX  375   385.00        7.786818E+14   1.7026E-08   1.1357E-07   0.14992
FLUX  376   387.00        7.746576E+14   1.6256E-08   1.1671E-07   0.13928
FLUX  377   389.00        7.706748E+14   1.7413E-08   1.1991E-07   0.14522
FLUX  378   391.00        7.667327E+14   2.4644E-08   1.2317E-07   0.20009
FLUX  379   393.00        7.628308E+14   1.0142E-08   1.2647E-07   0.08020
FLUX  380   395.00        7.589683E+14   1.7035E-08   1.2982E-07   0.13122
FLUX  381   397.00        7.551448E+14   1.3858E-08   1.3322E-07   0.10403
FLUX  382   399.00        7.513596E+14   4.0249E-08   1.3666E-07   0.29452
FLUX  383   401.00        7.476122E+14   5.6501E-08   1.4017E-07   0.40309
FLUX  384   403.00        7.439020E+14   4.1665E-08   1.4373E-07   0.28988
FLUX  385   405.00        7.402284E+14   4.9374E-08   1.4733E-07   0.33513
FLUX  386   407.00        7.365909E+14   4.8298E-08   1.5098E-07   0.31991
FLUX  387   409.00        7.329890E+14   6.4060E-08   1.5467E-07   0.41417
FLUX  388   411.00        7.294221E+14   4.6536E-08   1.5841E-07   0.29377
FLUX  389   413.00        7.258898E+14   5.2354E-08   1.6220E-07   0.32279
FLUX  390   415.00        7.223916E+14   5.3288E-08   1.6604E-07   0.32094
FLUX  391   417.00        7.189269E+14   5.2732E-08   1.6993E-07   0.31031
FLUX  392   419.00        7.154952E+14   5.2350E-08   1.7387E-07   0.30109
FLUX  393   421.00        7.120962E+14   3.5572E-08   1.7785E-07   0.20002
FLUX  394   423.00        7.087293E+14   1.3454E-08   1.8187E-07   0.07397
FLUX  395   425.00        7.053941E+14   3.8305E-08   1.8594E-07   0.20601
FLUX  396   427.00        7.020902E+14   4.4502E-08   1.9005E-07   0.23415
FLUX  397   429.00        6.988170E+14   4.3838E-08   1.9421E-07   0.22572
FLUX  398   431.00        6.955742E+14   4.8517E-08   1.9842E-07   0.24452
FLUX  399   433.00        6.923614E+14   6.9371E-08   2.0267E-07   0.34228
FLUX  400   435.00        6.891782E+14   6.6778E-08   2.0698E-07   0.32263
FLUX  401   437.00        6.860240E+14   7.2072E-08   2.1132E-07   0.34105
FLUX  402   439.00        6.828986E+14   6.3216E-08   2.1571E-07   0.29306
FLUX  403   441.00        6.798016E+14   6.4288E-08   2.2015E-07   0.29202
FLUX  404   443.00        6.767325E+14   5.6130E-08   2.2463E-07   0.24988
FLUX  405   445.00        6.736910E+14   5.9179E-08   2.2915E-07   0.25825
FLUX  406   447.00        6.706767E+14   5.9575E-08   2.3372E-07   0.25490
FLUX  407   449.00        6.676893E+14   6.6114E-08   2.3833E-07   0.27740
FLUX  408   451.00        6.647284E+14   6.7332E-08   2.4299E-07   0.27710
FLUX  409   453.00        6.617936E+14   6.1224E-08   2.4769E-07   0.24718
FLUX  410   455.00        6.588846E+14   6.5798E-08   2.5244E-07   0.26065
FLUX  411   457.00        6.560011E+14   7.9614E-08   2.5723E-07   0.30951
FLUX  412   459.00        6.531427E+14   5.4094E-08   2.6206E-07   0.20642
FLUX  413   461.00        6.503091E+14   6.2444E-08   2.6693E-07   0.23393
FLUX  414   463.00        6.475000E+14   5.3581E-08   2.7185E-07   0.19710
FLUX  415   465.00        6.447150E+14   5.4598E-08   2.7682E-07   0.19723
FLUX  416   467.00        6.419540E+14   5.6763E-08   2.8183E-07   0.20141
FLUX  417   469.00        6.392164E+14   5.6529E-08   2.8688E-07   0.19705
FLUX  418   471.00        6.365021E+14   6.3958E-08   2.9197E-07   0.21906
FLUX  419   473.00        6.338108E+14   6.0602E-08   2.9710E-07   0.20397
FLUX  420   475.00        6.311421E+14   7.4493E-08   3.0228E-07   0.24644
FLUX  421   477.00        6.284958E+14   3.4498E-08   3.0750E-07   0.11219
FLUX  422   479.00        6.258716E+14   4.7491E-08   3.1276E-07   0.15185
FLUX  423   481.00        6.232692E+14   4.1215E-08   3.1806E-07   0.12958
FLUX  424   483.00        6.206884E+14   4.9828E-08   3.2339E-07   0.15408
FLUX  425   485.00        6.181289E+14   5.4619E-08   3.2880E-07   0.16612
FLUX  426   487.00        6.155903E+14   6.4146E-08   3.3421E-07   0.19193
FLUX  427   489.00        6.130726E+14   8.0354E-08   3.3967E-07   0.23657
FLUX  428   491.00        6.105753E+14   8.9764E-08   3.4516E-07   0.26007
FLUX  429   493.00        6.080984E+14   1.1030E-07   3.5069E-07   0.31453
FLUX  430   495.00        6.056414E+14   1.0147E-07   3.5625E-07   0.28484
FLUX  431   497.00        6.032042E+14   4.0669E-08   3.6186E-07   0.11239
FLUX  432   499.00        6.007866E+14   5.6696E-08   3.6749E-07   0.15428
FLUX  433   501.00        5.983882E+14   3.8778E-08   3.7316E-07   0.10392
FLUX  434   503.00        5.960089E+14   5.4463E-08   3.7886E-07   0.14375
FLUX  435   505.00        5.936485E+14   6.0915E-08   3.8460E-07   0.15839
FLUX  436   507.00        5.913067E+14   7.3151E-08   3.9037E-07   0.18739
FLUX  437   509.00        5.889833E+14   7.9231E-08   3.9617E-07   0.19999
FLUX  438   511.00        5.866781E+14   9.3611E-08   4.0200E-07   0.23286
FLUX  439   513.00        5.843908E+14   9.8741E-08   4.0787E-07   0.24209
FLUX  440   515.00        5.821214E+14   9.6783E-08   4.1377E-07   0.23390
FLUX  441   517.00        5.798694E+14   7.3866E-08   4.1971E-07   0.17599
FLUX  442   519.00        5.776349E+14   5.0487E-08   4.2567E-07   0.11861
FLUX  443   521.00        5.754175E+14   7.2558E-08   4.3166E-07   0.16809
FLUX  444   523.00        5.732170E+14   1.2116E-07   4.3767E-07   0.27684
FLUX  445   525.00        5.710333E+14   1.0541E-07   4.4371E-07   0.23757
FLUX  446   527.00        5.688662E+14   1.0834E-07   4.4977E-07   0.24088
FLUX  447   529.00        5.667155E+14   1.3893E-07   4.5587E-07   0.30476
FLUX  448   531.00        5.645810E+14   1.5756E-07   4.6200E-07   0.34104
FLUX  449   533.00        5.624625E+14   1.4037E-07   4.6815E-07   0.29985
FLUX  450   535.00        5.603598E+14   1.6374E-07   4.7433E-07   0.34521
FLUX  451   537.00        5.582728E+14   1.4063E-07   4.8054E-07   0.29264
FLUX  452   539.00        5.562013E+14   1.6152E-07   4.8678E-07   0.33180
FLUX  453   541.00        5.541451E+14   1.6531E-07   4.9304E-07   0.33528
FLUX  454   543.00        5.521040E+14   1.6851E-07   4.9932E-07   0.33748
FLUX  455   545.00        5.500780E+14   1.2535E-07   5.0563E-07   0.24791
FLUX  456   547.00        5.480667E+14   9.7040E-08   5.1196E-07   0.18955
FLUX  457   549.00        5.460701E+14   1.2064E-07   5.1832E-07   0.23274
FLUX  458   551.00        5.440880E+14   1.0065E-07   5.2471E-07   0.19183
FLUX  459   553.00        5.421202E+14   1.2770E-07   5.3112E-07   0.24043
FLUX  460   555.00        5.401667E+14   1.4818E-07   5.3755E-07   0.27566
FLUX  461   557.00        5.382271E+14   1.5422E-07   5.4401E-07   0.28349
FLUX  462   559.00        5.363014E+14   1.4566E-07   5.5049E-07   0.26460
FLUX  463   561.00        5.343895E+14   9.1024E-08   5.5699E-07   0.16342
FLUX  464   563.00        5.324911E+14   9.4172E-08   5.6352E-07   0.16711
FLUX  465   565.00        5.306062E+14   1.0645E-07   5.7006E-07   0.18673
FLUX  466   567.00        5.287346E+14   1.0513E-07   5.7662E-07   0.18232
FLUX  467   569.00        5.268761E+14   1.3037E-07   5.8320E-07   0.22354
FLUX  468   571.00        5.250306E+14   1.3294E-07   5.8980E-07   0.22539
FLUX  469   573.00        5.231981E+14   1.6123E-07   5.9642E-07   0.27033
FLUX  470   575.00        5.213783E+14   1.8443E-07   6.0305E-07   0.30583
FLUX  471   577.00        5.195711E+14   1.5060E-07   6.0970E-07   0.24700
FLUX  472   579.00        5.177763E+14   1.8189E-07   6.1636E-07   0.29510
FLUX  473   581.00        5.159940E+14   1.8376E-07   6.2304E-07   0.29493
FLUX  474   583.00        5.142238E+14   1.8839E-07   6.2974E-07   0.29916
FLUX  475   585.00        5.124658E+14   1.6481E-07   6.3645E-07   0.25896
FLUX  476   587.00        5.107198E+14   1.2791E-07   6.4318E-07   0.19888
FLUX  477   589.00        5.089856E+14   8.9117E-08   6.4992E-07   0.13712
FLUX  478   591.00        5.072631E+14   9.8305E-08   6.5668E-07   0.14970
FLUX  479   593.00        5.055523E+14   1.0645E-07   6.6345E-07   0.16045
FLUX  480   595.00        5.038529E+14   1.1360E-07   6.7024E-07   0.16950
FLUX  481   597.00        5.021650E+14   1.1831E-07   6.7703E-07   0.17475
FLUX  482   599.00        5.004883E+14   1.3643E-07   6.8385E-07   0.19951
FLUX  483   601.00        4.988228E+14   1.4503E-07   6.9067E-07   0.20999
FLUX  484   603.00        4.971683E+14   1.7225E-07   6.9752E-07   0.24695
FLUX  485   605.00        4.955248E+14   1.9176E-07   7.0437E-07   0.27225
FLUX  486   607.00        4.938921E+14   2.1680E-07   7.1123E-07   0.30482
FLUX  487   609.00        4.922701E+14   2.4548E-07   7.1811E-07   0.34184
FLUX  488   611.00        4.906588E+14   2.4580E-07   7.2499E-07   0.33904
FLUX  489   613.00        4.890579E+14   2.6059E-07   7.3189E-07   0.35605
FLUX  490   615.00        4.874675E+14   2.6924E-07   7.3879E-07   0.36443
FLUX  491   617.00        4.858874E+14   1.3131E-07   7.4570E-07   0.17608
FLUX  492   619.00        4.843174E+14   1.3005E-07   7.5263E-07   0.17280
FLUX  493   621.00        4.827576E+14   1.2932E-07   7.5956E-07   0.17026
FLUX  494   623.00        4.812079E+14   1.0944E-07   7.6649E-07   0.14278
FLUX  495   625.00        4.796680E+14   1.2278E-07   7.7344E-07   0.15875
FLUX  496   627.00        4.781380E+14   1.4515E-07   7.8040E-07   0.18599
FLUX  497   629.00        4.766176E+14   1.5826E-07   7.8736E-07   0.20100
FLUX  498   631.00        4.751070E+14   1.8717E-07   7.9432E-07   0.23564
FLUX  499   633.00        4.736058E+14   2.0160E-07   8.0128E-07   0.25159
FLUX  500   635.00        4.721142E+14   2.2229E-07   8.0824E-07   0.27502
FLUX  501   637.00        4.706319E+14   2.2069E-07   8.1521E-07   0.27072
FLUX  502   639.00        4.691588E+14   2.3729E-07   8.2218E-07   0.28861
FLUX  503   641.00        4.676950E+14   2.5459E-07   8.2915E-07   0.30704
FLUX  504   643.00        4.662403E+14   2.2663E-07   8.3613E-07   0.27104
FLUX  505   645.00        4.647946E+14   2.4385E-07   8.4311E-07   0.28923
FLUX  506   647.00        4.633578E+14   2.7774E-07   8.5009E-07   0.32672
FLUX  507   649.00        4.619299E+14   2.4188E-07   8.5708E-07   0.28222
FLUX  508   651.00        4.605107E+14   2.7901E-07   8.6406E-07   0.32291
FLUX  509   653.00        4.591003E+14   3.1061E-07   8.7105E-07   0.35659
FLUX  510   655.00        4.576985E+14   2.9656E-07   8.7831E-07   0.33765
FLUX  511   657.00        4.563052E+14   2.9465E-07   8.8530E-07   0.33283
FLUX  512   659.00        4.549203E+14   2.9542E-07   8.9229E-07   0.33108
FLUX  513   661.00        4.535439E+14   2.9238E-07   8.9928E-07   0.32513
FLUX  514   663.00        4.521757E+14   2.7084E-07   9.0627E-07   0.29885
FLUX  515   665.00        4.508158E+14   2.4110E-07   9.1326E-07   0.26400
FLUX  516   667.00        4.494640E+14   2.2436E-07   9.2025E-07   0.24380
FLUX  517   669.00        4.481203E+14   1.8250E-07   9.2724E-07   0.19682
FLUX  518   671.00        4.467846E+14   1.9401E-07   9.3422E-07   0.20767
FLUX  519   673.00        4.454569E+14   1.6203E-07   9.4120E-07   0.17215
FLUX  520   675.00        4.441370E+14   1.7374E-07   9.4819E-07   0.18324
FLUX  521   677.00        4.428250E+14   2.0156E-07   9.5517E-07   0.21102
FLUX  522   679.00        4.415206E+14   1.8080E-07   9.6215E-07   0.18791
FLUX  523   681.00        4.402239E+14   2.0111E-07   9.6912E-07   0.20752
FLUX  524   683.00        4.389348E+14   2.2057E-07   9.7610E-07   0.22597
FLUX  525   685.00        4.376533E+14   2.3725E-07   9.8307E-07   0.24134
FLUX  526   687.00        4.363792E+14   2.4435E-07   9.9003E-07   0.24681
FLUX  527   689.00        4.351125E+14   2.8910E-07   9.9699E-07   0.28997
FLUX  528   691.00        4.338531E+14   3.3792E-07   1.0039E-06   0.33659
FLUX  529   693.00        4.326010E+14   3.2879E-07   1.0109E-06   0.32525
FLUX  530   695.00        4.313561E+14   3.8645E-07   1.0178E-06   0.37968
FLUX  531   697.00        4.301184E+14   4.5984E-07   1.0248E-06   0.44873
FLUX  532   699.00        4.288877E+14   4.9116E-07   1.0317E-06   0.47606
FLUX  533   701.00        4.276640E+14   5.3122E-07   1.0386E-06   0.51146
FLUX  534   703.00        4.264474E+14   5.7670E-07   1.0456E-06   0.55157
FLUX  535   705.00        4.252376E+14   5.3449E-07   1.0525E-06   0.50784
FLUX  536   707.00        4.240346E+14   2.8106E-07   1.0594E-06   0.26531
FLUX  537   709.00        4.228385E+14   2.6703E-07   1.0663E-06   0.25043
FLUX  538   711.00        4.216491E+14   2.4487E-07   1.0732E-06   0.22818
FLUX  539   713.00        4.204663E+14   2.1178E-07   1.0801E-06   0.19608
FLUX  540   715.00        4.192902E+14   2.0386E-07   1.0869E-06   0.18755
FLUX  541   717.00        4.181206E+14   2.2252E-07   1.0938E-06   0.20344
FLUX  542   719.00        4.169576E+14   2.7259E-07   1.1007E-06   0.24766
FLUX  543   721.00        4.158010E+14   2.5161E-07   1.1075E-06   0.22718
FLUX  544   723.00        4.146508E+14   3.0845E-07   1.1144E-06   0.27680
FLUX  545   725.00        4.135069E+14   3.7432E-07   1.1213E-06   0.33382
FLUX  546   727.00        4.123693E+14   4.2698E-07   1.1282E-06   0.37847
FLUX  547   729.00        4.112380E+14   4.8165E-07   1.1350E-06   0.42438
FLUX  548   731.00        4.101129E+14   5.5640E-07   1.1421E-06   0.48716
FLUX  549   733.00        4.089939E+14   6.2948E-07   1.1489E-06   0.54790
FLUX  550   735.00        4.078809E+14   6.9178E-07   1.1557E-06   0.59860
FLUX  551   737.00        4.067741E+14   7.7905E-07   1.1624E-06   0.67018
FLUX  552   739.00        4.056732E+14   8.4146E-07   1.1692E-06   0.71969
FLUX  553   741.00        4.045783E+14   8.8733E-07   1.1759E-06   0.75456
FLUX  554   743.00        4.034892E+14   9.3279E-07   1.1827E-06   0.78871
FLUX  555   745.00        4.024060E+14   9.6059E-07   1.1894E-06   0.80762
FLUX  556   747.00        4.013286E+14   9.9890E-07   1.1961E-06   0.83512
FLUX  557   749.00        4.002570E+14   1.0136E-06   1.2028E-06   0.84273
FLUX  558   751.00        3.991911E+14   1.0391E-06   1.2095E-06   0.85912
FLUX  559   753.00        3.981308E+14   1.0619E-06   1.2162E-06   0.87316
FLUX  560   755.00        3.970762E+14   1.0741E-06   1.2228E-06   0.87835
FLUX  561   757.00        3.960271E+14   1.0733E-06   1.2295E-06   0.87298
FLUX  562   759.00        3.949835E+14   9.0808E-07   1.2361E-06   0.73460
FLUX  563   761.00        3.939455E+14   8.1531E-07   1.2428E-06   0.65604
FLUX  564   763.00        3.929128E+14   7.3751E-07   1.2494E-06   0.59030
FLUX  565   765.00        3.918856E+14   7.1007E-07   1.2560E-06   0.56535
FLUX  566   767.00        3.908638E+14   5.6536E-07   1.2626E-06   0.44778
FLUX  567   769.00        3.898472E+14   5.4603E-07   1.2692E-06   0.43022
FLUX  568   771.00        3.888359E+14   5.2472E-07   1.2757E-06   0.41131
FLUX  569   773.00        3.878299E+14   5.9159E-07   1.2823E-06   0.46135
FLUX  570   775.00        3.868290E+14   5.6084E-07   1.2888E-06   0.43515
FLUX  571   777.00        3.858333E+14   5.5707E-07   1.2954E-06   0.43005
FLUX  572   779.00        3.848427E+14   5.6950E-07   1.3019E-06   0.43745
FLUX  573   781.00        3.838572E+14   6.4705E-07   1.3084E-06   0.49454
FLUX  574   783.00        3.828768E+14   6.1997E-07   1.3149E-06   0.47151
FLUX  575   785.00        3.819013E+14   6.5188E-07   1.3213E-06   0.49335
FLUX  576   787.00        3.809307E+14   6.9455E-07   1.3278E-06   0.52309
FLUX  577   789.00        3.799651E+14   7.7582E-07   1.3342E-06   0.58148
FLUX  578   791.00        3.790044E+14   7.6062E-07   1.3407E-06   0.56734
FLUX  579   793.00        3.780485E+14   7.9944E-07   1.3471E-06   0.59346
FLUX  580   795.00        3.770975E+14   8.3859E-07   1.3535E-06   0.61959
FLUX  581   797.00        3.761512E+14   9.3132E-07   1.3599E-06   0.68487
FLUX  582   799.00        3.752096E+14   9.2909E-07   1.3662E-06   0.68004
FLUX  583   801.00        3.742728E+14   9.7183E-07   1.3726E-06   0.70804
FLUX  584   803.00        3.733406E+14   1.0230E-06   1.3789E-06   0.74187
FLUX  585   805.00        3.724130E+14   1.0772E-06   1.3852E-06   0.77762
FLUX  586   807.00        3.714901E+14   1.0883E-06   1.3915E-06   0.78213
FLUX  587   809.00        3.705717E+14   1.1339E-06   1.3978E-06   0.81124
FLUX  588   811.00        3.696578E+14   1.1755E-06   1.4041E-06   0.83720
FLUX  589   813.00        3.687485E+14   1.2259E-06   1.4103E-06   0.86927
FLUX  590   815.00        3.678436E+14   1.2498E-06   1.4165E-06   0.88228
FLUX  591   817.00        3.669431E+14   1.2677E-06   1.4228E-06   0.89103
FLUX  592   819.00        3.660470E+14   1.1150E-06   1.4290E-06   0.78026
FLUX  593   821.00        3.651553E+14   1.0297E-06   1.4351E-06   0.71746
FLUX  594   823.00        3.642679E+14   1.1095E-06   1.4413E-06   0.76982
FLUX  595   825.00        3.633848E+14   1.1329E-06   1.4475E-06   0.78267
FLUX  596   827.00        3.625060E+14   1.0984E-06   1.4536E-06   0.75567
FLUX  597   829.00        3.616315E+14   1.0189E-06   1.4597E-06   0.69804
FLUX  598   831.00        3.607611E+14   1.0207E-06   1.4658E-06   0.69634
FLUX  599   833.00        3.598950E+14   1.0650E-06   1.4719E-06   0.72357
FLUX  600   835.00        3.590329E+14   1.0122E-06   1.4780E-06   0.68484
FLUX  601   837.00        3.581750E+14   1.0281E-06   1.4840E-06   0.69281
FLUX  602   839.00        3.573212E+14   9.9602E-07   1.4901E-06   0.66844
FLUX  603   841.00        3.564715E+14   1.0813E-06   1.4961E-06   0.72273
FLUX  604   843.00        3.556257E+14   9.8027E-07   1.5021E-06   0.65261
FLUX  605   845.00        3.547840E+14   9.1301E-07   1.5081E-06   0.60542
FLUX  606   847.00        3.539463E+14   8.7472E-07   1.5140E-06   0.57774
FLUX  607   849.00        3.531125E+14   9.3068E-07   1.5200E-06   0.61230
FLUX  608   851.00        3.522826E+14   9.0025E-07   1.5259E-06   0.58998
FLUX  609   853.00        3.514566E+14   9.4913E-07   1.5318E-06   0.61960
FLUX  610   855.00        3.506345E+14   9.4521E-07   1.5377E-06   0.61468
FLUX  611   857.00        3.498162E+14   1.0554E-06   1.5436E-06   0.68371
FLUX  612   859.00        3.490017E+14   1.0840E-06   1.5495E-06   0.69960
FLUX  613   861.00        3.481911E+14   1.1334E-06   1.5553E-06   0.72870
FLUX  614   863.00        3.473841E+14   1.1999E-06   1.5612E-06   0.76859
FLUX  615   865.00        3.465809E+14   1.2220E-06   1.5670E-06   0.77986
FLUX  616   867.00        3.457814E+14   1.1357E-06   1.5728E-06   0.72212
FLUX  617   869.00        3.449856E+14   1.2339E-06   1.5785E-06   0.78169
FLUX  618   871.00        3.441935E+14   1.3456E-06   1.5843E-06   0.84936
FLUX  619   873.00        3.434049E+14   1.3616E-06   1.5900E-06   0.85633
FLUX  620   875.00        3.426200E+14   1.3870E-06   1.5958E-06   0.86917
FLUX  621   877.00        3.418387E+14   1.4005E-06   1.6015E-06   0.87448
FLUX  622   879.00        3.410609E+14   1.4475E-06   1.6072E-06   0.90063
FLUX  623   881.00        3.402866E+14   1.4348E-06   1.6129E-06   0.88962
FLUX  624   883.00        3.395159E+14   1.4470E-06   1.6185E-06   0.89400
FLUX  625   885.00        3.387486E+14   1.4727E-06   1.6242E-06   0.90674
FLUX  626   887.00        3.379848E+14   9.3129E-07   1.6298E-06   0.57142
FLUX  627   889.00        3.372244E+14   9.7839E-07   1.6354E-06   0.59826
FLUX  628   891.00        3.364674E+14   1.0778E-06   1.6410E-06   0.65682
FLUX  629   893.00        3.357139E+14   1.1154E-06   1.6465E-06   0.67740
FLUX  630   895.00        3.349637E+14   1.0309E-06   1.6521E-06   0.62399
FLUX  631   897.00        3.342168E+14   1.0814E-06   1.6576E-06   0.65240
FLUX  632   899.00        3.334733E+14   1.1763E-06   1.6631E-06   0.70729
FLUX  633   901.00        3.327331E+14   1.1807E-06   1.6686E-06   0.70759
FLUX  634   903.00        3.319961E+14   1.2234E-06   1.6741E-06   0.73075
FLUX  635   905.00        3.312624E+14   1.2902E-06   1.6796E-06   0.76819
FLUX  636   907.00        3.305320E+14   1.3517E-06   1.6850E-06   0.80216
FLUX  637   909.00        3.298047E+14   1.3647E-06   1.6904E-06   0.80733
FLUX  638   911.00        3.290807E+14   1.3981E-06   1.6958E-06   0.82446
FLUX  639   913.00        3.283598E+14   1.4582E-06   1.7012E-06   0.85717
FLUX  640   915.00        3.276421E+14   1.4940E-06   1.7066E-06   0.87545
FLUX  641   917.00        3.269275E+14   1.5273E-06   1.7119E-06   0.89214
FLUX  642   919.00        3.262160E+14   1.5611E-06   1.7173E-06   0.90907
FLUX  643   921.00        3.255076E+14   1.5397E-06   1.7226E-06   0.89385
FLUX  644   923.00        3.248023E+14   1.5070E-06   1.7279E-06   0.87217
FLUX  645   925.00        3.241000E+14   1.5012E-06   1.7332E-06   0.86615
FLUX  646   927.00        3.234008E+14   1.5295E-06   1.7384E-06   0.87983
FLUX  647   929.00        3.227045E+14   1.4945E-06   1.7437E-06   0.85707
FLUX  648   931.00        3.220113E+14   1.5019E-06   1.7490E-06   0.85873
FLUX  649   933.00        3.213210E+14   1.5219E-06   1.7542E-06   0.86757
FLUX  650   935.00        3.206337E+14   1.5453E-06   1.7594E-06   0.87830
FLUX  651   937.00        3.199493E+14   1.5133E-06   1.7646E-06   0.85759
FLUX  652   939.00        3.192678E+14   1.5482E-06   1.7698E-06   0.87479
FLUX  653   941.00        3.185893E+14   1.5598E-06   1.7749E-06   0.87883
FLUX  654   943.00        3.179136E+14   1.5880E-06   1.7801E-06   0.89209
FLUX  655   945.00        3.172407E+14   1.5611E-06   1.7852E-06   0.87450
FLUX  656   947.00        3.165707E+14   1.6090E-06   1.7903E-06   0.89872
FLUX  657   949.00        3.159036E+14   1.6428E-06   1.7954E-06   0.91504
FLUX  658   951.00        3.152392E+14   1.6454E-06   1.8005E-06   0.91386
FLUX  659   953.00        3.145776E+14   1.6439E-06   1.8055E-06   0.91046
FLUX  660   955.00        3.139188E+14   1.6303E-06   1.8105E-06   0.90043
FLUX  661   957.00        3.132628E+14   1.6729E-06   1.8156E-06   0.92140
FLUX  662   959.00        3.126095E+14   1.7111E-06   1.8206E-06   0.93985
FLUX  663   961.00        3.119589E+14   1.6820E-06   1.8256E-06   0.92137
FLUX  664   963.00        3.113110E+14   1.7231E-06   1.8305E-06   0.94129
FLUX  665   965.00        3.106658E+14   1.6454E-06   1.8355E-06   0.89643
FLUX  666   967.00        3.100233E+14   1.6662E-06   1.8404E-06   0.90536
FLUX  667   969.00        3.093834E+14   1.7342E-06   1.8453E-06   0.93977
FLUX  668   971.00        3.087461E+14   1.7232E-06   1.8502E-06   0.93133
FLUX  669   973.00        3.081115E+14   1.6270E-06   1.8551E-06   0.87701
FLUX  670   975.00        3.074795E+14   1.5812E-06   1.8600E-06   0.85013
FLUX  671   977.00        3.068500E+14   1.6306E-06   1.8648E-06   0.87441
FLUX  672   979.00        3.062232E+14   1.6180E-06   1.8697E-06   0.86537
FLUX  673   981.00        3.055989E+14   1.6508E-06   1.8745E-06   0.88068
FLUX  674   983.00        3.049771E+14   1.5800E-06   1.8793E-06   0.84073
FLUX  675   985.00        3.043579E+14   1.6324E-06   1.8841E-06   0.86643
FLUX  676   987.00        3.037411E+14   1.6729E-06   1.8889E-06   0.88566
FLUX  677   989.00        3.031269E+14   1.6915E-06   1.8936E-06   0.89325
FLUX  678   991.00        3.025151E+14   1.6389E-06   1.8984E-06   0.86333
FLUX  679   993.00        3.019058E+14   1.6529E-06   1.9031E-06   0.86852
FLUX  680   995.00        3.012990E+14   1.6938E-06   1.9078E-06   0.88782
FLUX  681   997.00        3.006946E+14   1.7297E-06   1.9125E-06   0.90441
FLUX  682   999.00        3.000926E+14   1.7258E-06   1.9172E-06   0.90015
FLUX  683  1002.50        2.990449E+14   1.7141E-06   1.9253E-06   0.89030
FLUX  684  1007.50        2.975608E+14   1.7537E-06   1.9369E-06   0.90539
FLUX  685  1012.50        2.960914E+14   1.7944E-06   1.9484E-06   0.92097
FLUX  686  1017.50        2.946364E+14   1.8076E-06   1.9598E-06   0.92233
FLUX  687  1022.50        2.931956E+14   1.8468E-06   1.9712E-06   0.93692
FLUX  688  1027.50        2.917689E+14   1.8731E-06   1.9824E-06   0.94487
FLUX  689  1032.50        2.903559E+14   1.8746E-06   1.9936E-06   0.94032
FLUX  690  1037.50        2.889566E+14   1.9046E-06   2.0047E-06   0.95003
FLUX  691  1042.50        2.875707E+14   1.9415E-06   2.0158E-06   0.96318
FLUX  692  1047.50        2.861981E+14   1.9454E-06   2.0267E-06   0.95990
FLUX  693  1052.50        2.848385E+14   1.9799E-06   2.0375E-06   0.97171
FLUX  694  1057.50        2.834917E+14   1.9809E-06   2.0483E-06   0.96709
FLUX  695  1062.50        2.821576E+14   2.0086E-06   2.0589E-06   0.97554
FLUX  696  1067.50        2.808361E+14   2.0015E-06   2.0695E-06   0.96714
FLUX  697  1072.50        2.795268E+14   2.0144E-06   2.0800E-06   0.96846
FLUX  698  1077.50        2.782297E+14   2.0349E-06   2.0904E-06   0.97344
FLUX  699  1082.50        2.769446E+14   2.0081E-06   2.1008E-06   0.95585
FLUX  700  1087.50        2.756713E+14   2.0442E-06   2.1112E-06   0.96827
FLUX  701  1092.50        2.744096E+14   2.0603E-06   2.1215E-06   0.97119
FLUX  702  1097.50        2.731595E+14   2.0550E-06   2.1317E-06   0.96401
FLUX  703  1102.50        2.719206E+14   2.0433E-06   2.1419E-06   0.95398
FLUX  704  1107.50        2.706930E+14   2.0281E-06   2.1520E-06   0.94244
FLUX  705  1112.50        2.694764E+14   2.0533E-06   2.1620E-06   0.94970
FLUX  706  1117.50        2.682707E+14   2.0549E-06   2.1720E-06   0.94608
FLUX  707  1122.50        2.670757E+14   2.0918E-06   2.1820E-06   0.95866
FLUX  708  1127.50        2.658913E+14   2.0778E-06   2.1919E-06   0.94795
FLUX  709  1132.50        2.647174E+14   2.1070E-06   2.2019E-06   0.95693
FLUX  710  1137.50        2.635538E+14   2.0883E-06   2.2117E-06   0.94421
FLUX  711  1142.50        2.624004E+14   2.0901E-06   2.2216E-06   0.94080
FLUX  712  1147.50        2.612571E+14   2.1642E-06   2.2314E-06   0.96986
FLUX  713  1152.50        2.601236E+14   2.1878E-06   2.2412E-06   0.97618
FLUX  714  1157.50        2.590000E+14   2.1862E-06   2.2509E-06   0.97124
FLUX  715  1162.50        2.578860E+14   2.1684E-06   2.2607E-06   0.95917
FLUX  716  1167.50        2.567816E+14   2.1916E-06   2.2704E-06   0.96533
FLUX  717  1172.50        2.556866E+14   2.2362E-06   2.2800E-06   0.98081
FLUX  718  1177.50        2.546008E+14   2.1934E-06   2.2895E-06   0.95799
FLUX  719  1182.50        2.535243E+14   2.2255E-06   2.2991E-06   0.96795
FLUX  720  1187.50        2.524568E+14   2.2147E-06   2.3087E-06   0.95927
FLUX  721  1192.50        2.513983E+14   2.2759E-06   2.3182E-06   0.98174
FLUX  722  1197.50        2.503486E+14   2.2169E-06   2.3277E-06   0.95239
FLUX  723  1202.50        2.493077E+14   2.2902E-06   2.3372E-06   0.97989
FLUX  724  1207.50        2.482754E+14   2.2899E-06   2.3466E-06   0.97581
FLUX  725  1212.50        2.472515E+14   2.3198E-06   2.3561E-06   0.98460
FLUX  726  1217.50        2.462361E+14   2.3340E-06   2.3656E-06   0.98665
FLUX  727  1222.50        2.452290E+14   2.3432E-06   2.3751E-06   0.98658
FLUX  728  1227.50        2.442301E+14   2.3487E-06   2.3846E-06   0.98496
FLUX  729  1232.50        2.432393E+14   2.3525E-06   2.3942E-06   0.98261
FLUX  730  1237.50        2.422566E+14   2.3697E-06   2.4037E-06   0.98585
FLUX  731  1242.50        2.412817E+14   2.3517E-06   2.4134E-06   0.97445
FLUX  732  1247.50        2.403146E+14   2.3733E-06   2.4230E-06   0.97948
FLUX  733  1252.50        2.393553E+14   2.3721E-06   2.4327E-06   0.97507
FLUX  734  1257.50        2.384036E+14   2.3863E-06   2.4425E-06   0.97698
FLUX  735  1262.50        2.374594E+14   2.3937E-06   2.4524E-06   0.97609
FLUX  736  1267.50        2.365227E+14   2.3946E-06   2.4623E-06   0.97251
FLUX  737  1272.50        2.355933E+14   2.4180E-06   2.4723E-06   0.97803
FLUX  738  1277.50        2.346712E+14   2.4376E-06   2.4824E-06   0.98195
FLUX  739  1282.50        2.337563E+14   2.3852E-06   2.4927E-06   0.95688
FLUX  740  1287.50        2.328485E+14   2.4426E-06   2.5029E-06   0.97591
FLUX  741  1292.50        2.319478E+14   2.4281E-06   2.5132E-06   0.96617
FLUX  742  1297.50        2.310539E+14   2.4824E-06   2.5236E-06   0.98370
FLUX  743  1302.50        2.301670E+14   2.4817E-06   2.5340E-06   0.97934
FLUX  744  1307.50        2.292868E+14   2.5002E-06   2.5444E-06   0.98263
FLUX  745  1312.50        2.284133E+14   2.4408E-06   2.5549E-06   0.95535
FLUX  746  1317.50        2.275465E+14   2.4822E-06   2.5655E-06   0.96753
FLUX  747  1322.50        2.266862E+14   2.5281E-06   2.5763E-06   0.98129
FLUX  748  1327.50        2.258324E+14   2.5062E-06   2.5872E-06   0.96870
FLUX  749  1332.50        2.249850E+14   2.4614E-06   2.5983E-06   0.94732
FLUX  750  1337.50        2.241439E+14   2.4158E-06   2.6096E-06   0.92575
FLUX  751  1342.50        2.233091E+14   2.4051E-06   2.6210E-06   0.91763
FLUX  752  1347.50        2.224805E+14   2.4580E-06   2.6326E-06   0.93367
FLUX  753  1352.50        2.216580E+14   2.4342E-06   2.6445E-06   0.92047
FLUX  754  1357.50        2.208416E+14   2.4530E-06   2.6564E-06   0.92344
FLUX  755  1362.50        2.200312E+14   2.4395E-06   2.6684E-06   0.91422
FLUX  756  1367.50        2.192267E+14   2.5016E-06   2.6806E-06   0.93323
FLUX  757  1372.50        2.184280E+14   2.5243E-06   2.6931E-06   0.93733
FLUX  758  1377.50        2.176352E+14   2.5377E-06   2.7058E-06   0.93789
FLUX  759  1382.50        2.168481E+14   2.5517E-06   2.7187E-06   0.93856
FLUX  760  1387.50        2.160667E+14   2.5144E-06   2.7319E-06   0.92037
FLUX  761  1392.50        2.152908E+14   2.3251E-06   2.7453E-06   0.84693
FLUX  762  1397.50        2.145206E+14   2.4183E-06   2.7589E-06   0.87656
FLUX  763  1402.50        2.137558E+14   2.4626E-06   2.7728E-06   0.88813
FLUX  764  1407.50        2.129964E+14   2.4981E-06   2.7870E-06   0.89634
FLUX  765  1412.50        2.122425E+14   2.4614E-06   2.8015E-06   0.87859
FLUX  766  1417.50        2.114938E+14   2.4903E-06   2.8165E-06   0.88420
FLUX  767  1422.50        2.107504E+14   2.5103E-06   2.8316E-06   0.88651
FLUX  768  1427.50        2.100123E+14   2.4450E-06   2.8470E-06   0.85879
FLUX  769  1432.50        2.092792E+14   2.5296E-06   2.8627E-06   0.88364
FLUX  770  1437.50        2.085513E+14   2.5168E-06   2.8787E-06   0.87427
FLUX  771  1442.50        2.078284E+14   2.5510E-06   2.8951E-06   0.88114
FLUX  772  1447.50        2.071105E+14   2.5738E-06   2.9120E-06   0.88387
FLUX  773  1452.50        2.063976E+14   2.5668E-06   2.9293E-06   0.87625
FLUX  774  1457.00        2.057601E+14   2.5800E-06   2.9453E-06   0.87594
FLUX  775  1462.00        2.050564E+14   2.4576E-06   2.9634E-06   0.82931
FLUX  776  1467.50        2.042879E+14   2.5035E-06   2.9839E-06   0.83903
FLUX  777  1472.50        2.035942E+14   2.5670E-06   3.0030E-06   0.85479
FLUX  778  1477.50        2.029052E+14   2.5582E-06   3.0226E-06   0.84635
FLUX  779  1482.50        2.022209E+14   2.6107E-06   3.0424E-06   0.85810
FLUX  780  1487.50        2.015412E+14   2.5855E-06   3.0629E-06   0.84415
FLUX  781  1492.50        2.008660E+14   2.6856E-06   3.0839E-06   0.87085
FLUX  782  1497.50        2.001953E+14   2.7368E-06   3.1054E-06   0.88131
FLUX  783  1502.50        1.995291E+14   2.5780E-06   3.1275E-06   0.82430
FLUX  784  1507.50        1.988673E+14   2.6779E-06   3.1501E-06   0.85010
FLUX  785  1512.50        1.982099E+14   2.7359E-06   3.1731E-06   0.86222
FLUX  786  1517.50        1.975568E+14   2.7581E-06   3.1968E-06   0.86277
FLUX  787  1522.50        1.969080E+14   2.8391E-06   3.2210E-06   0.88143
FLUX  788  1527.50        1.962635E+14   2.7877E-06   3.2455E-06   0.85893
FLUX  789  1532.50        1.956232E+14   2.8653E-06   3.2706E-06   0.87607
FLUX  790  1537.50        1.949870E+14   2.7898E-06   3.2961E-06   0.84637
FLUX  791  1542.50        1.943549E+14   2.7652E-06   3.3223E-06   0.83230
FLUX  792  1547.50        1.937270E+14   2.9467E-06   3.3491E-06   0.87985
FLUX  793  1552.50        1.931031E+14   2.8770E-06   3.3763E-06   0.85213
FLUX  794  1557.50        1.924831E+14   2.9027E-06   3.4036E-06   0.85285
FLUX  795  1562.50        1.918672E+14   3.0058E-06   3.4309E-06   0.87611
FLUX  796  1567.50        1.912552E+14   3.0021E-06   3.4584E-06   0.86807
FLUX  797  1572.50        1.906471E+14   2.9818E-06   3.4862E-06   0.85531
FLUX  798  1577.50        1.900428E+14   2.9160E-06   3.5143E-06   0.82976
FLUX  799  1582.50        1.894423E+14   3.0713E-06   3.5420E-06   0.86711
FLUX  800  1587.50        1.888457E+14   3.0322E-06   3.5694E-06   0.84949
FLUX  801  1592.50        1.882527E+14   3.1229E-06   3.5962E-06   0.86839
FLUX  802  1597.50        1.876635E+14   3.1758E-06   3.6223E-06   0.87672
FLUX  803  1605.00        1.867866E+14   3.1646E-06   3.6598E-06   0.86469
FLUX  804  1615.00        1.856300E+14   3.1976E-06   3.7042E-06   0.86322
FLUX  805  1625.00        1.844877E+14   3.1739E-06   3.7394E-06   0.84876
FLUX  806  1635.00        1.833593E+14   3.2823E-06   3.7570E-06   0.87366
FLUX  807  1645.00        1.822447E+14   3.2977E-06   3.7486E-06   0.87971
FLUX  808  1655.00        1.811435E+14   3.3832E-06   3.7220E-06   0.90896
FLUX  809  1665.00        1.800556E+14   3.3311E-06   3.6957E-06   0.90136
FLUX  810  1675.00        1.789806E+14   3.2672E-06   3.6696E-06   0.89034
FLUX  811  1685.00        1.779184E+14   3.3180E-06   3.6438E-06   0.91059
FLUX  812  1695.00        1.768687E+14   3.3226E-06   3.6181E-06   0.91830
FLUX  813  1705.00        1.758314E+14   3.2559E-06   3.5928E-06   0.90624
FLUX  814  1715.00        1.748061E+14   3.1289E-06   3.5676E-06   0.87702
FLUX  815  1725.00        1.737928E+14   3.1342E-06   3.5427E-06   0.88469
FLUX  816  1735.00        1.727911E+14   3.0699E-06   3.5180E-06   0.87263
FLUX  817  1745.00        1.718009E+14   3.0598E-06   3.4935E-06   0.87587
FLUX  818  1755.00        1.708219E+14   2.9511E-06   3.4692E-06   0.85068
FLUX  819  1765.00        1.698541E+14   2.9163E-06   3.4451E-06   0.84651
FLUX  820  1775.00        1.688972E+14   2.8445E-06   3.4212E-06   0.83144
FLUX  821  1785.00        1.679510E+14   2.7796E-06   3.3975E-06   0.81811
FLUX  822  1795.00        1.670153E+14   2.7763E-06   3.3741E-06   0.82282
FLUX  823  1805.00        1.660900E+14   2.6644E-06   3.3509E-06   0.79514
FLUX  824  1815.00        1.651749E+14   2.6714E-06   3.3278E-06   0.80274
FLUX  825  1825.00        1.642699E+14   2.6187E-06   3.3050E-06   0.79234
FLUX  826  1835.00        1.633747E+14   2.6327E-06   3.2822E-06   0.80210
FLUX  827  1845.00        1.624892E+14   2.4979E-06   3.2597E-06   0.76630
FLUX  828  1855.00        1.616132E+14   2.4639E-06   3.2374E-06   0.76108
FLUX  829  1865.00        1.607466E+14   2.4806E-06   3.2153E-06   0.77152
FLUX  830  1875.00        1.598893E+14   2.4523E-06   3.1934E-06   0.76795
FLUX  831  1885.00        1.590411E+14   2.5257E-06   3.1717E-06   0.79634
FLUX  832  1895.00        1.582018E+14   2.4717E-06   3.1502E-06   0.78462
FLUX  833  1905.00        1.573714E+14   2.5148E-06   3.1289E-06   0.80373
FLUX  834  1915.00        1.565496E+14   2.5130E-06   3.1077E-06   0.80862
FLUX  835  1925.00        1.557364E+14   2.5188E-06   3.0868E-06   0.81598
FLUX  836  1935.00        1.549315E+14   2.4197E-06   3.0661E-06   0.78918
FLUX  837  1945.00        1.541350E+14   2.4023E-06   3.0455E-06   0.78879
FLUX  838  1955.00        1.533465E+14   2.4502E-06   3.0252E-06   0.80993
FLUX  839  1965.00        1.525662E+14   2.4619E-06   3.0050E-06   0.81926
FLUX  840  1975.00        1.517937E+14   2.3205E-06   2.9850E-06   0.77740
FLUX  841  1985.00        1.510290E+14   2.3138E-06   2.9651E-06   0.78032
FLUX  842  1995.00        1.502719E+14   2.3114E-06   2.9455E-06   0.78471
FLUX  843  2005.00        1.495224E+14   2.3691E-06   2.9260E-06   0.80966
FLUX  844  2015.00        1.487804E+14   2.3305E-06   2.9067E-06   0.80175
FLUX  845  2025.00        1.480457E+14   2.3007E-06   2.8876E-06   0.79677
FLUX  846  2035.00        1.473182E+14   2.3228E-06   2.8686E-06   0.80971
FLUX  847  2045.00        1.465978E+14   2.3142E-06   2.8499E-06   0.81203
FLUX  848  2055.00        1.458844E+14   2.3096E-06   2.8312E-06   0.81575
FLUX  849  2065.00        1.451780E+14   2.2785E-06   2.8128E-06   0.81006
FLUX  850  2075.00        1.444783E+14   2.3060E-06   2.7945E-06   0.82518
FLUX  851  2085.00        1.437854E+14   2.2665E-06   2.7764E-06   0.81637
FLUX  852  2095.00        1.430990E+14   2.2743E-06   2.7584E-06   0.82449
FLUX  853  2105.00        1.424192E+14   2.2898E-06   2.7406E-06   0.83550
FLUX  854  2115.00        1.417459E+14   2.2899E-06   2.7230E-06   0.84096
FLUX  855  2125.00        1.410788E+14   2.2954E-06   2.7055E-06   0.84842
FLUX  856  2135.00        1.404180E+14   2.3135E-06   2.6881E-06   0.86062
FLUX  857  2145.00        1.397634E+14   2.3192E-06   2.6709E-06   0.86830
FLUX  858  2155.00        1.391148E+14   2.3201E-06   2.6539E-06   0.87424
FLUX  859  2165.00        1.384723E+14   2.3489E-06   2.6370E-06   0.89074
FLUX  860  2175.00        1.378356E+14   2.3163E-06   2.6202E-06   0.88400
FLUX  861  2185.00        1.372048E+14   2.3337E-06   2.6036E-06   0.89631
FLUX  862  2195.00        1.365797E+14   2.3359E-06   2.5872E-06   0.90286
FLUX  863  2205.00        1.359603E+14   2.2532E-06   2.5709E-06   0.87643
FLUX  864  2215.00        1.353465E+14   2.3620E-06   2.5548E-06   0.92453
FLUX  865  2225.00        1.347382E+14   2.2971E-06   2.5388E-06   0.90479
FLUX  866  2235.00        1.341353E+14   2.3231E-06   2.5229E-06   0.92081
FLUX  867  2245.00        1.335379E+14   2.3334E-06   2.5072E-06   0.93068
FLUX  868  2255.00        1.329457E+14   2.3407E-06   2.4916E-06   0.93944
FLUX  869  2265.00        1.323587E+14   2.2774E-06   2.4762E-06   0.91974
FLUX  870  2275.00        1.317769E+14   2.3236E-06   2.4608E-06   0.94424
FLUX  871  2285.00        1.312002E+14   2.2939E-06   2.4457E-06   0.93793
FLUX  872  2295.00        1.306285E+14   2.0328E-06   2.4307E-06   0.83633
FLUX  873  2305.00        1.300618E+14   2.1480E-06   2.4158E-06   0.88916
FLUX  874  2315.00        1.295000E+14   2.1459E-06   2.4010E-06   0.89377
FLUX  875  2325.00        1.289430E+14   1.9145E-06   2.3864E-06   0.80226
FLUX  876  2335.00        1.283908E+14   1.9885E-06   2.3719E-06   0.83836
FLUX  877  2345.00        1.278433E+14   2.0336E-06   2.3575E-06   0.86264
FLUX  878  2355.00        1.273004E+14   1.8166E-06   2.3432E-06   0.77529
FLUX  879  2365.00        1.267622E+14   1.9492E-06   2.3291E-06   0.83692
FLUX  880  2375.00        1.262284E+14   1.9608E-06   2.3150E-06   0.84697
FLUX  881  2385.00        1.256992E+14   1.7527E-06   2.3011E-06   0.76167
FLUX  882  2395.00        1.251743E+14   1.8435E-06   2.2873E-06   0.80594
FLUX  883  2405.00        1.246538E+14   1.8037E-06   2.2737E-06   0.79329
FLUX  884  2415.00        1.241377E+14   1.6811E-06   2.2601E-06   0.74380
FLUX  885  2425.00        1.236258E+14   1.7123E-06   2.2467E-06   0.76217
FLUX  886  2435.00        1.231181E+14   1.6949E-06   2.2333E-06   0.75892
FLUX  887  2445.00        1.226145E+14   1.5998E-06   2.2201E-06   0.72059
FLUX  888  2455.00        1.221151E+14   1.5690E-06   2.2070E-06   0.71090
FLUX  889  2465.00        1.216197E+14   1.5718E-06   2.1940E-06   0.71638
FLUX  890  2475.00        1.211283E+14   1.5197E-06   2.1812E-06   0.69675
FLUX  891  2485.00        1.206408E+14   1.4679E-06   2.1684E-06   0.67696
FLUX  892  2495.00        1.201573E+14   1.4858E-06   2.1557E-06   0.68923
FLUX  893  2505.00        1.196776E+14   1.4584E-06   2.1432E-06   0.68048
FLUX  894  2515.00        1.192018E+14   1.3976E-06   2.1307E-06   0.65593
FLUX  895  2525.00        1.187297E+14   1.3526E-06   2.1184E-06   0.63854
FLUX  896  2535.00        1.182613E+14   1.3788E-06   2.1061E-06   0.65466
FLUX  897  2545.00        1.177967E+14   1.3790E-06   2.0939E-06   0.65857
FLUX  898  2555.00        1.173356E+14   1.3917E-06   2.0819E-06   0.66847
FLUX  899  2565.00        1.168782E+14   1.3377E-06   2.0699E-06   0.64625
FLUX  900  2575.00        1.164243E+14   1.3809E-06   2.0580E-06   0.67099
FLUX  901  2585.00        1.159739E+14   1.3780E-06   2.0463E-06   0.67341
FLUX  902  2595.00        1.155270E+14   1.3826E-06   2.0346E-06   0.67955
FLUX  903  2605.00        1.150835E+14   1.3917E-06   2.0230E-06   0.68792
FLUX  904  2615.00        1.146434E+14   1.4422E-06   2.0115E-06   0.71698
FLUX  905  2625.00        1.142067E+14   1.4246E-06   2.0001E-06   0.71226
FLUX  906  2635.00        1.137732E+14   1.4372E-06   1.9888E-06   0.72267
FLUX  907  2645.00        1.133431E+14   1.4148E-06   1.9776E-06   0.71544
FLUX  908  2655.00        1.129162E+14   1.4201E-06   1.9665E-06   0.72215
FLUX  909  2665.00        1.124925E+14   1.4245E-06   1.9554E-06   0.72851
FLUX  910  2675.00        1.120720E+14   1.4088E-06   1.9445E-06   0.72453
FLUX  911  2685.00        1.116546E+14   1.4181E-06   1.9336E-06   0.73338
FLUX  912  2695.00        1.112403E+14   1.3569E-06   1.9229E-06   0.70564
FLUX  913  2705.00        1.108290E+14   1.3800E-06   1.9122E-06   0.72167
FLUX  914  2715.00        1.104208E+14   1.3389E-06   1.9016E-06   0.70407
FLUX  915  2725.00        1.100156E+14   1.3058E-06   1.8911E-06   0.69053
FLUX  916  2735.00        1.096133E+14   1.3016E-06   1.8807E-06   0.69211
FLUX  917  2745.00        1.092140E+14   1.3130E-06   1.8703E-06   0.70200
FLUX  918  2755.00        1.088176E+14   1.2730E-06   1.8601E-06   0.68441
FLUX  919  2765.00        1.084240E+14   1.2657E-06   1.8499E-06   0.68420
FLUX  920  2775.00        1.080333E+14   1.2742E-06   1.8398E-06   0.69256
FLUX  921  2785.00        1.076454E+14   1.2337E-06   1.8298E-06   0.67426
FLUX  922  2795.00        1.072603E+14   1.2518E-06   1.8198E-06   0.68786
FLUX  923  2805.00        1.068779E+14   1.1617E-06   1.8099E-06   0.64182
FLUX  924  2815.00        1.064982E+14   1.2020E-06   1.8001E-06   0.66774
FLUX  925  2825.00        1.061212E+14   1.1911E-06   1.7904E-06   0.66527
FLUX  926  2835.00        1.057469E+14   1.1910E-06   1.7808E-06   0.66880
FLUX  927  2845.00        1.053752E+14   1.2107E-06   1.7712E-06   0.68354
FLUX  928  2855.00        1.050061E+14   1.1734E-06   1.7617E-06   0.66604
FLUX  929  2865.00        1.046396E+14   1.1967E-06   1.7523E-06   0.68291
FLUX  930  2875.00        1.042757E+14   1.1916E-06   1.7430E-06   0.68368
FLUX  931  2885.00        1.039142E+14   1.1721E-06   1.7337E-06   0.67605
FLUX  932  2895.00        1.035553E+14   1.1968E-06   1.7245E-06   0.69402
FLUX  933  2905.00        1.031988E+14   1.1360E-06   1.7153E-06   0.66223
FLUX  934  2915.00        1.028448E+14   1.1957E-06   1.7063E-06   0.70080
FLUX  935  2925.00        1.024932E+14   1.0843E-06   1.6973E-06   0.63886
FLUX  936  2935.00        1.021440E+14   1.1852E-06   1.6883E-06   0.70197
FLUX  937  2945.00        1.017971E+14   1.0650E-06   1.6795E-06   0.63411
FLUX  938  2955.00        1.014526E+14   1.1442E-06   1.6707E-06   0.68485
FLUX  939  2965.00        1.011105E+14   1.0885E-06   1.6620E-06   0.65492
FLUX  940  2975.00        1.007706E+14   1.1344E-06   1.6533E-06   0.68616
FLUX  941  2985.00        1.004330E+14   1.0766E-06   1.6447E-06   0.65455
FLUX  942  2995.00        1.000977E+14   1.1337E-06   1.6362E-06   0.69292
FLUX  943  3005.00        9.976456E+13   1.0555E-06   1.6277E-06   0.64846
FLUX  944  3015.00        9.943366E+13   1.1427E-06   1.6193E-06   0.70567
FLUX  945  3025.00        9.910496E+13   1.0579E-06   1.6110E-06   0.65666
FLUX  946  3035.00        9.877842E+13   1.1152E-06   1.6027E-06   0.69581
FLUX  947  3045.00        9.845402E+13   1.0596E-06   1.5945E-06   0.66453
FLUX  948  3055.00        9.813175E+13   1.1021E-06   1.5863E-06   0.69477
FLUX  949  3065.00        9.781158E+13   1.0967E-06   1.5781E-06   0.69493
FLUX  950  3075.00        9.749349E+13   1.0793E-06   1.5701E-06   0.68740
FLUX  951  3085.00        9.717747E+13   1.0659E-06   1.5620E-06   0.68238
FLUX  952  3095.00        9.686349E+13   1.0489E-06   1.5541E-06   0.67492
FLUX  953  3105.00        9.655153E+13   1.0893E-06   1.5462E-06   0.70451
FLUX  954  3115.00        9.624157E+13   1.0524E-06   1.5383E-06   0.68415
FLUX  955  3125.00        9.593360E+13   1.0876E-06   1.5305E-06   0.71062
FLUX  956  3135.00        9.562759E+13   1.0430E-06   1.5228E-06   0.68489
FLUX  957  3145.00        9.532353E+13   1.0705E-06   1.5151E-06   0.70652
FLUX  958  3155.00        9.502139E+13   1.0576E-06   1.5075E-06   0.70155
FLUX  959  3165.00        9.472117E+13   1.0832E-06   1.5000E-06   0.72215
FLUX  960  3175.00        9.442283E+13   1.0543E-06   1.4925E-06   0.70644
FLUX  961  3185.00        9.412637E+13   1.0745E-06   1.4850E-06   0.72359
FLUX  962  3195.00        9.383177E+13   1.0559E-06   1.4776E-06   0.71458
FLUX  963  3210.00        9.339330E+13   1.0826E-06   1.4666E-06   0.73812
FLUX  964  3230.00        9.281501E+13   1.0667E-06   1.4522E-06   0.73459
FLUX  965  3250.00        9.224385E+13   1.0813E-06   1.4379E-06   0.75199
FLUX  966  3270.00        9.167966E+13   1.0774E-06   1.4238E-06   0.75668
FLUX  967  3290.00        9.112234E+13   1.0751E-06   1.4100E-06   0.76247
FLUX  968  3310.00        9.057175E+13   1.0878E-06   1.3963E-06   0.77906
FLUX  969  3330.00        9.002778E+13   1.0790E-06   1.3829E-06   0.78028
FLUX  970  3350.00        8.949030E+13   1.0834E-06   1.3696E-06   0.79103
FLUX  971  3370.00        8.895920E+13   1.0948E-06   1.3565E-06   0.80708
FLUX  972  3390.00        8.843436E+13   1.0794E-06   1.3436E-06   0.80335
FLUX  973  3410.00        8.791569E+13   1.0865E-06   1.3308E-06   0.81638
FLUX  974  3430.00        8.740306E+13   1.1079E-06   1.3183E-06   0.84038
FLUX  975  3450.00        8.689638E+13   1.0720E-06   1.3059E-06   0.82088
FLUX  976  3470.00        8.639553E+13   1.1034E-06   1.2937E-06   0.85290
FLUX  977  3490.00        8.590043E+13   1.0908E-06   1.2817E-06   0.85110
FLUX  978  3510.00        8.541097E+13   1.0838E-06   1.2698E-06   0.85355
FLUX  979  3530.00        8.492705E+13   1.0785E-06   1.2580E-06   0.85729
FLUX  980  3550.00        8.444859E+13   1.0898E-06   1.2465E-06   0.87433
FLUX  981  3570.00        8.397549E+13   1.0698E-06   1.2351E-06   0.86620
FLUX  982  3590.00        8.350766E+13   1.0721E-06   1.2238E-06   0.87608
FLUX  983  3610.00        8.304501E+13   1.0842E-06   1.2127E-06   0.89402
FLUX  984  3630.00        8.258746E+13   1.0648E-06   1.2017E-06   0.88607
FLUX  985  3650.00        8.213493E+13   1.0638E-06   1.1909E-06   0.89330
FLUX  986  3670.00        8.168733E+13   1.0637E-06   1.1802E-06   0.90133
FLUX  987  3690.00        8.124458E+13   1.0581E-06   1.1696E-06   0.90467
FLUX  988  3710.00        8.080660E+13   1.0447E-06   1.1592E-06   0.90122
FLUX  989  3730.00        8.037332E+13   1.0458E-06   1.1489E-06   0.91027
FLUX  990  3750.00        7.994467E+13   1.0555E-06   1.1388E-06   0.92685
FLUX  991  3770.00        7.952056E+13   1.0275E-06   1.1287E-06   0.91026
FLUX  992  3790.00        7.910092E+13   1.0459E-06   1.1189E-06   0.93476
FLUX  993  3810.00        7.868569E+13   1.0261E-06   1.1091E-06   0.92519
FLUX  994  3830.00        7.827480E+13   1.0184E-06   1.0995E-06   0.92629
FLUX  995  3850.00        7.786818E+13   1.0161E-06   1.0900E-06   0.93220
FLUX  996  3870.00        7.746576E+13   1.0156E-06   1.0806E-06   0.93986
FLUX  997  3890.00        7.706748E+13   9.9929E-07   1.0713E-06   0.93278
FLUX  998  3910.00        7.667327E+13   9.9386E-07   1.0622E-06   0.93571
FLUX  999  3930.00        7.628308E+13   9.8765E-07   1.0531E-06   0.93784
FLUX 1000  3950.00        7.589683E+13   9.8502E-07   1.0442E-06   0.94333
FLUX 1001  3970.00        7.551448E+13   9.7276E-07   1.0354E-06   0.93951
FLUX 1002  3990.00        7.513596E+13   9.3778E-07   1.0267E-06   0.91340
FLUX 1003  4010.00        7.476122E+13   9.3655E-07   1.0181E-06   0.91990
FLUX 1004  4030.00        7.439020E+13   9.3532E-07   1.0096E-06   0.92643
FLUX 1005  4050.00        7.402284E+13   8.9505E-07   1.0012E-06   0.89396
FLUX 1006  4070.00        7.365909E+13   8.9129E-07   9.9293E-07   0.89763
FLUX 1007  4090.00        7.329890E+13   8.7121E-07   9.8475E-07   0.88470
FLUX 1008  4110.00        7.294221E+13   8.7815E-07   9.7667E-07   0.89913
FLUX 1009  4130.00        7.258898E+13   8.5379E-07   9.6868E-07   0.88140
FLUX 1010  4150.00        7.223916E+13   8.6213E-07   9.6079E-07   0.89731
FLUX 1011  4170.00        7.189269E+13   8.3050E-07   9.5299E-07   0.87147
FLUX 1012  4190.00        7.154952E+13   8.4463E-07   9.4529E-07   0.89352
FLUX 1013  4210.00        7.120962E+13   8.2056E-07   9.3767E-07   0.87510
FLUX 1014  4230.00        7.087293E+13   8.3229E-07   9.3014E-07   0.89479
FLUX 1015  4250.00        7.053941E+13   8.0763E-07   9.2270E-07   0.87529
FLUX 1016  4270.00        7.020902E+13   8.0797E-07   9.1533E-07   0.88271
FLUX 1017  4290.00        6.988170E+13   7.8223E-07   9.0806E-07   0.86143
FLUX 1018  4310.00        6.955742E+13   7.3680E-07   9.0086E-07   0.81788
FLUX 1019  4330.00        6.923614E+13   7.5444E-07   8.9375E-07   0.84413
FLUX 1020  4350.00        6.891782E+13   7.1511E-07   8.8672E-07   0.80646
FLUX 1021  4370.00        6.860240E+13   7.0039E-07   8.7978E-07   0.79610
FLUX 1022  4390.00        6.828986E+13   6.9395E-07   8.7291E-07   0.79498
FLUX 1023  4410.00        6.798016E+13   6.6997E-07   8.6612E-07   0.77353
FLUX 1024  4430.00        6.767325E+13   6.5978E-07   8.5942E-07   0.76771
FLUX 1025  4450.00        6.736910E+13   6.5745E-07   8.5278E-07   0.77095
FLUX 1026  4470.00        6.706767E+13   6.3829E-07   8.4623E-07   0.75428
FLUX 1027  4490.00        6.676893E+13   6.3821E-07   8.3974E-07   0.76001
FLUX 1028  4510.00        6.647284E+13   6.2802E-07   8.3333E-07   0.75363
FLUX 1029  4530.00        6.617936E+13   6.1783E-07   8.2700E-07   0.74707
FLUX 1030  4550.00        6.588846E+13   6.2037E-07   8.2073E-07   0.75587
FLUX 1031  4570.00        6.560011E+13   6.1696E-07   8.1454E-07   0.75743
FLUX 1032  4590.00        6.531427E+13   6.0287E-07   8.0841E-07   0.74575
FLUX 1033  4610.00        6.503091E+13   6.0742E-07   8.0235E-07   0.75704
FLUX 1034  4630.00        6.475000E+13   6.0030E-07   7.9637E-07   0.75380
FLUX 1035  4650.00        6.447150E+13   6.0503E-07   7.9044E-07   0.76544
FLUX 1036  4670.00        6.419540E+13   6.0081E-07   7.8459E-07   0.76577
FLUX 1037  4690.00        6.392164E+13   5.9775E-07   7.7879E-07   0.76753
FLUX 1038  4710.00        6.365021E+13   5.9506E-07   7.7306E-07   0.76974
FLUX 1039  4730.00        6.338108E+13   5.9640E-07   7.6740E-07   0.77717
FLUX 1040  4750.00        6.311421E+13   5.9130E-07   7.6179E-07   0.77620
FLUX 1041  4770.00        6.284958E+13   5.8207E-07   7.5625E-07   0.76969
FLUX 1042  4790.00        6.258716E+13   5.8619E-07   7.5076E-07   0.78079
FLUX 1043  4810.00        6.232692E+13   5.6989E-07   7.4533E-07   0.76461
FLUX 1044  4830.00        6.206884E+13   5.8600E-07   7.3997E-07   0.79193
FLUX 1045  4850.00        6.181289E+13   5.7231E-07   7.3466E-07   0.77902
FLUX 1046  4870.00        6.155903E+13   5.6335E-07   7.2940E-07   0.77235
FLUX 1047  4890.00        6.130726E+13   5.5906E-07   7.2420E-07   0.77197
FLUX 1048  4910.00        6.105753E+13   5.6797E-07   7.1905E-07   0.78989
FLUX 1049  4930.00        6.080984E+13   5.5279E-07   7.1396E-07   0.77426
FLUX 1050  4950.00        6.056414E+13   5.5280E-07   7.0891E-07   0.77978
FLUX 1051  4970.00        6.032042E+13   5.4887E-07   7.0392E-07   0.77973
FLUX 1052  4990.00        6.007866E+13   5.4881E-07   6.9898E-07   0.78516
FLUX 1053  5010.00        5.983882E+13   5.3512E-07   6.9409E-07   0.77097
FLUX 1054  5030.00        5.960089E+13   5.3409E-07   6.8924E-07   0.77490
FLUX 1055  5050.00        5.936485E+13   5.3269E-07   6.8445E-07   0.77828
FLUX 1056  5070.00        5.913067E+13   5.3100E-07   6.7970E-07   0.78123
FLUX 1057  5090.00        5.889833E+13   5.2518E-07   6.7501E-07   0.77804
FLUX 1058  5110.00        5.866781E+13   5.2239E-07   6.7036E-07   0.77927
FLUX 1059  5130.00        5.843908E+13   5.2078E-07   6.6575E-07   0.78224
FLUX 1060  5150.00        5.821214E+13   5.2088E-07   6.6120E-07   0.78778
FLUX 1061  5170.00        5.798694E+13   5.0981E-07   6.5669E-07   0.77634
FLUX 1062  5190.00        5.776349E+13   5.1034E-07   6.5222E-07   0.78247
FLUX 1063  5210.00        5.754175E+13   5.1246E-07   6.4780E-07   0.79107
FLUX 1064  5230.00        5.732170E+13   5.0564E-07   6.4343E-07   0.78586
FLUX 1065  5250.00        5.710333E+13   5.0030E-07   6.3910E-07   0.78282
FLUX 1066  5270.00        5.688662E+13   5.0397E-07   6.3481E-07   0.79389
FLUX 1067  5290.00        5.667155E+13   4.9358E-07   6.3056E-07   0.78275
FLUX 1068  5310.00        5.645810E+13   4.9716E-07   6.2636E-07   0.79372
FLUX 1069  5330.00        5.624625E+13   4.8969E-07   6.2220E-07   0.78703
FLUX 1070  5350.00        5.603598E+13   4.8758E-07   6.1808E-07   0.78887
FLUX 1071  5370.00        5.582728E+13   4.8561E-07   6.1400E-07   0.79091
FLUX 1072  5390.00        5.562013E+13   4.8862E-07   6.0996E-07   0.80108
FLUX 1073  5410.00        5.541451E+13   4.8070E-07   6.0596E-07   0.79329
FLUX 1074  5430.00        5.521040E+13   4.6575E-07   6.0200E-07   0.77367
FLUX 1075  5450.00        5.500780E+13   4.7956E-07   5.9807E-07   0.80184
FLUX 1076  5470.00        5.480667E+13   4.7406E-07   5.9419E-07   0.79783
FLUX 1077  5490.00        5.460701E+13   4.7479E-07   5.9035E-07   0.80426
FLUX 1078  5510.00        5.440880E+13   4.7070E-07   5.8654E-07   0.80250
FLUX 1079  5530.00        5.421202E+13   4.6970E-07   5.8276E-07   0.80598
FLUX 1080  5550.00        5.401667E+13   4.5977E-07   5.7902E-07   0.79405
FLUX 1081  5570.00        5.382271E+13   4.6340E-07   5.7532E-07   0.80547
FLUX 1082  5590.00        5.363014E+13   4.6580E-07   5.7165E-07   0.81483
FLUX 1083  5610.00        5.343895E+13   4.5957E-07   5.6802E-07   0.80908
FLUX 1084  5630.00        5.324911E+13   4.5622E-07   5.6441E-07   0.80830
FLUX 1085  5650.00        5.306062E+13   4.5776E-07   5.6085E-07   0.81618
FLUX 1086  5670.00        5.287346E+13   4.5235E-07   5.5731E-07   0.81165
FLUX 1087  5690.00        5.268761E+13   4.4488E-07   5.5381E-07   0.80330
FLUX 1088  5710.00        5.250306E+13   4.5349E-07   5.5035E-07   0.82401
FLUX 1089  5730.00        5.231981E+13   4.3971E-07   5.4691E-07   0.80399
FLUX 1090  5750.00        5.213783E+13   4.5655E-07   5.4351E-07   0.84001
FLUX 1091  5770.00        5.195711E+13   4.4480E-07   5.4014E-07   0.82349
FLUX 1092  5790.00        5.177763E+13   4.3809E-07   5.3680E-07   0.81612
FLUX 1093  5810.00        5.159940E+13   4.4576E-07   5.3349E-07   0.83557
FLUX 1094  5830.00        5.142238E+13   4.3655E-07   5.3021E-07   0.82337
FLUX 1095  5850.00        5.124658E+13   4.3603E-07   5.2696E-07   0.82745
FLUX 1096  5870.00        5.107198E+13   4.3628E-07   5.2374E-07   0.83302
FLUX 1097  5890.00        5.089856E+13   4.3655E-07   5.2055E-07   0.83865
FLUX 1098  5910.00        5.072631E+13   4.3176E-07   5.1738E-07   0.83451
FLUX 1099  5930.00        5.055523E+13   4.3480E-07   5.1424E-07   0.84551
FLUX 1100  5950.00        5.038529E+13   4.3204E-07   5.1113E-07   0.84526
FLUX 1101  5970.00        5.021650E+13   4.2771E-07   5.0805E-07   0.84186
FLUX 1102  5990.00        5.004883E+13   4.2876E-07   5.0499E-07   0.84905
FLUX 1103  6010.00        4.988228E+13   4.3383E-07   5.0196E-07   0.86426
FLUX 1104  6030.00        4.971683E+13   4.2067E-07   4.9896E-07   0.84308
FLUX 1105  6050.00        4.955248E+13   4.1558E-07   4.9599E-07   0.83788
FLUX 1106  6070.00        4.938921E+13   4.2600E-07   4.9304E-07   0.86403
FLUX 1107  6090.00        4.922701E+13   4.2521E-07   4.9012E-07   0.86756
FLUX 1108  6110.00        4.906588E+13   4.1349E-07   4.8722E-07   0.84868
FLUX 1109  6130.00        4.890579E+13   4.2755E-07   4.8435E-07   0.88273
FLUX 1110  6150.00        4.874675E+13   4.1662E-07   4.8150E-07   0.86524
FLUX 1111  6170.00        4.858874E+13   4.1629E-07   4.7868E-07   0.86967
FLUX 1112  6190.00        4.843174E+13   4.1568E-07   4.7588E-07   0.87350
FLUX 1113  6210.00        4.827576E+13   4.1493E-07   4.7310E-07   0.87704
FLUX 1114  6230.00        4.812079E+13   4.1640E-07   4.7035E-07   0.88529
FLUX 1115  6250.00        4.796680E+13   4.0806E-07   4.6763E-07   0.87261
FLUX 1116  6270.00        4.781380E+13   4.0421E-07   4.6492E-07   0.86941
FLUX 1117  6290.00        4.766176E+13   4.0795E-07   4.6224E-07   0.88254
FLUX 1118  6310.00        4.751070E+13   4.0191E-07   4.5959E-07   0.87451
FLUX 1119  6330.00        4.736058E+13   4.0287E-07   4.5695E-07   0.88164
FLUX 1120  6350.00        4.721142E+13   3.9261E-07   4.5434E-07   0.86414
FLUX 1121  6370.00        4.706319E+13   3.9813E-07   4.5175E-07   0.88131
FLUX 1122  6390.00        4.691588E+13   3.9145E-07   4.4919E-07   0.87147
FLUX 1123  6420.00        4.669665E+13   3.8324E-07   4.4537E-07   0.86048
FLUX 1124  6460.00        4.640751E+13   3.6449E-07   4.4037E-07   0.82769
FLUX 1125  6500.00        4.612192E+13   3.5592E-07   4.3544E-07   0.81737
FLUX 1126  6540.00        4.583983E+13   3.4727E-07   4.3061E-07   0.80647
FLUX 1127  6580.00        4.556117E+13   3.3400E-07   4.2585E-07   0.78433
FLUX 1128  6620.00        4.528588E+13   3.2862E-07   4.2116E-07   0.78027
FLUX 1129  6660.00        4.501389E+13   3.2655E-07   4.1656E-07   0.78392
FLUX 1130  6700.00        4.474515E+13   3.2068E-07   4.1203E-07   0.77831
FLUX 1131  6740.00        4.447960E+13   3.2134E-07   4.0757E-07   0.78843
FLUX 1132  6780.00        4.421718E+13   3.1146E-07   4.0318E-07   0.77251
FLUX 1133  6820.00        4.395784E+13   3.0934E-07   3.9886E-07   0.77556
FLUX 1134  6860.00        4.370153E+13   3.1227E-07   3.9461E-07   0.79134
FLUX 1135  6900.00        4.344819E+13   3.0561E-07   3.9043E-07   0.78276
FLUX 1136  6940.00        4.319777E+13   3.0169E-07   3.8631E-07   0.78096
FLUX 1137  6980.00        4.295021E+13   3.0597E-07   3.8225E-07   0.80046
FLUX 1138  7020.00        4.270548E+13   2.9813E-07   3.7825E-07   0.78817
FLUX 1139  7060.00        4.246353E+13   2.9611E-07   3.7431E-07   0.79107
FLUX 1140  7100.00        4.222430E+13   2.9208E-07   3.7044E-07   0.78846
FLUX 1141  7140.00        4.198774E+13   2.9120E-07   3.6663E-07   0.79427
FLUX 1142  7180.00        4.175383E+13   2.9236E-07   3.6287E-07   0.80568
FLUX 1143  7220.00        4.152251E+13   2.8426E-07   3.5917E-07   0.79145
FLUX 1144  7260.00        4.129373E+13   2.8347E-07   3.5552E-07   0.79733
FLUX 1145  7300.00        4.106747E+13   2.8279E-07   3.5193E-07   0.80354
FLUX 1146  7340.00        4.084366E+13   2.7937E-07   3.4840E-07   0.80186
FLUX 1147  7380.00        4.062229E+13   2.7916E-07   3.4492E-07   0.80937
FLUX 1148  7420.00        4.040330E+13   2.7304E-07   3.4148E-07   0.79957
FLUX 1149  7460.00        4.018666E+13   2.7547E-07   3.3810E-07   0.81476
FLUX 1150  7500.00        3.997233E+13   2.7051E-07   3.3477E-07   0.80805
FLUX 1151  7540.00        3.976028E+13   2.6847E-07   3.3149E-07   0.80989
FLUX 1152  7580.00        3.955046E+13   2.6178E-07   3.2825E-07   0.79750
FLUX 1153  7620.00        3.934285E+13   2.5614E-07   3.2506E-07   0.78799
FLUX 1154  7660.00        3.913740E+13   2.5408E-07   3.2192E-07   0.78926
FLUX 1155  7700.00        3.893409E+13   2.5415E-07   3.1882E-07   0.79716
FLUX 1156  7740.00        3.873288E+13   2.4652E-07   3.1577E-07   0.78070
FLUX 1157  7780.00        3.853374E+13   2.4676E-07   3.1276E-07   0.78898
FLUX 1158  7820.00        3.833664E+13   2.4252E-07   3.0979E-07   0.78285
FLUX 1159  7860.00        3.814154E+13   2.4002E-07   3.0687E-07   0.78215
FLUX 1160  7900.00        3.794842E+13   2.3529E-07   3.0398E-07   0.77401
FLUX 1161  7940.00        3.775724E+13   2.3586E-07   3.0114E-07   0.78321
FLUX 1162  7980.00        3.756798E+13   2.3075E-07   2.9834E-07   0.77347
FLUX 1163  8020.00        3.738061E+13   2.3189E-07   2.9557E-07   0.78454
FLUX 1164  8060.00        3.719510E+13   2.2722E-07   2.9284E-07   0.77590
FLUX 1165  8100.00        3.701142E+13   2.2530E-07   2.9015E-07   0.77651
FLUX 1166  8140.00        3.682955E+13   2.2515E-07   2.8749E-07   0.78314
FLUX 1167  8180.00        3.664945E+13   2.2372E-07   2.8487E-07   0.78535
FLUX 1168  8220.00        3.647111E+13   2.2014E-07   2.8228E-07   0.77985
FLUX 1169  8260.00        3.629449E+13   2.2115E-07   2.7973E-07   0.79058
FLUX 1170  8300.00        3.611958E+13   2.1698E-07   2.7722E-07   0.78271
FLUX 1171  8340.00        3.594634E+13   2.1502E-07   2.7473E-07   0.78265
FLUX 1172  8380.00        3.577476E+13   2.1200E-07   2.7228E-07   0.77859
FLUX 1173  8420.00        3.560481E+13   2.1473E-07   2.6987E-07   0.79569
FLUX 1174  8460.00        3.543647E+13   2.1116E-07   2.6748E-07   0.78945
FLUX 1175  8500.00        3.526971E+13   2.0911E-07   2.6512E-07   0.78873
FLUX 1176  8540.00        3.510451E+13   2.0939E-07   2.6280E-07   0.79678
FLUX 1177  8580.00        3.494085E+13   2.0667E-07   2.6050E-07   0.79333
FLUX 1178  8620.00        3.477871E+13   2.0603E-07   2.5824E-07   0.79782
FLUX 1179  8660.00        3.461807E+13   2.0408E-07   2.5601E-07   0.79716
FLUX 1180  8700.00        3.445891E+13   2.0545E-07   2.5380E-07   0.80949
FLUX 1181  8740.00        3.430120E+13   2.0015E-07   2.5162E-07   0.79544
FLUX 1182  8780.00        3.414493E+13   1.9954E-07   2.4947E-07   0.79987
FLUX 1183  8820.00        3.399008E+13   1.9820E-07   2.4735E-07   0.80128
FLUX 1184  8860.00        3.383662E+13   1.9793E-07   2.4525E-07   0.80705
FLUX 1185  8900.00        3.368455E+13   1.9650E-07   2.4318E-07   0.80803
FLUX 1186  8940.00        3.353384E+13   1.9524E-07   2.4114E-07   0.80966
FLUX 1187  8980.00        3.338447E+13   1.9293E-07   2.3912E-07   0.80683
FLUX 1188  9020.00        3.323642E+13   1.9400E-07   2.3712E-07   0.81814
FLUX 1189  9060.00        3.308968E+13   1.9259E-07   2.3515E-07   0.81901
FLUX 1190  9100.00        3.294423E+13   1.9176E-07   2.3320E-07   0.82231
FLUX 1191  9140.00        3.280005E+13   1.8973E-07   2.3128E-07   0.82034
FLUX 1192  9180.00        3.265713E+13   1.8880E-07   2.2938E-07   0.82309
FLUX 1193  9220.00        3.251546E+13   1.8694E-07   2.2751E-07   0.82170
FLUX 1194  9260.00        3.237500E+13   1.8488E-07   2.2565E-07   0.81930
FLUX 1195  9300.00        3.223575E+13   1.8548E-07   2.2382E-07   0.82870
FLUX 1196  9340.00        3.209770E+13   1.8404E-07   2.2201E-07   0.82895
FLUX 1197  9380.00        3.196082E+13   1.8204E-07   2.2023E-07   0.82659
FLUX 1198  9420.00        3.182511E+13   1.8044E-07   2.1846E-07   0.82598
FLUX 1199  9460.00        3.169054E+13   1.7941E-07   2.1672E-07   0.82786
FLUX 1200  9500.00        3.155710E+13   1.7864E-07   2.1499E-07   0.83093
FLUX 1201  9540.00        3.142479E+13   1.8001E-07   2.1329E-07   0.84400
FLUX 1202  9580.00        3.129358E+13   1.7572E-07   2.1160E-07   0.83042
FLUX 1203  9620.00        3.116346E+13   1.7451E-07   2.0994E-07   0.83123
FLUX 1204  9660.00        3.103442E+13   1.7303E-07   2.0830E-07   0.83068
FLUX 1205  9700.00        3.090644E+13   1.7259E-07   2.0667E-07   0.83511
FLUX 1206  9740.00        3.077952E+13   1.7231E-07   2.0506E-07   0.84027
FLUX 1207  9780.00        3.065363E+13   1.7053E-07   2.0348E-07   0.83808
FLUX 1208  9820.00        3.052877E+13   1.7006E-07   2.0191E-07   0.84225
FLUX 1209  9860.00        3.040492E+13   1.6902E-07   2.0036E-07   0.84358
FLUX 1210  9900.00        3.028207E+13   1.6368E-07   1.9882E-07   0.82323
FLUX 1211  9940.00        3.016021E+13   1.6595E-07   1.9731E-07   0.84106
FLUX 1212  9980.00        3.003933E+13   1.6437E-07   1.9581E-07   0.83943
FLUX 1213 10020.00        2.991941E+13   1.6321E-07   1.9433E-07   0.83990
FLUX 1214 20000.00        1.498962E+13   4.5914E-08   5.0723E-08   0.90519
FLUX 1215 40000.00        7.494812E+12   1.2019E-08   1.2696E-08   0.94668
FLUX 1216 60000.00        4.996542E+12   5.3889E-09   5.5930E-09   0.96350
FLUX 1217 80000.00        3.747406E+12   3.0337E-09   3.1185E-09   0.97279
FLUX 1218100000.00        2.997925E+12   1.9382E-09   1.9804E-09   0.97871
FLUX 1219120000.00        2.498271E+12   1.3424E-09   1.3659E-09   0.98279
FLUX 1220140000.00        2.141375E+12   9.8337E-10   9.9759E-10   0.98575
FLUX 1221160000.00        1.873703E+12   7.5066E-10   7.5977E-10   0.98801
FLUX
