TEFF  46000.  GRAVITY 4.50000 LTE 
TITLE  [+0.2] N(He)/Ntot=0.07828 VTURB=2.0  L/H=1.25 NOVER                      
FLUX    1     9.09        3.298047E+16   8.8226E-21   8.8863E-21   0.99283
FLUX    2     9.35        3.206337E+16   2.6907E-20   2.6975E-20   0.99749
FLUX    3     9.61        3.119589E+16   7.5784E-20   7.7417E-20   0.97890
FLUX    4     9.77        3.068501E+16   1.4396E-19   1.4431E-19   0.99759
FLUX    5     9.96        3.009965E+16   2.9428E-19   2.9499E-19   0.99757
FLUX    6    10.20        2.939142E+16   7.0060E-19   7.0223E-19   0.99768
FLUX    7    10.38        2.888174E+16   1.3104E-18   1.3134E-18   0.99770
FLUX    8    10.56        2.838944E+16   2.4016E-18   2.4071E-18   0.99772
FLUX    9    10.77        2.783589E+16   4.7519E-18   4.7625E-18   0.99777
FLUX   10    11.04        2.715512E+16   1.1015E-17   1.1040E-17   0.99774
FLUX   11    11.40        2.629759E+16   3.1831E-17   3.1904E-17   0.99772
FLUX   12    11.78        2.544928E+16   9.0743E-17   9.1475E-17   0.99200
FLUX   13    12.13        2.471496E+16   2.2751E-16   2.2800E-16   0.99784
FLUX   14    12.48        2.402183E+16   5.3836E-16   5.4055E-16   0.99594
FLUX   15    12.71        2.358714E+16   9.2725E-16   9.2927E-16   0.99782
FLUX   16    12.84        2.334833E+16   1.2824E-15   1.2841E-15   0.99865
FLUX   17    13.05        2.297261E+16   2.0412E-15   2.0590E-15   0.99134
FLUX   18    13.24        2.264294E+16   3.0755E-15   3.1046E-15   0.99064
FLUX   19    13.39        2.238928E+16   4.2403E-15   4.2605E-15   0.99527
FLUX   20    13.66        2.194674E+16   7.3179E-15   7.4286E-15   0.98511
FLUX   21    13.98        2.144438E+16   1.3882E-14   1.3920E-14   0.99729
FLUX   22    14.33        2.092062E+16   2.6476E-14   2.6776E-14   0.98878
FLUX   23    14.72        2.036634E+16   5.0554E-14   5.3522E-14   0.94455
FLUX   24    15.10        1.985381E+16   1.0084E-13   1.0157E-13   0.99280
FLUX   25    15.52        1.931653E+16   1.9826E-13   1.9882E-13   0.99718
FLUX   26    15.88        1.887862E+16   3.4857E-13   3.5189E-13   0.99059
FLUX   27    16.20        1.850571E+16   6.7944E-13   6.9955E-13   0.97125
FLUX   28    16.60        1.805979E+16   1.2131E-12   1.2204E-12   0.99401
FLUX   29    17.03        1.760379E+16   2.0808E-12   2.1563E-12   0.96497
FLUX   30    17.34        1.728907E+16   3.0485E-12   3.1974E-12   0.95343
FLUX   31    17.68        1.695659E+16   4.7698E-12   4.9999E-12   0.95397
FLUX   32    18.02        1.663665E+16   7.2735E-12   7.4830E-12   0.97200
FLUX   33    18.17        1.649931E+16   8.2460E-12   9.3347E-12   0.88337
FLUX   34    18.61        1.610922E+16   1.4437E-11   1.5213E-11   0.94899
FLUX   35    19.10        1.569594E+16   2.4081E-11   2.5692E-11   0.93731
FLUX   36    19.39        1.546119E+16   3.4607E-11   3.5904E-11   0.96388
FLUX   37    19.84        1.511051E+16   5.4681E-11   5.7006E-11   0.95922
FLUX   38    20.18        1.485592E+16   7.0060E-11   7.8025E-11   0.89791
FLUX   39    20.50        1.462402E+16   1.0021E-10   1.0382E-10   0.96521
FLUX   40    21.05        1.424192E+16   1.6195E-10   1.6641E-10   0.97323
FLUX   41    21.62        1.386644E+16   2.5716E-10   2.6467E-10   0.97162
FLUX   42    21.98        1.363933E+16   3.4985E-10   3.5157E-10   0.99510
FLUX   43    22.30        1.344361E+16   4.3398E-10   4.4867E-10   0.96726
FLUX   44    22.68        1.321836E+16   5.7711E-10   6.1628E-10   0.93645
FLUX   45    23.00        1.303446E+16   6.5219E-08   6.8432E-05   0.00095
FLUX   46    23.40        1.281165E+16   2.4936E-07   6.5195E-05   0.00382
FLUX   47    24.00        1.249135E+16   3.6480E-07   5.9184E-05   0.00616
FLUX   48    24.65        1.216197E+16   8.5130E-07   5.3418E-05   0.01594
FLUX   49    25.24        1.187767E+16   3.6325E-06   1.8742E-04   0.01938
FLUX   50    25.68        1.167416E+16   1.1133E-05   3.6126E-04   0.03082
FLUX   51    26.00        1.153048E+16   9.8193E-06   4.0779E-04   0.02408
FLUX   52    26.40        1.135578E+16   4.9609E-05   1.1299E-03   0.04391
FLUX   53    26.85        1.116546E+16   5.8957E-05   1.1207E-03   0.05261
FLUX   54    27.35        1.096133E+16   7.4673E-05   1.1097E-03   0.06729
FLUX   55    27.85        1.076454E+16   4.6715E-05   1.0976E-03   0.04256
FLUX   56    28.40        1.055607E+16   9.9569E-05   1.1084E-03   0.08983
FLUX   57    29.00        1.033767E+16   1.7086E-04   1.2500E-03   0.13668
FLUX   58    29.60        1.012813E+16   1.4085E-04   1.2339E-03   0.11416
FLUX   59    30.10        9.959884E+15   1.0923E-04   2.2783E-03   0.04794
FLUX   60    30.80        9.733523E+15   1.5279E-04   2.4067E-03   0.06349
FLUX   61    31.80        9.427437E+15   3.8034E-05   2.4536E-03   0.01550
FLUX   62    32.80        9.140015E+15   5.6756E-05   2.5007E-03   0.02270
FLUX   63    33.80        8.869601E+15   4.0990E-05   2.5373E-03   0.01615
FLUX   64    34.80        8.614727E+15   4.6628E-05   2.5807E-03   0.01807
FLUX   65    35.70        8.397549E+15   1.3346E-04   2.7151E-03   0.04916
FLUX   66    36.60        8.191052E+15   3.2692E-04   2.7599E-03   0.11845
FLUX   67    37.50        7.994467E+15   4.5146E-04   2.7927E-03   0.16166
FLUX   68    38.50        7.786818E+15   3.7218E-04   2.8286E-03   0.13158
FLUX   69    39.50        7.589684E+15   7.1490E-04   2.8676E-03   0.24930
FLUX   70    40.50        7.402284E+15   1.2375E-03   2.8957E-03   0.42734
FLUX   71    41.40        7.241365E+15   1.2347E-03   2.9226E-03   0.42246
FLUX   72    42.20        7.104088E+15   1.1327E-03   2.9428E-03   0.38491
FLUX   73    43.00        6.971919E+15   1.1141E-03   2.9613E-03   0.37622
FLUX   74    44.10        6.798016E+15   1.4847E-03   2.9848E-03   0.49741
FLUX   75    45.10        6.647284E+15   1.5633E-03   3.0044E-03   0.52035
FLUX   76    46.00        6.517228E+15   1.3052E-03   3.0211E-03   0.43203
FLUX   77    47.00        6.378564E+15   1.5366E-03   3.0391E-03   0.50560
FLUX   78    48.00        6.245677E+15   1.8409E-03   3.0557E-03   0.60244
FLUX   79    49.00        6.118214E+15   1.4711E-03   3.0712E-03   0.47899
FLUX   80    50.00        5.995850E+15   2.3136E-03   3.0854E-03   0.74985
FLUX   81    50.60        5.924753E+15   1.8288E-03   3.1961E-03   0.57220
FLUX   82    51.20        5.855322E+15   2.3695E-03   3.2046E-03   0.73938
FLUX   83    52.00        5.765240E+15   2.2707E-03   3.2153E-03   0.70622
FLUX   84    53.00        5.656462E+15   2.1580E-03   3.2279E-03   0.66855
FLUX   85    54.00        5.551713E+15   1.7531E-03   3.2398E-03   0.54112
FLUX   86    55.00        5.450773E+15   1.4380E-03   3.2519E-03   0.44221
FLUX   87    56.00        5.353438E+15   2.0151E-03   3.2632E-03   0.61753
FLUX   88    57.00        5.259518E+15   2.5638E-03   3.2737E-03   0.78315
FLUX   89    58.00        5.168836E+15   2.6319E-03   3.2836E-03   0.80153
FLUX   90    59.00        5.081229E+15   2.6856E-03   3.2929E-03   0.81559
FLUX   91    60.00        4.996542E+15   2.2926E-03   3.3016E-03   0.69439
FLUX   92    61.00        4.914631E+15   1.8845E-03   3.3097E-03   0.56939
FLUX   93    62.00        4.835363E+15   2.6169E-03   3.3173E-03   0.78886
FLUX   94    63.00        4.758611E+15   2.3044E-03   3.3243E-03   0.69320
FLUX   95    64.00        4.684258E+15   2.8785E-03   3.3318E-03   0.86396
FLUX   96    65.00        4.612192E+15   2.7169E-03   3.3389E-03   0.81371
FLUX   97    65.80        4.556117E+15   2.4182E-03   3.3441E-03   0.72312
FLUX   98    66.50        4.508158E+15   2.9307E-03   3.3485E-03   0.87521
FLUX   99    67.50        4.441370E+15   3.0247E-03   3.3543E-03   0.90172
FLUX  100    68.50        4.376533E+15   2.7001E-03   3.3597E-03   0.80367
FLUX  101    69.50        4.313561E+15   3.0591E-03   3.3645E-03   0.90923
FLUX  102    70.50        4.252376E+15   2.6871E-03   3.3690E-03   0.79761
FLUX  103    71.60        4.187046E+15   3.0723E-03   3.3733E-03   0.91076
FLUX  104    72.60        4.129373E+15   3.2081E-03   3.3767E-03   0.95006
FLUX  105    73.50        4.078810E+15   3.2033E-03   3.3798E-03   0.94778
FLUX  106    74.50        4.024060E+15   3.0728E-03   3.3829E-03   0.90831
FLUX  107    75.50        3.970762E+15   3.0410E-03   3.3856E-03   0.89822
FLUX  108    76.50        3.918856E+15   2.6677E-03   3.3879E-03   0.78743
FLUX  109    77.50        3.868290E+15   3.0809E-03   3.3897E-03   0.90888
FLUX  110    78.50        3.819013E+15   2.6389E-03   3.3911E-03   0.77819
FLUX  111    79.50        3.770975E+15   3.0471E-03   3.3921E-03   0.89828
FLUX  112    80.50        3.724130E+15   3.1887E-03   3.3927E-03   0.93987
FLUX  113    81.50        3.678436E+15   3.1919E-03   3.3929E-03   0.94076
FLUX  114    82.50        3.633848E+15   3.2361E-03   3.3928E-03   0.95381
FLUX  115    83.50        3.590329E+15   2.9186E-03   3.3924E-03   0.86035
FLUX  116    84.50        3.547840E+15   3.1928E-03   3.3916E-03   0.94139
FLUX  117    85.50        3.506345E+15   3.0218E-03   3.3904E-03   0.89129
FLUX  118    86.50        3.465809E+15   3.2417E-03   3.3888E-03   0.95660
FLUX  119    87.50        3.426200E+15   3.2831E-03   3.3868E-03   0.96938
FLUX  120    88.50        3.387486E+15   3.2210E-03   3.3845E-03   0.95169
FLUX  121    89.50        3.349637E+15   3.2036E-03   3.3819E-03   0.94728
FLUX  122    90.50        3.312624E+15   3.1435E-03   3.3789E-03   0.93033
FLUX  123    91.50        3.276421E+15   2.4152E-03   7.9103E-03   0.30532
FLUX  124    92.50        3.241000E+15   3.6574E-03   7.8488E-03   0.46598
FLUX  125    93.50        3.206337E+15   4.6171E-03   7.7875E-03   0.59289
FLUX  126    94.50        3.172407E+15   5.0464E-03   7.7262E-03   0.65315
FLUX  127    95.50        3.139188E+15   5.7834E-03   7.6650E-03   0.75452
FLUX  128    96.50        3.106658E+15   5.9868E-03   7.6040E-03   0.78733
FLUX  129    97.50        3.074795E+15   4.9495E-03   7.5431E-03   0.65617
FLUX  130    98.50        3.043579E+15   5.5841E-03   7.4825E-03   0.74628
FLUX  131    99.50        3.012990E+15   5.0109E-03   7.4221E-03   0.67513
FLUX  132   100.50        2.983010E+15   5.1186E-03   7.3620E-03   0.69527
FLUX  133   101.50        2.953621E+15   5.2851E-03   7.3021E-03   0.72378
FLUX  134   102.50        2.924805E+15   5.1251E-03   7.2425E-03   0.70765
FLUX  135   103.50        2.896546E+15   5.7142E-03   7.1831E-03   0.79549
FLUX  136   104.50        2.868828E+15   5.9195E-03   7.1242E-03   0.83090
FLUX  137   105.50        2.841635E+15   5.8723E-03   7.0655E-03   0.83113
FLUX  138   106.50        2.814953E+15   5.6700E-03   7.0071E-03   0.80918
FLUX  139   107.50        2.788767E+15   5.8713E-03   6.9491E-03   0.84490
FLUX  140   108.50        2.763065E+15   5.5264E-03   6.8915E-03   0.80193
FLUX  141   109.50        2.737831E+15   5.7476E-03   6.8342E-03   0.84101
FLUX  142   110.50        2.713054E+15   5.7326E-03   6.7773E-03   0.84585
FLUX  143   111.50        2.688722E+15   5.7287E-03   6.7208E-03   0.85239
FLUX  144   112.50        2.664822E+15   5.6236E-03   6.6647E-03   0.84379
FLUX  145   113.50        2.641344E+15   5.7706E-03   6.6091E-03   0.87313
FLUX  146   114.50        2.618275E+15   5.8254E-03   6.5539E-03   0.88885
FLUX  147   115.50        2.595606E+15   5.6279E-03   6.4990E-03   0.86596
FLUX  148   116.50        2.573326E+15   5.3505E-03   6.4447E-03   0.83022
FLUX  149   117.50        2.551426E+15   4.9787E-03   6.3907E-03   0.77905
FLUX  150   118.50        2.529895E+15   5.3609E-03   6.3372E-03   0.84594
FLUX  151   119.50        2.508724E+15   5.0925E-03   6.2842E-03   0.81037
FLUX  152   120.50        2.487905E+15   5.1058E-03   6.2315E-03   0.81936
FLUX  153   121.50        2.467428E+15   4.5199E-03   6.1793E-03   0.73146
FLUX  154   122.50        2.447286E+15   4.9765E-03   6.1276E-03   0.81215
FLUX  155   123.50        2.427470E+15   4.8045E-03   6.0763E-03   0.79069
FLUX  156   124.50        2.407972E+15   4.6913E-03   6.0253E-03   0.77860
FLUX  157   125.50        2.388785E+15   4.9272E-03   5.9750E-03   0.82464
FLUX  158   126.50        2.369901E+15   4.9904E-03   5.9251E-03   0.84226
FLUX  159   127.50        2.351314E+15   5.0278E-03   5.8756E-03   0.85571
FLUX  160   128.50        2.333016E+15   5.0128E-03   5.8266E-03   0.86034
FLUX  161   129.50        2.315000E+15   5.0717E-03   5.7780E-03   0.87776
FLUX  162   130.50        2.297261E+15   4.9287E-03   5.7299E-03   0.86018
FLUX  163   131.50        2.279791E+15   4.9118E-03   5.6822E-03   0.86442
FLUX  164   132.50        2.262585E+15   4.8688E-03   5.6351E-03   0.86402
FLUX  165   133.50        2.245637E+15   4.8323E-03   5.5883E-03   0.86472
FLUX  166   134.50        2.228941E+15   4.8011E-03   5.5421E-03   0.86629
FLUX  167   135.50        2.212491E+15   4.6512E-03   5.4962E-03   0.84625
FLUX  168   136.50        2.196282E+15   4.4828E-03   5.4509E-03   0.82241
FLUX  169   137.50        2.180309E+15   4.3187E-03   5.4059E-03   0.79888
FLUX  170   138.50        2.164567E+15   4.4506E-03   5.3614E-03   0.83011
FLUX  171   139.50        2.149050E+15   4.3734E-03   5.3174E-03   0.82247
FLUX  172   140.50        2.133754E+15   4.1839E-03   5.2738E-03   0.79334
FLUX  173   141.50        2.118675E+15   4.6307E-03   5.2306E-03   0.88530
FLUX  174   142.50        2.103807E+15   4.3945E-03   5.1879E-03   0.84707
FLUX  175   143.50        2.089146E+15   4.5729E-03   5.1455E-03   0.88870
FLUX  176   144.20        2.079005E+15   4.3442E-03   5.1162E-03   0.84910
FLUX  177   144.70        2.071821E+15   4.3785E-03   5.0953E-03   0.85932
FLUX  178   145.50        2.060430E+15   4.3025E-03   5.0622E-03   0.84993
FLUX  179   146.50        2.046365E+15   4.3124E-03   5.0212E-03   0.85884
FLUX  180   147.50        2.032492E+15   4.3489E-03   4.9806E-03   0.87317
FLUX  181   148.50        2.018805E+15   4.4064E-03   4.9404E-03   0.89191
FLUX  182   149.50        2.005301E+15   4.3208E-03   4.9006E-03   0.88170
FLUX  183   150.50        1.991977E+15   4.2889E-03   4.8612E-03   0.88227
FLUX  184   151.20        1.982755E+15   4.2954E-03   4.8339E-03   0.88861
FLUX  185   151.70        1.976220E+15   4.1979E-03   4.8145E-03   0.87194
FLUX  186   152.50        1.965852E+15   4.2630E-03   4.7837E-03   0.89116
FLUX  187   153.50        1.953046E+15   4.0377E-03   4.7455E-03   0.85086
FLUX  188   154.50        1.940405E+15   3.4753E-03   4.7077E-03   0.73821
FLUX  189   155.50        1.927926E+15   3.5790E-03   4.6703E-03   0.76633
FLUX  190   156.50        1.915607E+15   3.9442E-03   4.6333E-03   0.85128
FLUX  191   157.50        1.903444E+15   4.0475E-03   4.5967E-03   0.88052
FLUX  192   158.50        1.891435E+15   3.9854E-03   4.5605E-03   0.87390
FLUX  193   159.50        1.879577E+15   4.0457E-03   4.5246E-03   0.89416
FLUX  194   160.50        1.867866E+15   3.9196E-03   4.4891E-03   0.87314
FLUX  195   161.50        1.856300E+15   3.8653E-03   4.4540E-03   0.86782
FLUX  196   162.50        1.844877E+15   3.9212E-03   4.4192E-03   0.88730
FLUX  197   163.50        1.833593E+15   3.9474E-03   4.3848E-03   0.90026
FLUX  198   164.50        1.822447E+15   3.7931E-03   4.3507E-03   0.87183
FLUX  199   165.50        1.811435E+15   3.9360E-03   4.3170E-03   0.91174
FLUX  200   166.50        1.800556E+15   3.9158E-03   4.2836E-03   0.91413
FLUX  201   167.20        1.793017E+15   3.7711E-03   4.2605E-03   0.88514
FLUX  202   167.70        1.787671E+15   3.9987E-03   4.2440E-03   0.94220
FLUX  203   168.50        1.779184E+15   3.9759E-03   4.2179E-03   0.94263
FLUX  204   169.50        1.768687E+15   3.9845E-03   4.1856E-03   0.95195
FLUX  205   170.50        1.758314E+15   3.8824E-03   4.1536E-03   0.93471
FLUX  206   171.50        1.748061E+15   3.7383E-03   4.1219E-03   0.90693
FLUX  207   172.50        1.737928E+15   3.7483E-03   4.0905E-03   0.91633
FLUX  208   173.50        1.727911E+15   3.8788E-03   4.0595E-03   0.95549
FLUX  209   174.50        1.718009E+15   3.8515E-03   4.0288E-03   0.95600
FLUX  210   175.50        1.708219E+15   3.8154E-03   3.9984E-03   0.95424
FLUX  211   176.50        1.698541E+15   3.7821E-03   3.9683E-03   0.95308
FLUX  212   177.50        1.688972E+15   3.7380E-03   3.9386E-03   0.94908
FLUX  213   178.50        1.679510E+15   3.7569E-03   3.9091E-03   0.96106
FLUX  214   179.50        1.670153E+15   3.6886E-03   3.8800E-03   0.95067
FLUX  215   180.50        1.660900E+15   3.6719E-03   3.8511E-03   0.95348
FLUX  216   181.50        1.651749E+15   3.6150E-03   3.8225E-03   0.94570
FLUX  217   182.50        1.642699E+15   3.6077E-03   3.7943E-03   0.95082
FLUX  218   183.50        1.633747E+15   3.5974E-03   3.7663E-03   0.95514
FLUX  219   184.50        1.624892E+15   3.6036E-03   3.7387E-03   0.96387
FLUX  220   185.50        1.616132E+15   3.5784E-03   3.7113E-03   0.96420
FLUX  221   186.50        1.607466E+15   3.5756E-03   3.6842E-03   0.97053
FLUX  222   187.50        1.598893E+15   3.5271E-03   3.6573E-03   0.96439
FLUX  223   188.50        1.590411E+15   3.4966E-03   3.6308E-03   0.96303
FLUX  224   189.50        1.582018E+15   3.5286E-03   3.6045E-03   0.97895
FLUX  225   190.50        1.573714E+15   3.5080E-03   3.5785E-03   0.98031
FLUX  226   191.50        1.565496E+15   3.4891E-03   3.5527E-03   0.98210
FLUX  227   192.50        1.557364E+15   3.3740E-03   3.5272E-03   0.95656
FLUX  228   193.50        1.549315E+15   3.4489E-03   3.5020E-03   0.98485
FLUX  229   194.50        1.541350E+15   3.4323E-03   3.4770E-03   0.98717
FLUX  230   195.50        1.533465E+15   3.3689E-03   3.4522E-03   0.97585
FLUX  231   196.70        1.524110E+15   3.3713E-03   3.4229E-03   0.98494
FLUX  232   197.60        1.517169E+15   3.3359E-03   3.4011E-03   0.98083
FLUX  233   198.40        1.511051E+15   3.3511E-03   3.3819E-03   0.99091
FLUX  234   199.50        1.502719E+15   3.3160E-03   3.3557E-03   0.98814
FLUX  235   200.50        1.495224E+15   3.3091E-03   3.3322E-03   0.99306
FLUX  236   201.50        1.487804E+15   3.2870E-03   3.3089E-03   0.99338
FLUX  237   202.50        1.480457E+15   3.2700E-03   3.2858E-03   0.99520
FLUX  238   203.50        1.473182E+15   3.2284E-03   3.2629E-03   0.98943
FLUX  239   204.50        1.465978E+15   3.1911E-03   3.2403E-03   0.98482
FLUX  240   205.50        1.458844E+15   2.4356E-03   3.3069E-03   0.73654
FLUX  241   206.50        1.451780E+15   2.3666E-03   3.2840E-03   0.72067
FLUX  242   207.40        1.445480E+15   2.4500E-03   3.2635E-03   0.75073
FLUX  243   207.80        1.442697E+15   2.5256E-03   3.2545E-03   0.77603
FLUX  244   208.50        1.437854E+15   2.7375E-03   3.2388E-03   0.84523
FLUX  245   209.50        1.430990E+15   3.0234E-03   3.2165E-03   0.93996
FLUX  246   210.50        1.424192E+15   3.0458E-03   3.1945E-03   0.95345
FLUX  247   211.50        1.417459E+15   3.0653E-03   3.1727E-03   0.96615
FLUX  248   212.50        1.410788E+15   3.0325E-03   3.1511E-03   0.96237
FLUX  249   213.50        1.404180E+15   3.0334E-03   3.1297E-03   0.96924
FLUX  250   214.50        1.397634E+15   3.0069E-03   3.1085E-03   0.96732
FLUX  251   215.50        1.391148E+15   3.0223E-03   3.0875E-03   0.97889
FLUX  252   216.50        1.384723E+15   2.8855E-03   3.0667E-03   0.94089
FLUX  253   217.50        1.378356E+15   2.9983E-03   3.0462E-03   0.98429
FLUX  254   218.50        1.372048E+15   2.9026E-03   3.0258E-03   0.95928
FLUX  255   219.50        1.365797E+15   2.9736E-03   3.0056E-03   0.98936
FLUX  256   220.50        1.359603E+15   2.9524E-03   2.9855E-03   0.98888
FLUX  257   221.50        1.353465E+15   2.8409E-03   2.9657E-03   0.95791
FLUX  258   222.50        1.347382E+15   2.9188E-03   2.9461E-03   0.99074
FLUX  259   223.50        1.341353E+15   2.9013E-03   2.9266E-03   0.99136
FLUX  260   224.50        1.335379E+15   2.8801E-03   2.9074E-03   0.99061
FLUX  261   225.50        1.329457E+15   2.7862E-03   2.8883E-03   0.96466
FLUX  262   226.50        1.323587E+15   2.8406E-03   2.8693E-03   0.98998
FLUX  263   227.50        1.317769E+15   2.8396E-03   2.8506E-03   0.99613
FLUX  264   228.50        1.312002E+15   2.7960E-03   2.8320E-03   0.98728
FLUX  265   229.50        1.306285E+15   2.7490E-03   2.8136E-03   0.97701
FLUX  266   230.50        1.300618E+15   2.6951E-03   2.7954E-03   0.96412
FLUX  267   231.50        1.295000E+15   2.7305E-03   2.7774E-03   0.98311
FLUX  268   232.50        1.289430E+15   2.7423E-03   2.7595E-03   0.99377
FLUX  269   233.50        1.283908E+15   2.7250E-03   2.7418E-03   0.99389
FLUX  270   234.50        1.278433E+15   2.6914E-03   2.7242E-03   0.98794
FLUX  271   235.50        1.273004E+15   2.6626E-03   2.7068E-03   0.98365
FLUX  272   236.50        1.267622E+15   2.6422E-03   2.6896E-03   0.98236
FLUX  273   237.50        1.262284E+15   2.6133E-03   2.6725E-03   0.97784
FLUX  274   238.50        1.256992E+15   2.5074E-03   2.6556E-03   0.94419
FLUX  275   239.50        1.251743E+15   2.5684E-03   2.6388E-03   0.97329
FLUX  276   240.50        1.246538E+15   2.5454E-03   2.6222E-03   0.97070
FLUX  277   241.50        1.241377E+15   2.5410E-03   2.6058E-03   0.97515
FLUX  278   242.50        1.236258E+15   2.5550E-03   2.5895E-03   0.98670
FLUX  279   243.50        1.231181E+15   2.5288E-03   2.5733E-03   0.98271
FLUX  280   244.50        1.226145E+15   2.5183E-03   2.5573E-03   0.98474
FLUX  281   245.50        1.221151E+15   2.4831E-03   2.5414E-03   0.97707
FLUX  282   246.50        1.216197E+15   2.4798E-03   2.5257E-03   0.98183
FLUX  283   247.50        1.211283E+15   2.4870E-03   2.5101E-03   0.99081
FLUX  284   248.50        1.206408E+15   2.4483E-03   2.4946E-03   0.98142
FLUX  285   249.50        1.201573E+15   2.2820E-03   2.4793E-03   0.92041
FLUX  286   250.50        1.196776E+15   2.4266E-03   2.4641E-03   0.98478
FLUX  287   251.30        1.192967E+15   2.2774E-03   2.4521E-03   0.92875
FLUX  288   251.80        1.190598E+15   2.3664E-03   2.4446E-03   0.96803
FLUX  289   252.50        1.187297E+15   2.3743E-03   2.4342E-03   0.97539
FLUX  290   253.50        1.182613E+15   2.3914E-03   2.4194E-03   0.98844
FLUX  291   254.50        1.177967E+15   2.3881E-03   2.4048E-03   0.99305
FLUX  292   255.50        1.173356E+15   2.3710E-03   2.3903E-03   0.99195
FLUX  293   256.50        1.168782E+15   2.3615E-03   2.3759E-03   0.99393
FLUX  294   257.50        1.164243E+15   2.3401E-03   2.3616E-03   0.99086
FLUX  295   258.50        1.159739E+15   2.3279E-03   2.3475E-03   0.99167
FLUX  296   259.50        1.155270E+15   2.2697E-03   2.3335E-03   0.97268
FLUX  297   260.50        1.150835E+15   2.3061E-03   2.3197E-03   0.99413
FLUX  298   261.50        1.146434E+15   2.2640E-03   2.3059E-03   0.98180
FLUX  299   262.50        1.142067E+15   2.2805E-03   2.2923E-03   0.99486
FLUX  300   263.50        1.137732E+15   2.2692E-03   2.2788E-03   0.99580
FLUX  301   264.50        1.133431E+15   2.2451E-03   2.2654E-03   0.99104
FLUX  302   265.50        1.129162E+15   2.2400E-03   2.2521E-03   0.99466
FLUX  303   266.50        1.124925E+15   2.2273E-03   2.2389E-03   0.99482
FLUX  304   267.50        1.120720E+15   2.1908E-03   2.2258E-03   0.98429
FLUX  305   268.50        1.116546E+15   2.1966E-03   2.2128E-03   0.99265
FLUX  306   269.50        1.112403E+15   2.1758E-03   2.2000E-03   0.98898
FLUX  307   270.50        1.108290E+15   2.1826E-03   2.1873E-03   0.99786
FLUX  308   271.50        1.104208E+15   2.1663E-03   2.1746E-03   0.99620
FLUX  309   272.50        1.100156E+15   2.1537E-03   2.1621E-03   0.99611
FLUX  310   273.50        1.096133E+15   2.0835E-03   2.1497E-03   0.96923
FLUX  311   274.50        1.092140E+15   2.1329E-03   2.1373E-03   0.99792
FLUX  312   275.50        1.088176E+15   2.1140E-03   2.1251E-03   0.99477
FLUX  313   276.50        1.084241E+15   2.1055E-03   2.1130E-03   0.99644
FLUX  314   277.50        1.080333E+15   2.0893E-03   2.1010E-03   0.99446
FLUX  315   278.50        1.076454E+15   2.0620E-03   2.0891E-03   0.98702
FLUX  316   279.50        1.072603E+15   2.0523E-03   2.0772E-03   0.98798
FLUX  317   280.50        1.068779E+15   2.0511E-03   2.0655E-03   0.99304
FLUX  318   281.50        1.064982E+15   2.0396E-03   2.0539E-03   0.99305
FLUX  319   282.50        1.061212E+15   2.0221E-03   2.0424E-03   0.99009
FLUX  320   283.50        1.057469E+15   2.0205E-03   2.0309E-03   0.99487
FLUX  321   284.50        1.053752E+15   2.0119E-03   2.0196E-03   0.99622
FLUX  322   285.50        1.050061E+15   1.9977E-03   2.0083E-03   0.99473
FLUX  323   286.50        1.046396E+15   1.9678E-03   1.9972E-03   0.98528
FLUX  324   287.50        1.042757E+15   1.9515E-03   1.9861E-03   0.98256
FLUX  325   288.50        1.039142E+15   1.9582E-03   1.9751E-03   0.99145
FLUX  326   289.50        1.035553E+15   1.9463E-03   1.9642E-03   0.99088
FLUX  327   291.00        1.030215E+15   1.9356E-03   1.9481E-03   0.99362
FLUX  328   293.00        1.023183E+15   1.9209E-03   1.9268E-03   0.99692
FLUX  329   295.00        1.016246E+15   1.8995E-03   1.9059E-03   0.99665
FLUX  330   297.00        1.009402E+15   1.8746E-03   1.8853E-03   0.99432
FLUX  331   299.00        1.002651E+15   1.8472E-03   1.8650E-03   0.99044
FLUX  332   301.00        9.959884E+14   1.8290E-03   1.8451E-03   0.99129
FLUX  333   303.00        9.894142E+14   1.7989E-03   1.8255E-03   0.98545
FLUX  334   305.00        9.829262E+14   1.7881E-03   1.8061E-03   0.99003
FLUX  335   307.00        9.765228E+14   1.7577E-03   1.7871E-03   0.98351
FLUX  336   309.00        9.702023E+14   1.7555E-03   1.7684E-03   0.99273
FLUX  337   311.00        9.639630E+14   1.7375E-03   1.7500E-03   0.99287
FLUX  338   313.00        9.578035E+14   1.7185E-03   1.7318E-03   0.99233
FLUX  339   315.00        9.517222E+14   1.7072E-03   1.7140E-03   0.99605
FLUX  340   317.00        9.457177E+14   1.6876E-03   1.6964E-03   0.99485
FLUX  341   319.00        9.397884E+14   1.6741E-03   1.6790E-03   0.99705
FLUX  342   321.00        9.339330E+14   1.6271E-03   1.6619E-03   0.97901
FLUX  343   323.00        9.281502E+14   1.6423E-03   1.6451E-03   0.99825
FLUX  344   325.00        9.224385E+14   1.6263E-03   1.6286E-03   0.99860
FLUX  345   327.00        9.167966E+14   1.5950E-03   1.6122E-03   0.98934
FLUX  346   329.00        9.112234E+14   1.5899E-03   1.5962E-03   0.99607
FLUX  347   331.00        9.057175E+14   1.5728E-03   1.5803E-03   0.99526
FLUX  348   333.00        9.002778E+14   1.5565E-03   1.5647E-03   0.99478
FLUX  349   335.00        8.949030E+14   1.5305E-03   1.5493E-03   0.98785
FLUX  350   337.00        8.895920E+14   1.5237E-03   1.5341E-03   0.99321
FLUX  351   339.00        8.843437E+14   1.5058E-03   1.5192E-03   0.99122
FLUX  352   341.00        8.791569E+14   1.4893E-03   1.5044E-03   0.98994
FLUX  353   343.00        8.740306E+14   1.4850E-03   1.4900E-03   0.99664
FLUX  354   345.00        8.689638E+14   1.4616E-03   1.4757E-03   0.99045
FLUX  355   347.00        8.639553E+14   1.4539E-03   1.4616E-03   0.99477
FLUX  356   349.00        8.590043E+14   1.4405E-03   1.4476E-03   0.99505
FLUX  357   351.00        8.541097E+14   1.4318E-03   1.4339E-03   0.99850
FLUX  358   353.00        8.492705E+14   1.4139E-03   1.4204E-03   0.99546
FLUX  359   355.00        8.444859E+14   1.4024E-03   1.4070E-03   0.99672
FLUX  360   357.00        8.397549E+14   1.3886E-03   1.3939E-03   0.99619
FLUX  361   359.00        8.350766E+14   1.3768E-03   1.3809E-03   0.99700
FLUX  362   361.00        8.304501E+14   1.3627E-03   1.3681E-03   0.99602
FLUX  363   363.00        8.258747E+14   1.3479E-03   1.3555E-03   0.99442
FLUX  364   364.00        8.236058E+14   1.3173E-03   1.3492E-03   0.97631
FLUX  365   365.00        8.213493E+14   1.1889E-03   1.4083E-03   0.84426
FLUX  366   367.00        8.168733E+14   1.1796E-03   1.3952E-03   0.84549
FLUX  367   369.00        8.124458E+14   1.1739E-03   1.3823E-03   0.84924
FLUX  368   371.00        8.080660E+14   1.1740E-03   1.3696E-03   0.85720
FLUX  369   373.00        8.037332E+14   1.1897E-03   1.3571E-03   0.87665
FLUX  370   375.00        7.994467E+14   1.2111E-03   1.3447E-03   0.90068
FLUX  371   377.00        7.952056E+14   1.2277E-03   1.3325E-03   0.92133
FLUX  372   379.00        7.910092E+14   1.2484E-03   1.3204E-03   0.94547
FLUX  373   381.00        7.868570E+14   1.2628E-03   1.3086E-03   0.96501
FLUX  374   383.00        7.827480E+14   1.2147E-03   1.2968E-03   0.93667
FLUX  375   385.00        7.786818E+14   1.2593E-03   1.2853E-03   0.97981
FLUX  376   387.00        7.746576E+14   1.2573E-03   1.2738E-03   0.98701
FLUX  377   389.00        7.706748E+14   1.1735E-03   1.2626E-03   0.92950
FLUX  378   391.00        7.667327E+14   1.2424E-03   1.2514E-03   0.99276
FLUX  379   393.00        7.628308E+14   1.2193E-03   1.2404E-03   0.98293
FLUX  380   395.00        7.589684E+14   1.2185E-03   1.2296E-03   0.99093
FLUX  381   397.00        7.551448E+14   1.1267E-03   1.2189E-03   0.92437
FLUX  382   399.00        7.513596E+14   1.2008E-03   1.2083E-03   0.99375
FLUX  383   401.00        7.476122E+14   1.1925E-03   1.1979E-03   0.99547
FLUX  384   403.00        7.439020E+14   1.1641E-03   1.1876E-03   0.98020
FLUX  385   405.00        7.402284E+14   1.1726E-03   1.1775E-03   0.99585
FLUX  386   407.00        7.365909E+14   1.1624E-03   1.1674E-03   0.99571
FLUX  387   409.00        7.329890E+14   1.1283E-03   1.1575E-03   0.97478
FLUX  388   411.00        7.294221E+14   1.0741E-03   1.1477E-03   0.93586
FLUX  389   413.00        7.258898E+14   1.1318E-03   1.1381E-03   0.99447
FLUX  390   415.00        7.223916E+14   1.1245E-03   1.1285E-03   0.99648
FLUX  391   417.00        7.189269E+14   1.1160E-03   1.1191E-03   0.99720
FLUX  392   419.00        7.154952E+14   1.1035E-03   1.1098E-03   0.99435
FLUX  393   421.00        7.120962E+14   1.0816E-03   1.1006E-03   0.98271
FLUX  394   423.00        7.087293E+14   1.0904E-03   1.0915E-03   0.99895
FLUX  395   425.00        7.053941E+14   1.0811E-03   1.0825E-03   0.99868
FLUX  396   427.00        7.020902E+14   1.0725E-03   1.0737E-03   0.99893
FLUX  397   429.00        6.988170E+14   1.0639E-03   1.0649E-03   0.99904
FLUX  398   431.00        6.955742E+14   1.0526E-03   1.0563E-03   0.99651
FLUX  399   433.00        6.923614E+14   1.0180E-03   1.0477E-03   0.97159
FLUX  400   435.00        6.891782E+14   9.8169E-04   1.0393E-03   0.94456
FLUX  401   437.00        6.860240E+14   1.0245E-03   1.0310E-03   0.99372
FLUX  402   439.00        6.828986E+14   1.0141E-03   1.0227E-03   0.99153
FLUX  403   441.00        6.798016E+14   1.0044E-03   1.0146E-03   0.98997
FLUX  404   443.00        6.767325E+14   1.0020E-03   1.0065E-03   0.99549
FLUX  405   445.00        6.736910E+14   9.9245E-04   9.9857E-04   0.99388
FLUX  406   447.00        6.706767E+14   9.8449E-04   9.9070E-04   0.99373
FLUX  407   449.00        6.676893E+14   9.7959E-04   9.8292E-04   0.99661
FLUX  408   451.00        6.647284E+14   9.6867E-04   9.7524E-04   0.99326
FLUX  409   453.00        6.617936E+14   9.6064E-04   9.6764E-04   0.99276
FLUX  410   455.00        6.588846E+14   9.3814E-04   9.6013E-04   0.97710
FLUX  411   457.00        6.560011E+14   9.4789E-04   9.5271E-04   0.99494
FLUX  412   459.00        6.531427E+14   9.4077E-04   9.4537E-04   0.99514
FLUX  413   461.00        6.503091E+14   9.3504E-04   9.3811E-04   0.99672
FLUX  414   463.00        6.475000E+14   9.2303E-04   9.3094E-04   0.99150
FLUX  415   465.00        6.447151E+14   9.0353E-04   9.2385E-04   0.97800
FLUX  416   467.00        6.419540E+14   9.1119E-04   9.1684E-04   0.99384
FLUX  417   469.00        6.392164E+14   8.7630E-04   9.0991E-04   0.96307
FLUX  418   471.00        6.365021E+14   9.0083E-04   9.0305E-04   0.99754
FLUX  419   473.00        6.338108E+14   8.9553E-04   8.9627E-04   0.99918
FLUX  420   475.00        6.311421E+14   8.8917E-04   8.8957E-04   0.99955
FLUX  421   477.00        6.284958E+14   8.8225E-04   8.8294E-04   0.99922
FLUX  422   479.00        6.258716E+14   8.7383E-04   8.7638E-04   0.99709
FLUX  423   481.00        6.232692E+14   8.6905E-04   8.6990E-04   0.99902
FLUX  424   483.00        6.206884E+14   8.6193E-04   8.6349E-04   0.99819
FLUX  425   485.00        6.181289E+14   8.4242E-04   8.5715E-04   0.98282
FLUX  426   487.00        6.155903E+14   7.9848E-04   8.5087E-04   0.93843
FLUX  427   489.00        6.130726E+14   8.4244E-04   8.4467E-04   0.99736
FLUX  428   491.00        6.105754E+14   8.3707E-04   8.3853E-04   0.99826
FLUX  429   493.00        6.080984E+14   8.3070E-04   8.3246E-04   0.99790
FLUX  430   495.00        6.056414E+14   8.2583E-04   8.2645E-04   0.99925
FLUX  431   497.00        6.032042E+14   8.1974E-04   8.2051E-04   0.99907
FLUX  432   499.00        6.007866E+14   8.1438E-04   8.1463E-04   0.99969
FLUX  433   501.00        5.983882E+14   8.0673E-04   8.0881E-04   0.99742
FLUX  434   503.00        5.960089E+14   8.0216E-04   8.0305E-04   0.99889
FLUX  435   505.00        5.936485E+14   7.9596E-04   7.9736E-04   0.99825
FLUX  436   507.00        5.913067E+14   7.9089E-04   7.9173E-04   0.99895
FLUX  437   509.00        5.889833E+14   7.8578E-04   7.8615E-04   0.99953
FLUX  438   511.00        5.866781E+14   7.7983E-04   7.8063E-04   0.99897
FLUX  439   513.00        5.843908E+14   7.7381E-04   7.7517E-04   0.99824
FLUX  440   515.00        5.821214E+14   7.6890E-04   7.6977E-04   0.99887
FLUX  441   517.00        5.798694E+14   7.6434E-04   7.6442E-04   0.99988
FLUX  442   519.00        5.776349E+14   7.5891E-04   7.5913E-04   0.99971
FLUX  443   521.00        5.754175E+14   7.5302E-04   7.5390E-04   0.99884
FLUX  444   523.00        5.732170E+14   7.4859E-04   7.4871E-04   0.99984
FLUX  445   525.00        5.710333E+14   7.4230E-04   7.4358E-04   0.99827
FLUX  446   527.00        5.688662E+14   7.3709E-04   7.3851E-04   0.99808
FLUX  447   529.00        5.667155E+14   7.3334E-04   7.3348E-04   0.99981
FLUX  448   531.00        5.645810E+14   7.2833E-04   7.2851E-04   0.99976
FLUX  449   533.00        5.624625E+14   7.2319E-04   7.2358E-04   0.99946
FLUX  450   535.00        5.603598E+14   7.1866E-04   7.1871E-04   0.99994
FLUX  451   537.00        5.582728E+14   7.1363E-04   7.1388E-04   0.99965
FLUX  452   539.00        5.562013E+14   7.0885E-04   7.0910E-04   0.99965
FLUX  453   541.00        5.541451E+14   6.9086E-04   7.0437E-04   0.98082
FLUX  454   543.00        5.521041E+14   6.9961E-04   6.9968E-04   0.99990
FLUX  455   545.00        5.500780E+14   6.9498E-04   6.9504E-04   0.99992
FLUX  456   547.00        5.480667E+14   6.8995E-04   6.9045E-04   0.99929
FLUX  457   549.00        5.460701E+14   6.8578E-04   6.8590E-04   0.99984
FLUX  458   551.00        5.440880E+14   6.8053E-04   6.8139E-04   0.99874
FLUX  459   553.00        5.421203E+14   6.7686E-04   6.7693E-04   0.99989
FLUX  460   555.00        5.401667E+14   6.7249E-04   6.7251E-04   0.99998
FLUX  461   557.00        5.382271E+14   6.6713E-04   6.6813E-04   0.99850
FLUX  462   559.00        5.363014E+14   6.6138E-04   6.6380E-04   0.99635
FLUX  463   561.00        5.343895E+14   6.5946E-04   6.5951E-04   0.99993
FLUX  464   563.00        5.324911E+14   6.5517E-04   6.5526E-04   0.99987
FLUX  465   565.00        5.306062E+14   6.5091E-04   6.5105E-04   0.99979
FLUX  466   567.00        5.287346E+14   6.4671E-04   6.4688E-04   0.99974
FLUX  467   569.00        5.268761E+14   6.3220E-04   6.4275E-04   0.98360
FLUX  468   571.00        5.250306E+14   5.9104E-04   6.4052E-04   0.92276
FLUX  469   573.00        5.231981E+14   5.8756E-04   6.3645E-04   0.92318
FLUX  470   575.00        5.213783E+14   5.8389E-04   6.3242E-04   0.92326
FLUX  471   577.00        5.195711E+14   5.8099E-04   6.2843E-04   0.92451
FLUX  472   579.00        5.177763E+14   5.7821E-04   6.2447E-04   0.92593
FLUX  473   581.00        5.159940E+14   5.7135E-04   6.2055E-04   0.92071
FLUX  474   583.00        5.142238E+14   5.7468E-04   6.1667E-04   0.93191
FLUX  475   585.00        5.124658E+14   5.7448E-04   6.1283E-04   0.93742
FLUX  476   587.00        5.107198E+14   5.7193E-04   6.0902E-04   0.93910
FLUX  477   589.00        5.089856E+14   5.7443E-04   6.0524E-04   0.94910
FLUX  478   591.00        5.072631E+14   5.7504E-04   6.0150E-04   0.95601
FLUX  479   593.00        5.055523E+14   5.7620E-04   5.9780E-04   0.96387
FLUX  480   595.00        5.038529E+14   5.7815E-04   5.9413E-04   0.97311
FLUX  481   597.00        5.021650E+14   5.7966E-04   5.9049E-04   0.98166
FLUX  482   599.00        5.004883E+14   5.8136E-04   5.8688E-04   0.99059
FLUX  483   601.00        4.988228E+14   5.7943E-04   5.8331E-04   0.99334
FLUX  484   603.00        4.971683E+14   5.7717E-04   5.7977E-04   0.99552
FLUX  485   605.00        4.955248E+14   5.7471E-04   5.7626E-04   0.99731
FLUX  486   607.00        4.938921E+14   5.7072E-04   5.7278E-04   0.99640
FLUX  487   609.00        4.922701E+14   5.6850E-04   5.6934E-04   0.99853
FLUX  488   611.00        4.906588E+14   5.6422E-04   5.6592E-04   0.99699
FLUX  489   613.00        4.890579E+14   5.6095E-04   5.6254E-04   0.99718
FLUX  490   615.00        4.874675E+14   5.5871E-04   5.5919E-04   0.99914
FLUX  491   617.00        4.858874E+14   5.5307E-04   5.5586E-04   0.99497
FLUX  492   619.00        4.843174E+14   5.5221E-04   5.5257E-04   0.99936
FLUX  493   621.00        4.827576E+14   5.4918E-04   5.4930E-04   0.99978
FLUX  494   623.00        4.812079E+14   5.4299E-04   5.4607E-04   0.99436
FLUX  495   625.00        4.796680E+14   5.4219E-04   5.4286E-04   0.99877
FLUX  496   627.00        4.781380E+14   5.3949E-04   5.3968E-04   0.99966
FLUX  497   629.00        4.766176E+14   5.3647E-04   5.3652E-04   0.99991
FLUX  498   631.00        4.751070E+14   5.2928E-04   5.3340E-04   0.99227
FLUX  499   633.00        4.736058E+14   5.2996E-04   5.3030E-04   0.99935
FLUX  500   635.00        4.721142E+14   5.2711E-04   5.2723E-04   0.99978
FLUX  501   637.00        4.706319E+14   5.2413E-04   5.2419E-04   0.99990
FLUX  502   639.00        4.691588E+14   5.2047E-04   5.2117E-04   0.99867
FLUX  503   641.00        4.676950E+14   5.1317E-04   5.1817E-04   0.99034
FLUX  504   643.00        4.662403E+14   5.1519E-04   5.1521E-04   0.99997
FLUX  505   645.00        4.647946E+14   5.1199E-04   5.1227E-04   0.99945
FLUX  506   647.00        4.633578E+14   5.0900E-04   5.0935E-04   0.99932
FLUX  507   649.00        4.619299E+14   5.0638E-04   5.0646E-04   0.99985
FLUX  508   651.00        4.605108E+14   5.0302E-04   5.0359E-04   0.99887
FLUX  509   653.00        4.591003E+14   4.9442E-04   5.0075E-04   0.98736
FLUX  510   655.00        4.576985E+14   4.9267E-04   4.9793E-04   0.98943
FLUX  511   657.00        4.563052E+14   4.6185E-04   4.9513E-04   0.93278
FLUX  512   659.00        4.549203E+14   4.9159E-04   4.9236E-04   0.99843
FLUX  513   661.00        4.535439E+14   4.8960E-04   4.8961E-04   0.99998
FLUX  514   663.00        4.521757E+14   4.8688E-04   4.8688E-04   0.99999
FLUX  515   665.00        4.508158E+14   4.8417E-04   4.8418E-04   0.99998
FLUX  516   667.00        4.494640E+14   4.7966E-04   4.8150E-04   0.99618
FLUX  517   669.00        4.481203E+14   4.7152E-04   4.7884E-04   0.98472
FLUX  518   671.00        4.467846E+14   4.7550E-04   4.7620E-04   0.99852
FLUX  519   673.00        4.454569E+14   4.7335E-04   4.7359E-04   0.99949
FLUX  520   675.00        4.441370E+14   4.7069E-04   4.7099E-04   0.99935
FLUX  521   677.00        4.428250E+14   4.6829E-04   4.6842E-04   0.99972
FLUX  522   679.00        4.415206E+14   4.6586E-04   4.6587E-04   0.99999
FLUX  523   681.00        4.402239E+14   4.6330E-04   4.6333E-04   0.99993
FLUX  524   683.00        4.389348E+14   4.6081E-04   4.6082E-04   0.99998
FLUX  525   685.00        4.376533E+14   4.5828E-04   4.5833E-04   0.99990
FLUX  526   687.00        4.363792E+14   4.5575E-04   4.5586E-04   0.99975
FLUX  527   689.00        4.351125E+14   4.4620E-04   4.5341E-04   0.98410
FLUX  528   691.00        4.338531E+14   4.5066E-04   4.5098E-04   0.99931
FLUX  529   693.00        4.326010E+14   4.4856E-04   4.4856E-04   0.99999
FLUX  530   695.00        4.313561E+14   4.4616E-04   4.4617E-04   0.99997
FLUX  531   697.00        4.301184E+14   4.4379E-04   4.4379E-04   0.99999
FLUX  532   699.00        4.288877E+14   4.4141E-04   4.4144E-04   0.99993
FLUX  533   701.00        4.276641E+14   4.3886E-04   4.3910E-04   0.99946
FLUX  534   703.00        4.264474E+14   4.3612E-04   4.3678E-04   0.99849
FLUX  535   705.00        4.252376E+14   4.3403E-04   4.3448E-04   0.99896
FLUX  536   707.00        4.240347E+14   4.3125E-04   4.3220E-04   0.99782
FLUX  537   709.00        4.228385E+14   4.2992E-04   4.2993E-04   0.99997
FLUX  538   711.00        4.216491E+14   4.2719E-04   4.2768E-04   0.99884
FLUX  539   713.00        4.204663E+14   4.2495E-04   4.2545E-04   0.99882
FLUX  540   715.00        4.192902E+14   4.2323E-04   4.2324E-04   0.99998
FLUX  541   717.00        4.181206E+14   4.1615E-04   4.2105E-04   0.98838
FLUX  542   719.00        4.169576E+14   4.1621E-04   4.1887E-04   0.99366
FLUX  543   721.00        4.158010E+14   4.1654E-04   4.1670E-04   0.99960
FLUX  544   723.00        4.146508E+14   4.1455E-04   4.1456E-04   0.99997
FLUX  545   725.00        4.135069E+14   4.1242E-04   4.1243E-04   0.99998
FLUX  546   727.00        4.123693E+14   4.1031E-04   4.1032E-04   0.99998
FLUX  547   729.00        4.112380E+14   4.0803E-04   4.0822E-04   0.99955
FLUX  548   731.00        4.101129E+14   4.0578E-04   4.0614E-04   0.99913
FLUX  549   733.00        4.089939E+14   4.0406E-04   4.0407E-04   0.99997
FLUX  550   735.00        4.078810E+14   4.0202E-04   4.0202E-04   0.99999
FLUX  551   737.00        4.067741E+14   3.9981E-04   3.9999E-04   0.99955
FLUX  552   739.00        4.056732E+14   3.9756E-04   3.9797E-04   0.99897
FLUX  553   741.00        4.045783E+14   3.9577E-04   3.9597E-04   0.99951
FLUX  554   743.00        4.034892E+14   3.9397E-04   3.9398E-04   0.99998
FLUX  555   745.00        4.024060E+14   3.9155E-04   3.9200E-04   0.99885
FLUX  556   747.00        4.013286E+14   3.8996E-04   3.9004E-04   0.99978
FLUX  557   749.00        4.002570E+14   3.8750E-04   3.8810E-04   0.99844
FLUX  558   751.00        3.991911E+14   3.8595E-04   3.8617E-04   0.99942
FLUX  559   753.00        3.981308E+14   3.8422E-04   3.8425E-04   0.99990
FLUX  560   755.00        3.970762E+14   3.8226E-04   3.8235E-04   0.99976
FLUX  561   757.00        3.960271E+14   3.8030E-04   3.8047E-04   0.99955
FLUX  562   759.00        3.949835E+14   3.7178E-04   3.7859E-04   0.98201
FLUX  563   761.00        3.939455E+14   3.7613E-04   3.7673E-04   0.99839
FLUX  564   763.00        3.929128E+14   3.7478E-04   3.7489E-04   0.99971
FLUX  565   765.00        3.918856E+14   3.7294E-04   3.7305E-04   0.99969
FLUX  566   767.00        3.908638E+14   3.7107E-04   3.7123E-04   0.99956
FLUX  567   769.00        3.898472E+14   3.6884E-04   3.6943E-04   0.99841
FLUX  568   771.00        3.888359E+14   3.6720E-04   3.6764E-04   0.99881
FLUX  569   773.00        3.878299E+14   3.6518E-04   3.6586E-04   0.99817
FLUX  570   775.00        3.868290E+14   3.6378E-04   3.6409E-04   0.99916
FLUX  571   777.00        3.858333E+14   3.6232E-04   3.6233E-04   0.99997
FLUX  572   779.00        3.848427E+14   3.6044E-04   3.6059E-04   0.99959
FLUX  573   781.00        3.838572E+14   3.5883E-04   3.5886E-04   0.99990
FLUX  574   783.00        3.828768E+14   3.5706E-04   3.5715E-04   0.99977
FLUX  575   785.00        3.819013E+14   3.5470E-04   3.5545E-04   0.99789
FLUX  576   787.00        3.809307E+14   3.5347E-04   3.5375E-04   0.99919
FLUX  577   789.00        3.799651E+14   3.5194E-04   3.5207E-04   0.99964
FLUX  578   791.00        3.790044E+14   3.5037E-04   3.5040E-04   0.99992
FLUX  579   793.00        3.780485E+14   3.4874E-04   3.4875E-04   0.99999
FLUX  580   795.00        3.770975E+14   3.4700E-04   3.4710E-04   0.99970
FLUX  581   797.00        3.761512E+14   3.4508E-04   3.4547E-04   0.99889
FLUX  582   799.00        3.752096E+14   3.4384E-04   3.4384E-04   0.99998
FLUX  583   801.00        3.742728E+14   3.4221E-04   3.4223E-04   0.99994
FLUX  584   803.00        3.733406E+14   3.4042E-04   3.4063E-04   0.99937
FLUX  585   805.00        3.724130E+14   3.3904E-04   3.3905E-04   0.99999
FLUX  586   807.00        3.714901E+14   3.3746E-04   3.3747E-04   0.99999
FLUX  587   809.00        3.705717E+14   3.3590E-04   3.3590E-04   0.99999
FLUX  588   811.00        3.696578E+14   3.3434E-04   3.3434E-04   0.99999
FLUX  589   813.00        3.687485E+14   3.3280E-04   3.3280E-04   0.99999
FLUX  590   815.00        3.678436E+14   3.3126E-04   3.3127E-04   0.99999
FLUX  591   817.00        3.669431E+14   3.2940E-04   3.2974E-04   0.99896
FLUX  592   819.00        3.660470E+14   3.2651E-04   3.2823E-04   0.99478
FLUX  593   821.00        3.651553E+14   3.1041E-04   3.2982E-04   0.94118
FLUX  594   823.00        3.642679E+14   3.0682E-04   3.2830E-04   0.93457
FLUX  595   825.00        3.633848E+14   3.0731E-04   3.2680E-04   0.94034
FLUX  596   827.00        3.625060E+14   3.0636E-04   3.2531E-04   0.94175
FLUX  597   829.00        3.616315E+14   3.0509E-04   3.2383E-04   0.94213
FLUX  598   831.00        3.607611E+14   3.0382E-04   3.2236E-04   0.94248
FLUX  599   833.00        3.598950E+14   3.0215E-04   3.2090E-04   0.94157
FLUX  600   835.00        3.590329E+14   3.0113E-04   3.1945E-04   0.94264
FLUX  601   837.00        3.581750E+14   3.0005E-04   3.1801E-04   0.94353
FLUX  602   839.00        3.573212E+14   2.9894E-04   3.1657E-04   0.94431
FLUX  603   841.00        3.564715E+14   2.9798E-04   3.1515E-04   0.94552
FLUX  604   843.00        3.556257E+14   2.9701E-04   3.1374E-04   0.94668
FLUX  605   845.00        3.547840E+14   2.9604E-04   3.1234E-04   0.94782
FLUX  606   847.00        3.539463E+14   2.9516E-04   3.1094E-04   0.94924
FLUX  607   849.00        3.531125E+14   2.9447E-04   3.0956E-04   0.95125
FLUX  608   851.00        3.522826E+14   2.9333E-04   3.0818E-04   0.95181
FLUX  609   853.00        3.514566E+14   2.9305E-04   3.0682E-04   0.95513
FLUX  610   855.00        3.506345E+14   2.9186E-04   3.0546E-04   0.95547
FLUX  611   857.00        3.498162E+14   2.9171E-04   3.0411E-04   0.95922
FLUX  612   859.00        3.490017E+14   2.9054E-04   3.0277E-04   0.95961
FLUX  613   861.00        3.481911E+14   2.8981E-04   3.0144E-04   0.96142
FLUX  614   863.00        3.473841E+14   2.9027E-04   3.0012E-04   0.96718
FLUX  615   865.00        3.465809E+14   2.8926E-04   2.9880E-04   0.96805
FLUX  616   867.00        3.457814E+14   2.8614E-04   2.9750E-04   0.96183
FLUX  617   869.00        3.449856E+14   2.8879E-04   2.9620E-04   0.97497
FLUX  618   871.00        3.441935E+14   2.8877E-04   2.9491E-04   0.97917
FLUX  619   873.00        3.434049E+14   2.8780E-04   2.9363E-04   0.98012
FLUX  620   875.00        3.426200E+14   2.8172E-04   2.9236E-04   0.96361
FLUX  621   877.00        3.418387E+14   2.8587E-04   2.9110E-04   0.98203
FLUX  622   879.00        3.410609E+14   2.8699E-04   2.8984E-04   0.99014
FLUX  623   881.00        3.402866E+14   2.8662E-04   2.8860E-04   0.99314
FLUX  624   883.00        3.395159E+14   2.8577E-04   2.8736E-04   0.99447
FLUX  625   885.00        3.387486E+14   2.8108E-04   2.8613E-04   0.98238
FLUX  626   887.00        3.379848E+14   2.7370E-04   2.8490E-04   0.96067
FLUX  627   889.00        3.372244E+14   2.8153E-04   2.8369E-04   0.99238
FLUX  628   891.00        3.364675E+14   2.8156E-04   2.8248E-04   0.99673
FLUX  629   893.00        3.357139E+14   2.8021E-04   2.8128E-04   0.99621
FLUX  630   895.00        3.349637E+14   2.7963E-04   2.8009E-04   0.99837
FLUX  631   897.00        3.342168E+14   2.7842E-04   2.7890E-04   0.99828
FLUX  632   899.00        3.334733E+14   2.7596E-04   2.7773E-04   0.99363
FLUX  633   901.00        3.327331E+14   2.6452E-04   2.7656E-04   0.95647
FLUX  634   903.00        3.319961E+14   2.6873E-04   2.7539E-04   0.97581
FLUX  635   905.00        3.312624E+14   2.7314E-04   2.7424E-04   0.99601
FLUX  636   907.00        3.305320E+14   2.7283E-04   2.7309E-04   0.99904
FLUX  637   909.00        3.298047E+14   2.7176E-04   2.7195E-04   0.99931
FLUX  638   911.00        3.290807E+14   2.6987E-04   2.7081E-04   0.99650
FLUX  639   913.00        3.283598E+14   2.6956E-04   2.6969E-04   0.99952
FLUX  640   915.00        3.276421E+14   2.6856E-04   2.6857E-04   0.99998
FLUX  641   917.00        3.269275E+14   2.6726E-04   2.6745E-04   0.99928
FLUX  642   919.00        3.262160E+14   2.6582E-04   2.6635E-04   0.99801
FLUX  643   921.00        3.255076E+14   2.6234E-04   2.6525E-04   0.98904
FLUX  644   923.00        3.248023E+14   2.4837E-04   2.6416E-04   0.94023
FLUX  645   925.00        3.241000E+14   2.5944E-04   2.6307E-04   0.98618
FLUX  646   927.00        3.234008E+14   2.6135E-04   2.6199E-04   0.99754
FLUX  647   929.00        3.227045E+14   2.6081E-04   2.6092E-04   0.99960
FLUX  648   931.00        3.220113E+14   2.5979E-04   2.5985E-04   0.99977
FLUX  649   933.00        3.213210E+14   2.5849E-04   2.5879E-04   0.99882
FLUX  650   935.00        3.206337E+14   2.5147E-04   2.5774E-04   0.97566
FLUX  651   937.00        3.199493E+14   2.5499E-04   2.5669E-04   0.99338
FLUX  652   939.00        3.192678E+14   2.5547E-04   2.5565E-04   0.99930
FLUX  653   941.00        3.185893E+14   2.5442E-04   2.5462E-04   0.99921
FLUX  654   943.00        3.179136E+14   2.5350E-04   2.5359E-04   0.99963
FLUX  655   945.00        3.172407E+14   2.5250E-04   2.5257E-04   0.99973
FLUX  656   947.00        3.165707E+14   2.5150E-04   2.5155E-04   0.99978
FLUX  657   949.00        3.159036E+14   2.5040E-04   2.5054E-04   0.99941
FLUX  658   951.00        3.152392E+14   2.4881E-04   2.4954E-04   0.99707
FLUX  659   953.00        3.145776E+14   2.4480E-04   2.4854E-04   0.98496
FLUX  660   955.00        3.139188E+14   2.3130E-04   2.4755E-04   0.93437
FLUX  661   957.00        3.132628E+14   2.4401E-04   2.4656E-04   0.98963
FLUX  662   959.00        3.126095E+14   2.4519E-04   2.4558E-04   0.99839
FLUX  663   961.00        3.119589E+14   2.4458E-04   2.4461E-04   0.99988
FLUX  664   963.00        3.113110E+14   2.4350E-04   2.4364E-04   0.99942
FLUX  665   965.00        3.106658E+14   2.4267E-04   2.4268E-04   0.99997
FLUX  666   967.00        3.100233E+14   2.4172E-04   2.4172E-04   0.99999
FLUX  667   969.00        3.093834E+14   2.4077E-04   2.4077E-04   0.99999
FLUX  668   971.00        3.087461E+14   2.3870E-04   2.3982E-04   0.99530
FLUX  669   973.00        3.081115E+14   2.3870E-04   2.3888E-04   0.99922
FLUX  670   975.00        3.074795E+14   2.3753E-04   2.3795E-04   0.99824
FLUX  671   977.00        3.068501E+14   2.3490E-04   2.3702E-04   0.99108
FLUX  672   979.00        3.062232E+14   2.3609E-04   2.3609E-04   0.99997
FLUX  673   981.00        3.055989E+14   2.3517E-04   2.3517E-04   0.99998
FLUX  674   983.00        3.049771E+14   2.3414E-04   2.3426E-04   0.99947
FLUX  675   985.00        3.043579E+14   2.3335E-04   2.3335E-04   0.99999
FLUX  676   987.00        3.037411E+14   2.3245E-04   2.3245E-04   1.00000
FLUX  677   989.00        3.031269E+14   2.3155E-04   2.3155E-04   0.99999
FLUX  678   991.00        3.025151E+14   2.3062E-04   2.3066E-04   0.99982
FLUX  679   993.00        3.019058E+14   2.2977E-04   2.2977E-04   0.99999
FLUX  680   995.00        3.012990E+14   2.2889E-04   2.2889E-04   0.99999
FLUX  681   997.00        3.006946E+14   2.2801E-04   2.2801E-04   0.99999
FLUX  682   999.00        3.000926E+14   2.2713E-04   2.2714E-04   0.99998
FLUX  683  1002.50        2.990449E+14   2.2211E-04   2.2562E-04   0.98445
FLUX  684  1007.50        2.975608E+14   2.1791E-04   2.2349E-04   0.97506
FLUX  685  1012.50        2.960914E+14   2.1720E-04   2.2138E-04   0.98113
FLUX  686  1017.50        2.946364E+14   2.1929E-04   2.1930E-04   0.99998
FLUX  687  1022.50        2.931956E+14   2.1723E-04   2.1725E-04   0.99992
FLUX  688  1027.50        2.917689E+14   2.1511E-04   2.1523E-04   0.99944
FLUX  689  1032.50        2.903559E+14   2.1307E-04   2.1324E-04   0.99923
FLUX  690  1037.50        2.889566E+14   2.1125E-04   2.1127E-04   0.99988
FLUX  691  1042.50        2.875707E+14   2.0798E-04   2.0933E-04   0.99355
FLUX  692  1047.50        2.861981E+14   2.0742E-04   2.0742E-04   0.99999
FLUX  693  1052.50        2.848385E+14   2.0552E-04   2.0553E-04   0.99994
FLUX  694  1057.50        2.834917E+14   2.0367E-04   2.0367E-04   0.99997
FLUX  695  1062.50        2.821576E+14   2.0184E-04   2.0184E-04   0.99999
FLUX  696  1067.50        2.808361E+14   2.0002E-04   2.0003E-04   0.99997
FLUX  697  1072.50        2.795268E+14   1.9824E-04   1.9824E-04   0.99999
FLUX  698  1077.50        2.782297E+14   1.9647E-04   1.9648E-04   0.99999
FLUX  699  1082.50        2.769446E+14   1.9440E-04   1.9474E-04   0.99828
FLUX  700  1087.50        2.756713E+14   1.9294E-04   1.9302E-04   0.99957
FLUX  701  1092.50        2.744096E+14   1.8441E-04   1.9132E-04   0.96385
FLUX  702  1097.50        2.731595E+14   1.8828E-04   1.8965E-04   0.99279
FLUX  703  1102.50        2.719206E+14   1.8798E-04   1.8800E-04   0.99991
FLUX  704  1107.50        2.706930E+14   1.8637E-04   1.8637E-04   0.99999
FLUX  705  1112.50        2.694764E+14   1.8476E-04   1.8476E-04   0.99999
FLUX  706  1117.50        2.682707E+14   1.8330E-04   1.8330E-04   0.99999
FLUX  707  1122.50        2.670757E+14   1.8171E-04   1.8173E-04   0.99989
FLUX  708  1127.50        2.658914E+14   1.8015E-04   1.8018E-04   0.99980
FLUX  709  1132.50        2.647174E+14   1.7861E-04   1.7866E-04   0.99972
FLUX  710  1137.50        2.635538E+14   1.7713E-04   1.7714E-04   0.99993
FLUX  711  1142.50        2.624004E+14   1.7565E-04   1.7565E-04   0.99998
FLUX  712  1147.50        2.612571E+14   1.7418E-04   1.7418E-04   0.99999
FLUX  713  1152.50        2.601236E+14   1.7272E-04   1.7272E-04   0.99999
FLUX  714  1157.50        2.590000E+14   1.7124E-04   1.7129E-04   0.99971
FLUX  715  1162.50        2.578860E+14   1.6779E-04   1.6987E-04   0.98776
FLUX  716  1167.50        2.567816E+14   1.6697E-04   1.6847E-04   0.99109
FLUX  717  1172.50        2.556866E+14   1.6707E-04   1.6708E-04   0.99990
FLUX  718  1177.50        2.546008E+14   1.6571E-04   1.6572E-04   1.00000
FLUX  719  1182.50        2.535243E+14   1.6431E-04   1.6436E-04   0.99967
FLUX  720  1187.50        2.524568E+14   1.6301E-04   1.6303E-04   0.99990
FLUX  721  1192.50        2.513983E+14   1.6170E-04   1.6171E-04   0.99991
FLUX  722  1197.50        2.503486E+14   1.6022E-04   1.6041E-04   0.99880
FLUX  723  1202.50        2.493077E+14   1.5912E-04   1.5912E-04   1.00000
FLUX  724  1207.50        2.482754E+14   1.5783E-04   1.5785E-04   0.99986
FLUX  725  1212.50        2.472515E+14   1.5654E-04   1.5659E-04   0.99968
FLUX  726  1217.50        2.462361E+14   1.5535E-04   1.5535E-04   0.99998
FLUX  727  1222.50        2.452290E+14   1.5412E-04   1.5412E-04   0.99997
FLUX  728  1227.50        2.442301E+14   1.5291E-04   1.5291E-04   1.00000
FLUX  729  1232.50        2.432394E+14   1.5170E-04   1.5171E-04   0.99995
FLUX  730  1237.50        2.422566E+14   1.5052E-04   1.5052E-04   0.99999
FLUX  731  1242.50        2.412817E+14   1.4935E-04   1.4935E-04   0.99999
FLUX  732  1247.50        2.403146E+14   1.4819E-04   1.4820E-04   0.99999
FLUX  733  1252.50        2.393553E+14   1.4704E-04   1.4705E-04   0.99992
FLUX  734  1257.50        2.384036E+14   1.4591E-04   1.4592E-04   0.99992
FLUX  735  1262.50        2.374594E+14   1.4480E-04   1.4480E-04   0.99999
FLUX  736  1267.50        2.365227E+14   1.4369E-04   1.4369E-04   0.99999
FLUX  737  1272.50        2.355933E+14   1.4260E-04   1.4260E-04   0.99997
FLUX  738  1277.50        2.346712E+14   1.4101E-04   1.4152E-04   0.99636
FLUX  739  1282.50        2.337563E+14   1.3469E-04   1.4045E-04   0.95896
FLUX  740  1287.50        2.328485E+14   1.3919E-04   1.3939E-04   0.99854
FLUX  741  1292.50        2.319478E+14   1.3835E-04   1.3835E-04   0.99999
FLUX  742  1297.50        2.310539E+14   1.3729E-04   1.3732E-04   0.99981
FLUX  743  1302.50        2.301670E+14   1.3629E-04   1.3629E-04   0.99999
FLUX  744  1307.50        2.292868E+14   1.3528E-04   1.3528E-04   1.00000
FLUX  745  1312.50        2.284133E+14   1.3428E-04   1.3428E-04   0.99999
FLUX  746  1317.50        2.275465E+14   1.3329E-04   1.3330E-04   0.99997
FLUX  747  1322.50        2.266862E+14   1.3232E-04   1.3232E-04   1.00000
FLUX  748  1327.50        2.258324E+14   1.3135E-04   1.3135E-04   1.00000
FLUX  749  1332.50        2.249850E+14   1.3040E-04   1.3040E-04   1.00000
FLUX  750  1337.50        2.241439E+14   1.2945E-04   1.2945E-04   0.99999
FLUX  751  1342.50        2.233091E+14   1.2851E-04   1.2851E-04   0.99997
FLUX  752  1347.50        2.224805E+14   1.2759E-04   1.2759E-04   0.99999
FLUX  753  1352.50        2.216580E+14   1.2667E-04   1.2667E-04   0.99999
FLUX  754  1357.50        2.208416E+14   1.2577E-04   1.2577E-04   1.00000
FLUX  755  1362.50        2.200312E+14   1.2487E-04   1.2487E-04   1.00000
FLUX  756  1367.50        2.192267E+14   1.2398E-04   1.2398E-04   0.99999
FLUX  757  1372.50        2.184281E+14   1.2310E-04   1.2311E-04   0.99997
FLUX  758  1377.50        2.176352E+14   1.2223E-04   1.2224E-04   0.99998
FLUX  759  1382.50        2.168481E+14   1.2138E-04   1.2138E-04   1.00000
FLUX  760  1387.50        2.160667E+14   1.2053E-04   1.2053E-04   0.99999
FLUX  761  1392.50        2.152908E+14   1.1968E-04   1.1969E-04   0.99999
FLUX  762  1397.50        2.145206E+14   1.1885E-04   1.1885E-04   1.00000
FLUX  763  1402.50        2.137558E+14   1.1803E-04   1.1803E-04   0.99999
FLUX  764  1407.50        2.129964E+14   1.1721E-04   1.1721E-04   1.00000
FLUX  765  1412.50        2.122425E+14   1.1641E-04   1.1641E-04   1.00000
FLUX  766  1417.50        2.114938E+14   1.1559E-04   1.1561E-04   0.99987
FLUX  767  1422.50        2.107504E+14   1.1482E-04   1.1482E-04   1.00000
FLUX  768  1427.50        2.100123E+14   1.1403E-04   1.1403E-04   1.00000
FLUX  769  1432.50        2.092792E+14   1.1321E-04   1.1326E-04   0.99959
FLUX  770  1437.50        2.085513E+14   1.1246E-04   1.1249E-04   0.99975
FLUX  771  1442.50        2.078284E+14   1.1173E-04   1.1173E-04   1.00000
FLUX  772  1447.50        2.071105E+14   1.1098E-04   1.1098E-04   1.00000
FLUX  773  1452.50        2.063976E+14   1.1024E-04   1.1024E-04   1.00000
FLUX  774  1457.00        2.057601E+14   1.0957E-04   1.0957E-04   1.00000
FLUX  775  1462.00        2.050564E+14   1.0889E-04   1.0917E-04   0.99744
FLUX  776  1467.50        2.042879E+14   1.0809E-04   1.0837E-04   0.99741
FLUX  777  1472.50        2.035942E+14   1.0732E-04   1.0765E-04   0.99694
FLUX  778  1477.50        2.029052E+14   1.0547E-04   1.0694E-04   0.98626
FLUX  779  1482.50        2.022209E+14   1.0596E-04   1.0624E-04   0.99738
FLUX  780  1487.50        2.015412E+14   1.0528E-04   1.0554E-04   0.99753
FLUX  781  1492.50        2.008660E+14   1.0460E-04   1.0485E-04   0.99758
FLUX  782  1497.50        2.001953E+14   1.0392E-04   1.0417E-04   0.99760
FLUX  783  1502.50        1.995291E+14   1.0324E-04   1.0349E-04   0.99762
FLUX  784  1507.50        1.988673E+14   1.0257E-04   1.0282E-04   0.99756
FLUX  785  1512.50        1.982099E+14   1.0191E-04   1.0215E-04   0.99763
FLUX  786  1517.50        1.975568E+14   1.0126E-04   1.0150E-04   0.99764
FLUX  787  1522.50        1.969080E+14   1.0061E-04   1.0085E-04   0.99767
FLUX  788  1527.50        1.962635E+14   9.9961E-05   1.0020E-04   0.99760
FLUX  789  1532.50        1.956232E+14   9.9318E-05   9.9563E-05   0.99754
FLUX  790  1537.50        1.949870E+14   9.8695E-05   9.8930E-05   0.99763
FLUX  791  1542.50        1.943549E+14   9.8040E-05   9.8304E-05   0.99732
FLUX  792  1547.50        1.937270E+14   9.7448E-05   9.7683E-05   0.99760
FLUX  793  1552.50        1.931031E+14   9.6825E-05   9.7068E-05   0.99750
FLUX  794  1557.50        1.924831E+14   9.6158E-05   9.6458E-05   0.99688
FLUX  795  1562.50        1.918672E+14   9.5696E-05   9.5855E-05   0.99834
FLUX  796  1567.50        1.912552E+14   9.4966E-05   9.5257E-05   0.99695
FLUX  797  1572.50        1.906471E+14   9.4312E-05   9.4664E-05   0.99628
FLUX  798  1577.50        1.900428E+14   9.4020E-05   9.4077E-05   0.99940
FLUX  799  1582.50        1.894423E+14   9.3387E-05   9.3496E-05   0.99884
FLUX  800  1587.50        1.888457E+14   9.2364E-05   9.2919E-05   0.99402
FLUX  801  1592.50        1.882527E+14   9.2096E-05   9.2348E-05   0.99727
FLUX  802  1597.50        1.876635E+14   9.1780E-05   9.1782E-05   0.99997
FLUX  803  1605.00        1.867866E+14   9.0770E-05   9.0943E-05   0.99810
FLUX  804  1615.00        1.856300E+14   8.9362E-05   8.9842E-05   0.99465
FLUX  805  1625.00        1.844877E+14   8.8759E-05   8.8761E-05   0.99998
FLUX  806  1635.00        1.833593E+14   8.7439E-05   8.7698E-05   0.99704
FLUX  807  1645.00        1.822447E+14   8.5957E-05   8.6655E-05   0.99194
FLUX  808  1655.00        1.811435E+14   8.5620E-05   8.5630E-05   0.99988
FLUX  809  1665.00        1.800556E+14   8.4613E-05   8.4623E-05   0.99987
FLUX  810  1675.00        1.789806E+14   8.3309E-05   8.3634E-05   0.99611
FLUX  811  1685.00        1.779184E+14   8.1784E-05   8.2662E-05   0.98938
FLUX  812  1695.00        1.768687E+14   8.1700E-05   8.1706E-05   0.99992
FLUX  813  1705.00        1.758314E+14   8.0714E-05   8.0767E-05   0.99934
FLUX  814  1715.00        1.748061E+14   7.9843E-05   7.9844E-05   0.99998
FLUX  815  1725.00        1.737928E+14   7.8934E-05   7.8937E-05   0.99997
FLUX  816  1735.00        1.727911E+14   7.6754E-05   7.8045E-05   0.98346
FLUX  817  1745.00        1.718009E+14   7.7066E-05   7.7167E-05   0.99868
FLUX  818  1755.00        1.708219E+14   7.6304E-05   7.6305E-05   0.99999
FLUX  819  1765.00        1.698541E+14   7.5456E-05   7.5456E-05   1.00000
FLUX  820  1775.00        1.688972E+14   7.4621E-05   7.4622E-05   0.99998
FLUX  821  1785.00        1.679510E+14   7.3801E-05   7.3802E-05   1.00000
FLUX  822  1795.00        1.670153E+14   7.2994E-05   7.2994E-05   1.00000
FLUX  823  1805.00        1.660900E+14   7.2199E-05   7.2200E-05   0.99998
FLUX  824  1815.00        1.651749E+14   7.0107E-05   7.1419E-05   0.98164
FLUX  825  1825.00        1.642699E+14   7.0461E-05   7.0650E-05   0.99732
FLUX  826  1835.00        1.633747E+14   6.9893E-05   6.9894E-05   0.99999
FLUX  827  1845.00        1.624892E+14   6.9149E-05   6.9149E-05   0.99999
FLUX  828  1855.00        1.616132E+14   6.8427E-05   6.8434E-05   0.99989
FLUX  829  1865.00        1.607466E+14   6.6797E-05   6.7713E-05   0.98647
FLUX  830  1875.00        1.598893E+14   6.5279E-05   6.7003E-05   0.97427
FLUX  831  1885.00        1.590411E+14   6.6297E-05   6.6304E-05   0.99990
FLUX  832  1895.00        1.582018E+14   6.5615E-05   6.5616E-05   0.99999
FLUX  833  1905.00        1.573714E+14   6.4921E-05   6.4938E-05   0.99973
FLUX  834  1915.00        1.565496E+14   6.4270E-05   6.4270E-05   0.99999
FLUX  835  1925.00        1.557364E+14   6.3613E-05   6.3613E-05   0.99999
FLUX  836  1935.00        1.549315E+14   6.2936E-05   6.2966E-05   0.99952
FLUX  837  1945.00        1.541350E+14   6.0888E-05   6.2328E-05   0.97689
FLUX  838  1955.00        1.533465E+14   6.1657E-05   6.1701E-05   0.99930
FLUX  839  1965.00        1.525662E+14   6.1082E-05   6.1082E-05   0.99999
FLUX  840  1975.00        1.517937E+14   6.0473E-05   6.0473E-05   1.00000
FLUX  841  1985.00        1.510290E+14   5.9871E-05   5.9872E-05   0.99998
FLUX  842  1995.00        1.502719E+14   5.9278E-05   5.9281E-05   0.99996
FLUX  843  2005.00        1.495224E+14   5.8698E-05   5.8698E-05   1.00000
FLUX  844  2015.00        1.487804E+14   5.8123E-05   5.8123E-05   1.00000
FLUX  845  2025.00        1.480457E+14   5.7557E-05   5.7557E-05   1.00000
FLUX  846  2035.00        1.473182E+14   5.6999E-05   5.6999E-05   1.00000
FLUX  847  2045.00        1.465978E+14   5.6448E-05   5.6449E-05   0.99997
FLUX  848  2055.00        1.458844E+14   5.5900E-05   5.5907E-05   0.99987
FLUX  849  2065.00        1.451780E+14   5.5373E-05   5.5373E-05   0.99999
FLUX  850  2075.00        1.444783E+14   5.4772E-05   5.4846E-05   0.99864
FLUX  851  2085.00        1.437854E+14   5.4320E-05   5.4327E-05   0.99987
FLUX  852  2095.00        1.430990E+14   5.3815E-05   5.3815E-05   1.00000
FLUX  853  2105.00        1.424192E+14   5.3310E-05   5.3310E-05   1.00000
FLUX  854  2115.00        1.417459E+14   5.2800E-05   5.2812E-05   0.99976
FLUX  855  2125.00        1.410788E+14   5.2321E-05   5.2321E-05   1.00000
FLUX  856  2135.00        1.404180E+14   5.1837E-05   5.1837E-05   0.99999
FLUX  857  2145.00        1.397634E+14   5.1359E-05   5.1359E-05   0.99999
FLUX  858  2155.00        1.391148E+14   5.0869E-05   5.0888E-05   0.99962
FLUX  859  2165.00        1.384723E+14   4.9117E-05   5.0424E-05   0.97409
FLUX  860  2175.00        1.378356E+14   4.9901E-05   4.9965E-05   0.99872
FLUX  861  2185.00        1.372048E+14   4.9512E-05   4.9513E-05   0.99998
FLUX  862  2195.00        1.365797E+14   4.9067E-05   4.9067E-05   0.99999
FLUX  863  2205.00        1.359603E+14   4.8627E-05   4.8627E-05   1.00000
FLUX  864  2215.00        1.353465E+14   4.8193E-05   4.8193E-05   1.00000
FLUX  865  2225.00        1.347382E+14   4.7764E-05   4.7764E-05   1.00000
FLUX  866  2235.00        1.341353E+14   4.7342E-05   4.7342E-05   1.00000
FLUX  867  2245.00        1.335379E+14   4.6924E-05   4.6924E-05   0.99999
FLUX  868  2255.00        1.329457E+14   4.6512E-05   4.6513E-05   0.99999
FLUX  869  2265.00        1.323587E+14   4.6106E-05   4.6106E-05   1.00000
FLUX  870  2275.00        1.317769E+14   4.5705E-05   4.5705E-05   1.00000
FLUX  871  2285.00        1.312002E+14   4.5358E-05   4.5359E-05   0.99998
FLUX  872  2295.00        1.306285E+14   4.4966E-05   4.4967E-05   0.99998
FLUX  873  2305.00        1.300618E+14   4.4580E-05   4.4581E-05   0.99997
FLUX  874  2315.00        1.295000E+14   4.4197E-05   4.4200E-05   0.99993
FLUX  875  2325.00        1.289430E+14   4.3823E-05   4.3823E-05   0.99998
FLUX  876  2335.00        1.283908E+14   4.3451E-05   4.3452E-05   0.99998
FLUX  877  2345.00        1.278433E+14   4.3084E-05   4.3085E-05   0.99997
FLUX  878  2355.00        1.273004E+14   4.2721E-05   4.2722E-05   0.99997
FLUX  879  2365.00        1.267622E+14   4.2364E-05   4.2364E-05   0.99998
FLUX  880  2375.00        1.262284E+14   4.2010E-05   4.2011E-05   0.99998
FLUX  881  2385.00        1.256992E+14   4.1661E-05   4.1662E-05   0.99998
FLUX  882  2395.00        1.251743E+14   4.1316E-05   4.1317E-05   0.99997
FLUX  883  2405.00        1.246538E+14   4.0975E-05   4.0976E-05   0.99997
FLUX  884  2415.00        1.241377E+14   4.0639E-05   4.0640E-05   0.99998
FLUX  885  2425.00        1.236258E+14   4.0301E-05   4.0308E-05   0.99984
FLUX  886  2435.00        1.231181E+14   3.9978E-05   3.9979E-05   0.99997
FLUX  887  2445.00        1.226145E+14   3.9654E-05   3.9655E-05   0.99998
FLUX  888  2455.00        1.221151E+14   3.9334E-05   3.9335E-05   0.99998
FLUX  889  2465.00        1.216197E+14   3.9017E-05   3.9018E-05   0.99997
FLUX  890  2475.00        1.211283E+14   3.8696E-05   3.8705E-05   0.99975
FLUX  891  2485.00        1.206408E+14   3.8395E-05   3.8396E-05   0.99998
FLUX  892  2495.00        1.201573E+14   3.8087E-05   3.8091E-05   0.99990
FLUX  893  2505.00        1.196776E+14   3.7788E-05   3.7789E-05   0.99998
FLUX  894  2515.00        1.192018E+14   3.7490E-05   3.7491E-05   0.99998
FLUX  895  2525.00        1.187297E+14   3.7164E-05   3.7196E-05   0.99913
FLUX  896  2535.00        1.182613E+14   3.6904E-05   3.6905E-05   0.99998
FLUX  897  2545.00        1.177967E+14   3.6616E-05   3.6617E-05   0.99999
FLUX  898  2555.00        1.173356E+14   3.6331E-05   3.6332E-05   0.99997
FLUX  899  2565.00        1.168782E+14   3.5970E-05   3.6051E-05   0.99778
FLUX  900  2575.00        1.164243E+14   3.5772E-05   3.5772E-05   0.99998
FLUX  901  2585.00        1.159739E+14   3.5497E-05   3.5498E-05   0.99999
FLUX  902  2595.00        1.155270E+14   3.5225E-05   3.5226E-05   0.99999
FLUX  903  2605.00        1.150835E+14   3.4920E-05   3.4957E-05   0.99894
FLUX  904  2615.00        1.146434E+14   3.4509E-05   3.4691E-05   0.99475
FLUX  905  2625.00        1.142067E+14   3.3407E-05   3.4428E-05   0.97032
FLUX  906  2635.00        1.137732E+14   3.4112E-05   3.4169E-05   0.99833
FLUX  907  2645.00        1.133431E+14   3.3911E-05   3.3912E-05   0.99997
FLUX  908  2655.00        1.129162E+14   3.3655E-05   3.3658E-05   0.99993
FLUX  909  2665.00        1.124925E+14   3.3384E-05   3.3407E-05   0.99932
FLUX  910  2675.00        1.120720E+14   3.2933E-05   3.3158E-05   0.99320
FLUX  911  2685.00        1.116546E+14   3.2889E-05   3.2912E-05   0.99928
FLUX  912  2695.00        1.112403E+14   3.2669E-05   3.2670E-05   0.99999
FLUX  913  2705.00        1.108290E+14   3.2429E-05   3.2429E-05   1.00000
FLUX  914  2715.00        1.104208E+14   3.2191E-05   3.2192E-05   1.00000
FLUX  915  2725.00        1.100156E+14   3.1956E-05   3.1956E-05   1.00000
FLUX  916  2735.00        1.096133E+14   3.1724E-05   3.1724E-05   0.99999
FLUX  917  2745.00        1.092140E+14   3.1490E-05   3.1494E-05   0.99989
FLUX  918  2755.00        1.088176E+14   3.0975E-05   3.1266E-05   0.99067
FLUX  919  2765.00        1.084241E+14   3.0927E-05   3.1041E-05   0.99631
FLUX  920  2775.00        1.080333E+14   3.0818E-05   3.0818E-05   0.99998
FLUX  921  2785.00        1.076454E+14   3.0598E-05   3.0598E-05   0.99998
FLUX  922  2795.00        1.072603E+14   3.0380E-05   3.0380E-05   1.00000
FLUX  923  2805.00        1.068779E+14   3.0164E-05   3.0164E-05   0.99999
FLUX  924  2815.00        1.064982E+14   2.9951E-05   2.9951E-05   1.00000
FLUX  925  2825.00        1.061212E+14   2.9740E-05   2.9740E-05   1.00000
FLUX  926  2835.00        1.057469E+14   2.9531E-05   2.9531E-05   1.00000
FLUX  927  2845.00        1.053752E+14   2.9324E-05   2.9324E-05   1.00000
FLUX  928  2855.00        1.050061E+14   2.9119E-05   2.9120E-05   0.99998
FLUX  929  2865.00        1.046396E+14   2.8828E-05   2.8917E-05   0.99691
FLUX  930  2875.00        1.042757E+14   2.8308E-05   2.8717E-05   0.98576
FLUX  931  2885.00        1.039142E+14   2.8499E-05   2.8518E-05   0.99932
FLUX  932  2895.00        1.035553E+14   2.8322E-05   2.8322E-05   0.99999
FLUX  933  2905.00        1.031988E+14   2.8127E-05   2.8128E-05   1.00000
FLUX  934  2915.00        1.028448E+14   2.7935E-05   2.7935E-05   1.00000
FLUX  935  2925.00        1.024932E+14   2.7745E-05   2.7745E-05   1.00000
FLUX  936  2935.00        1.021440E+14   2.7556E-05   2.7556E-05   1.00000
FLUX  937  2945.00        1.017971E+14   2.7370E-05   2.7370E-05   1.00000
FLUX  938  2955.00        1.014526E+14   2.7185E-05   2.7185E-05   1.00000
FLUX  939  2965.00        1.011105E+14   2.7002E-05   2.7002E-05   1.00000
FLUX  940  2975.00        1.007706E+14   2.6821E-05   2.6821E-05   1.00000
FLUX  941  2985.00        1.004330E+14   2.6642E-05   2.6642E-05   1.00000
FLUX  942  2995.00        1.000977E+14   2.6464E-05   2.6465E-05   1.00000
FLUX  943  3005.00        9.976456E+13   2.6289E-05   2.6289E-05   1.00000
FLUX  944  3015.00        9.943367E+13   2.6115E-05   2.6115E-05   0.99999
FLUX  945  3025.00        9.910496E+13   2.5940E-05   2.5943E-05   0.99990
FLUX  946  3035.00        9.877842E+13   2.5384E-05   2.5772E-05   0.98495
FLUX  947  3045.00        9.845402E+13   2.5394E-05   2.5603E-05   0.99184
FLUX  948  3055.00        9.813175E+13   2.5435E-05   2.5436E-05   0.99997
FLUX  949  3065.00        9.781158E+13   2.5270E-05   2.5270E-05   0.99999
FLUX  950  3075.00        9.749350E+13   2.5106E-05   2.5106E-05   1.00000
FLUX  951  3085.00        9.717747E+13   2.4943E-05   2.4944E-05   0.99997
FLUX  952  3095.00        9.686349E+13   2.4783E-05   2.4783E-05   1.00000
FLUX  953  3105.00        9.655153E+13   2.4624E-05   2.4624E-05   1.00000
FLUX  954  3115.00        9.624157E+13   2.4466E-05   2.4466E-05   1.00000
FLUX  955  3125.00        9.593360E+13   2.4310E-05   2.4310E-05   1.00000
FLUX  956  3135.00        9.562759E+13   2.4155E-05   2.4155E-05   1.00000
FLUX  957  3145.00        9.532353E+13   2.4001E-05   2.4001E-05   1.00000
FLUX  958  3155.00        9.502139E+13   2.3849E-05   2.3849E-05   1.00000
FLUX  959  3165.00        9.472117E+13   2.3699E-05   2.3699E-05   1.00000
FLUX  960  3175.00        9.442283E+13   2.3550E-05   2.3550E-05   1.00000
FLUX  961  3185.00        9.412637E+13   2.3402E-05   2.3402E-05   1.00000
FLUX  962  3195.00        9.383177E+13   2.3256E-05   2.3256E-05   1.00000
FLUX  963  3210.00        9.339330E+13   2.3039E-05   2.3039E-05   1.00000
FLUX  964  3230.00        9.281502E+13   2.2754E-05   2.2754E-05   1.00000
FLUX  965  3250.00        9.224385E+13   2.2475E-05   2.2475E-05   1.00000
FLUX  966  3270.00        9.167966E+13   2.2200E-05   2.2200E-05   0.99999
FLUX  967  3290.00        9.112234E+13   2.1610E-05   2.1943E-05   0.98479
FLUX  968  3310.00        9.057175E+13   2.1618E-05   2.1679E-05   0.99720
FLUX  969  3330.00        9.002778E+13   2.1418E-05   2.1418E-05   0.99998
FLUX  970  3350.00        8.949030E+13   2.1163E-05   2.1163E-05   0.99999
FLUX  971  3370.00        8.895920E+13   2.0912E-05   2.0912E-05   0.99999
FLUX  972  3390.00        8.843437E+13   2.0665E-05   2.0665E-05   0.99999
FLUX  973  3410.00        8.791569E+13   2.0423E-05   2.0423E-05   0.99999
FLUX  974  3430.00        8.740306E+13   2.0185E-05   2.0185E-05   0.99999
FLUX  975  3450.00        8.689638E+13   1.9951E-05   1.9951E-05   0.99999
FLUX  976  3470.00        8.639553E+13   1.9721E-05   1.9721E-05   0.99999
FLUX  977  3490.00        8.590043E+13   1.9495E-05   1.9495E-05   0.99999
FLUX  978  3510.00        8.541097E+13   1.9273E-05   1.9273E-05   0.99999
FLUX  979  3530.00        8.492705E+13   1.9055E-05   1.9055E-05   0.99999
FLUX  980  3550.00        8.444859E+13   1.8840E-05   1.8840E-05   0.99999
FLUX  981  3570.00        8.397549E+13   1.8629E-05   1.8629E-05   0.99999
FLUX  982  3590.00        8.350766E+13   1.8421E-05   1.8421E-05   0.99999
FLUX  983  3610.00        8.304501E+13   1.8217E-05   1.8217E-05   0.99999
FLUX  984  3630.00        8.258747E+13   1.8016E-05   1.8016E-05   0.99999
FLUX  985  3650.00        8.213493E+13   1.7818E-05   1.7819E-05   0.99999
FLUX  986  3670.00        8.168733E+13   1.7624E-05   1.7624E-05   0.99999
FLUX  987  3690.00        8.124458E+13   1.7433E-05   1.7433E-05   0.99998
FLUX  988  3710.00        8.080660E+13   1.7242E-05   1.7245E-05   0.99983
FLUX  989  3730.00        8.037332E+13   1.6935E-05   1.7060E-05   0.99270
FLUX  990  3750.00        7.994467E+13   1.6671E-05   1.6877E-05   0.98778
FLUX  991  3770.00        7.952056E+13   1.6698E-05   1.6698E-05   0.99998
FLUX  992  3790.00        7.910092E+13   1.6521E-05   1.6521E-05   0.99999
FLUX  993  3810.00        7.868570E+13   1.6345E-05   1.6348E-05   0.99981
FLUX  994  3830.00        7.827480E+13   1.6176E-05   1.6177E-05   0.99997
FLUX  995  3850.00        7.786818E+13   1.6008E-05   1.6008E-05   0.99999
FLUX  996  3870.00        7.746576E+13   1.5842E-05   1.5842E-05   0.99999
FLUX  997  3890.00        7.706748E+13   1.5679E-05   1.5679E-05   0.99998
FLUX  998  3910.00        7.667327E+13   1.5500E-05   1.5518E-05   0.99879
FLUX  999  3930.00        7.628308E+13   1.5360E-05   1.5360E-05   0.99999
FLUX 1000  3950.00        7.589684E+13   1.5204E-05   1.5204E-05   0.99999
FLUX 1001  3970.00        7.551448E+13   1.5050E-05   1.5050E-05   1.00000
FLUX 1002  3990.00        7.513596E+13   1.4899E-05   1.4899E-05   0.99999
FLUX 1003  4010.00        7.476122E+13   1.4733E-05   1.4750E-05   0.99884
FLUX 1004  4030.00        7.439020E+13   1.4572E-05   1.4603E-05   0.99788
FLUX 1005  4050.00        7.402284E+13   1.4213E-05   1.4458E-05   0.98305
FLUX 1006  4070.00        7.365909E+13   1.4315E-05   1.4316E-05   0.99997
FLUX 1007  4090.00        7.329890E+13   1.4175E-05   1.4175E-05   1.00000
FLUX 1008  4110.00        7.294221E+13   1.4037E-05   1.4037E-05   1.00000
FLUX 1009  4130.00        7.258898E+13   1.3899E-05   1.3900E-05   0.99993
FLUX 1010  4150.00        7.223916E+13   1.3765E-05   1.3766E-05   0.99997
FLUX 1011  4170.00        7.189269E+13   1.3563E-05   1.3633E-05   0.99489
FLUX 1012  4190.00        7.154952E+13   1.3501E-05   1.3502E-05   0.99990
FLUX 1013  4210.00        7.120962E+13   1.3374E-05   1.3374E-05   1.00000
FLUX 1014  4230.00        7.087293E+13   1.3247E-05   1.3247E-05   1.00000
FLUX 1015  4250.00        7.053941E+13   1.3121E-05   1.3121E-05   0.99998
FLUX 1016  4270.00        7.020902E+13   1.2998E-05   1.2998E-05   1.00000
FLUX 1017  4290.00        6.988170E+13   1.2875E-05   1.2876E-05   0.99989
FLUX 1018  4310.00        6.955742E+13   1.2756E-05   1.2756E-05   1.00000
FLUX 1019  4330.00        6.923614E+13   1.2637E-05   1.2637E-05   1.00000
FLUX 1020  4350.00        6.891782E+13   1.2520E-05   1.2521E-05   0.99998
FLUX 1021  4370.00        6.860240E+13   1.2321E-05   1.2405E-05   0.99317
FLUX 1022  4390.00        6.828986E+13   1.2268E-05   1.2292E-05   0.99810
FLUX 1023  4410.00        6.798016E+13   1.2180E-05   1.2180E-05   0.99999
FLUX 1024  4430.00        6.767325E+13   1.2069E-05   1.2069E-05   1.00000
FLUX 1025  4450.00        6.736910E+13   1.1960E-05   1.1960E-05   1.00000
FLUX 1026  4470.00        6.706767E+13   1.1856E-05   1.1856E-05   0.99999
FLUX 1027  4490.00        6.676893E+13   1.1750E-05   1.1750E-05   0.99999
FLUX 1028  4510.00        6.647284E+13   1.1645E-05   1.1645E-05   0.99998
FLUX 1029  4530.00        6.617936E+13   1.1542E-05   1.1542E-05   0.99999
FLUX 1030  4550.00        6.588846E+13   1.1440E-05   1.1440E-05   0.99999
FLUX 1031  4570.00        6.560011E+13   1.1339E-05   1.1339E-05   0.99999
FLUX 1032  4590.00        6.531427E+13   1.1239E-05   1.1239E-05   0.99999
FLUX 1033  4610.00        6.503091E+13   1.1141E-05   1.1141E-05   0.99998
FLUX 1034  4630.00        6.475000E+13   1.1044E-05   1.1044E-05   0.99997
FLUX 1035  4650.00        6.447151E+13   1.0705E-05   1.0949E-05   0.97774
FLUX 1036  4670.00        6.419540E+13   1.0718E-05   1.0854E-05   0.98741
FLUX 1037  4690.00        6.392164E+13   1.0745E-05   1.0761E-05   0.99850
FLUX 1038  4710.00        6.365021E+13   1.0669E-05   1.0669E-05   0.99999
FLUX 1039  4730.00        6.338108E+13   1.0578E-05   1.0578E-05   0.99999
FLUX 1040  4750.00        6.311421E+13   1.0488E-05   1.0489E-05   0.99999
FLUX 1041  4770.00        6.284958E+13   1.0400E-05   1.0400E-05   0.99999
FLUX 1042  4790.00        6.258716E+13   1.0312E-05   1.0312E-05   0.99999
FLUX 1043  4810.00        6.232692E+13   1.0226E-05   1.0226E-05   0.99999
FLUX 1044  4830.00        6.206884E+13   1.0141E-05   1.0141E-05   1.00000
FLUX 1045  4850.00        6.181289E+13   1.0057E-05   1.0057E-05   1.00000
FLUX 1046  4870.00        6.155903E+13   9.9733E-06   9.9734E-06   1.00000
FLUX 1047  4890.00        6.130726E+13   9.8911E-06   9.8912E-06   1.00000
FLUX 1048  4910.00        6.105754E+13   9.8099E-06   9.8100E-06   1.00000
FLUX 1049  4930.00        6.080984E+13   9.7297E-06   9.7298E-06   0.99999
FLUX 1050  4950.00        6.056414E+13   9.6505E-06   9.6506E-06   1.00000
FLUX 1051  4970.00        6.032042E+13   9.5721E-06   9.5723E-06   0.99998
FLUX 1052  4990.00        6.007866E+13   9.4949E-06   9.4949E-06   1.00000
FLUX 1053  5010.00        5.983882E+13   9.4184E-06   9.4185E-06   0.99999
FLUX 1054  5030.00        5.960089E+13   9.3429E-06   9.3430E-06   0.99999
FLUX 1055  5050.00        5.936485E+13   9.2684E-06   9.2684E-06   0.99999
FLUX 1056  5070.00        5.913067E+13   9.1946E-06   9.1947E-06   0.99999
FLUX 1057  5090.00        5.889833E+13   9.1217E-06   9.1219E-06   0.99999
FLUX 1058  5110.00        5.866781E+13   9.0392E-06   9.0499E-06   0.99882
FLUX 1059  5130.00        5.843908E+13   8.8390E-06   8.9787E-06   0.98444
FLUX 1060  5150.00        5.821214E+13   8.9025E-06   8.9084E-06   0.99933
FLUX 1061  5170.00        5.798694E+13   8.8388E-06   8.8389E-06   0.99999
FLUX 1062  5190.00        5.776349E+13   8.7701E-06   8.7702E-06   0.99999
FLUX 1063  5210.00        5.754175E+13   8.7022E-06   8.7023E-06   1.00000
FLUX 1064  5230.00        5.732170E+13   8.6351E-06   8.6351E-06   1.00000
FLUX 1065  5250.00        5.710333E+13   8.5687E-06   8.5687E-06   0.99999
FLUX 1066  5270.00        5.688662E+13   8.5030E-06   8.5031E-06   0.99999
FLUX 1067  5290.00        5.667155E+13   8.4382E-06   8.4383E-06   0.99999
FLUX 1068  5310.00        5.645810E+13   8.3741E-06   8.3741E-06   1.00000
FLUX 1069  5330.00        5.624625E+13   8.3107E-06   8.3107E-06   1.00000
FLUX 1070  5350.00        5.603598E+13   8.2479E-06   8.2480E-06   0.99999
FLUX 1071  5370.00        5.582728E+13   8.1858E-06   8.1860E-06   0.99998
FLUX 1072  5390.00        5.562013E+13   8.1245E-06   8.1247E-06   0.99998
FLUX 1073  5410.00        5.541451E+13   8.0640E-06   8.0640E-06   0.99999
FLUX 1074  5430.00        5.521041E+13   8.0041E-06   8.0041E-06   1.00000
FLUX 1075  5450.00        5.500780E+13   7.9448E-06   7.9448E-06   1.00000
FLUX 1076  5470.00        5.480667E+13   7.8861E-06   7.8861E-06   1.00000
FLUX 1077  5490.00        5.460701E+13   7.8281E-06   7.8281E-06   0.99999
FLUX 1078  5510.00        5.440880E+13   7.7706E-06   7.7707E-06   0.99998
FLUX 1079  5530.00        5.421203E+13   7.7137E-06   7.7140E-06   0.99997
FLUX 1080  5550.00        5.401667E+13   7.6578E-06   7.6578E-06   0.99999
FLUX 1081  5570.00        5.382271E+13   7.6022E-06   7.6023E-06   1.00000
FLUX 1082  5590.00        5.363014E+13   7.5473E-06   7.5473E-06   1.00000
FLUX 1083  5610.00        5.343895E+13   7.4930E-06   7.4930E-06   1.00000
FLUX 1084  5630.00        5.324911E+13   7.4392E-06   7.4392E-06   1.00000
FLUX 1085  5650.00        5.306062E+13   7.3860E-06   7.3860E-06   1.00000
FLUX 1086  5670.00        5.287346E+13   7.3333E-06   7.3334E-06   1.00000
FLUX 1087  5690.00        5.268761E+13   7.2812E-06   7.2813E-06   0.99998
FLUX 1088  5710.00        5.250306E+13   7.2212E-06   7.2297E-06   0.99882
FLUX 1089  5730.00        5.231981E+13   7.1786E-06   7.1787E-06   0.99998
FLUX 1090  5750.00        5.213783E+13   7.1283E-06   7.1283E-06   0.99999
FLUX 1091  5770.00        5.195711E+13   7.0783E-06   7.0784E-06   1.00000
FLUX 1092  5790.00        5.177763E+13   7.0289E-06   7.0289E-06   1.00000
FLUX 1093  5810.00        5.159940E+13   6.9800E-06   6.9800E-06   1.00000
FLUX 1094  5830.00        5.142238E+13   6.9316E-06   6.9317E-06   0.99999
FLUX 1095  5850.00        5.124658E+13   6.8852E-06   6.8852E-06   0.99999
FLUX 1096  5870.00        5.107198E+13   6.8377E-06   6.8378E-06   0.99999
FLUX 1097  5890.00        5.089856E+13   6.7789E-06   6.7909E-06   0.99824
FLUX 1098  5910.00        5.072631E+13   6.6031E-06   6.7444E-06   0.97905
FLUX 1099  5930.00        5.055523E+13   6.6917E-06   6.6984E-06   0.99899
FLUX 1100  5950.00        5.038529E+13   6.6328E-06   6.6529E-06   0.99698
FLUX 1101  5970.00        5.021650E+13   6.6006E-06   6.6079E-06   0.99890
FLUX 1102  5990.00        5.004883E+13   6.5632E-06   6.5633E-06   0.99999
FLUX 1103  6010.00        4.988228E+13   6.5190E-06   6.5191E-06   0.99999
FLUX 1104  6030.00        4.971683E+13   6.4753E-06   6.4754E-06   0.99999
FLUX 1105  6050.00        4.955248E+13   6.4320E-06   6.4321E-06   0.99999
FLUX 1106  6070.00        4.938921E+13   6.3892E-06   6.3892E-06   1.00000
FLUX 1107  6090.00        4.922701E+13   6.3467E-06   6.3468E-06   1.00000
FLUX 1108  6110.00        4.906588E+13   6.3047E-06   6.3048E-06   1.00000
FLUX 1109  6130.00        4.890579E+13   6.2631E-06   6.2631E-06   1.00000
FLUX 1110  6150.00        4.874675E+13   6.2219E-06   6.2219E-06   1.00000
FLUX 1111  6170.00        4.858874E+13   6.1811E-06   6.1811E-06   1.00000
FLUX 1112  6190.00        4.843174E+13   6.1407E-06   6.1407E-06   1.00000
FLUX 1113  6210.00        4.827576E+13   6.1007E-06   6.1007E-06   1.00000
FLUX 1114  6230.00        4.812079E+13   6.0611E-06   6.0611E-06   0.99999
FLUX 1115  6250.00        4.796680E+13   6.0218E-06   6.0219E-06   0.99999
FLUX 1116  6270.00        4.781380E+13   5.9805E-06   5.9830E-06   0.99959
FLUX 1117  6290.00        4.766176E+13   5.9073E-06   5.9445E-06   0.99374
FLUX 1118  6310.00        4.751070E+13   5.9004E-06   5.9064E-06   0.99899
FLUX 1119  6330.00        4.736058E+13   5.8685E-06   5.8686E-06   0.99999
FLUX 1120  6350.00        4.721142E+13   5.8312E-06   5.8312E-06   0.99999
FLUX 1121  6370.00        4.706319E+13   5.7941E-06   5.7941E-06   1.00000
FLUX 1122  6390.00        4.691588E+13   5.7574E-06   5.7574E-06   1.00000
FLUX 1123  6420.00        4.669665E+13   5.7030E-06   5.7030E-06   1.00000
FLUX 1124  6460.00        4.640751E+13   5.6317E-06   5.6317E-06   1.00000
FLUX 1125  6500.00        4.612192E+13   5.5616E-06   5.5616E-06   1.00000
FLUX 1126  6540.00        4.583983E+13   5.4929E-06   5.4929E-06   1.00000
FLUX 1127  6580.00        4.556117E+13   5.4254E-06   5.4254E-06   1.00000
FLUX 1128  6620.00        4.528588E+13   5.3591E-06   5.3591E-06   1.00000
FLUX 1129  6660.00        4.501389E+13   5.2940E-06   5.2940E-06   1.00000
FLUX 1130  6700.00        4.474515E+13   5.2301E-06   5.2301E-06   0.99999
FLUX 1131  6740.00        4.447960E+13   5.1649E-06   5.1674E-06   0.99953
FLUX 1132  6780.00        4.421718E+13   5.0763E-06   5.1057E-06   0.99424
FLUX 1133  6820.00        4.395784E+13   5.0451E-06   5.0451E-06   0.99998
FLUX 1134  6860.00        4.370153E+13   4.9856E-06   4.9856E-06   1.00000
FLUX 1135  6900.00        4.344819E+13   4.9271E-06   4.9271E-06   1.00000
FLUX 1136  6940.00        4.319777E+13   4.8696E-06   4.8697E-06   0.99999
FLUX 1137  6980.00        4.295021E+13   4.8132E-06   4.8132E-06   1.00000
FLUX 1138  7020.00        4.270548E+13   4.7577E-06   4.7577E-06   1.00000
FLUX 1139  7060.00        4.246353E+13   4.7031E-06   4.7031E-06   1.00000
FLUX 1140  7100.00        4.222430E+13   4.6495E-06   4.6495E-06   0.99999
FLUX 1141  7140.00        4.198775E+13   4.5968E-06   4.5968E-06   1.00000
FLUX 1142  7180.00        4.175383E+13   4.5449E-06   4.5449E-06   1.00000
FLUX 1143  7220.00        4.152251E+13   4.4939E-06   4.4939E-06   1.00000
FLUX 1144  7260.00        4.129373E+13   4.4438E-06   4.4438E-06   0.99999
FLUX 1145  7300.00        4.106747E+13   4.3945E-06   4.3945E-06   0.99999
FLUX 1146  7340.00        4.084366E+13   4.3460E-06   4.3460E-06   1.00000
FLUX 1147  7380.00        4.062229E+13   4.2983E-06   4.2983E-06   0.99999
FLUX 1148  7420.00        4.040330E+13   4.2504E-06   4.2514E-06   0.99975
FLUX 1149  7460.00        4.018666E+13   4.1331E-06   4.2053E-06   0.98284
FLUX 1150  7500.00        3.997233E+13   4.0714E-06   4.1598E-06   0.97875
FLUX 1151  7540.00        3.976028E+13   4.1099E-06   4.1152E-06   0.99872
FLUX 1152  7580.00        3.955046E+13   4.0711E-06   4.0712E-06   0.99999
FLUX 1153  7620.00        3.934285E+13   4.0279E-06   4.0279E-06   0.99999
FLUX 1154  7660.00        3.913740E+13   3.9853E-06   3.9853E-06   1.00000
FLUX 1155  7700.00        3.893409E+13   3.9433E-06   3.9433E-06   1.00000
FLUX 1156  7740.00        3.873288E+13   3.9020E-06   3.9021E-06   0.99999
FLUX 1157  7780.00        3.853374E+13   3.8613E-06   3.8614E-06   0.99997
FLUX 1158  7820.00        3.833664E+13   3.8214E-06   3.8214E-06   0.99999
FLUX 1159  7860.00        3.814154E+13   3.7820E-06   3.7820E-06   1.00000
FLUX 1160  7900.00        3.794842E+13   3.7432E-06   3.7432E-06   1.00000
FLUX 1161  7940.00        3.775724E+13   3.7050E-06   3.7050E-06   1.00000
FLUX 1162  7980.00        3.756798E+13   3.6673E-06   3.6673E-06   1.00000
FLUX 1163  8020.00        3.738061E+13   3.6303E-06   3.6303E-06   1.00000
FLUX 1164  8060.00        3.719510E+13   3.5937E-06   3.5938E-06   1.00000
FLUX 1165  8100.00        3.701142E+13   3.5578E-06   3.5578E-06   0.99999
FLUX 1166  8140.00        3.682955E+13   3.5197E-06   3.5223E-06   0.99925
FLUX 1167  8180.00        3.664945E+13   3.4873E-06   3.4874E-06   0.99997
FLUX 1168  8220.00        3.647111E+13   3.4530E-06   3.4530E-06   0.99999
FLUX 1169  8260.00        3.629449E+13   3.4191E-06   3.4191E-06   1.00000
FLUX 1170  8300.00        3.611958E+13   3.3857E-06   3.3857E-06   1.00000
FLUX 1171  8340.00        3.594634E+13   3.3528E-06   3.3528E-06   1.00000
FLUX 1172  8380.00        3.577476E+13   3.3203E-06   3.3203E-06   1.00000
FLUX 1173  8420.00        3.560481E+13   3.2883E-06   3.2883E-06   1.00000
FLUX 1174  8460.00        3.543647E+13   3.2568E-06   3.2568E-06   1.00000
FLUX 1175  8500.00        3.526971E+13   3.2257E-06   3.2257E-06   1.00000
FLUX 1176  8540.00        3.510451E+13   3.1951E-06   3.1951E-06   1.00000
FLUX 1177  8580.00        3.494085E+13   3.1649E-06   3.1649E-06   1.00000
FLUX 1178  8620.00        3.477871E+13   3.1350E-06   3.1351E-06   0.99998
FLUX 1179  8660.00        3.461807E+13   3.0980E-06   3.1057E-06   0.99753
FLUX 1180  8700.00        3.445891E+13   3.0766E-06   3.0767E-06   0.99997
FLUX 1181  8740.00        3.430120E+13   3.0276E-06   3.0482E-06   0.99326
FLUX 1182  8780.00        3.414493E+13   2.9994E-06   3.0200E-06   0.99320
FLUX 1183  8820.00        3.399008E+13   2.9921E-06   2.9922E-06   0.99999
FLUX 1184  8860.00        3.383663E+13   2.9647E-06   2.9648E-06   1.00000
FLUX 1185  8900.00        3.368455E+13   2.9377E-06   2.9377E-06   1.00000
FLUX 1186  8940.00        3.353384E+13   2.9110E-06   2.9110E-06   1.00000
FLUX 1187  8980.00        3.338447E+13   2.8847E-06   2.8847E-06   1.00000
FLUX 1188  9020.00        3.323642E+13   2.8587E-06   2.8587E-06   1.00000
FLUX 1189  9060.00        3.308968E+13   2.8331E-06   2.8331E-06   1.00000
FLUX 1190  9100.00        3.294423E+13   2.8078E-06   2.8078E-06   1.00000
FLUX 1191  9140.00        3.280005E+13   2.7829E-06   2.7829E-06   1.00000
FLUX 1192  9180.00        3.265714E+13   2.7583E-06   2.7583E-06   1.00000
FLUX 1193  9220.00        3.251546E+13   2.7340E-06   2.7340E-06   1.00000
FLUX 1194  9260.00        3.237500E+13   2.7100E-06   2.7100E-06   0.99999
FLUX 1195  9300.00        3.223575E+13   2.6863E-06   2.6863E-06   0.99999
FLUX 1196  9340.00        3.209770E+13   2.6629E-06   2.6630E-06   0.99998
FLUX 1197  9380.00        3.196082E+13   2.6280E-06   2.6399E-06   0.99547
FLUX 1198  9420.00        3.182511E+13   2.6142E-06   2.6172E-06   0.99887
FLUX 1199  9460.00        3.169054E+13   2.5947E-06   2.5947E-06   0.99999
FLUX 1200  9500.00        3.155711E+13   2.5725E-06   2.5725E-06   0.99999
FLUX 1201  9540.00        3.142479E+13   2.5506E-06   2.5506E-06   0.99999
FLUX 1202  9580.00        3.129358E+13   2.5289E-06   2.5289E-06   1.00000
FLUX 1203  9620.00        3.116346E+13   2.5076E-06   2.5076E-06   1.00000
FLUX 1204  9660.00        3.103442E+13   2.4865E-06   2.4865E-06   1.00000
FLUX 1205  9700.00        3.090644E+13   2.4656E-06   2.4656E-06   1.00000
FLUX 1206  9740.00        3.077952E+13   2.4451E-06   2.4451E-06   1.00000
FLUX 1207  9780.00        3.065363E+13   2.4247E-06   2.4248E-06   1.00000
FLUX 1208  9820.00        3.052877E+13   2.4047E-06   2.4047E-06   0.99999
FLUX 1209  9860.00        3.040492E+13   2.3848E-06   2.3849E-06   0.99999
FLUX 1210  9900.00        3.028207E+13   2.3653E-06   2.3653E-06   1.00000
FLUX 1211  9940.00        3.016021E+13   2.3459E-06   2.3459E-06   1.00000
FLUX 1212  9980.00        3.003933E+13   2.3268E-06   2.3268E-06   1.00000
FLUX 1213 10020.00        2.991941E+13   2.3080E-06   2.3080E-06   1.00000
FLUX 1214 20000.00        1.498963E+13   5.6292E-07   5.6292E-07   1.00000
FLUX 1215 40000.00        7.494813E+12   1.3632E-07   1.3632E-07   1.00000
FLUX 1216 60000.00        4.996542E+12   5.9441E-08   5.9441E-08   1.00000
FLUX 1217 80000.00        3.747406E+12   3.2982E-08   3.2982E-08   1.00000
FLUX 1218100000.00        2.997925E+12   2.0884E-08   2.0884E-08   1.00000
FLUX 1219120000.00        2.498271E+12   1.4376E-08   1.4376E-08   1.00000
FLUX 1220140000.00        2.141375E+12   1.0483E-08   1.0483E-08   1.00000
FLUX 1221160000.00        1.873703E+12   7.9731E-09   7.9731E-09   1.00000
FLUX
