TEFF  10250.  GRAVITY 4.00000 LTE 
TITLE  [+0.2] N(He)/Ntot=0.07828 VTURB=2.0  L/H=1.25 NOVER                      
FLUX    1     9.09        3.298047E+16   1.0000E-50   0.0000E+00   1.00000
FLUX    2     9.35        3.206337E+16   1.0000E-50   0.0000E+00   1.00000
FLUX    3     9.61        3.119589E+16   1.0000E-50   0.0000E+00   1.00000
FLUX    4     9.77        3.068501E+16   1.0000E-50   0.0000E+00   1.00000
FLUX    5     9.96        3.009965E+16   1.0000E-50   0.0000E+00   1.00000
FLUX    6    10.20        2.939142E+16   1.0000E-50   0.0000E+00   1.00000
FLUX    7    10.38        2.888174E+16   1.0000E-50   0.0000E+00   1.00000
FLUX    8    10.56        2.838944E+16   1.0000E-50   0.0000E+00   1.00000
FLUX    9    10.77        2.783589E+16   1.0000E-50   0.0000E+00   1.00000
FLUX   10    11.04        2.715512E+16   1.0000E-50   0.0000E+00   1.00000
FLUX   11    11.40        2.629759E+16   1.0000E-50   0.0000E+00   1.00000
FLUX   12    11.78        2.544928E+16   1.0000E-50   0.0000E+00   1.00000
FLUX   13    12.13        2.471496E+16   1.0000E-50   0.0000E+00   1.00000
FLUX   14    12.48        2.402183E+16   1.0000E-50   0.0000E+00   1.00000
FLUX   15    12.71        2.358714E+16   1.0000E-50   0.0000E+00   1.00000
FLUX   16    12.84        2.334833E+16   1.0000E-50   0.0000E+00   1.00000
FLUX   17    13.05        2.297261E+16   1.0000E-50   0.0000E+00   1.00000
FLUX   18    13.24        2.264294E+16   1.0000E-50   0.0000E+00   1.00000
FLUX   19    13.39        2.238928E+16   1.0000E-50   0.0000E+00   1.00000
FLUX   20    13.66        2.194674E+16   1.0000E-50   0.0000E+00   1.00000
FLUX   21    13.98        2.144438E+16   1.0000E-50   0.0000E+00   1.00000
FLUX   22    14.33        2.092062E+16   1.0000E-50   0.0000E+00   1.00000
FLUX   23    14.72        2.036634E+16   1.0000E-50   0.0000E+00   1.00000
FLUX   24    15.10        1.985381E+16   1.0000E-50   0.0000E+00   1.00000
FLUX   25    15.52        1.931653E+16   1.0000E-50   0.0000E+00   1.00000
FLUX   26    15.88        1.887862E+16   1.0000E-50   0.0000E+00   1.00000
FLUX   27    16.20        1.850571E+16   1.0000E-50   0.0000E+00   1.00000
FLUX   28    16.60        1.805979E+16   1.0000E-50   0.0000E+00   1.00000
FLUX   29    17.03        1.760379E+16   1.0000E-50   0.0000E+00   1.00000
FLUX   30    17.34        1.728907E+16   1.0000E-50   0.0000E+00   1.00000
FLUX   31    17.68        1.695659E+16   1.0000E-50   0.0000E+00   1.00000
FLUX   32    18.02        1.663665E+16   1.0000E-50   0.0000E+00   1.00000
FLUX   33    18.17        1.649931E+16   1.0000E-50   0.0000E+00   1.00000
FLUX   34    18.61        1.610922E+16   1.0000E-50   0.0000E+00   1.00000
FLUX   35    19.10        1.569594E+16   1.0000E-50   0.0000E+00   1.00000
FLUX   36    19.39        1.546119E+16   1.0000E-50   0.0000E+00   1.00000
FLUX   37    19.84        1.511051E+16   1.0000E-50   0.0000E+00   1.00000
FLUX   38    20.18        1.485592E+16   1.0000E-50   0.0000E+00   1.00000
FLUX   39    20.50        1.462402E+16   1.0000E-50   0.0000E+00   1.00000
FLUX   40    21.05        1.424192E+16   1.0000E-50   0.0000E+00   1.00000
FLUX   41    21.62        1.386644E+16   1.0000E-50   0.0000E+00   1.00000
FLUX   42    21.98        1.363933E+16   1.0000E-50   0.0000E+00   1.00000
FLUX   43    22.30        1.344361E+16   1.0000E-50   0.0000E+00   1.00000
FLUX   44    22.68        1.321836E+16   1.0000E-50   0.0000E+00   1.00000
FLUX   45    23.00        1.303446E+16   1.0000E-50   0.0000E+00   1.00000
FLUX   46    23.40        1.281165E+16   1.0000E-50   0.0000E+00   1.00000
FLUX   47    24.00        1.249135E+16   1.0000E-50   0.0000E+00   1.00000
FLUX   48    24.65        1.216197E+16   1.0000E-50   0.0000E+00   1.00000
FLUX   49    25.24        1.187767E+16   1.0000E-50   0.0000E+00   1.00000
FLUX   50    25.68        1.167416E+16   1.0000E-50   0.0000E+00   1.00000
FLUX   51    26.00        1.153048E+16   1.0000E-50   0.0000E+00   1.00000
FLUX   52    26.40        1.135578E+16   5.5189E-38   5.5347E-38   0.99715
FLUX   53    26.85        1.116546E+16   2.3061E-37   2.3122E-37   0.99733
FLUX   54    27.35        1.096133E+16   9.3654E-37   9.3900E-37   0.99738
FLUX   55    27.85        1.076454E+16   3.5653E-36   3.5742E-36   0.99750
FLUX   56    28.40        1.055607E+16   1.4611E-35   1.4646E-35   0.99758
FLUX   57    29.00        1.033767E+16   6.4212E-35   6.4361E-35   0.99768
FLUX   58    29.60        1.012813E+16   2.6591E-34   2.6650E-34   0.99776
FLUX   59    30.10        9.959884E+15   8.3836E-34   8.4064E-34   0.99729
FLUX   60    30.80        9.733523E+15   3.9496E-33   3.9578E-33   0.99793
FLUX   61    31.80        9.427437E+15   3.2449E-32   3.2452E-32   0.99990
FLUX   62    32.80        9.140015E+15   2.3663E-31   2.3663E-31   0.99997
FLUX   63    33.80        8.869601E+15   1.5457E-30   1.5458E-30   0.99997
FLUX   64    34.80        8.614727E+15   9.1557E-30   9.1560E-30   0.99997
FLUX   65    35.70        8.397549E+15   4.2157E-29   4.2165E-29   0.99981
FLUX   66    36.60        8.191052E+15   1.8043E-28   1.8044E-28   0.99998
FLUX   67    37.50        7.994467E+15   7.2200E-28   7.2256E-28   0.99923
FLUX   68    38.50        7.786818E+15   3.1458E-27   3.1462E-27   0.99988
FLUX   69    39.50        7.589684E+15   1.2755E-26   1.2765E-26   0.99921
FLUX   70    40.50        7.402284E+15   4.8541E-26   4.8546E-26   0.99990
FLUX   71    41.40        7.241365E+15   1.5342E-25   1.5343E-25   0.99993
FLUX   72    42.20        7.104088E+15   4.1060E-25   4.1066E-25   0.99983
FLUX   73    43.00        6.971919E+15   1.0578E-24   1.0613E-24   0.99674
FLUX   74    44.10        6.798016E+15   3.7102E-24   3.7113E-24   0.99972
FLUX   75    45.10        6.647284E+15   1.1001E-23   1.1003E-23   0.99985
FLUX   76    46.00        6.517228E+15   2.8151E-23   2.8152E-23   0.99997
FLUX   77    47.00        6.378564E+15   7.6752E-23   7.6794E-23   0.99945
FLUX   78    48.00        6.245677E+15   2.0103E-22   2.0106E-22   0.99985
FLUX   79    49.00        6.118214E+15   5.0741E-22   5.0742E-22   0.99997
FLUX   80    50.00        5.995850E+15   1.2342E-21   1.2342E-21   0.99999
FLUX   81    50.60        5.924753E+15   2.8020E-21   3.1719E-21   0.88339
FLUX   82    51.20        5.855322E+15   5.1235E-21   5.1725E-21   0.99051
FLUX   83    52.00        5.765240E+15   9.6479E-21   9.7314E-21   0.99142
FLUX   84    53.00        5.656462E+15   2.0834E-20   2.0902E-20   0.99676
FLUX   85    54.00        5.551713E+15   4.3313E-20   4.3700E-20   0.99115
FLUX   86    55.00        5.450773E+15   8.8956E-20   8.9081E-20   0.99860
FLUX   87    56.00        5.353438E+15   1.7713E-19   1.7721E-19   0.99956
FLUX   88    57.00        5.259518E+15   3.4464E-19   3.4465E-19   0.99998
FLUX   89    58.00        5.168836E+15   6.5082E-19   6.5585E-19   0.99234
FLUX   90    59.00        5.081229E+15   1.2200E-18   1.2211E-18   0.99907
FLUX   91    60.00        4.996542E+15   2.2255E-18   2.2282E-18   0.99883
FLUX   92    61.00        4.914631E+15   3.9882E-18   3.9882E-18   0.99998
FLUX   93    62.00        4.835363E+15   7.0073E-18   7.0085E-18   0.99982
FLUX   94    63.00        4.758611E+15   1.2098E-17   1.2098E-17   0.99994
FLUX   95    64.00        4.684258E+15   2.0533E-17   2.0556E-17   0.99891
FLUX   96    65.00        4.612192E+15   3.4367E-17   3.4371E-17   0.99990
FLUX   97    65.80        4.556117E+15   5.1280E-17   5.1283E-17   0.99995
FLUX   98    66.50        4.508158E+15   7.2159E-17   7.2211E-17   0.99927
FLUX   99    67.50        4.441370E+15   1.1622E-16   1.1630E-16   0.99928
FLUX  100    68.50        4.376533E+15   1.8461E-16   1.8470E-16   0.99947
FLUX  101    69.50        4.313561E+15   2.8932E-16   2.8933E-16   0.99997
FLUX  102    70.50        4.252376E+15   4.4709E-16   4.4767E-16   0.99869
FLUX  103    71.60        4.187046E+15   7.1386E-16   7.1393E-16   0.99990
FLUX  104    72.60        4.129373E+15   1.0778E-15   1.0778E-15   0.99999
FLUX  105    73.50        4.078810E+15   1.5463E-15   1.5465E-15   0.99990
FLUX  106    74.50        4.024060E+15   2.2845E-15   2.2852E-15   0.99968
FLUX  107    75.50        3.970762E+15   3.3399E-15   3.3410E-15   0.99965
FLUX  108    76.50        3.918856E+15   4.8349E-15   4.8367E-15   0.99964
FLUX  109    77.50        3.868290E+15   6.9371E-15   6.9387E-15   0.99978
FLUX  110    78.50        3.819013E+15   9.8608E-15   9.8609E-15   1.00000
FLUX  111    79.50        3.770975E+15   1.3866E-14   1.3886E-14   0.99855
FLUX  112    80.50        3.724130E+15   1.9363E-14   1.9378E-14   0.99918
FLUX  113    81.50        3.678436E+15   2.6813E-14   2.6817E-14   0.99986
FLUX  114    82.50        3.633848E+15   3.6809E-14   3.6812E-14   0.99990
FLUX  115    83.50        3.590329E+15   5.0136E-14   5.0173E-14   0.99926
FLUX  116    84.50        3.547840E+15   6.7865E-14   6.7867E-14   0.99997
FLUX  117    85.50        3.506345E+15   9.1120E-14   9.1128E-14   0.99991
FLUX  118    86.50        3.465809E+15   1.2147E-13   1.2147E-13   0.99999
FLUX  119    87.50        3.426200E+15   1.6074E-13   1.6082E-13   0.99950
FLUX  120    88.50        3.387486E+15   2.1151E-13   2.1151E-13   0.99998
FLUX  121    89.50        3.349637E+15   2.7652E-13   2.7652E-13   0.99999
FLUX  122    90.50        3.312624E+15   3.5909E-13   3.5934E-13   0.99928
FLUX  123    91.50        3.276421E+15   9.0276E-12   1.7288E-10   0.05222
FLUX  124    92.50        3.241000E+15   6.8023E-11   2.1272E-10   0.31977
FLUX  125    93.50        3.206337E+15   1.1065E-10   2.5631E-10   0.43172
FLUX  126    94.50        3.172407E+15   1.7803E-10   3.0550E-10   0.58275
FLUX  127    95.50        3.139188E+15   2.6467E-10   3.6214E-10   0.73085
FLUX  128    96.50        3.106658E+15   3.5049E-10   4.2466E-10   0.82533
FLUX  129    97.50        3.074795E+15   3.1688E-10   4.9314E-10   0.64257
FLUX  130    98.50        3.043579E+15   4.8798E-10   5.8169E-10   0.83890
FLUX  131    99.50        3.012990E+15   5.3459E-10   6.7434E-10   0.79275
FLUX  132   100.50        2.983010E+15   6.8007E-10   7.7730E-10   0.87492
FLUX  133   101.50        2.953621E+15   7.9652E-10   8.8688E-10   0.89811
FLUX  134   102.50        2.924805E+15   6.5207E-10   1.0614E-09   0.61437
FLUX  135   103.50        2.896546E+15   1.0530E-09   1.2184E-09   0.86420
FLUX  136   104.50        2.868828E+15   1.2792E-09   1.4018E-09   0.91257
FLUX  137   105.50        2.841635E+15   1.4912E-09   1.6117E-09   0.92524
FLUX  138   106.50        2.814953E+15   1.6394E-09   1.8568E-09   0.88291
FLUX  139   107.50        2.788767E+15   1.9646E-09   2.1418E-09   0.91724
FLUX  140   108.50        2.763065E+15   2.2594E-09   2.4673E-09   0.91574
FLUX  141   109.50        2.737831E+15   2.4498E-09   2.8312E-09   0.86527
FLUX  142   110.50        2.713054E+15   4.0975E-09   2.7079E-07   0.01513
FLUX  143   111.50        2.688722E+15   6.3226E-08   4.1730E-07   0.15151
FLUX  144   112.50        2.664822E+15   1.1176E-07   5.6503E-07   0.19779
FLUX  145   113.50        2.641344E+15   1.8167E-07   8.5566E-07   0.21231
FLUX  146   114.50        2.618275E+15   1.6489E-07   9.7068E-07   0.16987
FLUX  147   115.50        2.595606E+15   2.1942E-07   1.0248E-06   0.21410
FLUX  148   116.50        2.573326E+15   2.3600E-07   1.0056E-06   0.23468
FLUX  149   117.50        2.551426E+15   1.7849E-07   9.2113E-07   0.19377
FLUX  150   118.50        2.529895E+15   1.2124E-07   1.4667E-06   0.08266
FLUX  151   119.50        2.508724E+15   1.1211E-08   1.4929E-06   0.00751
FLUX  152   120.50        2.487905E+15   1.1544E-08   1.5054E-06   0.00767
FLUX  153   121.50        2.467428E+15   2.7001E-09   1.5080E-06   0.00179
FLUX  154   122.50        2.447286E+15   1.2073E-08   1.8574E-06   0.00650
FLUX  155   123.50        2.427470E+15   3.0501E-08   1.8456E-06   0.01653
FLUX  156   124.50        2.407972E+15   1.7896E-07   5.2926E-06   0.03381
FLUX  157   125.50        2.388785E+15   1.2368E-06   7.4941E-06   0.16503
FLUX  158   126.50        2.369901E+15   1.1958E-06   8.9305E-06   0.13390
FLUX  159   127.50        2.351314E+15   2.7736E-06   9.6660E-06   0.28695
FLUX  160   128.50        2.333016E+15   4.2082E-06   1.0275E-05   0.40955
FLUX  161   129.50        2.315000E+15   3.8396E-06   1.0633E-05   0.36108
FLUX  162   130.50        2.297261E+15   1.6939E-06   1.0930E-05   0.15498
FLUX  163   131.50        2.279791E+15   4.2763E-06   1.1133E-05   0.38411
FLUX  164   132.50        2.262585E+15   5.3408E-06   1.1299E-05   0.47268
FLUX  165   133.50        2.245637E+15   4.6790E-06   1.1429E-05   0.40939
FLUX  166   134.50        2.228941E+15   6.3940E-06   1.1526E-05   0.55473
FLUX  167   135.50        2.212491E+15   6.0650E-06   1.1612E-05   0.52229
FLUX  168   136.50        2.196282E+15   5.2701E-06   1.1702E-05   0.45035
FLUX  169   137.50        2.180309E+15   6.0980E-06   1.1778E-05   0.51776
FLUX  170   138.50        2.164567E+15   5.9024E-06   1.1843E-05   0.49840
FLUX  171   139.50        2.149050E+15   6.3146E-06   1.1897E-05   0.53076
FLUX  172   140.50        2.133754E+15   6.6064E-06   1.1946E-05   0.55300
FLUX  173   141.50        2.118675E+15   6.3542E-06   1.1989E-05   0.53001
FLUX  174   142.50        2.103807E+15   7.3924E-06   1.2099E-05   0.61100
FLUX  175   143.50        2.089146E+15   6.5729E-06   1.2135E-05   0.54162
FLUX  176   144.20        2.079005E+15   7.7464E-06   1.2160E-05   0.63703
FLUX  177   144.70        2.071821E+15   8.5627E-06   1.3035E-05   0.65689
FLUX  178   145.50        2.060430E+15   8.5821E-06   1.3061E-05   0.65708
FLUX  179   146.50        2.046365E+15   7.8160E-06   1.3090E-05   0.59710
FLUX  180   147.50        2.032492E+15   7.4900E-06   1.3114E-05   0.57113
FLUX  181   148.50        2.018805E+15   8.2918E-06   1.3134E-05   0.63131
FLUX  182   149.50        2.005301E+15   9.2821E-06   1.3151E-05   0.70581
FLUX  183   150.50        1.991977E+15   9.4366E-06   1.3164E-05   0.71687
FLUX  184   151.20        1.982755E+15   8.2300E-06   1.3172E-05   0.62483
FLUX  185   151.70        1.976220E+15   9.4271E-06   1.3996E-05   0.67356
FLUX  186   152.50        1.965852E+15   8.7590E-06   1.5936E-05   0.54964
FLUX  187   153.50        1.953046E+15   8.4658E-06   1.6593E-05   0.51021
FLUX  188   154.50        1.940405E+15   1.0573E-05   1.6629E-05   0.63581
FLUX  189   155.50        1.927926E+15   8.5297E-06   1.6663E-05   0.51188
FLUX  190   156.50        1.915607E+15   7.5381E-06   1.6697E-05   0.45148
FLUX  191   157.50        1.903444E+15   9.3039E-06   1.6749E-05   0.55550
FLUX  192   158.50        1.891435E+15   1.0837E-05   1.6778E-05   0.64587
FLUX  193   159.50        1.879577E+15   1.1787E-05   1.6807E-05   0.70133
FLUX  194   160.50        1.867866E+15   1.1131E-05   1.6834E-05   0.66121
FLUX  195   161.50        1.856300E+15   1.1162E-05   1.6860E-05   0.66206
FLUX  196   162.50        1.844877E+15   9.9430E-06   1.6893E-05   0.58858
FLUX  197   163.50        1.833593E+15   1.0507E-05   1.6918E-05   0.62108
FLUX  198   164.50        1.822447E+15   1.1631E-05   1.6942E-05   0.68653
FLUX  199   165.50        1.811435E+15   9.6020E-06   1.6965E-05   0.56600
FLUX  200   166.50        1.800556E+15   1.1579E-05   1.6988E-05   0.68163
FLUX  201   167.20        1.793017E+15   7.6797E-06   1.7003E-05   0.45166
FLUX  202   167.70        1.787671E+15   1.1150E-05   1.7247E-05   0.64647
FLUX  203   168.50        1.779184E+15   1.2773E-05   1.7382E-05   0.73486
FLUX  204   169.50        1.768687E+15   1.1650E-05   1.7402E-05   0.66946
FLUX  205   170.50        1.758314E+15   1.1069E-05   1.7421E-05   0.63535
FLUX  206   171.50        1.748061E+15   1.0927E-05   1.7450E-05   0.62621
FLUX  207   172.50        1.737928E+15   1.0872E-05   1.7469E-05   0.62235
FLUX  208   173.50        1.727911E+15   1.1913E-05   1.7488E-05   0.68120
FLUX  209   174.50        1.718009E+15   1.1836E-05   1.7508E-05   0.67606
FLUX  210   175.50        1.708219E+15   1.3474E-05   1.7527E-05   0.76877
FLUX  211   176.50        1.698541E+15   1.1126E-05   1.7546E-05   0.63410
FLUX  212   177.50        1.688972E+15   1.2781E-05   1.7564E-05   0.72768
FLUX  213   178.50        1.679510E+15   1.2885E-05   1.7583E-05   0.73281
FLUX  214   179.50        1.670153E+15   1.4616E-05   1.7602E-05   0.83037
FLUX  215   180.50        1.660900E+15   1.3866E-05   1.7621E-05   0.78693
FLUX  216   181.50        1.651749E+15   1.3890E-05   1.7640E-05   0.78740
FLUX  217   182.50        1.642699E+15   1.3386E-05   1.7660E-05   0.75797
FLUX  218   183.50        1.633747E+15   1.2957E-05   1.7682E-05   0.73277
FLUX  219   184.50        1.624892E+15   1.1921E-05   1.7704E-05   0.67336
FLUX  220   185.50        1.616132E+15   1.2841E-05   1.7727E-05   0.72439
FLUX  221   186.50        1.607466E+15   1.3073E-05   1.7749E-05   0.73653
FLUX  222   187.50        1.598893E+15   1.3984E-05   1.7774E-05   0.78676
FLUX  223   188.50        1.590411E+15   1.3763E-05   1.7797E-05   0.77331
FLUX  224   189.50        1.582018E+15   1.3851E-05   1.7820E-05   0.77728
FLUX  225   190.50        1.573714E+15   1.3231E-05   1.7843E-05   0.74149
FLUX  226   191.50        1.565496E+15   1.4066E-05   1.7878E-05   0.78676
FLUX  227   192.50        1.557364E+15   1.4357E-05   1.7902E-05   0.80200
FLUX  228   193.50        1.549315E+15   1.4064E-05   1.7926E-05   0.78458
FLUX  229   194.50        1.541350E+15   1.4939E-05   1.7950E-05   0.83225
FLUX  230   195.50        1.533465E+15   1.4782E-05   1.7974E-05   0.82240
FLUX  231   196.70        1.524110E+15   1.5765E-05   1.8004E-05   0.87562
FLUX  232   197.60        1.517169E+15   1.5840E-05   1.8033E-05   0.87835
FLUX  233   198.40        1.511051E+15   1.5280E-05   1.8056E-05   0.84624
FLUX  234   199.50        1.502719E+15   1.4850E-05   1.8087E-05   0.82099
FLUX  235   200.50        1.495224E+15   1.4891E-05   1.8113E-05   0.82207
FLUX  236   201.50        1.487804E+15   1.4072E-05   1.8140E-05   0.77577
FLUX  237   202.50        1.480457E+15   1.4565E-05   1.8166E-05   0.80177
FLUX  238   203.50        1.473182E+15   1.4891E-05   1.8193E-05   0.81850
FLUX  239   204.50        1.465978E+15   1.5702E-05   1.8221E-05   0.86177
FLUX  240   205.50        1.458844E+15   1.4951E-05   1.8249E-05   0.81929
FLUX  241   206.50        1.451780E+15   1.4831E-05   1.8277E-05   0.81146
FLUX  242   207.40        1.445480E+15   1.5902E-05   1.8303E-05   0.86884
FLUX  243   207.80        1.442697E+15   1.6320E-05   1.8363E-05   0.88875
FLUX  244   208.50        1.437854E+15   1.6163E-05   1.8384E-05   0.87920
FLUX  245   209.50        1.430990E+15   1.5616E-05   1.8414E-05   0.84808
FLUX  246   210.50        1.424192E+15   1.5255E-05   1.8444E-05   0.82710
FLUX  247   211.50        1.417459E+15   1.5372E-05   1.8474E-05   0.83205
FLUX  248   212.50        1.410788E+15   1.5793E-05   1.8505E-05   0.85344
FLUX  249   213.50        1.404180E+15   1.3388E-05   1.8536E-05   0.72224
FLUX  250   214.50        1.397634E+15   1.5164E-05   1.8568E-05   0.81666
FLUX  251   215.50        1.391148E+15   1.5627E-05   1.8600E-05   0.84015
FLUX  252   216.50        1.384723E+15   1.4892E-05   1.8632E-05   0.79924
FLUX  253   217.50        1.378356E+15   1.4726E-05   1.8665E-05   0.78898
FLUX  254   218.50        1.372048E+15   1.4825E-05   1.8698E-05   0.79289
FLUX  255   219.50        1.365797E+15   1.5878E-05   1.8731E-05   0.84769
FLUX  256   220.50        1.359603E+15   1.5267E-05   1.8765E-05   0.81357
FLUX  257   221.50        1.353465E+15   1.4016E-05   1.8799E-05   0.74559
FLUX  258   222.50        1.347382E+15   1.3723E-05   1.8834E-05   0.72863
FLUX  259   223.50        1.341353E+15   1.5499E-05   1.8868E-05   0.82144
FLUX  260   224.50        1.335379E+15   1.3957E-05   1.8904E-05   0.73832
FLUX  261   225.50        1.329457E+15   1.3675E-05   1.8941E-05   0.72199
FLUX  262   226.50        1.323587E+15   1.4106E-05   1.8977E-05   0.74335
FLUX  263   227.50        1.317769E+15   1.5070E-05   1.9013E-05   0.79263
FLUX  264   228.50        1.312002E+15   1.5693E-05   1.9049E-05   0.82379
FLUX  265   229.50        1.306285E+15   1.4873E-05   1.9086E-05   0.77927
FLUX  266   230.50        1.300618E+15   1.4462E-05   1.9123E-05   0.75625
FLUX  267   231.50        1.295000E+15   1.3924E-05   1.9160E-05   0.72672
FLUX  268   232.50        1.289430E+15   1.3952E-05   1.9198E-05   0.72677
FLUX  269   233.50        1.283908E+15   1.3081E-05   1.9236E-05   0.68000
FLUX  270   234.50        1.278433E+15   1.2243E-05   1.9274E-05   0.63518
FLUX  271   235.50        1.273004E+15   1.4214E-05   1.9313E-05   0.73601
FLUX  272   236.50        1.267622E+15   1.2443E-05   1.9352E-05   0.64298
FLUX  273   237.50        1.262284E+15   1.3385E-05   1.9391E-05   0.69026
FLUX  274   238.50        1.256992E+15   1.1755E-05   1.9430E-05   0.60500
FLUX  275   239.50        1.251743E+15   1.3273E-05   1.9470E-05   0.68170
FLUX  276   240.50        1.246538E+15   1.2590E-05   1.9510E-05   0.64532
FLUX  277   241.50        1.241377E+15   1.3170E-05   1.9550E-05   0.67366
FLUX  278   242.50        1.236258E+15   1.4269E-05   1.9591E-05   0.72835
FLUX  279   243.50        1.231181E+15   1.3682E-05   1.9632E-05   0.69696
FLUX  280   244.50        1.226145E+15   1.4848E-05   1.9673E-05   0.75474
FLUX  281   245.50        1.221151E+15   1.4328E-05   1.9714E-05   0.72676
FLUX  282   246.50        1.216197E+15   1.4412E-05   1.9756E-05   0.72952
FLUX  283   247.50        1.211283E+15   1.3891E-05   1.9797E-05   0.70167
FLUX  284   248.50        1.206408E+15   1.4868E-05   1.9840E-05   0.74943
FLUX  285   249.50        1.201573E+15   1.4392E-05   1.9882E-05   0.72390
FLUX  286   250.50        1.196776E+15   1.6126E-05   1.9925E-05   0.80936
FLUX  287   251.30        1.192967E+15   1.4355E-05   1.9959E-05   0.71922
FLUX  288   251.80        1.190598E+15   1.4789E-05   1.9999E-05   0.73950
FLUX  289   252.50        1.187297E+15   1.3761E-05   2.0029E-05   0.68706
FLUX  290   253.50        1.182613E+15   1.3734E-05   2.0073E-05   0.68419
FLUX  291   254.50        1.177967E+15   1.3770E-05   2.0118E-05   0.68448
FLUX  292   255.50        1.173356E+15   1.4861E-05   2.0163E-05   0.73705
FLUX  293   256.50        1.168782E+15   1.4813E-05   2.0208E-05   0.73303
FLUX  294   257.50        1.164243E+15   1.6068E-05   2.0254E-05   0.79332
FLUX  295   258.50        1.159739E+15   1.6097E-05   2.0299E-05   0.79297
FLUX  296   259.50        1.155270E+15   1.5816E-05   2.0345E-05   0.77740
FLUX  297   260.50        1.150835E+15   1.5195E-05   2.0391E-05   0.74517
FLUX  298   261.50        1.146434E+15   1.5165E-05   2.0437E-05   0.74202
FLUX  299   262.50        1.142067E+15   1.6274E-05   2.0483E-05   0.79450
FLUX  300   263.50        1.137732E+15   1.6458E-05   2.0529E-05   0.80171
FLUX  301   264.50        1.133431E+15   1.8469E-05   2.0575E-05   0.89765
FLUX  302   265.50        1.129162E+15   1.8273E-05   2.0622E-05   0.88611
FLUX  303   266.50        1.124925E+15   1.6676E-05   2.0668E-05   0.80683
FLUX  304   267.50        1.120720E+15   1.7665E-05   2.0714E-05   0.85276
FLUX  305   268.50        1.116546E+15   1.7493E-05   2.0761E-05   0.84258
FLUX  306   269.50        1.112403E+15   1.6980E-05   2.0808E-05   0.81605
FLUX  307   270.50        1.108290E+15   1.7600E-05   2.0855E-05   0.84393
FLUX  308   271.50        1.104208E+15   1.6797E-05   2.0902E-05   0.80363
FLUX  309   272.50        1.100156E+15   1.7116E-05   2.0949E-05   0.81703
FLUX  310   273.50        1.096133E+15   1.8593E-05   2.0996E-05   0.88556
FLUX  311   274.50        1.092140E+15   1.5762E-05   2.1043E-05   0.74902
FLUX  312   275.50        1.088176E+15   1.5984E-05   2.1090E-05   0.75787
FLUX  313   276.50        1.084241E+15   1.6587E-05   2.1138E-05   0.78472
FLUX  314   277.50        1.080333E+15   1.8025E-05   2.1185E-05   0.85083
FLUX  315   278.50        1.076454E+15   1.7716E-05   2.1232E-05   0.83436
FLUX  316   279.50        1.072603E+15   1.3478E-05   2.1280E-05   0.63336
FLUX  317   280.50        1.068779E+15   1.5412E-05   2.1327E-05   0.72263
FLUX  318   281.50        1.064982E+15   1.8821E-05   2.1374E-05   0.88055
FLUX  319   282.50        1.061212E+15   1.9313E-05   2.1422E-05   0.90155
FLUX  320   283.50        1.057469E+15   1.8535E-05   2.1469E-05   0.86331
FLUX  321   284.50        1.053752E+15   1.7942E-05   2.1516E-05   0.83389
FLUX  322   285.50        1.050061E+15   1.7535E-05   2.1564E-05   0.81318
FLUX  323   286.50        1.046396E+15   1.8885E-05   2.1611E-05   0.87383
FLUX  324   287.50        1.042757E+15   1.8373E-05   2.1659E-05   0.84830
FLUX  325   288.50        1.039142E+15   1.8879E-05   2.1706E-05   0.86973
FLUX  326   289.50        1.035553E+15   1.8159E-05   2.1754E-05   0.83477
FLUX  327   291.00        1.030215E+15   2.0327E-05   2.1825E-05   0.93136
FLUX  328   293.00        1.023183E+15   1.9688E-05   2.1919E-05   0.89818
FLUX  329   295.00        1.016246E+15   1.9890E-05   2.2014E-05   0.90351
FLUX  330   297.00        1.009402E+15   2.0405E-05   2.2108E-05   0.92297
FLUX  331   299.00        1.002651E+15   2.0734E-05   2.2202E-05   0.93387
FLUX  332   301.00        9.959884E+14   2.1328E-05   2.2295E-05   0.95660
FLUX  333   303.00        9.894142E+14   2.1254E-05   2.2389E-05   0.94933
FLUX  334   305.00        9.829262E+14   2.1228E-05   2.2482E-05   0.94424
FLUX  335   307.00        9.765228E+14   2.1200E-05   2.2574E-05   0.93914
FLUX  336   309.00        9.702023E+14   2.1707E-05   2.2666E-05   0.95769
FLUX  337   311.00        9.639630E+14   2.1366E-05   2.2758E-05   0.93885
FLUX  338   313.00        9.578035E+14   2.1476E-05   2.2850E-05   0.93987
FLUX  339   315.00        9.517222E+14   2.1979E-05   2.2941E-05   0.95808
FLUX  340   317.00        9.457177E+14   2.2022E-05   2.3032E-05   0.95616
FLUX  341   319.00        9.397884E+14   2.1449E-05   2.3123E-05   0.92763
FLUX  342   321.00        9.339330E+14   2.2087E-05   2.3213E-05   0.95148
FLUX  343   323.00        9.281502E+14   2.1862E-05   2.3303E-05   0.93820
FLUX  344   325.00        9.224385E+14   2.2252E-05   2.3392E-05   0.95128
FLUX  345   327.00        9.167966E+14   2.2485E-05   2.3480E-05   0.95764
FLUX  346   329.00        9.112234E+14   2.2837E-05   2.3568E-05   0.96898
FLUX  347   331.00        9.057175E+14   2.3105E-05   2.3654E-05   0.97678
FLUX  348   333.00        9.002778E+14   2.2838E-05   2.3740E-05   0.96201
FLUX  349   335.00        8.949030E+14   2.2716E-05   2.3825E-05   0.95344
FLUX  350   337.00        8.895920E+14   2.2923E-05   2.3910E-05   0.95875
FLUX  351   339.00        8.843437E+14   2.2949E-05   2.3994E-05   0.95645
FLUX  352   341.00        8.791569E+14   2.3503E-05   2.4077E-05   0.97617
FLUX  353   343.00        8.740306E+14   2.3626E-05   2.4159E-05   0.97795
FLUX  354   345.00        8.689638E+14   2.3684E-05   2.4240E-05   0.97705
FLUX  355   347.00        8.639553E+14   2.3600E-05   2.4321E-05   0.97035
FLUX  356   349.00        8.590043E+14   2.3695E-05   2.4400E-05   0.97111
FLUX  357   351.00        8.541097E+14   2.4083E-05   2.4479E-05   0.98381
FLUX  358   353.00        8.492705E+14   2.4318E-05   2.4557E-05   0.99025
FLUX  359   355.00        8.444859E+14   2.4489E-05   2.4634E-05   0.99410
FLUX  360   357.00        8.397549E+14   2.4308E-05   2.4710E-05   0.98373
FLUX  361   359.00        8.350766E+14   2.4402E-05   2.4786E-05   0.98452
FLUX  362   361.00        8.304501E+14   2.4510E-05   2.4861E-05   0.98590
FLUX  363   363.00        8.258747E+14   2.4609E-05   2.4934E-05   0.98697
FLUX  364   364.00        8.236058E+14   2.4603E-05   2.4971E-05   0.98528
FLUX  365   365.00        8.213493E+14   2.5205E-05   8.4404E-05   0.29862
FLUX  366   367.00        8.168733E+14   2.5297E-05   8.3980E-05   0.30123
FLUX  367   369.00        8.124458E+14   2.4600E-05   8.3613E-05   0.29422
FLUX  368   371.00        8.080660E+14   2.5207E-05   8.3194E-05   0.30299
FLUX  369   373.00        8.037332E+14   2.5963E-05   8.2777E-05   0.31365
FLUX  370   375.00        7.994467E+14   3.3503E-05   8.2362E-05   0.40678
FLUX  371   377.00        7.952056E+14   3.6387E-05   8.1953E-05   0.44401
FLUX  372   379.00        7.910092E+14   4.6191E-05   8.1544E-05   0.56645
FLUX  373   381.00        7.868570E+14   5.4396E-05   8.1137E-05   0.67042
FLUX  374   383.00        7.827480E+14   4.2995E-05   8.0734E-05   0.53256
FLUX  375   385.00        7.786818E+14   6.0298E-05   8.0332E-05   0.75061
FLUX  376   387.00        7.746576E+14   6.8711E-05   7.9932E-05   0.85962
FLUX  377   389.00        7.706748E+14   3.8459E-05   7.9536E-05   0.48355
FLUX  378   391.00        7.667327E+14   6.8986E-05   7.9141E-05   0.87167
FLUX  379   393.00        7.628308E+14   7.1469E-05   7.8750E-05   0.90755
FLUX  380   395.00        7.589684E+14   7.0017E-05   7.8361E-05   0.89352
FLUX  381   397.00        7.551448E+14   3.7928E-05   7.7975E-05   0.48642
FLUX  382   399.00        7.513596E+14   6.8228E-05   7.7591E-05   0.87933
FLUX  383   401.00        7.476122E+14   7.4292E-05   7.7211E-05   0.96220
FLUX  384   403.00        7.439020E+14   7.4156E-05   7.6833E-05   0.96515
FLUX  385   405.00        7.402284E+14   7.4329E-05   7.6458E-05   0.97214
FLUX  386   407.00        7.365909E+14   7.1963E-05   7.6086E-05   0.94580
FLUX  387   409.00        7.329890E+14   5.7575E-05   7.5717E-05   0.76040
FLUX  388   411.00        7.294221E+14   4.3934E-05   7.5350E-05   0.58307
FLUX  389   413.00        7.258898E+14   6.9575E-05   7.4988E-05   0.92782
FLUX  390   415.00        7.223916E+14   7.2834E-05   7.4628E-05   0.97596
FLUX  391   417.00        7.189269E+14   7.2472E-05   7.4270E-05   0.97579
FLUX  392   419.00        7.154952E+14   7.2426E-05   7.3915E-05   0.97986
FLUX  393   421.00        7.120962E+14   7.2295E-05   7.3562E-05   0.98278
FLUX  394   423.00        7.087293E+14   7.1506E-05   7.3212E-05   0.97669
FLUX  395   425.00        7.053941E+14   7.1083E-05   7.2865E-05   0.97555
FLUX  396   427.00        7.020902E+14   7.0215E-05   7.2519E-05   0.96823
FLUX  397   429.00        6.988170E+14   7.0337E-05   7.2176E-05   0.97452
FLUX  398   431.00        6.955742E+14   6.7281E-05   7.1836E-05   0.93659
FLUX  399   433.00        6.923614E+14   5.1664E-05   7.1498E-05   0.72259
FLUX  400   435.00        6.891782E+14   4.4110E-05   7.1162E-05   0.61985
FLUX  401   437.00        6.860240E+14   6.6834E-05   7.0829E-05   0.94359
FLUX  402   439.00        6.828986E+14   6.7754E-05   7.0498E-05   0.96108
FLUX  403   441.00        6.798016E+14   6.8298E-05   7.0169E-05   0.97334
FLUX  404   443.00        6.767325E+14   6.8087E-05   6.9841E-05   0.97488
FLUX  405   445.00        6.736910E+14   6.8580E-05   6.9517E-05   0.98653
FLUX  406   447.00        6.706767E+14   6.8059E-05   6.9194E-05   0.98359
FLUX  407   449.00        6.676893E+14   6.6935E-05   6.8873E-05   0.97185
FLUX  408   451.00        6.647284E+14   6.7550E-05   6.8555E-05   0.98534
FLUX  409   453.00        6.617936E+14   6.6985E-05   6.8239E-05   0.98162
FLUX  410   455.00        6.588846E+14   6.5972E-05   6.7926E-05   0.97124
FLUX  411   457.00        6.560011E+14   6.6839E-05   6.7614E-05   0.98853
FLUX  412   459.00        6.531427E+14   6.5934E-05   6.7305E-05   0.97962
FLUX  413   461.00        6.503091E+14   6.6774E-05   6.6998E-05   0.99665
FLUX  414   463.00        6.475000E+14   6.5384E-05   6.6694E-05   0.98037
FLUX  415   465.00        6.447151E+14   6.6116E-05   6.6391E-05   0.99587
FLUX  416   467.00        6.419540E+14   6.5618E-05   6.6090E-05   0.99286
FLUX  417   469.00        6.392164E+14   6.4870E-05   6.5791E-05   0.98599
FLUX  418   471.00        6.365021E+14   6.3436E-05   6.5495E-05   0.96856
FLUX  419   473.00        6.338108E+14   6.4794E-05   6.5201E-05   0.99376
FLUX  420   475.00        6.311421E+14   6.4463E-05   6.4908E-05   0.99315
FLUX  421   477.00        6.284958E+14   6.4213E-05   6.4618E-05   0.99374
FLUX  422   479.00        6.258716E+14   6.3790E-05   6.4329E-05   0.99163
FLUX  423   481.00        6.232692E+14   6.2903E-05   6.4043E-05   0.98220
FLUX  424   483.00        6.206884E+14   6.0871E-05   6.3758E-05   0.95472
FLUX  425   485.00        6.181289E+14   4.8050E-05   6.3477E-05   0.75696
FLUX  426   487.00        6.155903E+14   3.8975E-05   6.3196E-05   0.61674
FLUX  427   489.00        6.130726E+14   5.8928E-05   6.2917E-05   0.93659
FLUX  428   491.00        6.105754E+14   6.1355E-05   6.2640E-05   0.97949
FLUX  429   493.00        6.080984E+14   6.1064E-05   6.2365E-05   0.97914
FLUX  430   495.00        6.056414E+14   6.1496E-05   6.2091E-05   0.99042
FLUX  431   497.00        6.032042E+14   6.1538E-05   6.1820E-05   0.99544
FLUX  432   499.00        6.007866E+14   6.1079E-05   6.1550E-05   0.99234
FLUX  433   501.00        5.983882E+14   5.9967E-05   6.1282E-05   0.97853
FLUX  434   503.00        5.960089E+14   6.0242E-05   6.1016E-05   0.98732
FLUX  435   505.00        5.936485E+14   5.9560E-05   6.0752E-05   0.98038
FLUX  436   507.00        5.913067E+14   6.0013E-05   6.0489E-05   0.99213
FLUX  437   509.00        5.889833E+14   5.9768E-05   6.0229E-05   0.99235
FLUX  438   511.00        5.866781E+14   5.9406E-05   5.9969E-05   0.99061
FLUX  439   513.00        5.843908E+14   5.9266E-05   5.9712E-05   0.99254
FLUX  440   515.00        5.821214E+14   5.8693E-05   5.9456E-05   0.98717
FLUX  441   517.00        5.798694E+14   5.7934E-05   5.9202E-05   0.97859
FLUX  442   519.00        5.776349E+14   5.7849E-05   5.8949E-05   0.98133
FLUX  443   521.00        5.754175E+14   5.7976E-05   5.8699E-05   0.98768
FLUX  444   523.00        5.732170E+14   5.7288E-05   5.8450E-05   0.98012
FLUX  445   525.00        5.710333E+14   5.7691E-05   5.8203E-05   0.99121
FLUX  446   527.00        5.688662E+14   5.6640E-05   5.7957E-05   0.97727
FLUX  447   529.00        5.667155E+14   5.7303E-05   5.7714E-05   0.99289
FLUX  448   531.00        5.645810E+14   5.6497E-05   5.7472E-05   0.98304
FLUX  449   533.00        5.624625E+14   5.6392E-05   5.7231E-05   0.98534
FLUX  450   535.00        5.603598E+14   5.6692E-05   5.6992E-05   0.99474
FLUX  451   537.00        5.582728E+14   5.6316E-05   5.6755E-05   0.99227
FLUX  452   539.00        5.562013E+14   5.6095E-05   5.6520E-05   0.99247
FLUX  453   541.00        5.541451E+14   5.5629E-05   5.6286E-05   0.98833
FLUX  454   543.00        5.521041E+14   5.5561E-05   5.6053E-05   0.99123
FLUX  455   545.00        5.500780E+14   5.5543E-05   5.5822E-05   0.99501
FLUX  456   547.00        5.480667E+14   5.5249E-05   5.5592E-05   0.99384
FLUX  457   549.00        5.460701E+14   5.5075E-05   5.5363E-05   0.99480
FLUX  458   551.00        5.440880E+14   5.4815E-05   5.5136E-05   0.99418
FLUX  459   553.00        5.421203E+14   5.4586E-05   5.4910E-05   0.99409
FLUX  460   555.00        5.401667E+14   5.4477E-05   5.4686E-05   0.99617
FLUX  461   557.00        5.382271E+14   5.4231E-05   5.4463E-05   0.99574
FLUX  462   559.00        5.363014E+14   5.4061E-05   5.4242E-05   0.99667
FLUX  463   561.00        5.343895E+14   5.3931E-05   5.4022E-05   0.99832
FLUX  464   563.00        5.324911E+14   5.3714E-05   5.3804E-05   0.99833
FLUX  465   565.00        5.306062E+14   5.3374E-05   5.3587E-05   0.99604
FLUX  466   567.00        5.287346E+14   5.3190E-05   5.3371E-05   0.99662
FLUX  467   569.00        5.268761E+14   5.3055E-05   5.3156E-05   0.99809
FLUX  468   571.00        5.250306E+14   5.2866E-05   5.2943E-05   0.99854
FLUX  469   573.00        5.231981E+14   5.2685E-05   5.2731E-05   0.99912
FLUX  470   575.00        5.213783E+14   5.2426E-05   5.2521E-05   0.99819
FLUX  471   577.00        5.195711E+14   5.2239E-05   5.2312E-05   0.99861
FLUX  472   579.00        5.177763E+14   5.1971E-05   5.2104E-05   0.99746
FLUX  473   581.00        5.159940E+14   5.1809E-05   5.1898E-05   0.99830
FLUX  474   583.00        5.142238E+14   5.1613E-05   5.1692E-05   0.99847
FLUX  475   585.00        5.124658E+14   5.1434E-05   5.1488E-05   0.99894
FLUX  476   587.00        5.107198E+14   5.1117E-05   5.1285E-05   0.99672
FLUX  477   589.00        5.089856E+14   5.0691E-05   5.1084E-05   0.99230
FLUX  478   591.00        5.072631E+14   5.0808E-05   5.0884E-05   0.99852
FLUX  479   593.00        5.055523E+14   5.0642E-05   5.0685E-05   0.99916
FLUX  480   595.00        5.038529E+14   5.0280E-05   5.0487E-05   0.99591
FLUX  481   597.00        5.021650E+14   5.0188E-05   5.0291E-05   0.99796
FLUX  482   599.00        5.004883E+14   4.9883E-05   5.0095E-05   0.99576
FLUX  483   601.00        4.988228E+14   4.9786E-05   4.9901E-05   0.99769
FLUX  484   603.00        4.971683E+14   4.9658E-05   4.9708E-05   0.99899
FLUX  485   605.00        4.955248E+14   4.9420E-05   4.9517E-05   0.99804
FLUX  486   607.00        4.938921E+14   4.9269E-05   4.9327E-05   0.99881
FLUX  487   609.00        4.922701E+14   4.9079E-05   4.9138E-05   0.99879
FLUX  488   611.00        4.906588E+14   4.8893E-05   4.8951E-05   0.99883
FLUX  489   613.00        4.890579E+14   4.8677E-05   4.8764E-05   0.99822
FLUX  490   615.00        4.874675E+14   4.7942E-05   4.8579E-05   0.98688
FLUX  491   617.00        4.858874E+14   4.8286E-05   4.8394E-05   0.99777
FLUX  492   619.00        4.843174E+14   4.8169E-05   4.8211E-05   0.99914
FLUX  493   621.00        4.827576E+14   4.7988E-05   4.8029E-05   0.99916
FLUX  494   623.00        4.812079E+14   4.7767E-05   4.7847E-05   0.99833
FLUX  495   625.00        4.796680E+14   4.7286E-05   4.7667E-05   0.99201
FLUX  496   627.00        4.781380E+14   4.7455E-05   4.7489E-05   0.99929
FLUX  497   629.00        4.766176E+14   4.7274E-05   4.7310E-05   0.99923
FLUX  498   631.00        4.751070E+14   4.7005E-05   4.7133E-05   0.99728
FLUX  499   633.00        4.736058E+14   4.6902E-05   4.6957E-05   0.99883
FLUX  500   635.00        4.721142E+14   4.6244E-05   4.6782E-05   0.98850
FLUX  501   637.00        4.706319E+14   4.6245E-05   4.6608E-05   0.99220
FLUX  502   639.00        4.691588E+14   4.6352E-05   4.6435E-05   0.99821
FLUX  503   641.00        4.676950E+14   4.6117E-05   4.6263E-05   0.99686
FLUX  504   643.00        4.662403E+14   4.6007E-05   4.6092E-05   0.99817
FLUX  505   645.00        4.647946E+14   4.5502E-05   4.5922E-05   0.99087
FLUX  506   647.00        4.633578E+14   4.5590E-05   4.5753E-05   0.99645
FLUX  507   649.00        4.619299E+14   4.5193E-05   4.5585E-05   0.99141
FLUX  508   651.00        4.605108E+14   4.4842E-05   4.5417E-05   0.98733
FLUX  509   653.00        4.591003E+14   4.3819E-05   4.5251E-05   0.96835
FLUX  510   655.00        4.576985E+14   3.8259E-05   4.5087E-05   0.84857
FLUX  511   657.00        4.563052E+14   3.0985E-05   4.4922E-05   0.68976
FLUX  512   659.00        4.549203E+14   4.2133E-05   4.4759E-05   0.94133
FLUX  513   661.00        4.535439E+14   4.3853E-05   4.4597E-05   0.98333
FLUX  514   663.00        4.521757E+14   4.4084E-05   4.4435E-05   0.99210
FLUX  515   665.00        4.508158E+14   4.4075E-05   4.4274E-05   0.99549
FLUX  516   667.00        4.494640E+14   4.3964E-05   4.4115E-05   0.99658
FLUX  517   669.00        4.481203E+14   4.3874E-05   4.3956E-05   0.99814
FLUX  518   671.00        4.467846E+14   4.3754E-05   4.3798E-05   0.99900
FLUX  519   673.00        4.454569E+14   4.3529E-05   4.3641E-05   0.99743
FLUX  520   675.00        4.441370E+14   4.3421E-05   4.3485E-05   0.99853
FLUX  521   677.00        4.428250E+14   4.3303E-05   4.3329E-05   0.99938
FLUX  522   679.00        4.415206E+14   4.3135E-05   4.3175E-05   0.99908
FLUX  523   681.00        4.402239E+14   4.2990E-05   4.3021E-05   0.99927
FLUX  524   683.00        4.389348E+14   4.2800E-05   4.2869E-05   0.99840
FLUX  525   685.00        4.376533E+14   4.2667E-05   4.2717E-05   0.99883
FLUX  526   687.00        4.363792E+14   4.2527E-05   4.2566E-05   0.99910
FLUX  527   689.00        4.351125E+14   4.2390E-05   4.2415E-05   0.99941
FLUX  528   691.00        4.338531E+14   4.2227E-05   4.2266E-05   0.99907
FLUX  529   693.00        4.326010E+14   4.2058E-05   4.2117E-05   0.99858
FLUX  530   695.00        4.313561E+14   4.1933E-05   4.1970E-05   0.99912
FLUX  531   697.00        4.301184E+14   4.1785E-05   4.1823E-05   0.99909
FLUX  532   699.00        4.288877E+14   4.1661E-05   4.1677E-05   0.99962
FLUX  533   701.00        4.276641E+14   4.1390E-05   4.1532E-05   0.99659
FLUX  534   703.00        4.264474E+14   4.1354E-05   4.1387E-05   0.99919
FLUX  535   705.00        4.252376E+14   4.1170E-05   4.1244E-05   0.99822
FLUX  536   707.00        4.240347E+14   4.1064E-05   4.1101E-05   0.99911
FLUX  537   709.00        4.228385E+14   4.0945E-05   4.0958E-05   0.99968
FLUX  538   711.00        4.216491E+14   4.0559E-05   4.0817E-05   0.99367
FLUX  539   713.00        4.204663E+14   4.0604E-05   4.0676E-05   0.99822
FLUX  540   715.00        4.192902E+14   4.0463E-05   4.0536E-05   0.99820
FLUX  541   717.00        4.181206E+14   4.0361E-05   4.0397E-05   0.99911
FLUX  542   719.00        4.169576E+14   4.0220E-05   4.0258E-05   0.99906
FLUX  543   721.00        4.158010E+14   4.0091E-05   4.0120E-05   0.99928
FLUX  544   723.00        4.146508E+14   3.9928E-05   3.9983E-05   0.99861
FLUX  545   725.00        4.135069E+14   3.9755E-05   3.9847E-05   0.99769
FLUX  546   727.00        4.123693E+14   3.9684E-05   3.9712E-05   0.99931
FLUX  547   729.00        4.112380E+14   3.9525E-05   3.9577E-05   0.99870
FLUX  548   731.00        4.101129E+14   3.9385E-05   3.9443E-05   0.99851
FLUX  549   733.00        4.089939E+14   3.9276E-05   3.9310E-05   0.99913
FLUX  550   735.00        4.078810E+14   3.9162E-05   3.9177E-05   0.99961
FLUX  551   737.00        4.067741E+14   3.9036E-05   3.9045E-05   0.99976
FLUX  552   739.00        4.056732E+14   3.8887E-05   3.8914E-05   0.99933
FLUX  553   741.00        4.045783E+14   3.8734E-05   3.8783E-05   0.99874
FLUX  554   743.00        4.034892E+14   3.8480E-05   3.8653E-05   0.99553
FLUX  555   745.00        4.024060E+14   3.8418E-05   3.8524E-05   0.99726
FLUX  556   747.00        4.013286E+14   3.8185E-05   3.8395E-05   0.99452
FLUX  557   749.00        4.002570E+14   3.8160E-05   3.8267E-05   0.99721
FLUX  558   751.00        3.991911E+14   3.8055E-05   3.8140E-05   0.99779
FLUX  559   753.00        3.981308E+14   3.7981E-05   3.8013E-05   0.99917
FLUX  560   755.00        3.970762E+14   3.7873E-05   3.7887E-05   0.99963
FLUX  561   757.00        3.960271E+14   3.7743E-05   3.7762E-05   0.99952
FLUX  562   759.00        3.949835E+14   3.7617E-05   3.7637E-05   0.99947
FLUX  563   761.00        3.939455E+14   3.7508E-05   3.7513E-05   0.99987
FLUX  564   763.00        3.929128E+14   3.7372E-05   3.7389E-05   0.99954
FLUX  565   765.00        3.918856E+14   3.7226E-05   3.7266E-05   0.99893
FLUX  566   767.00        3.908638E+14   3.7099E-05   3.7144E-05   0.99879
FLUX  567   769.00        3.898472E+14   3.6987E-05   3.7022E-05   0.99905
FLUX  568   771.00        3.888359E+14   3.6850E-05   3.6901E-05   0.99861
FLUX  569   773.00        3.878299E+14   3.6763E-05   3.6781E-05   0.99951
FLUX  570   775.00        3.868290E+14   3.6639E-05   3.6661E-05   0.99939
FLUX  571   777.00        3.858333E+14   3.5806E-05   3.6542E-05   0.97986
FLUX  572   779.00        3.848427E+14   3.6407E-05   3.6424E-05   0.99955
FLUX  573   781.00        3.838572E+14   3.6297E-05   3.6306E-05   0.99977
FLUX  574   783.00        3.828768E+14   3.6154E-05   3.6188E-05   0.99905
FLUX  575   785.00        3.819013E+14   3.5976E-05   3.6071E-05   0.99734
FLUX  576   787.00        3.809307E+14   3.5756E-05   3.5955E-05   0.99445
FLUX  577   789.00        3.799651E+14   3.5555E-05   3.5840E-05   0.99205
FLUX  578   791.00        3.790044E+14   3.5644E-05   3.5724E-05   0.99773
FLUX  579   793.00        3.780485E+14   3.5575E-05   3.5610E-05   0.99902
FLUX  580   795.00        3.770975E+14   3.5271E-05   3.5496E-05   0.99365
FLUX  581   797.00        3.761512E+14   3.5372E-05   3.5383E-05   0.99970
FLUX  582   799.00        3.752096E+14   3.4839E-05   3.5270E-05   0.98779
FLUX  583   801.00        3.742728E+14   3.5138E-05   3.5157E-05   0.99944
FLUX  584   803.00        3.733406E+14   3.5016E-05   3.5046E-05   0.99915
FLUX  585   805.00        3.724130E+14   3.4914E-05   3.4934E-05   0.99942
FLUX  586   807.00        3.714901E+14   3.4793E-05   3.4824E-05   0.99912
FLUX  587   809.00        3.705717E+14   3.4687E-05   3.4713E-05   0.99925
FLUX  588   811.00        3.696578E+14   3.4572E-05   3.4604E-05   0.99909
FLUX  589   813.00        3.687485E+14   3.4484E-05   3.4494E-05   0.99970
FLUX  590   815.00        3.678436E+14   3.4377E-05   3.4386E-05   0.99974
FLUX  591   817.00        3.669431E+14   3.4273E-05   3.4278E-05   0.99986
FLUX  592   819.00        3.660470E+14   3.3991E-05   3.4170E-05   0.99474
FLUX  593   821.00        3.651553E+14   3.4001E-05   4.1493E-05   0.81945
FLUX  594   823.00        3.642679E+14   3.3845E-05   4.1344E-05   0.81863
FLUX  595   825.00        3.633848E+14   3.3916E-05   4.1196E-05   0.82328
FLUX  596   827.00        3.625060E+14   3.4014E-05   4.1049E-05   0.82861
FLUX  597   829.00        3.616315E+14   3.3869E-05   4.0903E-05   0.82803
FLUX  598   831.00        3.607611E+14   3.3829E-05   4.0758E-05   0.83000
FLUX  599   833.00        3.598950E+14   3.3605E-05   4.0613E-05   0.82744
FLUX  600   835.00        3.590329E+14   3.3633E-05   4.0469E-05   0.83107
FLUX  601   837.00        3.581750E+14   3.3544E-05   4.0326E-05   0.83181
FLUX  602   839.00        3.573212E+14   3.3395E-05   4.0184E-05   0.83106
FLUX  603   841.00        3.564715E+14   3.3204E-05   4.0042E-05   0.82923
FLUX  604   843.00        3.556257E+14   3.3042E-05   3.9901E-05   0.82810
FLUX  605   845.00        3.547840E+14   3.2536E-05   3.9761E-05   0.81828
FLUX  606   847.00        3.539463E+14   3.2345E-05   3.9622E-05   0.81634
FLUX  607   849.00        3.531125E+14   3.2846E-05   3.9483E-05   0.83188
FLUX  608   851.00        3.522826E+14   3.1491E-05   3.9345E-05   0.80036
FLUX  609   853.00        3.514566E+14   3.3019E-05   3.9208E-05   0.84214
FLUX  610   855.00        3.506345E+14   3.0054E-05   3.9072E-05   0.76920
FLUX  611   857.00        3.498162E+14   3.3532E-05   3.8936E-05   0.86120
FLUX  612   859.00        3.490017E+14   3.1131E-05   3.8801E-05   0.80232
FLUX  613   861.00        3.481911E+14   3.0500E-05   3.8667E-05   0.78879
FLUX  614   863.00        3.473841E+14   3.4201E-05   3.8533E-05   0.88756
FLUX  615   865.00        3.465809E+14   3.2705E-05   3.8401E-05   0.85168
FLUX  616   867.00        3.457814E+14   2.7283E-05   3.8268E-05   0.71294
FLUX  617   869.00        3.449856E+14   3.3653E-05   3.8137E-05   0.88241
FLUX  618   871.00        3.441935E+14   3.5284E-05   3.8006E-05   0.92839
FLUX  619   873.00        3.434049E+14   3.3762E-05   3.7876E-05   0.89138
FLUX  620   875.00        3.426200E+14   2.6442E-05   3.7747E-05   0.70051
FLUX  621   877.00        3.418387E+14   3.2172E-05   3.7618E-05   0.85524
FLUX  622   879.00        3.410609E+14   3.5670E-05   3.7490E-05   0.95146
FLUX  623   881.00        3.402866E+14   3.6097E-05   3.7363E-05   0.96614
FLUX  624   883.00        3.395159E+14   3.5091E-05   3.7236E-05   0.94241
FLUX  625   885.00        3.387486E+14   3.0827E-05   3.7110E-05   0.83071
FLUX  626   887.00        3.379848E+14   2.6081E-05   3.6985E-05   0.70518
FLUX  627   889.00        3.372244E+14   3.3587E-05   3.6860E-05   0.91121
FLUX  628   891.00        3.364675E+14   3.5462E-05   3.6736E-05   0.96534
FLUX  629   893.00        3.357139E+14   3.5766E-05   3.6612E-05   0.97687
FLUX  630   895.00        3.349637E+14   3.5916E-05   3.6490E-05   0.98427
FLUX  631   897.00        3.342168E+14   3.5381E-05   3.6368E-05   0.97287
FLUX  632   899.00        3.334733E+14   3.3505E-05   3.6246E-05   0.92437
FLUX  633   901.00        3.327331E+14   2.6298E-05   3.6125E-05   0.72797
FLUX  634   903.00        3.319961E+14   2.8920E-05   3.6005E-05   0.80321
FLUX  635   905.00        3.312624E+14   3.3911E-05   3.5885E-05   0.94500
FLUX  636   907.00        3.305320E+14   3.4521E-05   3.5766E-05   0.96518
FLUX  637   909.00        3.298047E+14   3.4559E-05   3.5648E-05   0.96946
FLUX  638   911.00        3.290807E+14   3.5011E-05   3.5530E-05   0.98540
FLUX  639   913.00        3.283598E+14   3.5039E-05   3.5412E-05   0.98946
FLUX  640   915.00        3.276421E+14   3.4980E-05   3.5296E-05   0.99105
FLUX  641   917.00        3.269275E+14   3.4598E-05   3.5180E-05   0.98346
FLUX  642   919.00        3.262160E+14   3.3703E-05   3.5064E-05   0.96118
FLUX  643   921.00        3.255076E+14   3.1019E-05   3.4949E-05   0.88755
FLUX  644   923.00        3.248023E+14   2.4004E-05   3.4835E-05   0.68909
FLUX  645   925.00        3.241000E+14   2.9922E-05   3.4721E-05   0.86180
FLUX  646   927.00        3.234008E+14   3.2441E-05   3.4608E-05   0.93738
FLUX  647   929.00        3.227045E+14   3.3907E-05   3.4495E-05   0.98296
FLUX  648   931.00        3.220113E+14   3.4097E-05   3.4383E-05   0.99169
FLUX  649   933.00        3.213210E+14   3.4031E-05   3.4271E-05   0.99300
FLUX  650   935.00        3.206337E+14   3.4013E-05   3.4160E-05   0.99569
FLUX  651   937.00        3.199493E+14   3.3941E-05   3.4049E-05   0.99682
FLUX  652   939.00        3.192678E+14   3.3634E-05   3.3939E-05   0.99101
FLUX  653   941.00        3.185893E+14   3.3178E-05   3.3830E-05   0.98073
FLUX  654   943.00        3.179136E+14   3.3513E-05   3.3721E-05   0.99384
FLUX  655   945.00        3.172407E+14   3.3416E-05   3.3613E-05   0.99414
FLUX  656   947.00        3.165707E+14   3.3195E-05   3.3505E-05   0.99077
FLUX  657   949.00        3.159036E+14   3.2844E-05   3.3397E-05   0.98342
FLUX  658   951.00        3.152392E+14   3.1980E-05   3.3291E-05   0.96062
FLUX  659   953.00        3.145776E+14   2.8889E-05   3.3184E-05   0.87056
FLUX  660   955.00        3.139188E+14   2.3178E-05   3.3079E-05   0.70071
FLUX  661   957.00        3.132628E+14   2.9428E-05   3.2973E-05   0.89247
FLUX  662   959.00        3.126095E+14   3.1780E-05   3.2869E-05   0.96688
FLUX  663   961.00        3.119589E+14   3.2200E-05   3.2764E-05   0.98277
FLUX  664   963.00        3.113110E+14   3.1944E-05   3.2660E-05   0.97807
FLUX  665   965.00        3.106658E+14   3.2381E-05   3.2557E-05   0.99457
FLUX  666   967.00        3.100233E+14   3.2129E-05   3.2454E-05   0.98997
FLUX  667   969.00        3.093834E+14   3.2226E-05   3.2352E-05   0.99609
FLUX  668   971.00        3.087461E+14   3.2241E-05   3.2250E-05   0.99970
FLUX  669   973.00        3.081115E+14   3.2120E-05   3.2149E-05   0.99911
FLUX  670   975.00        3.074795E+14   3.1998E-05   3.2048E-05   0.99844
FLUX  671   977.00        3.068501E+14   3.1936E-05   3.1948E-05   0.99963
FLUX  672   979.00        3.062232E+14   3.1825E-05   3.1848E-05   0.99928
FLUX  673   981.00        3.055989E+14   3.1705E-05   3.1748E-05   0.99862
FLUX  674   983.00        3.049771E+14   3.1537E-05   3.1650E-05   0.99645
FLUX  675   985.00        3.043579E+14   3.1454E-05   3.1551E-05   0.99692
FLUX  676   987.00        3.037411E+14   3.1349E-05   3.1453E-05   0.99670
FLUX  677   989.00        3.031269E+14   3.1111E-05   3.1355E-05   0.99219
FLUX  678   991.00        3.025151E+14   3.1145E-05   3.1258E-05   0.99639
FLUX  679   993.00        3.019058E+14   3.0995E-05   3.1162E-05   0.99465
FLUX  680   995.00        3.012990E+14   3.0883E-05   3.1066E-05   0.99412
FLUX  681   997.00        3.006946E+14   3.0730E-05   3.0970E-05   0.99224
FLUX  682   999.00        3.000926E+14   3.0431E-05   3.0875E-05   0.98562
FLUX  683  1002.50        2.990449E+14   2.7508E-05   3.0709E-05   0.89577
FLUX  684  1007.50        2.975608E+14   2.6297E-05   3.0475E-05   0.86291
FLUX  685  1012.50        2.960914E+14   2.9680E-05   3.0243E-05   0.98138
FLUX  686  1017.50        2.946364E+14   2.9871E-05   3.0014E-05   0.99524
FLUX  687  1022.50        2.931956E+14   2.9768E-05   2.9788E-05   0.99932
FLUX  688  1027.50        2.917689E+14   2.9543E-05   2.9564E-05   0.99929
FLUX  689  1032.50        2.903559E+14   2.9301E-05   2.9343E-05   0.99857
FLUX  690  1037.50        2.889566E+14   2.9088E-05   2.9124E-05   0.99875
FLUX  691  1042.50        2.875707E+14   2.8883E-05   2.8908E-05   0.99912
FLUX  692  1047.50        2.861981E+14   2.8573E-05   2.8695E-05   0.99576
FLUX  693  1052.50        2.848385E+14   2.8363E-05   2.8483E-05   0.99580
FLUX  694  1057.50        2.834917E+14   2.8203E-05   2.8274E-05   0.99749
FLUX  695  1062.50        2.821576E+14   2.8025E-05   2.8067E-05   0.99848
FLUX  696  1067.50        2.808361E+14   2.7519E-05   2.7863E-05   0.98767
FLUX  697  1072.50        2.795268E+14   2.7501E-05   2.7661E-05   0.99422
FLUX  698  1077.50        2.782297E+14   2.7354E-05   2.7461E-05   0.99613
FLUX  699  1082.50        2.769446E+14   2.7081E-05   2.7263E-05   0.99333
FLUX  700  1087.50        2.756713E+14   2.6557E-05   2.7067E-05   0.98114
FLUX  701  1092.50        2.744096E+14   2.2438E-05   2.6874E-05   0.83494
FLUX  702  1097.50        2.731595E+14   2.4725E-05   2.6682E-05   0.92664
FLUX  703  1102.50        2.719206E+14   2.6238E-05   2.6493E-05   0.99039
FLUX  704  1107.50        2.706930E+14   2.6226E-05   2.6306E-05   0.99696
FLUX  705  1112.50        2.694764E+14   2.6095E-05   2.6120E-05   0.99904
FLUX  706  1117.50        2.682707E+14   2.5923E-05   2.5937E-05   0.99946
FLUX  707  1122.50        2.670757E+14   2.5745E-05   2.5755E-05   0.99961
FLUX  708  1127.50        2.658914E+14   2.5276E-05   2.5576E-05   0.98826
FLUX  709  1132.50        2.647174E+14   2.5152E-05   2.5398E-05   0.99031
FLUX  710  1137.50        2.635538E+14   2.5177E-05   2.5222E-05   0.99821
FLUX  711  1142.50        2.624004E+14   2.4987E-05   2.5049E-05   0.99756
FLUX  712  1147.50        2.612571E+14   2.4868E-05   2.4877E-05   0.99964
FLUX  713  1152.50        2.601236E+14   2.4704E-05   2.4706E-05   0.99989
FLUX  714  1157.50        2.590000E+14   2.4528E-05   2.4538E-05   0.99962
FLUX  715  1162.50        2.578860E+14   2.4256E-05   2.4371E-05   0.99529
FLUX  716  1167.50        2.567816E+14   2.4027E-05   2.4206E-05   0.99260
FLUX  717  1172.50        2.556866E+14   2.4034E-05   2.4043E-05   0.99964
FLUX  718  1177.50        2.546008E+14   2.3649E-05   2.3881E-05   0.99029
FLUX  719  1182.50        2.535243E+14   2.3623E-05   2.3721E-05   0.99589
FLUX  720  1187.50        2.524568E+14   2.3432E-05   2.3563E-05   0.99446
FLUX  721  1192.50        2.513983E+14   2.3405E-05   2.3406E-05   0.99997
FLUX  722  1197.50        2.503486E+14   2.3175E-05   2.3251E-05   0.99676
FLUX  723  1202.50        2.493077E+14   2.3072E-05   2.3097E-05   0.99891
FLUX  724  1207.50        2.482754E+14   2.2898E-05   2.2945E-05   0.99795
FLUX  725  1212.50        2.472515E+14   2.2754E-05   2.2794E-05   0.99824
FLUX  726  1217.50        2.462361E+14   2.2629E-05   2.2645E-05   0.99928
FLUX  727  1222.50        2.452290E+14   2.2472E-05   2.2497E-05   0.99888
FLUX  728  1227.50        2.442301E+14   2.2303E-05   2.2351E-05   0.99786
FLUX  729  1232.50        2.432394E+14   2.2171E-05   2.2206E-05   0.99841
FLUX  730  1237.50        2.422566E+14   2.2036E-05   2.2062E-05   0.99883
FLUX  731  1242.50        2.412817E+14   2.1915E-05   2.1920E-05   0.99978
FLUX  732  1247.50        2.403146E+14   2.1702E-05   2.1780E-05   0.99645
FLUX  733  1252.50        2.393553E+14   2.1626E-05   2.1640E-05   0.99933
FLUX  734  1257.50        2.384036E+14   2.1412E-05   2.1502E-05   0.99579
FLUX  735  1262.50        2.374594E+14   2.1312E-05   2.1366E-05   0.99748
FLUX  736  1267.50        2.365227E+14   2.1172E-05   2.1230E-05   0.99723
FLUX  737  1272.50        2.355933E+14   2.0941E-05   2.1096E-05   0.99265
FLUX  738  1277.50        2.346712E+14   2.0165E-05   2.0964E-05   0.96189
FLUX  739  1282.50        2.337563E+14   1.7427E-05   2.0832E-05   0.83657
FLUX  740  1287.50        2.328485E+14   2.0114E-05   2.0702E-05   0.97160
FLUX  741  1292.50        2.319478E+14   2.0445E-05   2.0573E-05   0.99379
FLUX  742  1297.50        2.310539E+14   2.0404E-05   2.0445E-05   0.99799
FLUX  743  1302.50        2.301670E+14   2.0314E-05   2.0318E-05   0.99976
FLUX  744  1307.50        2.292868E+14   2.0191E-05   2.0193E-05   0.99988
FLUX  745  1312.50        2.284133E+14   2.0065E-05   2.0069E-05   0.99981
FLUX  746  1317.50        2.275465E+14   1.9886E-05   1.9946E-05   0.99702
FLUX  747  1322.50        2.266862E+14   1.9821E-05   1.9824E-05   0.99988
FLUX  748  1327.50        2.258324E+14   1.9701E-05   1.9703E-05   0.99991
FLUX  749  1332.50        2.249850E+14   1.9582E-05   1.9583E-05   0.99994
FLUX  750  1337.50        2.241439E+14   1.9463E-05   1.9464E-05   0.99992
FLUX  751  1342.50        2.233091E+14   1.9339E-05   1.9347E-05   0.99960
FLUX  752  1347.50        2.224805E+14   1.9219E-05   1.9230E-05   0.99940
FLUX  753  1352.50        2.216580E+14   1.9080E-05   1.9115E-05   0.99820
FLUX  754  1357.50        2.208416E+14   1.8979E-05   1.9000E-05   0.99885
FLUX  755  1362.50        2.200312E+14   1.8871E-05   1.8887E-05   0.99913
FLUX  756  1367.50        2.192267E+14   1.8745E-05   1.8775E-05   0.99841
FLUX  757  1372.50        2.184281E+14   1.8609E-05   1.8664E-05   0.99710
FLUX  758  1377.50        2.176352E+14   1.8542E-05   1.8553E-05   0.99939
FLUX  759  1382.50        2.168481E+14   1.8435E-05   1.8444E-05   0.99954
FLUX  760  1387.50        2.160667E+14   1.8335E-05   1.8336E-05   0.99997
FLUX  761  1392.50        2.152908E+14   1.8211E-05   1.8228E-05   0.99909
FLUX  762  1397.50        2.145206E+14   1.8116E-05   1.8122E-05   0.99967
FLUX  763  1402.50        2.137558E+14   1.8014E-05   1.8016E-05   0.99987
FLUX  764  1407.50        2.129964E+14   1.7911E-05   1.7911E-05   0.99997
FLUX  765  1412.50        2.122425E+14   1.7802E-05   1.7808E-05   0.99970
FLUX  766  1417.50        2.114938E+14   1.7702E-05   1.7705E-05   0.99984
FLUX  767  1422.50        2.107504E+14   1.7600E-05   1.7603E-05   0.99982
FLUX  768  1427.50        2.100123E+14   1.7499E-05   1.7502E-05   0.99984
FLUX  769  1432.50        2.092792E+14   1.7397E-05   1.7402E-05   0.99973
FLUX  770  1437.50        2.085513E+14   1.7300E-05   1.7302E-05   0.99990
FLUX  771  1442.50        2.078284E+14   1.7089E-05   1.7204E-05   0.99333
FLUX  772  1447.50        2.071105E+14   1.7101E-05   1.7106E-05   0.99970
FLUX  773  1452.50        2.063976E+14   1.6953E-05   1.7009E-05   0.99669
FLUX  774  1457.00        2.057601E+14   1.6918E-05   1.6923E-05   0.99973
FLUX  775  1462.00        2.050564E+14   1.6839E-05   1.7776E-05   0.94731
FLUX  776  1467.50        2.042879E+14   1.6761E-05   1.7663E-05   0.94895
FLUX  777  1472.50        2.035942E+14   1.6667E-05   1.7561E-05   0.94909
FLUX  778  1477.50        2.029052E+14   1.6543E-05   1.7460E-05   0.94749
FLUX  779  1482.50        2.022209E+14   1.6485E-05   1.7360E-05   0.94963
FLUX  780  1487.50        2.015412E+14   1.6366E-05   1.7260E-05   0.94816
FLUX  781  1492.50        2.008660E+14   1.6329E-05   1.7162E-05   0.95145
FLUX  782  1497.50        2.001953E+14   1.6223E-05   1.7064E-05   0.95071
FLUX  783  1502.50        1.995291E+14   1.6126E-05   1.6968E-05   0.95042
FLUX  784  1507.50        1.988673E+14   1.6039E-05   1.6872E-05   0.95063
FLUX  785  1512.50        1.982099E+14   1.5970E-05   1.6777E-05   0.95195
FLUX  786  1517.50        1.975568E+14   1.5877E-05   1.6682E-05   0.95170
FLUX  787  1522.50        1.969080E+14   1.5794E-05   1.6589E-05   0.95209
FLUX  788  1527.50        1.962635E+14   1.5684E-05   1.6496E-05   0.95076
FLUX  789  1532.50        1.956232E+14   1.5581E-05   1.6404E-05   0.94980
FLUX  790  1537.50        1.949870E+14   1.5530E-05   1.6313E-05   0.95199
FLUX  791  1542.50        1.943549E+14   1.5329E-05   1.6222E-05   0.94491
FLUX  792  1547.50        1.937270E+14   1.5351E-05   1.6133E-05   0.95154
FLUX  793  1552.50        1.931031E+14   1.5254E-05   1.6044E-05   0.95080
FLUX  794  1557.50        1.924831E+14   1.4938E-05   1.5956E-05   0.93620
FLUX  795  1562.50        1.918672E+14   1.5262E-05   1.5868E-05   0.96177
FLUX  796  1567.50        1.912552E+14   1.4863E-05   1.5781E-05   0.94182
FLUX  797  1572.50        1.906471E+14   1.4573E-05   1.5695E-05   0.92850
FLUX  798  1577.50        1.900428E+14   1.5082E-05   1.5610E-05   0.96618
FLUX  799  1582.50        1.894423E+14   1.4970E-05   1.5525E-05   0.96426
FLUX  800  1587.50        1.888457E+14   1.3883E-05   1.5441E-05   0.89909
FLUX  801  1592.50        1.882527E+14   1.4591E-05   1.5358E-05   0.95006
FLUX  802  1597.50        1.876635E+14   1.4917E-05   1.5275E-05   0.97657
FLUX  803  1605.00        1.867866E+14   1.4539E-05   1.5152E-05   0.95953
FLUX  804  1615.00        1.856300E+14   1.3862E-05   1.4991E-05   0.92471
FLUX  805  1625.00        1.844877E+14   1.4661E-05   1.4832E-05   0.98844
FLUX  806  1635.00        1.833593E+14   1.4063E-05   1.4676E-05   0.95828
FLUX  807  1645.00        1.822447E+14   1.3359E-05   1.4522E-05   0.91989
FLUX  808  1655.00        1.811435E+14   1.4277E-05   1.4370E-05   0.99349
FLUX  809  1665.00        1.800556E+14   1.4151E-05   1.4221E-05   0.99507
FLUX  810  1675.00        1.789806E+14   1.3467E-05   1.4074E-05   0.95688
FLUX  811  1685.00        1.779184E+14   1.2768E-05   1.3930E-05   0.91662
FLUX  812  1695.00        1.768687E+14   1.3706E-05   1.3787E-05   0.99408
FLUX  813  1705.00        1.758314E+14   1.3623E-05   1.3647E-05   0.99821
FLUX  814  1715.00        1.748061E+14   1.3485E-05   1.3509E-05   0.99820
FLUX  815  1725.00        1.737928E+14   1.3231E-05   1.3373E-05   0.98939
FLUX  816  1735.00        1.727911E+14   1.1868E-05   1.3239E-05   0.89644
FLUX  817  1745.00        1.718009E+14   1.2797E-05   1.3107E-05   0.97634
FLUX  818  1755.00        1.708219E+14   1.2919E-05   1.2977E-05   0.99554
FLUX  819  1765.00        1.698541E+14   1.2819E-05   1.2849E-05   0.99766
FLUX  820  1775.00        1.688972E+14   1.2704E-05   1.2723E-05   0.99853
FLUX  821  1785.00        1.679510E+14   1.2580E-05   1.2599E-05   0.99850
FLUX  822  1795.00        1.670153E+14   1.2463E-05   1.2476E-05   0.99897
FLUX  823  1805.00        1.660900E+14   1.2232E-05   1.2356E-05   0.99002
FLUX  824  1815.00        1.651749E+14   1.1095E-05   1.2237E-05   0.90673
FLUX  825  1825.00        1.642699E+14   1.1718E-05   1.2120E-05   0.96685
FLUX  826  1835.00        1.633747E+14   1.1955E-05   1.2004E-05   0.99589
FLUX  827  1845.00        1.624892E+14   1.1882E-05   1.1890E-05   0.99930
FLUX  828  1855.00        1.616132E+14   1.1736E-05   1.1778E-05   0.99646
FLUX  829  1865.00        1.607466E+14   1.1539E-05   1.1667E-05   0.98902
FLUX  830  1875.00        1.598893E+14   1.0434E-05   1.1558E-05   0.90270
FLUX  831  1885.00        1.590411E+14   1.1283E-05   1.1451E-05   0.98532
FLUX  832  1895.00        1.582018E+14   1.1307E-05   1.1345E-05   0.99667
FLUX  833  1905.00        1.573714E+14   1.1239E-05   1.1240E-05   0.99985
FLUX  834  1915.00        1.565496E+14   1.1134E-05   1.1137E-05   0.99974
FLUX  835  1925.00        1.557364E+14   1.1012E-05   1.1036E-05   0.99782
FLUX  836  1935.00        1.549315E+14   1.0786E-05   1.0935E-05   0.98633
FLUX  837  1945.00        1.541350E+14   9.7454E-06   1.0836E-05   0.89931
FLUX  838  1955.00        1.533465E+14   1.0590E-05   1.0739E-05   0.98611
FLUX  839  1965.00        1.525662E+14   1.0624E-05   1.0643E-05   0.99828
FLUX  840  1975.00        1.517937E+14   1.0542E-05   1.0548E-05   0.99948
FLUX  841  1985.00        1.510290E+14   1.0453E-05   1.0454E-05   0.99990
FLUX  842  1995.00        1.502719E+14   1.0360E-05   1.0362E-05   0.99988
FLUX  843  2005.00        1.495224E+14   1.0270E-05   1.0270E-05   0.99997
FLUX  844  2015.00        1.487804E+14   1.0180E-05   1.0180E-05   0.99995
FLUX  845  2025.00        1.480457E+14   1.0090E-05   1.0092E-05   0.99988
FLUX  846  2035.00        1.473182E+14   1.0002E-05   1.0004E-05   0.99984
FLUX  847  2045.00        1.465978E+14   9.9172E-06   9.9174E-06   0.99997
FLUX  848  2055.00        1.458844E+14   9.8318E-06   9.8320E-06   0.99998
FLUX  849  2065.00        1.451780E+14   9.7449E-06   9.7478E-06   0.99971
FLUX  850  2075.00        1.444783E+14   9.6630E-06   9.6646E-06   0.99983
FLUX  851  2085.00        1.437854E+14   9.5816E-06   9.5825E-06   0.99992
FLUX  852  2095.00        1.430990E+14   9.5002E-06   9.5014E-06   0.99988
FLUX  853  2105.00        1.424192E+14   9.4189E-06   9.4213E-06   0.99974
FLUX  854  2115.00        1.417459E+14   9.3312E-06   9.3423E-06   0.99881
FLUX  855  2125.00        1.410788E+14   9.2532E-06   9.2643E-06   0.99880
FLUX  856  2135.00        1.404180E+14   9.1748E-06   9.1872E-06   0.99865
FLUX  857  2145.00        1.397634E+14   9.0910E-06   9.1111E-06   0.99780
FLUX  858  2155.00        1.391148E+14   8.9317E-06   9.0360E-06   0.98846
FLUX  859  2165.00        1.384723E+14   8.1189E-06   8.9618E-06   0.90595
FLUX  860  2175.00        1.378356E+14   8.7174E-06   8.8885E-06   0.98075
FLUX  861  2185.00        1.372048E+14   8.7896E-06   8.8161E-06   0.99700
FLUX  862  2195.00        1.365797E+14   8.7438E-06   8.7446E-06   0.99991
FLUX  863  2205.00        1.359603E+14   8.6713E-06   8.6740E-06   0.99969
FLUX  864  2215.00        1.353465E+14   8.5977E-06   8.6042E-06   0.99924
FLUX  865  2225.00        1.347382E+14   8.5351E-06   8.5353E-06   0.99998
FLUX  866  2235.00        1.341353E+14   8.4669E-06   8.4671E-06   0.99997
FLUX  867  2245.00        1.335379E+14   8.3997E-06   8.3999E-06   0.99999
FLUX  868  2255.00        1.329457E+14   8.3307E-06   8.3334E-06   0.99968
FLUX  869  2265.00        1.323587E+14   8.2672E-06   8.2676E-06   0.99994
FLUX  870  2275.00        1.317769E+14   8.2021E-06   8.2027E-06   0.99992
FLUX  871  2285.00        1.312002E+14   8.1443E-06   8.2999E-06   0.98126
FLUX  872  2295.00        1.306285E+14   8.0809E-06   8.2345E-06   0.98134
FLUX  873  2305.00        1.300618E+14   8.0210E-06   8.1699E-06   0.98178
FLUX  874  2315.00        1.295000E+14   7.9597E-06   8.1061E-06   0.98194
FLUX  875  2325.00        1.289430E+14   7.9002E-06   8.0430E-06   0.98225
FLUX  876  2335.00        1.283908E+14   7.8403E-06   7.9806E-06   0.98242
FLUX  877  2345.00        1.278433E+14   7.7817E-06   7.9190E-06   0.98266
FLUX  878  2355.00        1.273004E+14   7.7235E-06   7.8581E-06   0.98287
FLUX  879  2365.00        1.267622E+14   7.6659E-06   7.7979E-06   0.98308
FLUX  880  2375.00        1.262284E+14   7.6086E-06   7.7384E-06   0.98323
FLUX  881  2385.00        1.256992E+14   7.5515E-06   7.6795E-06   0.98333
FLUX  882  2395.00        1.251743E+14   7.4953E-06   7.6214E-06   0.98346
FLUX  883  2405.00        1.246538E+14   7.4366E-06   7.5639E-06   0.98317
FLUX  884  2415.00        1.241377E+14   7.3812E-06   7.5070E-06   0.98324
FLUX  885  2425.00        1.236258E+14   7.3285E-06   7.4508E-06   0.98358
FLUX  886  2435.00        1.231181E+14   7.2718E-06   7.3953E-06   0.98331
FLUX  887  2445.00        1.226145E+14   7.2137E-06   7.3403E-06   0.98275
FLUX  888  2455.00        1.221151E+14   7.1661E-06   7.2860E-06   0.98354
FLUX  889  2465.00        1.216197E+14   7.1035E-06   7.2323E-06   0.98219
FLUX  890  2475.00        1.211283E+14   7.0526E-06   7.1792E-06   0.98237
FLUX  891  2485.00        1.206408E+14   7.0168E-06   7.1266E-06   0.98459
FLUX  892  2495.00        1.201573E+14   6.9097E-06   7.0746E-06   0.97668
FLUX  893  2505.00        1.196776E+14   6.9214E-06   7.0232E-06   0.98551
FLUX  894  2515.00        1.192018E+14   6.8735E-06   6.9724E-06   0.98582
FLUX  895  2525.00        1.187297E+14   6.7227E-06   6.9221E-06   0.97120
FLUX  896  2535.00        1.182613E+14   6.7653E-06   6.8723E-06   0.98444
FLUX  897  2545.00        1.177967E+14   6.7497E-06   6.8231E-06   0.98925
FLUX  898  2555.00        1.173356E+14   6.6615E-06   6.7744E-06   0.98333
FLUX  899  2565.00        1.168782E+14   6.4642E-06   6.7262E-06   0.96105
FLUX  900  2575.00        1.164243E+14   6.5824E-06   6.6785E-06   0.98561
FLUX  901  2585.00        1.159739E+14   6.5704E-06   6.6314E-06   0.99080
FLUX  902  2595.00        1.155270E+14   6.5206E-06   6.5847E-06   0.99026
FLUX  903  2605.00        1.150835E+14   6.3775E-06   6.5386E-06   0.97536
FLUX  904  2615.00        1.146434E+14   6.1227E-06   6.4929E-06   0.94298
FLUX  905  2625.00        1.142067E+14   5.8176E-06   6.4477E-06   0.90228
FLUX  906  2635.00        1.137732E+14   6.2323E-06   6.4030E-06   0.97335
FLUX  907  2645.00        1.133431E+14   6.3026E-06   6.3587E-06   0.99117
FLUX  908  2655.00        1.129162E+14   6.2690E-06   6.3149E-06   0.99272
FLUX  909  2665.00        1.124925E+14   6.1610E-06   6.2716E-06   0.98236
FLUX  910  2675.00        1.120720E+14   5.8020E-06   6.2287E-06   0.93149
FLUX  911  2685.00        1.116546E+14   6.0769E-06   6.1862E-06   0.98233
FLUX  912  2695.00        1.112403E+14   6.1149E-06   6.1442E-06   0.99522
FLUX  913  2705.00        1.108290E+14   6.0865E-06   6.1026E-06   0.99735
FLUX  914  2715.00        1.104208E+14   6.0601E-06   6.0614E-06   0.99978
FLUX  915  2725.00        1.100156E+14   6.0168E-06   6.0207E-06   0.99935
FLUX  916  2735.00        1.096133E+14   5.9617E-06   5.9803E-06   0.99689
FLUX  917  2745.00        1.092140E+14   5.8772E-06   5.9404E-06   0.98936
FLUX  918  2755.00        1.088176E+14   5.4977E-06   5.9009E-06   0.93167
FLUX  919  2765.00        1.084241E+14   5.6444E-06   5.8617E-06   0.96292
FLUX  920  2775.00        1.080333E+14   5.7872E-06   5.8230E-06   0.99385
FLUX  921  2785.00        1.076454E+14   5.7776E-06   5.7846E-06   0.99879
FLUX  922  2795.00        1.072603E+14   5.7465E-06   5.7466E-06   0.99998
FLUX  923  2805.00        1.068779E+14   5.7089E-06   5.7090E-06   0.99998
FLUX  924  2815.00        1.064982E+14   5.6713E-06   5.6718E-06   0.99991
FLUX  925  2825.00        1.061212E+14   5.6343E-06   5.6349E-06   0.99989
FLUX  926  2835.00        1.057469E+14   5.5982E-06   5.5984E-06   0.99997
FLUX  927  2845.00        1.053752E+14   5.5549E-06   5.5622E-06   0.99869
FLUX  928  2855.00        1.050061E+14   5.4963E-06   5.5264E-06   0.99456
FLUX  929  2865.00        1.046396E+14   5.3314E-06   5.4909E-06   0.97095
FLUX  930  2875.00        1.042757E+14   5.0251E-06   5.4558E-06   0.92107
FLUX  931  2885.00        1.039142E+14   5.3475E-06   5.4210E-06   0.98645
FLUX  932  2895.00        1.035553E+14   5.3647E-06   5.3865E-06   0.99595
FLUX  933  2905.00        1.031988E+14   5.3518E-06   5.3524E-06   0.99989
FLUX  934  2915.00        1.028448E+14   5.3149E-06   5.3186E-06   0.99932
FLUX  935  2925.00        1.024932E+14   5.2844E-06   5.2851E-06   0.99987
FLUX  936  2935.00        1.021440E+14   5.2513E-06   5.2519E-06   0.99989
FLUX  937  2945.00        1.017971E+14   5.2186E-06   5.2190E-06   0.99992
FLUX  938  2955.00        1.014526E+14   5.1864E-06   5.1865E-06   0.99999
FLUX  939  2965.00        1.011105E+14   5.1540E-06   5.1542E-06   0.99997
FLUX  940  2975.00        1.007706E+14   5.1221E-06   5.1223E-06   0.99997
FLUX  941  2985.00        1.004330E+14   5.0906E-06   5.0906E-06   0.99999
FLUX  942  2995.00        1.000977E+14   5.0589E-06   5.0593E-06   0.99992
FLUX  943  3005.00        9.976456E+13   5.0267E-06   5.0282E-06   0.99971
FLUX  944  3015.00        9.943367E+13   4.9842E-06   4.9974E-06   0.99736
FLUX  945  3025.00        9.910496E+13   4.9186E-06   4.9669E-06   0.99028
FLUX  946  3035.00        9.877842E+13   4.6101E-06   4.9367E-06   0.93384
FLUX  947  3045.00        9.845402E+13   4.6807E-06   4.9067E-06   0.95394
FLUX  948  3055.00        9.813175E+13   4.8397E-06   4.8771E-06   0.99234
FLUX  949  3065.00        9.781158E+13   4.8389E-06   4.8476E-06   0.99819
FLUX  950  3075.00        9.749350E+13   4.8172E-06   4.8185E-06   0.99972
FLUX  951  3085.00        9.717747E+13   4.7848E-06   4.7896E-06   0.99898
FLUX  952  3095.00        9.686349E+13   4.7602E-06   4.7610E-06   0.99984
FLUX  953  3105.00        9.655153E+13   4.7317E-06   4.7327E-06   0.99980
FLUX  954  3115.00        9.624157E+13   4.7028E-06   4.7046E-06   0.99963
FLUX  955  3125.00        9.593360E+13   4.6752E-06   4.6767E-06   0.99967
FLUX  956  3135.00        9.562759E+13   4.6482E-06   4.6491E-06   0.99981
FLUX  957  3145.00        9.532353E+13   4.6199E-06   4.6217E-06   0.99960
FLUX  958  3155.00        9.502139E+13   4.5943E-06   4.5946E-06   0.99993
FLUX  959  3165.00        9.472117E+13   4.5674E-06   4.5677E-06   0.99994
FLUX  960  3175.00        9.442283E+13   4.5400E-06   4.5410E-06   0.99977
FLUX  961  3185.00        9.412637E+13   4.5146E-06   4.5146E-06   0.99998
FLUX  962  3195.00        9.383177E+13   4.4880E-06   4.4884E-06   0.99991
FLUX  963  3210.00        9.339330E+13   4.4492E-06   4.4496E-06   0.99991
FLUX  964  3230.00        9.281502E+13   4.3985E-06   4.3986E-06   0.99998
FLUX  965  3250.00        9.224385E+13   4.3483E-06   4.3484E-06   0.99997
FLUX  966  3270.00        9.167966E+13   4.2876E-06   4.2991E-06   0.99731
FLUX  967  3290.00        9.112234E+13   4.0245E-06   4.2863E-06   0.93891
FLUX  968  3310.00        9.057175E+13   4.1225E-06   4.2381E-06   0.97273
FLUX  969  3330.00        9.002778E+13   4.1410E-06   4.1906E-06   0.98815
FLUX  970  3350.00        8.949030E+13   4.1002E-06   4.1440E-06   0.98945
FLUX  971  3370.00        8.895920E+13   4.0541E-06   4.0981E-06   0.98928
FLUX  972  3390.00        8.843437E+13   4.0118E-06   4.0530E-06   0.98984
FLUX  973  3410.00        8.791569E+13   3.9688E-06   4.0086E-06   0.99008
FLUX  974  3430.00        8.740306E+13   3.9270E-06   3.9650E-06   0.99044
FLUX  975  3450.00        8.689638E+13   3.8858E-06   3.9220E-06   0.99077
FLUX  976  3470.00        8.639553E+13   3.8444E-06   3.8798E-06   0.99088
FLUX  977  3490.00        8.590043E+13   3.8038E-06   3.8382E-06   0.99104
FLUX  978  3510.00        8.541097E+13   3.7638E-06   3.7973E-06   0.99116
FLUX  979  3530.00        8.492705E+13   3.7244E-06   3.7571E-06   0.99129
FLUX  980  3550.00        8.444859E+13   3.6853E-06   3.7175E-06   0.99135
FLUX  981  3570.00        8.397549E+13   3.6465E-06   3.6785E-06   0.99129
FLUX  982  3590.00        8.350766E+13   3.6099E-06   3.6401E-06   0.99169
FLUX  983  3610.00        8.304501E+13   3.5705E-06   3.6023E-06   0.99116
FLUX  984  3630.00        8.258747E+13   3.5363E-06   3.5651E-06   0.99190
FLUX  985  3650.00        8.213493E+13   3.4961E-06   3.5285E-06   0.99080
FLUX  986  3670.00        8.168733E+13   3.4655E-06   3.4925E-06   0.99227
FLUX  987  3690.00        8.124458E+13   3.4192E-06   3.4569E-06   0.98910
FLUX  988  3710.00        8.080660E+13   3.3898E-06   3.4220E-06   0.99059
FLUX  989  3730.00        8.037332E+13   3.2714E-06   3.3875E-06   0.96573
FLUX  990  3750.00        7.994467E+13   3.2003E-06   3.3536E-06   0.95429
FLUX  991  3770.00        7.952056E+13   3.2912E-06   3.3202E-06   0.99126
FLUX  992  3790.00        7.910092E+13   3.2669E-06   3.2873E-06   0.99381
FLUX  993  3810.00        7.868570E+13   3.2149E-06   3.2548E-06   0.98773
FLUX  994  3830.00        7.827480E+13   3.1870E-06   3.2229E-06   0.98886
FLUX  995  3850.00        7.786818E+13   3.1759E-06   3.1914E-06   0.99515
FLUX  996  3870.00        7.746576E+13   3.1455E-06   3.1604E-06   0.99529
FLUX  997  3890.00        7.706748E+13   3.1044E-06   3.1298E-06   0.99188
FLUX  998  3910.00        7.667327E+13   3.0347E-06   3.0997E-06   0.97905
FLUX  999  3930.00        7.628308E+13   3.0532E-06   3.0700E-06   0.99453
FLUX 1000  3950.00        7.589684E+13   3.0299E-06   3.0407E-06   0.99642
FLUX 1001  3970.00        7.551448E+13   3.0028E-06   3.0119E-06   0.99699
FLUX 1002  3990.00        7.513596E+13   2.9706E-06   2.9834E-06   0.99568
FLUX 1003  4010.00        7.476122E+13   2.9035E-06   2.9554E-06   0.98244
FLUX 1004  4030.00        7.439020E+13   2.8592E-06   2.9278E-06   0.97658
FLUX 1005  4050.00        7.402284E+13   2.7584E-06   2.9005E-06   0.95100
FLUX 1006  4070.00        7.365909E+13   2.8516E-06   2.8736E-06   0.99236
FLUX 1007  4090.00        7.329890E+13   2.8403E-06   2.8471E-06   0.99761
FLUX 1008  4110.00        7.294221E+13   2.8206E-06   2.8209E-06   0.99987
FLUX 1009  4130.00        7.258898E+13   2.7919E-06   2.7951E-06   0.99883
FLUX 1010  4150.00        7.223916E+13   2.7512E-06   2.7697E-06   0.99333
FLUX 1011  4170.00        7.189269E+13   2.6363E-06   2.7446E-06   0.96054
FLUX 1012  4190.00        7.154952E+13   2.6985E-06   2.7198E-06   0.99216
FLUX 1013  4210.00        7.120962E+13   2.6931E-06   2.6954E-06   0.99913
FLUX 1014  4230.00        7.087293E+13   2.6713E-06   2.6713E-06   0.99998
FLUX 1015  4250.00        7.053941E+13   2.6475E-06   2.6476E-06   0.99998
FLUX 1016  4270.00        7.020902E+13   2.6241E-06   2.6241E-06   0.99999
FLUX 1017  4290.00        6.988170E+13   2.6009E-06   2.6010E-06   0.99999
FLUX 1018  4310.00        6.955742E+13   2.5781E-06   2.5781E-06   0.99998
FLUX 1019  4330.00        6.923614E+13   2.5553E-06   2.5556E-06   0.99991
FLUX 1020  4350.00        6.891782E+13   2.5233E-06   2.5333E-06   0.99606
FLUX 1021  4370.00        6.860240E+13   2.4115E-06   2.5114E-06   0.96024
FLUX 1022  4390.00        6.828986E+13   2.4468E-06   2.4897E-06   0.98278
FLUX 1023  4410.00        6.798016E+13   2.4640E-06   2.4683E-06   0.99826
FLUX 1024  4430.00        6.767325E+13   2.4470E-06   2.4472E-06   0.99992
FLUX 1025  4450.00        6.736910E+13   2.4262E-06   2.4263E-06   0.99994
FLUX 1026  4470.00        6.706767E+13   2.4092E-06   2.4156E-06   0.99737
FLUX 1027  4490.00        6.676893E+13   2.3849E-06   2.3951E-06   0.99573
FLUX 1028  4510.00        6.647284E+13   2.3651E-06   2.3749E-06   0.99586
FLUX 1029  4530.00        6.617936E+13   2.3450E-06   2.3550E-06   0.99574
FLUX 1030  4550.00        6.588846E+13   2.3256E-06   2.3353E-06   0.99583
FLUX 1031  4570.00        6.560011E+13   2.3058E-06   2.3159E-06   0.99566
FLUX 1032  4590.00        6.531427E+13   2.2860E-06   2.2967E-06   0.99536
FLUX 1033  4610.00        6.503091E+13   2.2653E-06   2.2777E-06   0.99456
FLUX 1034  4630.00        6.475000E+13   2.2365E-06   2.2590E-06   0.99004
FLUX 1035  4650.00        6.447151E+13   2.1129E-06   2.2405E-06   0.94305
FLUX 1036  4670.00        6.419540E+13   2.0988E-06   2.2222E-06   0.94444
FLUX 1037  4690.00        6.392164E+13   2.1698E-06   2.2042E-06   0.98438
FLUX 1038  4710.00        6.365021E+13   2.1734E-06   2.1864E-06   0.99409
FLUX 1039  4730.00        6.338108E+13   2.1593E-06   2.1687E-06   0.99563
FLUX 1040  4750.00        6.311421E+13   2.1426E-06   2.1513E-06   0.99591
FLUX 1041  4770.00        6.284958E+13   2.1261E-06   2.1342E-06   0.99622
FLUX 1042  4790.00        6.258716E+13   2.1097E-06   2.1172E-06   0.99647
FLUX 1043  4810.00        6.232692E+13   2.0932E-06   2.1004E-06   0.99656
FLUX 1044  4830.00        6.206884E+13   2.0768E-06   2.0838E-06   0.99662
FLUX 1045  4850.00        6.181289E+13   2.0605E-06   2.0674E-06   0.99668
FLUX 1046  4870.00        6.155903E+13   2.0445E-06   2.0512E-06   0.99674
FLUX 1047  4890.00        6.130726E+13   2.0286E-06   2.0352E-06   0.99674
FLUX 1048  4910.00        6.105754E+13   2.0128E-06   2.0194E-06   0.99673
FLUX 1049  4930.00        6.080984E+13   1.9972E-06   2.0037E-06   0.99673
FLUX 1050  4950.00        6.056414E+13   1.9820E-06   1.9883E-06   0.99683
FLUX 1051  4970.00        6.032042E+13   1.9664E-06   1.9730E-06   0.99664
FLUX 1052  4990.00        6.007866E+13   1.9517E-06   1.9579E-06   0.99684
FLUX 1053  5010.00        5.983882E+13   1.9366E-06   1.9430E-06   0.99672
FLUX 1054  5030.00        5.960089E+13   1.9212E-06   1.9282E-06   0.99635
FLUX 1055  5050.00        5.936485E+13   1.9073E-06   1.9136E-06   0.99673
FLUX 1056  5070.00        5.913067E+13   1.8922E-06   1.8992E-06   0.99632
FLUX 1057  5090.00        5.889833E+13   1.8743E-06   1.8849E-06   0.99439
FLUX 1058  5110.00        5.866781E+13   1.8460E-06   1.8708E-06   0.98673
FLUX 1059  5130.00        5.843908E+13   1.7563E-06   1.8568E-06   0.94586
FLUX 1060  5150.00        5.821214E+13   1.8234E-06   1.8430E-06   0.98932
FLUX 1061  5170.00        5.798694E+13   1.8187E-06   1.8294E-06   0.99414
FLUX 1062  5190.00        5.776349E+13   1.8094E-06   1.8159E-06   0.99644
FLUX 1063  5210.00        5.754175E+13   1.7976E-06   1.8026E-06   0.99727
FLUX 1064  5230.00        5.732170E+13   1.7845E-06   1.7894E-06   0.99729
FLUX 1065  5250.00        5.710333E+13   1.7691E-06   1.7763E-06   0.99595
FLUX 1066  5270.00        5.688662E+13   1.7543E-06   1.7634E-06   0.99483
FLUX 1067  5290.00        5.667155E+13   1.7458E-06   1.7506E-06   0.99724
FLUX 1068  5310.00        5.645810E+13   1.7343E-06   1.7380E-06   0.99785
FLUX 1069  5330.00        5.624625E+13   1.7219E-06   1.7255E-06   0.99790
FLUX 1070  5350.00        5.603598E+13   1.7086E-06   1.7131E-06   0.99736
FLUX 1071  5370.00        5.582728E+13   1.6908E-06   1.7009E-06   0.99408
FLUX 1072  5390.00        5.562013E+13   1.6790E-06   1.6888E-06   0.99417
FLUX 1073  5410.00        5.541451E+13   1.6726E-06   1.6768E-06   0.99748
FLUX 1074  5430.00        5.521041E+13   1.6646E-06   1.6650E-06   0.99979
FLUX 1075  5450.00        5.500780E+13   1.6531E-06   1.6533E-06   0.99989
FLUX 1076  5470.00        5.480667E+13   1.6415E-06   1.6417E-06   0.99989
FLUX 1077  5490.00        5.460701E+13   1.6271E-06   1.6302E-06   0.99809
FLUX 1078  5510.00        5.440880E+13   1.6097E-06   1.6188E-06   0.99436
FLUX 1079  5530.00        5.421203E+13   1.5910E-06   1.6076E-06   0.98968
FLUX 1080  5550.00        5.401667E+13   1.5912E-06   1.5965E-06   0.99670
FLUX 1081  5570.00        5.382271E+13   1.5847E-06   1.5855E-06   0.99954
FLUX 1082  5590.00        5.363014E+13   1.5742E-06   1.5746E-06   0.99976
FLUX 1083  5610.00        5.343895E+13   1.5636E-06   1.5638E-06   0.99988
FLUX 1084  5630.00        5.324911E+13   1.5531E-06   1.5531E-06   0.99997
FLUX 1085  5650.00        5.306062E+13   1.5425E-06   1.5425E-06   0.99997
FLUX 1086  5670.00        5.287346E+13   1.5307E-06   1.5321E-06   0.99910
FLUX 1087  5690.00        5.268761E+13   1.5145E-06   1.5217E-06   0.99523
FLUX 1088  5710.00        5.250306E+13   1.4864E-06   1.5115E-06   0.98338
FLUX 1089  5730.00        5.231981E+13   1.4924E-06   1.5013E-06   0.99405
FLUX 1090  5750.00        5.213783E+13   1.4892E-06   1.4913E-06   0.99863
FLUX 1091  5770.00        5.195711E+13   1.4813E-06   1.4813E-06   0.99997
FLUX 1092  5790.00        5.177763E+13   1.4714E-06   1.4715E-06   0.99992
FLUX 1093  5810.00        5.159940E+13   1.4617E-06   1.4618E-06   0.99998
FLUX 1094  5830.00        5.142238E+13   1.4509E-06   1.4521E-06   0.99918
FLUX 1095  5850.00        5.124658E+13   1.4403E-06   1.4457E-06   0.99622
FLUX 1096  5870.00        5.107198E+13   1.4287E-06   1.4362E-06   0.99477
FLUX 1097  5890.00        5.089856E+13   1.4059E-06   1.4268E-06   0.98536
FLUX 1098  5910.00        5.072631E+13   1.3378E-06   1.4175E-06   0.94378
FLUX 1099  5930.00        5.055523E+13   1.3896E-06   1.4083E-06   0.98673
FLUX 1100  5950.00        5.038529E+13   1.3641E-06   1.3992E-06   0.97491
FLUX 1101  5970.00        5.021650E+13   1.3690E-06   1.3901E-06   0.98478
FLUX 1102  5990.00        5.004883E+13   1.3741E-06   1.3812E-06   0.99484
FLUX 1103  6010.00        4.988228E+13   1.3677E-06   1.3723E-06   0.99662
FLUX 1104  6030.00        4.971683E+13   1.3597E-06   1.3635E-06   0.99716
FLUX 1105  6050.00        4.955248E+13   1.3513E-06   1.3548E-06   0.99739
FLUX 1106  6070.00        4.938921E+13   1.3429E-06   1.3462E-06   0.99752
FLUX 1107  6090.00        4.922701E+13   1.3345E-06   1.3377E-06   0.99760
FLUX 1108  6110.00        4.906588E+13   1.3261E-06   1.3292E-06   0.99763
FLUX 1109  6130.00        4.890579E+13   1.3179E-06   1.3209E-06   0.99773
FLUX 1110  6150.00        4.874675E+13   1.3096E-06   1.3126E-06   0.99776
FLUX 1111  6170.00        4.858874E+13   1.3014E-06   1.3043E-06   0.99777
FLUX 1112  6190.00        4.843174E+13   1.2933E-06   1.2962E-06   0.99774
FLUX 1113  6210.00        4.827576E+13   1.2851E-06   1.2881E-06   0.99765
FLUX 1114  6230.00        4.812079E+13   1.2767E-06   1.2802E-06   0.99729
FLUX 1115  6250.00        4.796680E+13   1.2674E-06   1.2722E-06   0.99616
FLUX 1116  6270.00        4.781380E+13   1.2522E-06   1.2644E-06   0.99034
FLUX 1117  6290.00        4.766176E+13   1.2096E-06   1.2566E-06   0.96255
FLUX 1118  6310.00        4.751070E+13   1.2330E-06   1.2489E-06   0.98727
FLUX 1119  6330.00        4.736058E+13   1.2360E-06   1.2413E-06   0.99572
FLUX 1120  6350.00        4.721142E+13   1.2304E-06   1.2337E-06   0.99731
FLUX 1121  6370.00        4.706319E+13   1.2236E-06   1.2263E-06   0.99781
FLUX 1122  6390.00        4.691588E+13   1.2173E-06   1.2188E-06   0.99877
FLUX 1123  6420.00        4.669665E+13   1.2077E-06   1.2078E-06   0.99990
FLUX 1124  6460.00        4.640751E+13   1.1933E-06   1.1934E-06   0.99990
FLUX 1125  6500.00        4.612192E+13   1.1791E-06   1.1792E-06   0.99989
FLUX 1126  6540.00        4.583983E+13   1.1652E-06   1.1653E-06   0.99997
FLUX 1127  6580.00        4.556117E+13   1.1514E-06   1.1516E-06   0.99989
FLUX 1128  6620.00        4.528588E+13   1.1378E-06   1.1381E-06   0.99973
FLUX 1129  6660.00        4.501389E+13   1.1244E-06   1.1249E-06   0.99959
FLUX 1130  6700.00        4.474515E+13   1.1098E-06   1.1119E-06   0.99810
FLUX 1131  6740.00        4.447960E+13   1.0911E-06   1.0991E-06   0.99267
FLUX 1132  6780.00        4.421718E+13   1.0551E-06   1.0866E-06   0.97104
FLUX 1133  6820.00        4.395784E+13   1.0702E-06   1.0742E-06   0.99626
FLUX 1134  6860.00        4.370153E+13   1.0611E-06   1.0621E-06   0.99908
FLUX 1135  6900.00        4.344819E+13   1.0499E-06   1.0502E-06   0.99978
FLUX 1136  6940.00        4.319777E+13   1.0368E-06   1.0384E-06   0.99838
FLUX 1137  6980.00        4.295021E+13   1.0267E-06   1.0269E-06   0.99977
FLUX 1138  7020.00        4.270548E+13   1.0155E-06   1.0156E-06   0.99990
FLUX 1139  7060.00        4.246353E+13   1.0040E-06   1.0044E-06   0.99955
FLUX 1140  7100.00        4.222430E+13   9.9141E-07   9.9344E-07   0.99796
FLUX 1141  7140.00        4.198775E+13   9.8247E-07   9.8264E-07   0.99983
FLUX 1142  7180.00        4.175383E+13   9.7190E-07   9.7202E-07   0.99988
FLUX 1143  7220.00        4.152251E+13   9.6131E-07   9.6158E-07   0.99972
FLUX 1144  7260.00        4.129373E+13   9.4847E-07   9.5129E-07   0.99703
FLUX 1145  7300.00        4.106747E+13   9.3996E-07   9.4118E-07   0.99871
FLUX 1146  7340.00        4.084366E+13   9.3113E-07   9.3122E-07   0.99991
FLUX 1147  7380.00        4.062229E+13   9.2014E-07   9.2142E-07   0.99862
FLUX 1148  7420.00        4.040330E+13   9.0680E-07   9.1180E-07   0.99452
FLUX 1149  7460.00        4.018666E+13   8.6873E-07   9.0233E-07   0.96276
FLUX 1150  7500.00        3.997233E+13   8.4883E-07   8.9301E-07   0.95053
FLUX 1151  7540.00        3.976028E+13   8.7466E-07   8.8383E-07   0.98963
FLUX 1152  7580.00        3.955046E+13   8.7191E-07   8.7479E-07   0.99672
FLUX 1153  7620.00        3.934285E+13   8.6389E-07   8.6588E-07   0.99770
FLUX 1154  7660.00        3.913740E+13   8.5588E-07   8.5711E-07   0.99856
FLUX 1155  7700.00        3.893409E+13   8.4744E-07   8.4848E-07   0.99877
FLUX 1156  7740.00        3.873288E+13   8.3750E-07   8.3997E-07   0.99706
FLUX 1157  7780.00        3.853374E+13   8.2497E-07   8.3159E-07   0.99204
FLUX 1158  7820.00        3.833664E+13   8.2094E-07   8.2333E-07   0.99710
FLUX 1159  7860.00        3.814154E+13   8.1511E-07   8.1520E-07   0.99990
FLUX 1160  7900.00        3.794842E+13   8.0716E-07   8.0718E-07   0.99997
FLUX 1161  7940.00        3.775724E+13   7.9926E-07   7.9928E-07   0.99997
FLUX 1162  7980.00        3.756798E+13   7.9147E-07   7.9150E-07   0.99997
FLUX 1163  8020.00        3.738061E+13   7.8380E-07   7.8383E-07   0.99997
FLUX 1164  8060.00        3.719510E+13   7.7624E-07   7.7626E-07   0.99997
FLUX 1165  8100.00        3.701142E+13   7.6750E-07   7.6881E-07   0.99830
FLUX 1166  8140.00        3.682955E+13   7.5385E-07   7.6147E-07   0.99000
FLUX 1167  8180.00        3.664945E+13   7.4968E-07   7.5422E-07   0.99398
FLUX 1168  8220.00        3.647111E+13   7.4644E-07   7.4708E-07   0.99914
FLUX 1169  8260.00        3.629449E+13   7.4003E-07   7.4005E-07   0.99997
FLUX 1170  8300.00        3.611958E+13   7.3309E-07   7.3311E-07   0.99997
FLUX 1171  8340.00        3.594634E+13   7.2619E-07   7.2626E-07   0.99990
FLUX 1172  8380.00        3.577476E+13   7.1942E-07   7.1951E-07   0.99987
FLUX 1173  8420.00        3.560481E+13   7.1279E-07   7.1286E-07   0.99990
FLUX 1174  8460.00        3.543647E+13   7.0628E-07   7.0629E-07   0.99997
FLUX 1175  8500.00        3.526971E+13   6.9980E-07   6.9982E-07   0.99998
FLUX 1176  8540.00        3.510451E+13   6.9341E-07   6.9343E-07   0.99997
FLUX 1177  8580.00        3.494085E+13   6.8706E-07   6.8714E-07   0.99990
FLUX 1178  8620.00        3.477871E+13   6.7860E-07   6.8092E-07   0.99659
FLUX 1179  8660.00        3.461807E+13   6.6234E-07   6.7479E-07   0.98155
FLUX 1180  8700.00        3.445891E+13   6.6474E-07   6.6874E-07   0.99401
FLUX 1181  8740.00        3.430120E+13   6.4825E-07   6.6278E-07   0.97808
FLUX 1182  8780.00        3.414493E+13   6.4259E-07   6.5689E-07   0.97823
FLUX 1183  8820.00        3.399008E+13   6.4972E-07   6.5108E-07   0.99791
FLUX 1184  8860.00        3.383663E+13   6.4528E-07   6.4534E-07   0.99990
FLUX 1185  8900.00        3.368455E+13   6.3966E-07   6.3968E-07   0.99997
FLUX 1186  8940.00        3.353384E+13   6.3408E-07   6.3410E-07   0.99998
FLUX 1187  8980.00        3.338447E+13   6.2857E-07   6.2858E-07   0.99998
FLUX 1188  9020.00        3.323642E+13   6.2312E-07   6.2314E-07   0.99998
FLUX 1189  9060.00        3.308968E+13   6.1775E-07   6.1777E-07   0.99997
FLUX 1190  9100.00        3.294423E+13   6.1245E-07   6.1246E-07   0.99997
FLUX 1191  9140.00        3.280005E+13   6.0721E-07   6.0723E-07   0.99997
FLUX 1192  9180.00        3.265714E+13   6.0204E-07   6.0206E-07   0.99997
FLUX 1193  9220.00        3.251546E+13   5.9683E-07   5.9695E-07   0.99980
FLUX 1194  9260.00        3.237500E+13   5.9053E-07   5.9191E-07   0.99767
FLUX 1195  9300.00        3.223575E+13   5.8578E-07   5.8693E-07   0.99803
FLUX 1196  9340.00        3.209770E+13   5.7991E-07   5.8202E-07   0.99638
FLUX 1197  9380.00        3.196082E+13   5.6334E-07   5.7717E-07   0.97604
FLUX 1198  9420.00        3.182511E+13   5.6670E-07   5.7237E-07   0.99009
FLUX 1199  9460.00        3.169054E+13   5.6616E-07   5.6764E-07   0.99740
FLUX 1200  9500.00        3.155711E+13   5.6158E-07   5.6296E-07   0.99755
FLUX 1201  9540.00        3.142479E+13   5.5722E-07   5.5834E-07   0.99798
FLUX 1202  9580.00        3.129358E+13   5.5376E-07   5.5378E-07   0.99997
FLUX 1203  9620.00        3.116346E+13   5.4926E-07   5.4927E-07   0.99997
FLUX 1204  9660.00        3.103442E+13   5.4481E-07   5.4482E-07   0.99998
FLUX 1205  9700.00        3.090644E+13   5.4041E-07   5.4042E-07   0.99998
FLUX 1206  9740.00        3.077952E+13   5.3606E-07   5.3608E-07   0.99997
FLUX 1207  9780.00        3.065363E+13   5.3177E-07   5.3178E-07   0.99997
FLUX 1208  9820.00        3.052877E+13   5.2662E-07   5.2754E-07   0.99825
FLUX 1209  9860.00        3.040492E+13   5.2180E-07   5.2335E-07   0.99704
FLUX 1210  9900.00        3.028207E+13   5.1919E-07   5.1921E-07   0.99997
FLUX 1211  9940.00        3.016021E+13   5.1510E-07   5.1511E-07   0.99998
FLUX 1212  9980.00        3.003933E+13   5.1105E-07   5.1106E-07   0.99998
FLUX 1213 10020.00        2.991941E+13   5.0705E-07   5.0707E-07   0.99998
FLUX 1214 20000.00        1.498963E+13   1.2870E-07   1.2870E-07   0.99999
FLUX 1215 40000.00        7.494813E+12   3.1869E-08   3.1869E-08   1.00000
FLUX 1216 60000.00        4.996542E+12   1.4007E-08   1.4007E-08   1.00000
FLUX 1217 80000.00        3.747406E+12   7.8045E-09   7.8045E-09   1.00000
FLUX 1218100000.00        2.997925E+12   4.9552E-09   4.9552E-09   1.00000
FLUX 1219120000.00        2.498271E+12   3.4180E-09   3.4180E-09   1.00000
FLUX 1220140000.00        2.141375E+12   2.4967E-09   2.4967E-09   1.00000
FLUX 1221160000.00        1.873703E+12   1.9018E-09   1.9018E-09   1.00000
FLUX
