TEFF  18000.  GRAVITY 4.00000 LTE 
TITLE  [+0.2] N(He)/Ntot=0.07828 VTURB=2.0  L/H=1.25 NOVER                      
FLUX    1     9.09        3.298047E+16   1.0000E-50   0.0000E+00   1.00000
FLUX    2     9.35        3.206337E+16   1.0000E-50   0.0000E+00   1.00000
FLUX    3     9.61        3.119589E+16   1.0000E-50   0.0000E+00   1.00000
FLUX    4     9.77        3.068501E+16   1.0000E-50   0.0000E+00   1.00000
FLUX    5     9.96        3.009965E+16   1.0000E-50   0.0000E+00   1.00000
FLUX    6    10.20        2.939142E+16   1.0000E-50   0.0000E+00   1.00000
FLUX    7    10.38        2.888174E+16   1.0000E-50   0.0000E+00   1.00000
FLUX    8    10.56        2.838944E+16   1.0000E-50   0.0000E+00   1.00000
FLUX    9    10.77        2.783589E+16   1.0000E-50   0.0000E+00   1.00000
FLUX   10    11.04        2.715512E+16   1.0000E-50   0.0000E+00   1.00000
FLUX   11    11.40        2.629759E+16   1.0000E-50   0.0000E+00   1.00000
FLUX   12    11.78        2.544928E+16   1.0000E-50   0.0000E+00   1.00000
FLUX   13    12.13        2.471496E+16   1.0000E-50   0.0000E+00   1.00000
FLUX   14    12.48        2.402183E+16   1.0000E-50   0.0000E+00   1.00000
FLUX   15    12.71        2.358714E+16   1.0000E-50   0.0000E+00   1.00000
FLUX   16    12.84        2.334833E+16   1.0000E-50   0.0000E+00   1.00000
FLUX   17    13.05        2.297261E+16   1.0000E-50   0.0000E+00   1.00000
FLUX   18    13.24        2.264294E+16   1.0000E-50   0.0000E+00   1.00000
FLUX   19    13.39        2.238928E+16   1.0000E-50   0.0000E+00   1.00000
FLUX   20    13.66        2.194674E+16   1.0000E-50   0.0000E+00   1.00000
FLUX   21    13.98        2.144438E+16   1.0000E-50   0.0000E+00   1.00000
FLUX   22    14.33        2.092062E+16   1.0000E-50   0.0000E+00   1.00000
FLUX   23    14.72        2.036634E+16   1.3526E-38   1.3545E-38   0.99858
FLUX   24    15.10        1.985381E+16   2.8841E-37   2.8842E-37   0.99997
FLUX   25    15.52        1.931653E+16   2.5338E-36   2.5339E-36   0.99997
FLUX   26    15.88        1.887862E+16   1.4564E-35   1.4564E-35   0.99997
FLUX   27    16.20        1.850571E+16   6.4545E-35   6.4547E-35   0.99997
FLUX   28    16.60        1.805979E+16   3.8342E-34   3.8344E-34   0.99997
FLUX   29    17.03        1.760379E+16   2.3719E-33   2.3758E-33   0.99836
FLUX   30    17.34        1.728907E+16   8.3690E-33   8.3692E-33   0.99997
FLUX   31    17.68        1.695659E+16   3.1695E-32   3.1696E-32   0.99997
FLUX   32    18.02        1.663665E+16   1.1430E-31   1.1430E-31   0.99997
FLUX   33    18.17        1.649931E+16   1.9821E-31   1.9828E-31   0.99966
FLUX   34    18.61        1.610922E+16   9.4941E-31   9.4982E-31   0.99957
FLUX   35    19.10        1.569594E+16   5.0006E-30   5.0007E-30   0.99997
FLUX   36    19.39        1.546119E+16   1.2822E-29   1.2822E-29   0.99997
FLUX   37    19.84        1.511051E+16   5.2463E-29   5.2464E-29   0.99997
FLUX   38    20.18        1.485592E+16   1.4650E-28   1.4650E-28   0.99998
FLUX   39    20.50        1.462402E+16   3.7431E-28   3.7432E-28   0.99997
FLUX   40    21.05        1.424192E+16   1.7500E-27   1.7500E-27   0.99998
FLUX   41    21.62        1.386644E+16   7.9918E-27   7.9920E-27   0.99998
FLUX   42    21.98        1.363933E+16   2.0056E-26   2.0057E-26   0.99998
FLUX   43    22.30        1.344361E+16   4.4260E-26   4.4261E-26   0.99998
FLUX   44    22.68        1.321836E+16   1.1032E-25   1.1033E-25   0.99992
FLUX   45    23.00        1.303446E+16   3.5046E-25   3.9598E-25   0.88503
FLUX   46    23.40        1.281165E+16   9.6323E-25   9.7571E-25   0.98721
FLUX   47    24.00        1.249135E+16   3.5679E-24   3.5738E-24   0.99836
FLUX   48    24.65        1.216197E+16   1.3593E-23   1.3613E-23   0.99853
FLUX   49    25.24        1.187767E+16   4.3247E-23   4.3250E-23   0.99993
FLUX   50    25.68        1.167416E+16   9.7857E-23   9.9022E-23   0.98824
FLUX   51    26.00        1.153048E+16   1.7794E-22   1.7794E-22   0.99998
FLUX   52    26.40        1.135578E+16   3.6262E-22   3.6266E-22   0.99991
FLUX   53    26.85        1.116546E+16   7.8632E-22   7.8637E-22   0.99993
FLUX   54    27.35        1.096133E+16   1.8026E-21   1.8037E-21   0.99935
FLUX   55    27.85        1.076454E+16   4.0261E-21   4.0262E-21   0.99997
FLUX   56    28.40        1.055607E+16   9.4467E-21   9.4470E-21   0.99997
FLUX   57    29.00        1.033767E+16   2.3004E-20   2.3007E-20   0.99983
FLUX   58    29.60        1.012813E+16   5.3950E-20   5.3960E-20   0.99981
FLUX   59    30.10        9.959884E+15   1.0715E-19   1.0721E-19   0.99938
FLUX   60    30.80        9.733523E+15   2.6797E-19   2.7079E-19   0.98960
FLUX   61    31.80        9.427437E+15   9.4260E-19   9.4284E-19   0.99974
FLUX   62    32.80        9.140015E+15   3.0238E-18   3.0432E-18   0.99362
FLUX   63    33.80        8.869601E+15   9.1549E-18   9.1555E-18   0.99994
FLUX   64    34.80        8.614727E+15   2.5860E-17   2.5867E-17   0.99972
FLUX   65    35.70        8.397549E+15   6.3396E-17   6.3835E-17   0.99313
FLUX   66    36.60        8.191052E+15   1.4771E-16   1.4786E-16   0.99900
FLUX   67    37.50        7.994467E+15   3.2687E-16   3.2829E-16   0.99568
FLUX   68    38.50        7.786818E+15   7.5972E-16   7.6210E-16   0.99687
FLUX   69    39.50        7.589684E+15   1.6868E-15   1.6939E-15   0.99585
FLUX   70    40.50        7.402284E+15   3.6040E-15   3.6159E-15   0.99669
FLUX   71    41.40        7.241365E+15   6.9199E-15   6.9320E-15   0.99825
FLUX   72    42.20        7.104088E+15   1.2020E-14   1.2082E-14   0.99483
FLUX   73    43.00        6.971919E+15   2.0431E-14   2.0592E-14   0.99220
FLUX   74    44.10        6.798016E+15   4.1331E-14   4.1500E-14   0.99594
FLUX   75    45.10        6.647284E+15   7.5892E-14   7.6095E-14   0.99733
FLUX   76    46.00        6.517228E+15   1.2784E-13   1.2831E-13   0.99639
FLUX   77    47.00        6.378564E+15   2.2330E-13   2.2382E-13   0.99765
FLUX   78    48.00        6.245677E+15   3.8015E-13   3.8107E-13   0.99759
FLUX   79    49.00        6.118214E+15   6.3392E-13   6.3464E-13   0.99887
FLUX   80    50.00        5.995850E+15   1.0338E-12   1.0342E-12   0.99962
FLUX   81    50.60        5.924753E+15   8.9211E-12   1.7602E-11   0.50682
FLUX   82    51.20        5.855322E+15   5.7518E-11   7.4123E-11   0.77598
FLUX   83    52.00        5.765240E+15   7.7841E-11   9.7675E-11   0.79694
FLUX   84    53.00        5.656462E+15   1.1871E-10   1.3626E-10   0.87115
FLUX   85    54.00        5.551713E+15   1.4849E-10   1.8774E-10   0.79094
FLUX   86    55.00        5.450773E+15   2.3953E-10   2.5569E-10   0.93678
FLUX   87    56.00        5.353438E+15   3.1885E-10   3.4433E-10   0.92601
FLUX   88    57.00        5.259518E+15   4.4494E-10   4.5876E-10   0.96988
FLUX   89    58.00        5.168836E+15   5.0596E-10   6.4503E-10   0.78441
FLUX   90    59.00        5.081229E+15   7.5433E-10   8.3816E-10   0.89999
FLUX   91    60.00        4.996542E+15   1.0192E-09   1.0795E-09   0.94414
FLUX   92    61.00        4.914631E+15   1.3676E-09   1.3786E-09   0.99200
FLUX   93    62.00        4.835363E+15   1.7035E-09   1.7466E-09   0.97535
FLUX   94    63.00        4.758611E+15   2.1554E-09   2.1959E-09   0.98157
FLUX   95    64.00        4.684258E+15   2.5473E-09   2.7417E-09   0.92909
FLUX   96    65.00        4.612192E+15   2.8788E-09   3.3996E-09   0.84683
FLUX   97    65.80        4.556117E+15   3.9244E-09   4.0186E-09   0.97658
FLUX   98    66.50        4.508158E+15   4.4440E-09   4.6363E-09   0.95851
FLUX   99    67.50        4.441370E+15   5.3188E-09   5.6574E-09   0.94016
FLUX  100    68.50        4.376533E+15   6.3823E-09   6.8625E-09   0.93003
FLUX  101    69.50        4.313561E+15   8.0664E-09   8.2771E-09   0.97454
FLUX  102    70.50        4.252376E+15   9.5205E-09   9.9292E-09   0.95884
FLUX  103    71.60        4.187046E+15   1.1581E-08   1.2057E-08   0.96053
FLUX  104    72.60        4.129373E+15   1.3611E-08   1.4309E-08   0.95120
FLUX  105    73.50        4.078810E+15   1.5626E-08   1.6628E-08   0.93977
FLUX  106    74.50        4.024060E+15   1.8880E-08   1.9563E-08   0.96507
FLUX  107    75.50        3.970762E+15   2.2263E-08   2.2915E-08   0.97156
FLUX  108    76.50        3.918856E+15   2.6117E-08   2.6744E-08   0.97656
FLUX  109    77.50        3.868290E+15   3.0567E-08   3.1066E-08   0.98395
FLUX  110    78.50        3.819013E+15   3.5535E-08   3.5943E-08   0.98863
FLUX  111    79.50        3.770975E+15   4.0342E-08   4.1429E-08   0.97378
FLUX  112    80.50        3.724130E+15   4.6124E-08   4.7577E-08   0.96947
FLUX  113    81.50        3.678436E+15   5.2148E-08   5.4445E-08   0.95782
FLUX  114    82.50        3.633848E+15   6.0405E-08   6.2096E-08   0.97276
FLUX  115    83.50        3.590329E+15   6.5731E-08   7.0594E-08   0.93112
FLUX  116    84.50        3.547840E+15   7.5455E-08   7.9999E-08   0.94321
FLUX  117    85.50        3.506345E+15   8.5299E-08   9.0385E-08   0.94374
FLUX  118    86.50        3.465809E+15   9.6779E-08   1.0181E-07   0.95058
FLUX  119    87.50        3.426200E+15   1.1001E-07   1.1435E-07   0.96200
FLUX  120    88.50        3.387486E+15   1.2558E-07   1.2809E-07   0.98036
FLUX  121    89.50        3.349637E+15   1.4033E-07   1.4310E-07   0.98069
FLUX  122    90.50        3.312624E+15   1.4955E-07   1.5945E-07   0.93793
FLUX  123    91.50        3.276421E+15   3.1495E-07   3.0583E-04   0.00103
FLUX  124    92.50        3.241000E+15   1.5944E-06   3.0919E-04   0.00516
FLUX  125    93.50        3.206337E+15   4.6855E-06   3.1018E-04   0.01511
FLUX  126    94.50        3.172407E+15   1.6978E-05   3.1019E-04   0.05474
FLUX  127    95.50        3.139188E+15   3.7335E-05   3.0973E-04   0.12054
FLUX  128    96.50        3.106658E+15   5.2569E-05   3.0880E-04   0.17024
FLUX  129    97.50        3.074795E+15   9.2903E-06   3.0750E-04   0.03021
FLUX  130    98.50        3.043579E+15   6.4234E-05   3.0649E-04   0.20958
FLUX  131    99.50        3.012990E+15   6.7933E-05   3.0477E-04   0.22290
FLUX  132   100.50        2.983010E+15   8.9236E-05   3.0253E-04   0.29497
FLUX  133   101.50        2.953621E+15   8.4709E-05   2.9960E-04   0.28274
FLUX  134   102.50        2.924805E+15   1.7854E-05   3.0202E-04   0.05912
FLUX  135   103.50        2.896546E+15   5.0268E-05   3.0246E-04   0.16620
FLUX  136   104.50        2.868828E+15   1.2947E-04   3.0241E-04   0.42814
FLUX  137   105.50        2.841635E+15   1.3275E-04   3.0242E-04   0.43896
FLUX  138   106.50        2.814953E+15   1.0357E-04   3.0309E-04   0.34170
FLUX  139   107.50        2.788767E+15   1.3617E-04   3.0435E-04   0.44742
FLUX  140   108.50        2.763065E+15   1.1888E-04   3.0578E-04   0.38876
FLUX  141   109.50        2.737831E+15   1.4678E-04   3.0699E-04   0.47813
FLUX  142   110.50        2.713054E+15   1.2801E-04   3.3842E-04   0.37825
FLUX  143   111.50        2.688722E+15   1.2392E-04   3.3892E-04   0.36562
FLUX  144   112.50        2.664822E+15   1.2054E-04   3.3900E-04   0.35559
FLUX  145   113.50        2.641344E+15   1.6456E-04   3.3969E-04   0.48444
FLUX  146   114.50        2.618275E+15   1.4453E-04   3.3917E-04   0.42613
FLUX  147   115.50        2.595606E+15   1.6053E-04   3.3846E-04   0.47431
FLUX  148   116.50        2.573326E+15   1.7343E-04   3.3757E-04   0.51377
FLUX  149   117.50        2.551426E+15   1.2836E-04   3.3701E-04   0.38088
FLUX  150   118.50        2.529895E+15   1.8245E-04   3.3667E-04   0.54194
FLUX  151   119.50        2.508724E+15   1.0793E-04   3.3570E-04   0.32150
FLUX  152   120.50        2.487905E+15   5.9277E-05   3.3469E-04   0.17711
FLUX  153   121.50        2.467428E+15   2.4691E-05   3.3365E-04   0.07400
FLUX  154   122.50        2.447286E+15   1.0285E-04   3.3384E-04   0.30808
FLUX  155   123.50        2.427470E+15   1.9606E-04   3.3277E-04   0.58919
FLUX  156   124.50        2.407972E+15   2.1517E-04   3.3538E-04   0.64157
FLUX  157   125.50        2.388785E+15   2.1409E-04   3.3494E-04   0.63918
FLUX  158   126.50        2.369901E+15   1.9080E-04   3.3412E-04   0.57106
FLUX  159   127.50        2.351314E+15   2.1510E-04   3.3312E-04   0.64573
FLUX  160   128.50        2.333016E+15   2.3240E-04   3.3207E-04   0.69985
FLUX  161   129.50        2.315000E+15   1.3966E-04   3.3098E-04   0.42195
FLUX  162   130.50        2.297261E+15   1.2418E-04   3.2987E-04   0.37646
FLUX  163   131.50        2.279791E+15   2.2482E-04   3.2875E-04   0.68387
FLUX  164   132.50        2.262585E+15   2.1618E-04   3.2765E-04   0.65979
FLUX  165   133.50        2.245637E+15   1.8579E-04   3.2654E-04   0.56897
FLUX  166   134.50        2.228941E+15   2.3338E-04   3.2542E-04   0.71716
FLUX  167   135.50        2.212491E+15   2.2652E-04   3.2430E-04   0.69850
FLUX  168   136.50        2.196282E+15   1.9836E-04   3.2317E-04   0.61380
FLUX  169   137.50        2.180309E+15   2.0855E-04   3.2204E-04   0.64759
FLUX  170   138.50        2.164567E+15   2.1539E-04   3.2091E-04   0.67117
FLUX  171   139.50        2.149050E+15   1.8868E-04   3.1978E-04   0.59004
FLUX  172   140.50        2.133754E+15   2.0206E-04   3.1865E-04   0.63412
FLUX  173   141.50        2.118675E+15   1.9873E-04   3.1753E-04   0.62587
FLUX  174   142.50        2.103807E+15   2.1043E-04   3.1646E-04   0.66496
FLUX  175   143.50        2.089146E+15   2.1343E-04   3.1533E-04   0.67685
FLUX  176   144.20        2.079005E+15   2.2758E-04   3.1454E-04   0.72353
FLUX  177   144.70        2.071821E+15   2.2667E-04   3.1429E-04   0.72122
FLUX  178   145.50        2.060430E+15   2.2321E-04   3.1339E-04   0.71224
FLUX  179   146.50        2.046365E+15   2.0881E-04   3.1226E-04   0.66868
FLUX  180   147.50        2.032492E+15   2.1122E-04   3.1114E-04   0.67886
FLUX  181   148.50        2.018805E+15   2.1177E-04   3.1001E-04   0.68311
FLUX  182   149.50        2.005301E+15   2.1502E-04   3.0888E-04   0.69613
FLUX  183   150.50        1.991977E+15   2.0048E-04   3.0776E-04   0.65140
FLUX  184   151.20        1.982755E+15   1.7963E-04   3.0697E-04   0.58518
FLUX  185   151.70        1.976220E+15   1.9282E-04   3.0641E-04   0.62927
FLUX  186   152.50        1.965852E+15   1.9830E-04   3.0553E-04   0.64904
FLUX  187   153.50        1.953046E+15   1.7719E-04   3.0442E-04   0.58205
FLUX  188   154.50        1.940405E+15   1.8589E-04   3.0331E-04   0.61286
FLUX  189   155.50        1.927926E+15   1.7834E-04   3.0220E-04   0.59013
FLUX  190   156.50        1.915607E+15   1.8452E-04   3.0110E-04   0.61283
FLUX  191   157.50        1.903444E+15   1.9782E-04   3.0000E-04   0.65942
FLUX  192   158.50        1.891435E+15   2.0496E-04   2.9890E-04   0.68573
FLUX  193   159.50        1.879577E+15   2.0934E-04   2.9780E-04   0.70294
FLUX  194   160.50        1.867866E+15   2.0832E-04   2.9671E-04   0.70211
FLUX  195   161.50        1.856300E+15   2.1244E-04   2.9562E-04   0.71863
FLUX  196   162.50        1.844877E+15   2.0293E-04   2.9454E-04   0.68896
FLUX  197   163.50        1.833593E+15   2.1835E-04   2.9347E-04   0.74403
FLUX  198   164.50        1.822447E+15   2.2014E-04   2.9239E-04   0.75289
FLUX  199   165.50        1.811435E+15   2.0575E-04   2.9133E-04   0.70624
FLUX  200   166.50        1.800556E+15   2.2784E-04   2.9027E-04   0.78491
FLUX  201   167.20        1.793017E+15   2.1820E-04   2.8953E-04   0.75362
FLUX  202   167.70        1.787671E+15   2.2564E-04   2.8901E-04   0.78075
FLUX  203   168.50        1.779184E+15   2.3439E-04   2.8817E-04   0.81336
FLUX  204   169.50        1.768687E+15   2.2210E-04   2.8713E-04   0.77353
FLUX  205   170.50        1.758314E+15   2.1315E-04   2.8609E-04   0.74503
FLUX  206   171.50        1.748061E+15   2.0027E-04   2.8505E-04   0.70257
FLUX  207   172.50        1.737928E+15   2.0066E-04   2.8402E-04   0.70651
FLUX  208   173.50        1.727911E+15   2.1567E-04   2.8300E-04   0.76208
FLUX  209   174.50        1.718009E+15   2.0944E-04   2.8198E-04   0.74273
FLUX  210   175.50        1.708219E+15   2.2174E-04   2.8097E-04   0.78921
FLUX  211   176.50        1.698541E+15   2.0664E-04   2.7996E-04   0.73810
FLUX  212   177.50        1.688972E+15   2.0862E-04   2.7895E-04   0.74789
FLUX  213   178.50        1.679510E+15   2.1583E-04   2.7795E-04   0.77651
FLUX  214   179.50        1.670153E+15   2.2948E-04   2.7695E-04   0.82862
FLUX  215   180.50        1.660900E+15   2.3226E-04   2.7596E-04   0.84164
FLUX  216   181.50        1.651749E+15   2.0829E-04   2.7497E-04   0.75752
FLUX  217   182.50        1.642699E+15   2.2024E-04   2.7399E-04   0.80384
FLUX  218   183.50        1.633747E+15   2.1040E-04   2.7303E-04   0.77062
FLUX  219   184.50        1.624892E+15   1.9542E-04   2.7208E-04   0.71824
FLUX  220   185.50        1.616132E+15   1.8786E-04   2.7113E-04   0.69287
FLUX  221   186.50        1.607466E+15   1.9587E-04   2.7019E-04   0.72494
FLUX  222   187.50        1.598893E+15   2.2124E-04   2.6926E-04   0.82167
FLUX  223   188.50        1.590411E+15   1.9920E-04   2.6833E-04   0.74238
FLUX  224   189.50        1.582018E+15   1.8778E-04   2.6740E-04   0.70223
FLUX  225   190.50        1.573714E+15   2.0814E-04   2.6648E-04   0.78105
FLUX  226   191.50        1.565496E+15   1.9474E-04   2.6570E-04   0.73295
FLUX  227   192.50        1.557364E+15   1.9146E-04   2.6479E-04   0.72306
FLUX  228   193.50        1.549315E+15   2.0381E-04   2.6388E-04   0.77235
FLUX  229   194.50        1.541350E+15   2.0822E-04   2.6298E-04   0.79178
FLUX  230   195.50        1.533465E+15   1.9277E-04   2.6209E-04   0.73552
FLUX  231   196.70        1.524110E+15   2.1538E-04   2.6105E-04   0.82504
FLUX  232   197.60        1.517169E+15   2.2544E-04   2.6028E-04   0.86611
FLUX  233   198.40        1.511051E+15   2.1002E-04   2.5963E-04   0.80890
FLUX  234   199.50        1.502719E+15   2.0603E-04   2.5870E-04   0.79640
FLUX  235   200.50        1.495224E+15   2.1659E-04   2.5786E-04   0.83994
FLUX  236   201.50        1.487804E+15   2.0784E-04   2.5702E-04   0.80864
FLUX  237   202.50        1.480457E+15   2.2574E-04   2.5619E-04   0.88116
FLUX  238   203.50        1.473182E+15   2.0734E-04   2.5536E-04   0.81195
FLUX  239   204.50        1.465978E+15   2.1504E-04   2.5453E-04   0.84487
FLUX  240   205.50        1.458844E+15   2.0728E-04   2.5371E-04   0.81700
FLUX  241   206.50        1.451780E+15   2.1216E-04   2.5289E-04   0.83893
FLUX  242   207.40        1.445480E+15   2.2585E-04   2.5216E-04   0.89565
FLUX  243   207.80        1.442697E+15   2.0636E-04   2.5184E-04   0.81940
FLUX  244   208.50        1.437854E+15   2.1926E-04   2.5127E-04   0.87260
FLUX  245   209.50        1.430990E+15   2.0672E-04   2.5047E-04   0.82533
FLUX  246   210.50        1.424192E+15   2.1364E-04   2.4967E-04   0.85570
FLUX  247   211.50        1.417459E+15   2.1623E-04   2.4888E-04   0.86884
FLUX  248   212.50        1.410788E+15   2.2122E-04   2.4809E-04   0.89169
FLUX  249   213.50        1.404180E+15   2.1269E-04   2.4730E-04   0.86003
FLUX  250   214.50        1.397634E+15   2.1060E-04   2.4652E-04   0.85431
FLUX  251   215.50        1.391148E+15   2.2139E-04   2.4574E-04   0.90090
FLUX  252   216.50        1.384723E+15   2.1833E-04   2.4497E-04   0.89128
FLUX  253   217.50        1.378356E+15   2.1773E-04   2.4420E-04   0.89163
FLUX  254   218.50        1.372048E+15   2.1124E-04   2.4343E-04   0.86776
FLUX  255   219.50        1.365797E+15   2.1946E-04   2.4267E-04   0.90436
FLUX  256   220.50        1.359603E+15   2.1615E-04   2.4191E-04   0.89352
FLUX  257   221.50        1.353465E+15   2.1108E-04   2.4116E-04   0.87527
FLUX  258   222.50        1.347382E+15   2.0390E-04   2.4041E-04   0.84811
FLUX  259   223.50        1.341353E+15   2.1432E-04   2.3967E-04   0.89423
FLUX  260   224.50        1.335379E+15   2.1119E-04   2.3893E-04   0.88389
FLUX  261   225.50        1.329457E+15   2.0339E-04   2.3819E-04   0.85388
FLUX  262   226.50        1.323587E+15   2.1089E-04   2.3746E-04   0.88809
FLUX  263   227.50        1.317769E+15   2.1454E-04   2.3674E-04   0.90623
FLUX  264   228.50        1.312002E+15   2.1780E-04   2.3601E-04   0.92285
FLUX  265   229.50        1.306285E+15   2.0920E-04   2.3529E-04   0.88910
FLUX  266   230.50        1.300618E+15   2.0811E-04   2.3458E-04   0.88716
FLUX  267   231.50        1.295000E+15   2.0128E-04   2.3387E-04   0.86065
FLUX  268   232.50        1.289430E+15   2.0001E-04   2.3317E-04   0.85779
FLUX  269   233.50        1.283908E+15   1.9248E-04   2.3246E-04   0.82799
FLUX  270   234.50        1.278433E+15   1.9197E-04   2.3177E-04   0.82829
FLUX  271   235.50        1.273004E+15   1.9719E-04   2.3107E-04   0.85336
FLUX  272   236.50        1.267622E+15   1.9119E-04   2.3038E-04   0.82988
FLUX  273   237.50        1.262284E+15   1.9403E-04   2.2969E-04   0.84472
FLUX  274   238.50        1.256992E+15   1.8772E-04   2.2901E-04   0.81972
FLUX  275   239.50        1.251743E+15   1.9831E-04   2.2833E-04   0.86854
FLUX  276   240.50        1.246538E+15   1.8998E-04   2.2765E-04   0.83450
FLUX  277   241.50        1.241377E+15   1.9409E-04   2.2698E-04   0.85511
FLUX  278   242.50        1.236258E+15   1.9823E-04   2.2631E-04   0.87591
FLUX  279   243.50        1.231181E+15   1.9032E-04   2.2565E-04   0.84345
FLUX  280   244.50        1.226145E+15   1.9865E-04   2.2499E-04   0.88292
FLUX  281   245.50        1.221151E+15   1.9692E-04   2.2433E-04   0.87783
FLUX  282   246.50        1.216197E+15   1.9618E-04   2.2368E-04   0.87708
FLUX  283   247.50        1.211283E+15   1.9193E-04   2.2303E-04   0.86058
FLUX  284   248.50        1.206408E+15   1.9994E-04   2.2238E-04   0.89907
FLUX  285   249.50        1.201573E+15   1.9377E-04   2.2174E-04   0.87384
FLUX  286   250.50        1.196776E+15   2.0139E-04   2.2110E-04   0.91086
FLUX  287   251.30        1.192967E+15   1.9035E-04   2.2059E-04   0.86288
FLUX  288   251.80        1.190598E+15   1.9880E-04   2.2028E-04   0.90252
FLUX  289   252.50        1.187297E+15   1.9062E-04   2.1983E-04   0.86712
FLUX  290   253.50        1.182613E+15   1.9156E-04   2.1922E-04   0.87385
FLUX  291   254.50        1.177967E+15   1.8671E-04   2.1860E-04   0.85410
FLUX  292   255.50        1.173356E+15   1.9452E-04   2.1799E-04   0.89236
FLUX  293   256.50        1.168782E+15   1.9313E-04   2.1738E-04   0.88844
FLUX  294   257.50        1.164243E+15   2.0036E-04   2.1677E-04   0.92430
FLUX  295   258.50        1.159739E+15   2.0072E-04   2.1617E-04   0.92856
FLUX  296   259.50        1.155270E+15   2.0165E-04   2.1556E-04   0.93546
FLUX  297   260.50        1.150835E+15   1.9829E-04   2.1675E-04   0.91483
FLUX  298   261.50        1.146434E+15   1.9802E-04   2.1612E-04   0.91625
FLUX  299   262.50        1.142067E+15   1.9871E-04   2.1550E-04   0.92209
FLUX  300   263.50        1.137732E+15   2.0008E-04   2.1489E-04   0.93110
FLUX  301   264.50        1.133431E+15   2.0518E-04   2.1427E-04   0.95755
FLUX  302   265.50        1.129162E+15   2.0500E-04   2.1366E-04   0.95946
FLUX  303   266.50        1.124925E+15   1.9832E-04   2.1306E-04   0.93083
FLUX  304   267.50        1.120720E+15   2.0314E-04   2.1246E-04   0.95613
FLUX  305   268.50        1.116546E+15   2.0219E-04   2.1186E-04   0.95436
FLUX  306   269.50        1.112403E+15   1.9865E-04   2.1126E-04   0.94028
FLUX  307   270.50        1.108290E+15   2.0010E-04   2.1067E-04   0.94982
FLUX  308   271.50        1.104208E+15   1.9734E-04   2.1008E-04   0.93932
FLUX  309   272.50        1.100156E+15   1.9631E-04   2.0950E-04   0.93702
FLUX  310   273.50        1.096133E+15   2.0140E-04   2.0892E-04   0.96402
FLUX  311   274.50        1.092140E+15   1.9109E-04   2.0834E-04   0.91720
FLUX  312   275.50        1.088176E+15   1.9173E-04   2.0776E-04   0.92281
FLUX  313   276.50        1.084241E+15   1.9416E-04   2.0719E-04   0.93712
FLUX  314   277.50        1.080333E+15   1.9871E-04   2.0662E-04   0.96171
FLUX  315   278.50        1.076454E+15   1.9857E-04   2.0605E-04   0.96369
FLUX  316   279.50        1.072603E+15   1.8989E-04   2.0549E-04   0.92409
FLUX  317   280.50        1.068779E+15   1.9631E-04   2.0493E-04   0.95793
FLUX  318   281.50        1.064982E+15   1.9901E-04   2.0437E-04   0.97381
FLUX  319   282.50        1.061212E+15   1.9712E-04   2.0381E-04   0.96719
FLUX  320   283.50        1.057469E+15   1.8971E-04   2.0326E-04   0.93337
FLUX  321   284.50        1.053752E+15   1.8989E-04   2.0270E-04   0.93679
FLUX  322   285.50        1.050061E+15   1.9199E-04   2.0216E-04   0.94971
FLUX  323   286.50        1.046396E+15   1.9614E-04   2.0161E-04   0.97287
FLUX  324   287.50        1.042757E+15   1.9382E-04   2.0107E-04   0.96396
FLUX  325   288.50        1.039142E+15   1.9449E-04   2.0053E-04   0.96987
FLUX  326   289.50        1.035553E+15   1.9418E-04   1.9999E-04   0.97094
FLUX  327   291.00        1.030215E+15   1.9580E-04   1.9919E-04   0.98294
FLUX  328   293.00        1.023183E+15   1.9340E-04   1.9814E-04   0.97612
FLUX  329   295.00        1.016246E+15   1.9141E-04   1.9709E-04   0.97116
FLUX  330   297.00        1.009402E+15   1.9214E-04   1.9605E-04   0.98002
FLUX  331   299.00        1.002651E+15   1.9069E-04   1.9503E-04   0.97777
FLUX  332   301.00        9.959884E+14   1.9118E-04   1.9401E-04   0.98543
FLUX  333   303.00        9.894142E+14   1.9190E-04   1.9300E-04   0.99426
FLUX  334   305.00        9.829262E+14   1.9027E-04   1.9201E-04   0.99097
FLUX  335   307.00        9.765228E+14   1.8921E-04   1.9102E-04   0.99055
FLUX  336   309.00        9.702023E+14   1.8841E-04   1.9004E-04   0.99140
FLUX  337   311.00        9.639630E+14   1.8710E-04   1.8907E-04   0.98959
FLUX  338   313.00        9.578035E+14   1.8672E-04   1.8829E-04   0.99167
FLUX  339   315.00        9.517222E+14   1.8593E-04   1.8733E-04   0.99252
FLUX  340   317.00        9.457177E+14   1.8445E-04   1.8639E-04   0.98961
FLUX  341   319.00        9.397884E+14   1.8124E-04   1.8545E-04   0.97730
FLUX  342   321.00        9.339330E+14   1.8258E-04   1.8452E-04   0.98948
FLUX  343   323.00        9.281502E+14   1.8204E-04   1.8360E-04   0.99149
FLUX  344   325.00        9.224385E+14   1.8140E-04   1.8269E-04   0.99294
FLUX  345   327.00        9.167966E+14   1.8082E-04   1.8178E-04   0.99468
FLUX  346   329.00        9.112234E+14   1.7998E-04   1.8089E-04   0.99497
FLUX  347   331.00        9.057175E+14   1.7963E-04   1.8000E-04   0.99796
FLUX  348   333.00        9.002778E+14   1.7853E-04   1.7911E-04   0.99672
FLUX  349   335.00        8.949030E+14   1.7716E-04   1.7824E-04   0.99397
FLUX  350   337.00        8.895920E+14   1.7657E-04   1.7737E-04   0.99549
FLUX  351   339.00        8.843437E+14   1.7584E-04   1.7651E-04   0.99620
FLUX  352   341.00        8.791569E+14   1.7525E-04   1.7566E-04   0.99772
FLUX  353   343.00        8.740306E+14   1.7384E-04   1.7565E-04   0.98970
FLUX  354   345.00        8.689638E+14   1.7263E-04   1.7479E-04   0.98765
FLUX  355   347.00        8.639553E+14   1.7201E-04   1.7394E-04   0.98895
FLUX  356   349.00        8.590043E+14   1.7128E-04   1.7309E-04   0.98952
FLUX  357   351.00        8.541097E+14   1.7097E-04   1.7225E-04   0.99259
FLUX  358   353.00        8.492705E+14   1.7052E-04   1.7142E-04   0.99477
FLUX  359   355.00        8.444859E+14   1.6979E-04   1.7059E-04   0.99535
FLUX  360   357.00        8.397549E+14   1.6952E-04   1.6977E-04   0.99855
FLUX  361   359.00        8.350766E+14   1.6754E-04   1.6895E-04   0.99163
FLUX  362   361.00        8.304501E+14   1.6701E-04   1.6815E-04   0.99320
FLUX  363   363.00        8.258747E+14   1.6640E-04   1.6735E-04   0.99433
FLUX  364   364.00        8.236058E+14   1.6691E-04   1.6695E-04   0.99975
FLUX  365   365.00        8.213493E+14   1.6569E-04   2.6835E-04   0.61747
FLUX  366   367.00        8.168733E+14   1.6558E-04   2.6638E-04   0.62161
FLUX  367   369.00        8.124458E+14   1.6326E-04   2.6811E-04   0.60892
FLUX  368   371.00        8.080660E+14   1.6040E-04   2.6616E-04   0.60264
FLUX  369   373.00        8.037332E+14   1.5733E-04   2.6422E-04   0.59546
FLUX  370   375.00        7.994467E+14   1.7631E-04   2.6230E-04   0.67215
FLUX  371   377.00        7.952056E+14   1.8167E-04   2.6041E-04   0.69765
FLUX  372   379.00        7.910092E+14   1.9944E-04   2.5853E-04   0.77144
FLUX  373   381.00        7.868570E+14   2.1412E-04   2.5668E-04   0.83418
FLUX  374   383.00        7.827480E+14   1.8405E-04   2.5484E-04   0.72222
FLUX  375   385.00        7.786818E+14   2.2674E-04   2.5303E-04   0.89612
FLUX  376   387.00        7.746576E+14   2.3436E-04   2.5123E-04   0.93286
FLUX  377   389.00        7.706748E+14   1.7816E-04   2.4945E-04   0.71419
FLUX  378   391.00        7.667327E+14   2.3823E-04   2.4770E-04   0.96178
FLUX  379   393.00        7.628308E+14   2.3458E-04   2.4595E-04   0.95375
FLUX  380   395.00        7.589684E+14   2.3523E-04   2.4423E-04   0.96314
FLUX  381   397.00        7.551448E+14   1.7311E-04   2.4253E-04   0.71379
FLUX  382   399.00        7.513596E+14   2.2929E-04   2.4084E-04   0.95203
FLUX  383   401.00        7.476122E+14   2.3340E-04   2.3917E-04   0.97587
FLUX  384   403.00        7.439020E+14   2.2084E-04   2.3752E-04   0.92978
FLUX  385   405.00        7.402284E+14   2.3311E-04   2.3589E-04   0.98821
FLUX  386   407.00        7.365909E+14   2.2753E-04   2.3427E-04   0.97124
FLUX  387   409.00        7.329890E+14   2.0830E-04   2.3267E-04   0.89525
FLUX  388   411.00        7.294221E+14   1.7876E-04   2.3109E-04   0.77357
FLUX  389   413.00        7.258898E+14   2.1957E-04   2.2952E-04   0.95663
FLUX  390   415.00        7.223916E+14   2.2155E-04   2.2797E-04   0.97182
FLUX  391   417.00        7.189269E+14   2.2250E-04   2.2644E-04   0.98260
FLUX  392   419.00        7.154952E+14   2.2297E-04   2.2493E-04   0.99131
FLUX  393   421.00        7.120962E+14   2.2237E-04   2.2343E-04   0.99529
FLUX  394   423.00        7.087293E+14   2.2025E-04   2.2194E-04   0.99238
FLUX  395   425.00        7.053941E+14   2.1819E-04   2.2047E-04   0.98965
FLUX  396   427.00        7.020902E+14   2.1334E-04   2.1902E-04   0.97410
FLUX  397   429.00        6.988170E+14   2.1494E-04   2.1758E-04   0.98789
FLUX  398   431.00        6.955742E+14   2.1157E-04   2.1615E-04   0.97880
FLUX  399   433.00        6.923614E+14   1.8772E-04   2.1474E-04   0.87419
FLUX  400   435.00        6.891782E+14   1.7018E-04   2.1334E-04   0.79768
FLUX  401   437.00        6.860240E+14   2.0612E-04   2.1195E-04   0.97249
FLUX  402   439.00        6.828986E+14   2.0213E-04   2.1058E-04   0.95985
FLUX  403   441.00        6.798016E+14   2.0679E-04   2.0922E-04   0.98834
FLUX  404   443.00        6.767325E+14   2.0455E-04   2.0788E-04   0.98397
FLUX  405   445.00        6.736910E+14   2.0538E-04   2.0655E-04   0.99436
FLUX  406   447.00        6.706767E+14   1.9469E-04   2.0523E-04   0.94863
FLUX  407   449.00        6.676893E+14   2.0053E-04   2.0392E-04   0.98336
FLUX  408   451.00        6.647284E+14   2.0189E-04   2.0263E-04   0.99636
FLUX  409   453.00        6.617936E+14   1.9961E-04   2.0135E-04   0.99135
FLUX  410   455.00        6.588846E+14   1.9865E-04   2.0008E-04   0.99287
FLUX  411   457.00        6.560011E+14   1.9796E-04   1.9883E-04   0.99564
FLUX  412   459.00        6.531427E+14   1.9658E-04   1.9758E-04   0.99494
FLUX  413   461.00        6.503091E+14   1.9498E-04   1.9635E-04   0.99304
FLUX  414   463.00        6.475000E+14   1.9301E-04   1.9513E-04   0.98912
FLUX  415   465.00        6.447151E+14   1.9191E-04   1.9392E-04   0.98964
FLUX  416   467.00        6.419540E+14   1.9155E-04   1.9272E-04   0.99391
FLUX  417   469.00        6.392164E+14   1.9096E-04   1.9153E-04   0.99703
FLUX  418   471.00        6.365021E+14   1.8535E-04   1.9036E-04   0.97367
FLUX  419   473.00        6.338108E+14   1.8676E-04   1.8919E-04   0.98716
FLUX  420   475.00        6.311421E+14   1.8556E-04   1.8804E-04   0.98679
FLUX  421   477.00        6.284958E+14   1.8675E-04   1.8690E-04   0.99922
FLUX  422   479.00        6.258716E+14   1.8498E-04   1.8577E-04   0.99577
FLUX  423   481.00        6.232692E+14   1.8234E-04   1.8464E-04   0.98754
FLUX  424   483.00        6.206884E+14   1.8026E-04   1.8353E-04   0.98219
FLUX  425   485.00        6.181289E+14   1.6396E-04   1.8243E-04   0.89875
FLUX  426   487.00        6.155903E+14   1.4463E-04   1.8134E-04   0.79755
FLUX  427   489.00        6.130726E+14   1.7681E-04   1.8026E-04   0.98087
FLUX  428   491.00        6.105754E+14   1.7737E-04   1.7919E-04   0.98984
FLUX  429   493.00        6.080984E+14   1.7220E-04   1.7813E-04   0.96675
FLUX  430   495.00        6.056414E+14   1.7628E-04   1.7708E-04   0.99553
FLUX  431   497.00        6.032042E+14   1.7576E-04   1.7603E-04   0.99842
FLUX  432   499.00        6.007866E+14   1.7427E-04   1.7500E-04   0.99585
FLUX  433   501.00        5.983882E+14   1.6866E-04   1.7398E-04   0.96942
FLUX  434   503.00        5.960089E+14   1.7132E-04   1.7296E-04   0.99053
FLUX  435   505.00        5.936485E+14   1.6783E-04   1.7196E-04   0.97601
FLUX  436   507.00        5.913067E+14   1.7010E-04   1.7096E-04   0.99493
FLUX  437   509.00        5.889833E+14   1.6894E-04   1.6997E-04   0.99392
FLUX  438   511.00        5.866781E+14   1.6736E-04   1.6900E-04   0.99031
FLUX  439   513.00        5.843908E+14   1.6590E-04   1.6803E-04   0.98731
FLUX  440   515.00        5.821214E+14   1.6472E-04   1.6707E-04   0.98599
FLUX  441   517.00        5.798694E+14   1.6502E-04   1.6611E-04   0.99342
FLUX  442   519.00        5.776349E+14   1.6416E-04   1.6517E-04   0.99388
FLUX  443   521.00        5.754175E+14   1.6122E-04   1.6423E-04   0.98167
FLUX  444   523.00        5.732170E+14   1.6221E-04   1.6330E-04   0.99328
FLUX  445   525.00        5.710333E+14   1.6151E-04   1.6238E-04   0.99465
FLUX  446   527.00        5.688662E+14   1.6021E-04   1.6147E-04   0.99221
FLUX  447   529.00        5.667155E+14   1.6011E-04   1.6056E-04   0.99716
FLUX  448   531.00        5.645810E+14   1.5887E-04   1.5967E-04   0.99497
FLUX  449   533.00        5.624625E+14   1.5785E-04   1.5878E-04   0.99413
FLUX  450   535.00        5.603598E+14   1.5649E-04   1.5790E-04   0.99110
FLUX  451   537.00        5.582728E+14   1.5654E-04   1.5702E-04   0.99695
FLUX  452   539.00        5.562013E+14   1.5564E-04   1.5616E-04   0.99671
FLUX  453   541.00        5.541451E+14   1.5455E-04   1.5530E-04   0.99521
FLUX  454   543.00        5.521041E+14   1.5320E-04   1.5444E-04   0.99197
FLUX  455   545.00        5.500780E+14   1.5266E-04   1.5360E-04   0.99389
FLUX  456   547.00        5.480667E+14   1.5163E-04   1.5276E-04   0.99259
FLUX  457   549.00        5.460701E+14   1.5141E-04   1.5193E-04   0.99660
FLUX  458   551.00        5.440880E+14   1.5040E-04   1.5110E-04   0.99535
FLUX  459   553.00        5.421203E+14   1.4966E-04   1.5029E-04   0.99585
FLUX  460   555.00        5.401667E+14   1.4904E-04   1.4948E-04   0.99708
FLUX  461   557.00        5.382271E+14   1.4812E-04   1.4867E-04   0.99625
FLUX  462   559.00        5.363014E+14   1.4746E-04   1.4788E-04   0.99720
FLUX  463   561.00        5.343895E+14   1.4648E-04   1.4709E-04   0.99586
FLUX  464   563.00        5.324911E+14   1.4620E-04   1.4630E-04   0.99927
FLUX  465   565.00        5.306062E+14   1.4373E-04   1.4553E-04   0.98768
FLUX  466   567.00        5.287346E+14   1.4326E-04   1.4476E-04   0.98965
FLUX  467   569.00        5.268761E+14   1.4313E-04   1.4399E-04   0.99399
FLUX  468   571.00        5.250306E+14   1.4289E-04   1.4323E-04   0.99763
FLUX  469   573.00        5.231981E+14   1.4222E-04   1.4248E-04   0.99817
FLUX  470   575.00        5.213783E+14   1.4143E-04   1.4173E-04   0.99783
FLUX  471   577.00        5.195711E+14   1.4085E-04   1.4099E-04   0.99896
FLUX  472   579.00        5.177763E+14   1.4004E-04   1.4026E-04   0.99842
FLUX  473   581.00        5.159940E+14   1.3927E-04   1.3953E-04   0.99811
FLUX  474   583.00        5.142238E+14   1.3850E-04   1.3881E-04   0.99776
FLUX  475   585.00        5.124658E+14   1.3786E-04   1.3809E-04   0.99835
FLUX  476   587.00        5.107198E+14   1.3313E-04   1.3738E-04   0.96911
FLUX  477   589.00        5.089856E+14   1.3541E-04   1.3667E-04   0.99079
FLUX  478   591.00        5.072631E+14   1.3560E-04   1.3597E-04   0.99729
FLUX  479   593.00        5.055523E+14   1.3503E-04   1.3528E-04   0.99820
FLUX  480   595.00        5.038529E+14   1.3368E-04   1.3459E-04   0.99324
FLUX  481   597.00        5.021650E+14   1.3368E-04   1.3391E-04   0.99829
FLUX  482   599.00        5.004883E+14   1.3270E-04   1.3323E-04   0.99603
FLUX  483   601.00        4.988228E+14   1.3246E-04   1.3255E-04   0.99928
FLUX  484   603.00        4.971683E+14   1.3170E-04   1.3189E-04   0.99859
FLUX  485   605.00        4.955248E+14   1.3109E-04   1.3122E-04   0.99901
FLUX  486   607.00        4.938921E+14   1.3042E-04   1.3057E-04   0.99889
FLUX  487   609.00        4.922701E+14   1.2966E-04   1.2991E-04   0.99803
FLUX  488   611.00        4.906588E+14   1.2919E-04   1.2927E-04   0.99937
FLUX  489   613.00        4.890579E+14   1.2857E-04   1.2862E-04   0.99959
FLUX  490   615.00        4.874675E+14   1.2715E-04   1.2799E-04   0.99347
FLUX  491   617.00        4.858874E+14   1.2717E-04   1.2735E-04   0.99853
FLUX  492   619.00        4.843174E+14   1.2666E-04   1.2673E-04   0.99950
FLUX  493   621.00        4.827576E+14   1.2601E-04   1.2610E-04   0.99926
FLUX  494   623.00        4.812079E+14   1.2530E-04   1.2548E-04   0.99853
FLUX  495   625.00        4.796680E+14   1.2427E-04   1.2487E-04   0.99519
FLUX  496   627.00        4.781380E+14   1.2408E-04   1.2426E-04   0.99856
FLUX  497   629.00        4.766176E+14   1.2343E-04   1.2366E-04   0.99820
FLUX  498   631.00        4.751070E+14   1.2265E-04   1.2306E-04   0.99666
FLUX  499   633.00        4.736058E+14   1.2231E-04   1.2246E-04   0.99875
FLUX  500   635.00        4.721142E+14   1.2082E-04   1.2187E-04   0.99140
FLUX  501   637.00        4.706319E+14   1.2057E-04   1.2128E-04   0.99412
FLUX  502   639.00        4.691588E+14   1.2042E-04   1.2070E-04   0.99765
FLUX  503   641.00        4.676950E+14   1.1978E-04   1.2012E-04   0.99713
FLUX  504   643.00        4.662403E+14   1.1949E-04   1.1955E-04   0.99950
FLUX  505   645.00        4.647946E+14   1.1875E-04   1.1898E-04   0.99806
FLUX  506   647.00        4.633578E+14   1.1811E-04   1.1841E-04   0.99745
FLUX  507   649.00        4.619299E+14   1.1757E-04   1.1785E-04   0.99759
FLUX  508   651.00        4.605108E+14   1.1665E-04   1.1729E-04   0.99450
FLUX  509   653.00        4.591003E+14   1.1558E-04   1.1674E-04   0.99001
FLUX  510   655.00        4.576985E+14   1.0943E-04   1.1619E-04   0.94181
FLUX  511   657.00        4.563052E+14   9.5711E-05   1.1565E-04   0.82762
FLUX  512   659.00        4.549203E+14   1.1241E-04   1.1511E-04   0.97659
FLUX  513   661.00        4.535439E+14   1.1396E-04   1.1457E-04   0.99467
FLUX  514   663.00        4.521757E+14   1.1384E-04   1.1403E-04   0.99826
FLUX  515   665.00        4.508158E+14   1.1343E-04   1.1357E-04   0.99883
FLUX  516   667.00        4.494640E+14   1.1185E-04   1.1304E-04   0.98945
FLUX  517   669.00        4.481203E+14   1.1140E-04   1.1252E-04   0.99010
FLUX  518   671.00        4.467846E+14   1.1185E-04   1.1200E-04   0.99865
FLUX  519   673.00        4.454569E+14   1.1133E-04   1.1148E-04   0.99865
FLUX  520   675.00        4.441370E+14   1.1089E-04   1.1097E-04   0.99927
FLUX  521   677.00        4.428250E+14   1.1041E-04   1.1046E-04   0.99950
FLUX  522   679.00        4.415206E+14   1.0942E-04   1.0996E-04   0.99508
FLUX  523   681.00        4.402239E+14   1.0928E-04   1.0946E-04   0.99843
FLUX  524   683.00        4.389348E+14   1.0872E-04   1.0896E-04   0.99780
FLUX  525   685.00        4.376533E+14   1.0836E-04   1.0846E-04   0.99903
FLUX  526   687.00        4.363792E+14   1.0789E-04   1.0797E-04   0.99923
FLUX  527   689.00        4.351125E+14   1.0740E-04   1.0748E-04   0.99917
FLUX  528   691.00        4.338531E+14   1.0691E-04   1.0700E-04   0.99918
FLUX  529   693.00        4.326010E+14   1.0623E-04   1.0652E-04   0.99725
FLUX  530   695.00        4.313561E+14   1.0597E-04   1.0604E-04   0.99937
FLUX  531   697.00        4.301184E+14   1.0553E-04   1.0557E-04   0.99964
FLUX  532   699.00        4.288877E+14   1.0502E-04   1.0510E-04   0.99924
FLUX  533   701.00        4.276641E+14   1.0452E-04   1.0463E-04   0.99900
FLUX  534   703.00        4.264474E+14   1.0406E-04   1.0416E-04   0.99905
FLUX  535   705.00        4.252376E+14   1.0340E-04   1.0370E-04   0.99711
FLUX  536   707.00        4.240347E+14   1.0164E-04   1.0324E-04   0.98446
FLUX  537   709.00        4.228385E+14   1.0275E-04   1.0279E-04   0.99967
FLUX  538   711.00        4.216491E+14   1.0208E-04   1.0234E-04   0.99749
FLUX  539   713.00        4.204663E+14   1.0168E-04   1.0189E-04   0.99796
FLUX  540   715.00        4.192902E+14   1.0131E-04   1.0144E-04   0.99873
FLUX  541   717.00        4.181206E+14   1.0091E-04   1.0100E-04   0.99918
FLUX  542   719.00        4.169576E+14   1.0053E-04   1.0056E-04   0.99969
FLUX  543   721.00        4.158010E+14   1.0009E-04   1.0012E-04   0.99972
FLUX  544   723.00        4.146508E+14   9.8572E-05   9.9685E-05   0.98884
FLUX  545   725.00        4.135069E+14   9.9111E-05   9.9253E-05   0.99857
FLUX  546   727.00        4.123693E+14   9.8794E-05   9.8824E-05   0.99969
FLUX  547   729.00        4.112380E+14   9.7742E-05   9.8398E-05   0.99333
FLUX  548   731.00        4.101129E+14   9.7937E-05   9.7975E-05   0.99961
FLUX  549   733.00        4.089939E+14   9.7520E-05   9.7555E-05   0.99964
FLUX  550   735.00        4.078810E+14   9.7135E-05   9.7137E-05   0.99997
FLUX  551   737.00        4.067741E+14   9.6714E-05   9.6723E-05   0.99991
FLUX  552   739.00        4.056732E+14   9.6301E-05   9.6311E-05   0.99990
FLUX  553   741.00        4.045783E+14   9.5892E-05   9.5901E-05   0.99991
FLUX  554   743.00        4.034892E+14   9.5333E-05   9.5495E-05   0.99831
FLUX  555   745.00        4.024060E+14   9.5018E-05   9.5100E-05   0.99914
FLUX  556   747.00        4.013286E+14   9.4479E-05   9.4699E-05   0.99768
FLUX  557   749.00        4.002570E+14   9.4169E-05   9.4300E-05   0.99861
FLUX  558   751.00        3.991911E+14   9.3796E-05   9.3904E-05   0.99885
FLUX  559   753.00        3.981308E+14   9.3433E-05   9.3510E-05   0.99917
FLUX  560   755.00        3.970762E+14   9.3075E-05   9.3119E-05   0.99953
FLUX  561   757.00        3.960271E+14   9.2704E-05   9.2730E-05   0.99972
FLUX  562   759.00        3.949835E+14   9.2268E-05   9.2344E-05   0.99918
FLUX  563   761.00        3.939455E+14   9.1950E-05   9.1960E-05   0.99989
FLUX  564   763.00        3.929128E+14   9.1556E-05   9.1579E-05   0.99976
FLUX  565   765.00        3.918856E+14   9.1171E-05   9.1200E-05   0.99968
FLUX  566   767.00        3.908638E+14   9.0798E-05   9.0823E-05   0.99972
FLUX  567   769.00        3.898472E+14   9.0417E-05   9.0449E-05   0.99964
FLUX  568   771.00        3.888359E+14   9.0059E-05   9.0077E-05   0.99979
FLUX  569   773.00        3.878299E+14   8.9660E-05   8.9707E-05   0.99947
FLUX  570   775.00        3.868290E+14   8.9308E-05   8.9340E-05   0.99964
FLUX  571   777.00        3.858333E+14   8.8104E-05   8.8975E-05   0.99021
FLUX  572   779.00        3.848427E+14   8.8585E-05   8.8613E-05   0.99968
FLUX  573   781.00        3.838572E+14   8.8211E-05   8.8252E-05   0.99954
FLUX  574   783.00        3.828768E+14   8.7885E-05   8.7894E-05   0.99989
FLUX  575   785.00        3.819013E+14   8.7255E-05   8.7603E-05   0.99603
FLUX  576   787.00        3.809307E+14   8.6966E-05   8.7248E-05   0.99677
FLUX  577   789.00        3.799651E+14   8.6430E-05   8.6896E-05   0.99464
FLUX  578   791.00        3.790044E+14   8.6452E-05   8.6546E-05   0.99891
FLUX  579   793.00        3.780485E+14   8.6159E-05   8.6198E-05   0.99955
FLUX  580   795.00        3.770975E+14   8.5504E-05   8.5852E-05   0.99594
FLUX  581   797.00        3.761512E+14   8.5404E-05   8.5509E-05   0.99878
FLUX  582   799.00        3.752096E+14   8.4670E-05   8.5167E-05   0.99416
FLUX  583   801.00        3.742728E+14   8.4760E-05   8.4828E-05   0.99920
FLUX  584   803.00        3.733406E+14   8.4386E-05   8.4490E-05   0.99876
FLUX  585   805.00        3.724130E+14   8.4034E-05   8.4155E-05   0.99857
FLUX  586   807.00        3.714901E+14   8.3744E-05   8.3821E-05   0.99908
FLUX  587   809.00        3.705717E+14   8.3320E-05   8.3490E-05   0.99797
FLUX  588   811.00        3.696578E+14   8.3006E-05   8.3160E-05   0.99815
FLUX  589   813.00        3.687485E+14   8.2721E-05   8.2833E-05   0.99865
FLUX  590   815.00        3.678436E+14   8.2352E-05   8.2508E-05   0.99812
FLUX  591   817.00        3.669431E+14   8.2125E-05   8.2184E-05   0.99929
FLUX  592   819.00        3.660470E+14   8.1695E-05   8.1863E-05   0.99795
FLUX  593   821.00        3.651553E+14   8.1074E-05   8.8419E-05   0.91693
FLUX  594   823.00        3.642679E+14   8.0725E-05   8.8058E-05   0.91673
FLUX  595   825.00        3.633848E+14   8.0796E-05   8.7699E-05   0.92129
FLUX  596   827.00        3.625060E+14   8.0244E-05   8.7382E-05   0.91831
FLUX  597   829.00        3.616315E+14   8.0092E-05   8.7027E-05   0.92031
FLUX  598   831.00        3.607611E+14   7.9828E-05   8.6674E-05   0.92101
FLUX  599   833.00        3.598950E+14   7.9552E-05   8.6323E-05   0.92156
FLUX  600   835.00        3.590329E+14   7.8991E-05   8.5974E-05   0.91877
FLUX  601   837.00        3.581750E+14   7.8795E-05   8.5628E-05   0.92020
FLUX  602   839.00        3.573212E+14   7.8666E-05   8.5284E-05   0.92241
FLUX  603   841.00        3.564715E+14   7.8286E-05   8.4941E-05   0.92165
FLUX  604   843.00        3.556257E+14   7.7855E-05   8.4601E-05   0.92026
FLUX  605   845.00        3.547840E+14   7.6832E-05   8.4263E-05   0.91182
FLUX  606   847.00        3.539463E+14   7.6908E-05   8.3927E-05   0.91638
FLUX  607   849.00        3.531125E+14   7.6878E-05   8.3592E-05   0.91968
FLUX  608   851.00        3.522826E+14   7.5806E-05   8.3260E-05   0.91048
FLUX  609   853.00        3.514566E+14   7.6674E-05   8.2930E-05   0.92456
FLUX  610   855.00        3.506345E+14   7.3857E-05   8.2602E-05   0.89413
FLUX  611   857.00        3.498162E+14   7.7162E-05   8.2276E-05   0.93785
FLUX  612   859.00        3.490017E+14   7.3650E-05   8.1951E-05   0.89870
FLUX  613   861.00        3.481911E+14   7.3302E-05   8.1629E-05   0.89799
FLUX  614   863.00        3.473841E+14   7.7325E-05   8.1309E-05   0.95101
FLUX  615   865.00        3.465809E+14   7.5007E-05   8.0990E-05   0.92613
FLUX  616   867.00        3.457814E+14   6.8677E-05   8.0674E-05   0.85129
FLUX  617   869.00        3.449856E+14   7.6423E-05   8.0359E-05   0.95102
FLUX  618   871.00        3.441935E+14   7.7833E-05   8.0046E-05   0.97235
FLUX  619   873.00        3.434049E+14   7.5464E-05   7.9735E-05   0.94643
FLUX  620   875.00        3.426200E+14   6.6234E-05   7.9426E-05   0.83391
FLUX  621   877.00        3.418387E+14   7.3320E-05   7.9119E-05   0.92670
FLUX  622   879.00        3.410609E+14   7.7201E-05   7.8813E-05   0.97955
FLUX  623   881.00        3.402866E+14   7.7481E-05   7.8510E-05   0.98689
FLUX  624   883.00        3.395159E+14   7.6395E-05   7.8208E-05   0.97682
FLUX  625   885.00        3.387486E+14   7.0948E-05   7.7908E-05   0.91066
FLUX  626   887.00        3.379848E+14   6.4673E-05   7.7610E-05   0.83331
FLUX  627   889.00        3.372244E+14   7.4426E-05   7.7313E-05   0.96266
FLUX  628   891.00        3.364675E+14   7.5994E-05   7.7018E-05   0.98671
FLUX  629   893.00        3.357139E+14   7.5875E-05   7.6725E-05   0.98893
FLUX  630   895.00        3.349637E+14   7.5977E-05   7.6434E-05   0.99403
FLUX  631   897.00        3.342168E+14   7.5401E-05   7.6144E-05   0.99025
FLUX  632   899.00        3.334733E+14   7.3166E-05   7.5856E-05   0.96455
FLUX  633   901.00        3.327331E+14   6.3710E-05   7.5569E-05   0.84307
FLUX  634   903.00        3.319961E+14   6.7650E-05   7.5284E-05   0.89859
FLUX  635   905.00        3.312624E+14   7.3404E-05   7.5001E-05   0.97871
FLUX  636   907.00        3.305320E+14   7.3364E-05   7.4720E-05   0.98185
FLUX  637   909.00        3.298047E+14   7.3585E-05   7.4440E-05   0.98851
FLUX  638   911.00        3.290807E+14   7.3795E-05   7.4161E-05   0.99506
FLUX  639   913.00        3.283598E+14   7.3587E-05   7.3884E-05   0.99598
FLUX  640   915.00        3.276421E+14   7.3355E-05   7.3609E-05   0.99655
FLUX  641   917.00        3.269275E+14   7.2722E-05   7.3335E-05   0.99164
FLUX  642   919.00        3.262160E+14   7.1994E-05   7.3062E-05   0.98538
FLUX  643   921.00        3.255076E+14   6.8610E-05   7.2791E-05   0.94256
FLUX  644   923.00        3.248023E+14   5.9232E-05   7.2522E-05   0.81675
FLUX  645   925.00        3.241000E+14   6.7595E-05   7.2254E-05   0.93551
FLUX  646   927.00        3.234008E+14   7.0083E-05   7.1988E-05   0.97354
FLUX  647   929.00        3.227045E+14   7.1197E-05   7.1723E-05   0.99267
FLUX  648   931.00        3.220113E+14   7.0956E-05   7.1460E-05   0.99296
FLUX  649   933.00        3.213210E+14   7.0984E-05   7.1198E-05   0.99699
FLUX  650   935.00        3.206337E+14   7.0821E-05   7.0937E-05   0.99835
FLUX  651   937.00        3.199493E+14   7.0614E-05   7.0678E-05   0.99909
FLUX  652   939.00        3.192678E+14   7.0318E-05   7.0421E-05   0.99854
FLUX  653   941.00        3.185893E+14   6.9591E-05   7.0164E-05   0.99183
FLUX  654   943.00        3.179136E+14   6.9845E-05   6.9910E-05   0.99907
FLUX  655   945.00        3.172407E+14   6.9594E-05   6.9656E-05   0.99910
FLUX  656   947.00        3.165707E+14   6.8838E-05   6.9404E-05   0.99184
FLUX  657   949.00        3.159036E+14   6.8731E-05   6.9154E-05   0.99388
FLUX  658   951.00        3.152392E+14   6.7464E-05   6.8904E-05   0.97910
FLUX  659   953.00        3.145776E+14   6.4011E-05   6.8656E-05   0.93234
FLUX  660   955.00        3.139188E+14   5.6282E-05   6.8410E-05   0.82272
FLUX  661   957.00        3.132628E+14   6.4928E-05   6.8165E-05   0.95251
FLUX  662   959.00        3.126095E+14   6.7095E-05   6.7921E-05   0.98784
FLUX  663   961.00        3.119589E+14   6.7170E-05   6.7678E-05   0.99248
FLUX  664   963.00        3.113110E+14   6.6569E-05   6.7437E-05   0.98713
FLUX  665   965.00        3.106658E+14   6.7173E-05   6.7197E-05   0.99964
FLUX  666   967.00        3.100233E+14   6.6845E-05   6.6959E-05   0.99830
FLUX  667   969.00        3.093834E+14   6.6635E-05   6.6721E-05   0.99870
FLUX  668   971.00        3.087461E+14   6.6324E-05   6.6485E-05   0.99758
FLUX  669   973.00        3.081115E+14   6.6240E-05   6.6250E-05   0.99984
FLUX  670   975.00        3.074795E+14   6.5970E-05   6.6017E-05   0.99929
FLUX  671   977.00        3.068501E+14   6.5783E-05   6.5784E-05   0.99997
FLUX  672   979.00        3.062232E+14   6.5540E-05   6.5553E-05   0.99980
FLUX  673   981.00        3.055989E+14   6.5305E-05   6.5324E-05   0.99971
FLUX  674   983.00        3.049771E+14   6.5029E-05   6.5095E-05   0.99898
FLUX  675   985.00        3.043579E+14   6.4847E-05   6.4868E-05   0.99968
FLUX  676   987.00        3.037411E+14   6.4600E-05   6.4641E-05   0.99935
FLUX  677   989.00        3.031269E+14   6.4308E-05   6.4416E-05   0.99832
FLUX  678   991.00        3.025151E+14   6.3926E-05   6.4192E-05   0.99585
FLUX  679   993.00        3.019058E+14   6.3943E-05   6.3970E-05   0.99959
FLUX  680   995.00        3.012990E+14   6.3682E-05   6.3748E-05   0.99896
FLUX  681   997.00        3.006946E+14   6.3328E-05   6.3528E-05   0.99685
FLUX  682   999.00        3.000926E+14   6.2988E-05   6.3309E-05   0.99494
FLUX  683  1002.50        2.990449E+14   5.9524E-05   6.2928E-05   0.94590
FLUX  684  1007.50        2.975608E+14   5.7766E-05   6.2390E-05   0.92589
FLUX  685  1012.50        2.960914E+14   6.1309E-05   6.1859E-05   0.99111
FLUX  686  1017.50        2.946364E+14   6.1257E-05   6.1335E-05   0.99874
FLUX  687  1022.50        2.931956E+14   6.0774E-05   6.0817E-05   0.99930
FLUX  688  1027.50        2.917689E+14   6.0287E-05   6.0306E-05   0.99969
FLUX  689  1032.50        2.903559E+14   5.9588E-05   5.9801E-05   0.99642
FLUX  690  1037.50        2.889566E+14   5.9285E-05   5.9303E-05   0.99970
FLUX  691  1042.50        2.875707E+14   5.8803E-05   5.8811E-05   0.99986
FLUX  692  1047.50        2.861981E+14   5.8298E-05   5.8326E-05   0.99952
FLUX  693  1052.50        2.848385E+14   5.7798E-05   5.7846E-05   0.99918
FLUX  694  1057.50        2.834917E+14   5.7346E-05   5.7372E-05   0.99955
FLUX  695  1062.50        2.821576E+14   5.6896E-05   5.6904E-05   0.99986
FLUX  696  1067.50        2.808361E+14   5.6195E-05   5.6442E-05   0.99562
FLUX  697  1072.50        2.795268E+14   5.5946E-05   5.5986E-05   0.99928
FLUX  698  1077.50        2.782297E+14   5.5506E-05   5.5534E-05   0.99950
FLUX  699  1082.50        2.769446E+14   5.4469E-05   5.5089E-05   0.98875
FLUX  700  1087.50        2.756713E+14   5.4326E-05   5.4649E-05   0.99410
FLUX  701  1092.50        2.744096E+14   4.9097E-05   5.4214E-05   0.90563
FLUX  702  1097.50        2.731595E+14   5.2068E-05   5.3784E-05   0.96810
FLUX  703  1102.50        2.719206E+14   5.2947E-05   5.3359E-05   0.99228
FLUX  704  1107.50        2.706930E+14   5.2889E-05   5.2940E-05   0.99904
FLUX  705  1112.50        2.694764E+14   5.2517E-05   5.2525E-05   0.99983
FLUX  706  1117.50        2.682707E+14   5.2096E-05   5.2116E-05   0.99962
FLUX  707  1122.50        2.670757E+14   5.1684E-05   5.1711E-05   0.99947
FLUX  708  1127.50        2.658914E+14   5.1111E-05   5.1311E-05   0.99609
FLUX  709  1132.50        2.647174E+14   5.0775E-05   5.0916E-05   0.99723
FLUX  710  1137.50        2.635538E+14   5.0510E-05   5.0525E-05   0.99970
FLUX  711  1142.50        2.624004E+14   5.0112E-05   5.0139E-05   0.99946
FLUX  712  1147.50        2.612571E+14   4.9751E-05   4.9757E-05   0.99988
FLUX  713  1152.50        2.601236E+14   4.9371E-05   4.9380E-05   0.99982
FLUX  714  1157.50        2.590000E+14   4.8990E-05   4.9006E-05   0.99966
FLUX  715  1162.50        2.578860E+14   4.8569E-05   4.8638E-05   0.99859
FLUX  716  1167.50        2.567816E+14   4.8216E-05   4.8273E-05   0.99882
FLUX  717  1172.50        2.556866E+14   4.7891E-05   4.7913E-05   0.99954
FLUX  718  1177.50        2.546008E+14   4.7417E-05   4.7556E-05   0.99707
FLUX  719  1182.50        2.535243E+14   4.7189E-05   4.7204E-05   0.99969
FLUX  720  1187.50        2.524568E+14   4.6822E-05   4.6855E-05   0.99928
FLUX  721  1192.50        2.513983E+14   4.6508E-05   4.6511E-05   0.99994
FLUX  722  1197.50        2.503486E+14   4.5828E-05   4.6170E-05   0.99258
FLUX  723  1202.50        2.493077E+14   4.5832E-05   4.5833E-05   0.99997
FLUX  724  1207.50        2.482754E+14   4.5495E-05   4.5500E-05   0.99990
FLUX  725  1212.50        2.472515E+14   4.5162E-05   4.5170E-05   0.99981
FLUX  726  1217.50        2.462361E+14   4.4838E-05   4.4844E-05   0.99987
FLUX  727  1222.50        2.452290E+14   4.4512E-05   4.4522E-05   0.99978
FLUX  728  1227.50        2.442301E+14   4.4190E-05   4.4203E-05   0.99971
FLUX  729  1232.50        2.432394E+14   4.3875E-05   4.3888E-05   0.99972
FLUX  730  1237.50        2.422566E+14   4.3568E-05   4.3575E-05   0.99982
FLUX  731  1242.50        2.412817E+14   4.3265E-05   4.3267E-05   0.99997
FLUX  732  1247.50        2.403146E+14   4.2909E-05   4.2961E-05   0.99878
FLUX  733  1252.50        2.393553E+14   4.2595E-05   4.2659E-05   0.99850
FLUX  734  1257.50        2.384036E+14   4.2319E-05   4.2360E-05   0.99904
FLUX  735  1262.50        2.374594E+14   4.2045E-05   4.2064E-05   0.99956
FLUX  736  1267.50        2.365227E+14   4.1762E-05   4.1771E-05   0.99978
FLUX  737  1272.50        2.355933E+14   4.1401E-05   4.1481E-05   0.99806
FLUX  738  1277.50        2.346712E+14   4.0377E-05   4.1194E-05   0.98016
FLUX  739  1282.50        2.337563E+14   3.7147E-05   4.0911E-05   0.90800
FLUX  740  1287.50        2.328485E+14   4.0212E-05   4.0630E-05   0.98971
FLUX  741  1292.50        2.319478E+14   4.0300E-05   4.0352E-05   0.99872
FLUX  742  1297.50        2.310539E+14   3.9881E-05   4.0077E-05   0.99511
FLUX  743  1302.50        2.301670E+14   3.9804E-05   3.9805E-05   0.99998
FLUX  744  1307.50        2.292868E+14   3.9534E-05   3.9535E-05   0.99998
FLUX  745  1312.50        2.284133E+14   3.9268E-05   3.9268E-05   0.99999
FLUX  746  1317.50        2.275465E+14   3.8975E-05   3.9004E-05   0.99923
FLUX  747  1322.50        2.266862E+14   3.8742E-05   3.8743E-05   0.99998
FLUX  748  1327.50        2.258324E+14   3.8484E-05   3.8485E-05   0.99999
FLUX  749  1332.50        2.249850E+14   3.8228E-05   3.8228E-05   0.99998
FLUX  750  1337.50        2.241439E+14   3.7975E-05   3.7975E-05   0.99999
FLUX  751  1342.50        2.233091E+14   3.7699E-05   3.7724E-05   0.99934
FLUX  752  1347.50        2.224805E+14   3.7471E-05   3.7476E-05   0.99987
FLUX  753  1352.50        2.216580E+14   3.7219E-05   3.7230E-05   0.99971
FLUX  754  1357.50        2.208416E+14   3.6981E-05   3.6986E-05   0.99987
FLUX  755  1362.50        2.200312E+14   3.6739E-05   3.6745E-05   0.99983
FLUX  756  1367.50        2.192267E+14   3.6490E-05   3.6506E-05   0.99956
FLUX  757  1372.50        2.184281E+14   3.6255E-05   3.6270E-05   0.99960
FLUX  758  1377.50        2.176352E+14   3.6034E-05   3.6035E-05   0.99997
FLUX  759  1382.50        2.168481E+14   3.5803E-05   3.5804E-05   0.99998
FLUX  760  1387.50        2.160667E+14   3.5573E-05   3.5574E-05   0.99998
FLUX  761  1392.50        2.152908E+14   3.5335E-05   3.5347E-05   0.99966
FLUX  762  1397.50        2.145206E+14   3.5115E-05   3.5121E-05   0.99982
FLUX  763  1402.50        2.137558E+14   3.4897E-05   3.4898E-05   0.99998
FLUX  764  1407.50        2.129964E+14   3.4673E-05   3.4677E-05   0.99988
FLUX  765  1412.50        2.122425E+14   3.4454E-05   3.4459E-05   0.99986
FLUX  766  1417.50        2.114938E+14   3.4241E-05   3.4242E-05   0.99998
FLUX  767  1422.50        2.107504E+14   3.4027E-05   3.4027E-05   0.99998
FLUX  768  1427.50        2.100123E+14   3.3814E-05   3.3815E-05   0.99999
FLUX  769  1432.50        2.092792E+14   3.3603E-05   3.3604E-05   0.99997
FLUX  770  1437.50        2.085513E+14   3.3393E-05   3.3395E-05   0.99993
FLUX  771  1442.50        2.078284E+14   3.3156E-05   3.3189E-05   0.99901
FLUX  772  1447.50        2.071105E+14   3.2972E-05   3.2984E-05   0.99964
FLUX  773  1452.50        2.063976E+14   3.2766E-05   3.2781E-05   0.99955
FLUX  774  1457.00        2.057601E+14   3.2600E-05   3.2600E-05   0.99999
FLUX  775  1462.00        2.050564E+14   3.2395E-05   3.3087E-05   0.97909
FLUX  776  1467.50        2.042879E+14   3.2188E-05   3.2862E-05   0.97947
FLUX  777  1472.50        2.035942E+14   3.1993E-05   3.2661E-05   0.97956
FLUX  778  1477.50        2.029052E+14   3.1794E-05   3.2461E-05   0.97946
FLUX  779  1482.50        2.022209E+14   3.1617E-05   3.2262E-05   0.98000
FLUX  780  1487.50        2.015412E+14   3.1429E-05   3.2066E-05   0.98014
FLUX  781  1492.50        2.008660E+14   3.1248E-05   3.1871E-05   0.98044
FLUX  782  1497.50        2.001953E+14   3.1059E-05   3.1678E-05   0.98046
FLUX  783  1502.50        1.995291E+14   3.0880E-05   3.1487E-05   0.98070
FLUX  784  1507.50        1.988673E+14   3.0652E-05   3.1298E-05   0.97936
FLUX  785  1512.50        1.982099E+14   3.0511E-05   3.1111E-05   0.98072
FLUX  786  1517.50        1.975568E+14   3.0329E-05   3.0925E-05   0.98073
FLUX  787  1522.50        1.969080E+14   3.0148E-05   3.0740E-05   0.98075
FLUX  788  1527.50        1.962635E+14   2.9950E-05   3.0558E-05   0.98012
FLUX  789  1532.50        1.956232E+14   2.9759E-05   3.0377E-05   0.97966
FLUX  790  1537.50        1.949870E+14   2.9616E-05   3.0197E-05   0.98075
FLUX  791  1542.50        1.943549E+14   2.9351E-05   3.0020E-05   0.97773
FLUX  792  1547.50        1.937270E+14   2.9267E-05   2.9843E-05   0.98068
FLUX  793  1552.50        1.931031E+14   2.9083E-05   2.9669E-05   0.98024
FLUX  794  1557.50        1.924831E+14   2.8711E-05   2.9496E-05   0.97338
FLUX  795  1562.50        1.918672E+14   2.8889E-05   2.9324E-05   0.98517
FLUX  796  1567.50        1.912552E+14   2.8454E-05   2.9154E-05   0.97600
FLUX  797  1572.50        1.906471E+14   2.8101E-05   2.8985E-05   0.96949
FLUX  798  1577.50        1.900428E+14   2.8460E-05   2.8818E-05   0.98757
FLUX  799  1582.50        1.894423E+14   2.8261E-05   2.8653E-05   0.98634
FLUX  800  1587.50        1.888457E+14   2.7183E-05   2.8488E-05   0.95417
FLUX  801  1592.50        1.882527E+14   2.7754E-05   2.8325E-05   0.97982
FLUX  802  1597.50        1.876635E+14   2.7927E-05   2.8164E-05   0.99158
FLUX  803  1605.00        1.867866E+14   2.7477E-05   2.7924E-05   0.98397
FLUX  804  1615.00        1.856300E+14   2.6648E-05   2.7610E-05   0.96518
FLUX  805  1625.00        1.844877E+14   2.7195E-05   2.7300E-05   0.99614
FLUX  806  1635.00        1.833593E+14   2.6526E-05   2.6996E-05   0.98258
FLUX  807  1645.00        1.822447E+14   2.5656E-05   2.6697E-05   0.96100
FLUX  808  1655.00        1.811435E+14   2.6367E-05   2.6403E-05   0.99865
FLUX  809  1665.00        1.800556E+14   2.6097E-05   2.6114E-05   0.99936
FLUX  810  1675.00        1.789806E+14   2.5348E-05   2.5829E-05   0.98137
FLUX  811  1685.00        1.779184E+14   2.4482E-05   2.5549E-05   0.95822
FLUX  812  1695.00        1.768687E+14   2.5227E-05   2.5274E-05   0.99815
FLUX  813  1705.00        1.758314E+14   2.4895E-05   2.5003E-05   0.99570
FLUX  814  1715.00        1.748061E+14   2.4726E-05   2.4736E-05   0.99959
FLUX  815  1725.00        1.737928E+14   2.4405E-05   2.4474E-05   0.99720
FLUX  816  1735.00        1.727911E+14   2.2920E-05   2.4215E-05   0.94653
FLUX  817  1745.00        1.718009E+14   2.3761E-05   2.3961E-05   0.99163
FLUX  818  1755.00        1.708219E+14   2.3700E-05   2.3711E-05   0.99956
FLUX  819  1765.00        1.698541E+14   2.3458E-05   2.3465E-05   0.99970
FLUX  820  1775.00        1.688972E+14   2.3210E-05   2.3222E-05   0.99946
FLUX  821  1785.00        1.679510E+14   2.2969E-05   2.2984E-05   0.99938
FLUX  822  1795.00        1.670153E+14   2.2748E-05   2.2749E-05   0.99997
FLUX  823  1805.00        1.660900E+14   2.2448E-05   2.2517E-05   0.99691
FLUX  824  1815.00        1.651749E+14   2.1178E-05   2.2289E-05   0.95015
FLUX  825  1825.00        1.642699E+14   2.1765E-05   2.2065E-05   0.98639
FLUX  826  1835.00        1.633747E+14   2.1829E-05   2.1844E-05   0.99934
FLUX  827  1845.00        1.624892E+14   2.1620E-05   2.1626E-05   0.99974
FLUX  828  1855.00        1.616132E+14   2.1384E-05   2.1412E-05   0.99871
FLUX  829  1865.00        1.607466E+14   2.1036E-05   2.1200E-05   0.99223
FLUX  830  1875.00        1.598893E+14   1.9932E-05   2.0992E-05   0.94948
FLUX  831  1885.00        1.590411E+14   2.0719E-05   2.0787E-05   0.99672
FLUX  832  1895.00        1.582018E+14   2.0574E-05   2.0585E-05   0.99946
FLUX  833  1905.00        1.573714E+14   2.0331E-05   2.0386E-05   0.99733
FLUX  834  1915.00        1.565496E+14   2.0187E-05   2.0190E-05   0.99988
FLUX  835  1925.00        1.557364E+14   1.9994E-05   1.9996E-05   0.99987
FLUX  836  1935.00        1.549315E+14   1.9714E-05   1.9805E-05   0.99541
FLUX  837  1945.00        1.541350E+14   1.8528E-05   1.9618E-05   0.94445
FLUX  838  1955.00        1.533465E+14   1.9326E-05   1.9432E-05   0.99454
FLUX  839  1965.00        1.525662E+14   1.9249E-05   1.9249E-05   0.99998
FLUX  840  1975.00        1.517937E+14   1.9069E-05   1.9069E-05   0.99997
FLUX  841  1985.00        1.510290E+14   1.8891E-05   1.8892E-05   0.99999
FLUX  842  1995.00        1.502719E+14   1.8716E-05   1.8717E-05   0.99999
FLUX  843  2005.00        1.495224E+14   1.8544E-05   1.8544E-05   0.99999
FLUX  844  2015.00        1.487804E+14   1.8373E-05   1.8373E-05   0.99999
FLUX  845  2025.00        1.480457E+14   1.8205E-05   1.8205E-05   0.99999
FLUX  846  2035.00        1.473182E+14   1.8039E-05   1.8040E-05   0.99999
FLUX  847  2045.00        1.465978E+14   1.7873E-05   1.7876E-05   0.99982
FLUX  848  2055.00        1.458844E+14   1.7686E-05   1.7715E-05   0.99838
FLUX  849  2065.00        1.451780E+14   1.7556E-05   1.7556E-05   0.99999
FLUX  850  2075.00        1.444783E+14   1.7399E-05   1.7399E-05   0.99999
FLUX  851  2085.00        1.437854E+14   1.7244E-05   1.7244E-05   0.99999
FLUX  852  2095.00        1.430990E+14   1.7090E-05   1.7091E-05   0.99993
FLUX  853  2105.00        1.424192E+14   1.6940E-05   1.6941E-05   0.99996
FLUX  854  2115.00        1.417459E+14   1.6751E-05   1.6792E-05   0.99757
FLUX  855  2125.00        1.410788E+14   1.6642E-05   1.6645E-05   0.99983
FLUX  856  2135.00        1.404180E+14   1.6495E-05   1.6500E-05   0.99971
FLUX  857  2145.00        1.397634E+14   1.6351E-05   1.6357E-05   0.99960
FLUX  858  2155.00        1.391148E+14   1.6155E-05   1.6216E-05   0.99625
FLUX  859  2165.00        1.384723E+14   1.5204E-05   1.6077E-05   0.94570
FLUX  860  2175.00        1.378356E+14   1.5825E-05   1.5939E-05   0.99286
FLUX  861  2185.00        1.372048E+14   1.5797E-05   1.5803E-05   0.99957
FLUX  862  2195.00        1.365797E+14   1.5666E-05   1.5669E-05   0.99978
FLUX  863  2205.00        1.359603E+14   1.5537E-05   1.5537E-05   0.99999
FLUX  864  2215.00        1.353465E+14   1.5406E-05   1.5406E-05   0.99995
FLUX  865  2225.00        1.347382E+14   1.5276E-05   1.5277E-05   0.99989
FLUX  866  2235.00        1.341353E+14   1.5150E-05   1.5150E-05   0.99999
FLUX  867  2245.00        1.335379E+14   1.5024E-05   1.5024E-05   0.99999
FLUX  868  2255.00        1.329457E+14   1.4900E-05   1.4900E-05   0.99998
FLUX  869  2265.00        1.323587E+14   1.4777E-05   1.4777E-05   0.99999
FLUX  870  2275.00        1.317769E+14   1.4656E-05   1.4656E-05   0.99999
FLUX  871  2285.00        1.312002E+14   1.4536E-05   1.4644E-05   0.99268
FLUX  872  2295.00        1.306285E+14   1.4419E-05   1.4524E-05   0.99275
FLUX  873  2305.00        1.300618E+14   1.4301E-05   1.4406E-05   0.99274
FLUX  874  2315.00        1.295000E+14   1.4188E-05   1.4289E-05   0.99293
FLUX  875  2325.00        1.289430E+14   1.4075E-05   1.4174E-05   0.99302
FLUX  876  2335.00        1.283908E+14   1.3963E-05   1.4060E-05   0.99309
FLUX  877  2345.00        1.278433E+14   1.3853E-05   1.3948E-05   0.99318
FLUX  878  2355.00        1.273004E+14   1.3743E-05   1.3836E-05   0.99324
FLUX  879  2365.00        1.267622E+14   1.3634E-05   1.3727E-05   0.99328
FLUX  880  2375.00        1.262284E+14   1.3528E-05   1.3618E-05   0.99337
FLUX  881  2385.00        1.256992E+14   1.3422E-05   1.3511E-05   0.99346
FLUX  882  2395.00        1.251743E+14   1.3316E-05   1.3405E-05   0.99339
FLUX  883  2405.00        1.246538E+14   1.3211E-05   1.3300E-05   0.99330
FLUX  884  2415.00        1.241377E+14   1.3107E-05   1.3197E-05   0.99321
FLUX  885  2425.00        1.236258E+14   1.3010E-05   1.3094E-05   0.99354
FLUX  886  2435.00        1.231181E+14   1.2907E-05   1.2993E-05   0.99334
FLUX  887  2445.00        1.226145E+14   1.2804E-05   1.2893E-05   0.99305
FLUX  888  2455.00        1.221151E+14   1.2712E-05   1.2794E-05   0.99355
FLUX  889  2465.00        1.216197E+14   1.2606E-05   1.2697E-05   0.99287
FLUX  890  2475.00        1.211283E+14   1.2501E-05   1.2600E-05   0.99211
FLUX  891  2485.00        1.206408E+14   1.2432E-05   1.2504E-05   0.99419
FLUX  892  2495.00        1.201573E+14   1.2290E-05   1.2410E-05   0.99035
FLUX  893  2505.00        1.196776E+14   1.2248E-05   1.2317E-05   0.99444
FLUX  894  2515.00        1.192018E+14   1.2158E-05   1.2224E-05   0.99461
FLUX  895  2525.00        1.187297E+14   1.1984E-05   1.2133E-05   0.98771
FLUX  896  2535.00        1.182613E+14   1.1970E-05   1.2043E-05   0.99399
FLUX  897  2545.00        1.177967E+14   1.1906E-05   1.1954E-05   0.99602
FLUX  898  2555.00        1.173356E+14   1.1790E-05   1.1865E-05   0.99366
FLUX  899  2565.00        1.168782E+14   1.1576E-05   1.1778E-05   0.98289
FLUX  900  2575.00        1.164243E+14   1.1629E-05   1.1692E-05   0.99466
FLUX  901  2585.00        1.159739E+14   1.1569E-05   1.1606E-05   0.99682
FLUX  902  2595.00        1.155270E+14   1.1482E-05   1.1522E-05   0.99653
FLUX  903  2605.00        1.150835E+14   1.1327E-05   1.1438E-05   0.99030
FLUX  904  2615.00        1.146434E+14   1.1045E-05   1.1356E-05   0.97267
FLUX  905  2625.00        1.142067E+14   1.0640E-05   1.1274E-05   0.94377
FLUX  906  2635.00        1.137732E+14   1.1086E-05   1.1193E-05   0.99042
FLUX  907  2645.00        1.133431E+14   1.1082E-05   1.1113E-05   0.99717
FLUX  908  2655.00        1.129162E+14   1.1003E-05   1.1034E-05   0.99719
FLUX  909  2665.00        1.124925E+14   1.0882E-05   1.0956E-05   0.99331
FLUX  910  2675.00        1.120720E+14   1.0508E-05   1.0878E-05   0.96595
FLUX  911  2685.00        1.116546E+14   1.0725E-05   1.0801E-05   0.99290
FLUX  912  2695.00        1.112403E+14   1.0719E-05   1.0726E-05   0.99937
FLUX  913  2705.00        1.108290E+14   1.0650E-05   1.0651E-05   0.99998
FLUX  914  2715.00        1.104208E+14   1.0576E-05   1.0576E-05   0.99999
FLUX  915  2725.00        1.100156E+14   1.0503E-05   1.0503E-05   0.99999
FLUX  916  2735.00        1.096133E+14   1.0430E-05   1.0430E-05   0.99997
FLUX  917  2745.00        1.092140E+14   1.0320E-05   1.0358E-05   0.99633
FLUX  918  2755.00        1.088176E+14   9.9163E-06   1.0287E-05   0.96397
FLUX  919  2765.00        1.084241E+14   1.0049E-05   1.0216E-05   0.98357
FLUX  920  2775.00        1.080333E+14   1.0132E-05   1.0147E-05   0.99860
FLUX  921  2785.00        1.076454E+14   1.0077E-05   1.0078E-05   0.99998
FLUX  922  2795.00        1.072603E+14   1.0009E-05   1.0009E-05   0.99999
FLUX  923  2805.00        1.068779E+14   9.9413E-06   9.9416E-06   0.99998
FLUX  924  2815.00        1.064982E+14   9.8743E-06   9.8746E-06   0.99997
FLUX  925  2825.00        1.061212E+14   9.8077E-06   9.8083E-06   0.99994
FLUX  926  2835.00        1.057469E+14   9.7410E-06   9.7426E-06   0.99983
FLUX  927  2845.00        1.053752E+14   9.6773E-06   9.6776E-06   0.99997
FLUX  928  2855.00        1.050061E+14   9.5999E-06   9.6133E-06   0.99861
FLUX  929  2865.00        1.046396E+14   9.4309E-06   9.5496E-06   0.98757
FLUX  930  2875.00        1.042757E+14   9.0666E-06   9.4865E-06   0.95573
FLUX  931  2885.00        1.039142E+14   9.3769E-06   9.4241E-06   0.99499
FLUX  932  2895.00        1.035553E+14   9.3585E-06   9.3622E-06   0.99960
FLUX  933  2905.00        1.031988E+14   9.3009E-06   9.3010E-06   0.99999
FLUX  934  2915.00        1.028448E+14   9.2395E-06   9.2403E-06   0.99991
FLUX  935  2925.00        1.024932E+14   9.1802E-06   9.1803E-06   0.99999
FLUX  936  2935.00        1.021440E+14   9.1203E-06   9.1208E-06   0.99994
FLUX  937  2945.00        1.017971E+14   9.0616E-06   9.0619E-06   0.99997
FLUX  938  2955.00        1.014526E+14   9.0036E-06   9.0036E-06   1.00000
FLUX  939  2965.00        1.011105E+14   8.9458E-06   8.9458E-06   0.99999
FLUX  940  2975.00        1.007706E+14   8.8886E-06   8.8886E-06   0.99999
FLUX  941  2985.00        1.004330E+14   8.8319E-06   8.8319E-06   1.00000
FLUX  942  2995.00        1.000977E+14   8.7758E-06   8.7758E-06   0.99999
FLUX  943  3005.00        9.976456E+13   8.7200E-06   8.7202E-06   0.99998
FLUX  944  3015.00        9.943367E+13   8.6641E-06   8.6651E-06   0.99988
FLUX  945  3025.00        9.910496E+13   8.5820E-06   8.6106E-06   0.99668
FLUX  946  3035.00        9.877842E+13   8.2300E-06   8.5565E-06   0.96184
FLUX  947  3045.00        9.845402E+13   8.3043E-06   8.5030E-06   0.97663
FLUX  948  3055.00        9.813175E+13   8.4302E-06   8.4499E-06   0.99766
FLUX  949  3065.00        9.781158E+13   8.3972E-06   8.3974E-06   0.99998
FLUX  950  3075.00        9.749350E+13   8.3444E-06   8.3453E-06   0.99989
FLUX  951  3085.00        9.717747E+13   8.2895E-06   8.2937E-06   0.99948
FLUX  952  3095.00        9.686349E+13   8.2425E-06   8.2426E-06   0.99999
FLUX  953  3105.00        9.655153E+13   8.1919E-06   8.1920E-06   0.99999
FLUX  954  3115.00        9.624157E+13   8.1416E-06   8.1418E-06   0.99998
FLUX  955  3125.00        9.593360E+13   8.0914E-06   8.0921E-06   0.99991
FLUX  956  3135.00        9.562759E+13   8.0428E-06   8.0429E-06   0.99999
FLUX  957  3145.00        9.532353E+13   7.9938E-06   7.9941E-06   0.99997
FLUX  958  3155.00        9.502139E+13   7.9456E-06   7.9457E-06   0.99999
FLUX  959  3165.00        9.472117E+13   7.8974E-06   7.8978E-06   0.99995
FLUX  960  3175.00        9.442283E+13   7.8501E-06   7.8503E-06   0.99998
FLUX  961  3185.00        9.412637E+13   7.8032E-06   7.8032E-06   0.99999
FLUX  962  3195.00        9.383177E+13   7.7565E-06   7.7566E-06   0.99999
FLUX  963  3210.00        9.339330E+13   7.6873E-06   7.6874E-06   0.99999
FLUX  964  3230.00        9.281502E+13   7.5965E-06   7.5966E-06   1.00000
FLUX  965  3250.00        9.224385E+13   7.5073E-06   7.5073E-06   0.99999
FLUX  966  3270.00        9.167966E+13   7.4164E-06   7.4197E-06   0.99956
FLUX  967  3290.00        9.112234E+13   7.1015E-06   7.3572E-06   0.96525
FLUX  968  3310.00        9.057175E+13   7.1872E-06   7.2721E-06   0.98832
FLUX  969  3330.00        9.002778E+13   7.1546E-06   7.1885E-06   0.99528
FLUX  970  3350.00        8.949030E+13   7.0764E-06   7.1064E-06   0.99578
FLUX  971  3370.00        8.895920E+13   6.9965E-06   7.0256E-06   0.99586
FLUX  972  3390.00        8.843437E+13   6.9184E-06   6.9462E-06   0.99599
FLUX  973  3410.00        8.791569E+13   6.8412E-06   6.8681E-06   0.99608
FLUX  974  3430.00        8.740306E+13   6.7651E-06   6.7914E-06   0.99614
FLUX  975  3450.00        8.689638E+13   6.6906E-06   6.7159E-06   0.99623
FLUX  976  3470.00        8.639553E+13   6.6168E-06   6.6416E-06   0.99626
FLUX  977  3490.00        8.590043E+13   6.5442E-06   6.5686E-06   0.99629
FLUX  978  3510.00        8.541097E+13   6.4733E-06   6.4968E-06   0.99639
FLUX  979  3530.00        8.492705E+13   6.4030E-06   6.4261E-06   0.99641
FLUX  980  3550.00        8.444859E+13   6.3339E-06   6.3566E-06   0.99643
FLUX  981  3570.00        8.397549E+13   6.2655E-06   6.2882E-06   0.99640
FLUX  982  3590.00        8.350766E+13   6.1998E-06   6.2208E-06   0.99661
FLUX  983  3610.00        8.304501E+13   6.1319E-06   6.1546E-06   0.99631
FLUX  984  3630.00        8.258747E+13   6.0695E-06   6.0894E-06   0.99673
FLUX  985  3650.00        8.213493E+13   6.0018E-06   6.0252E-06   0.99612
FLUX  986  3670.00        8.168733E+13   5.9438E-06   5.9620E-06   0.99695
FLUX  987  3690.00        8.124458E+13   5.8728E-06   5.8998E-06   0.99541
FLUX  988  3710.00        8.080660E+13   5.8137E-06   5.8386E-06   0.99573
FLUX  989  3730.00        8.037332E+13   5.6751E-06   5.7783E-06   0.98212
FLUX  990  3750.00        7.994467E+13   5.5683E-06   5.7190E-06   0.97365
FLUX  991  3770.00        7.952056E+13   5.6418E-06   5.6605E-06   0.99669
FLUX  992  3790.00        7.910092E+13   5.5897E-06   5.6030E-06   0.99763
FLUX  993  3810.00        7.868570E+13   5.5167E-06   5.5463E-06   0.99467
FLUX  994  3830.00        7.827480E+13   5.4643E-06   5.4905E-06   0.99523
FLUX  995  3850.00        7.786818E+13   5.4321E-06   5.4355E-06   0.99937
FLUX  996  3870.00        7.746576E+13   5.3801E-06   5.3813E-06   0.99979
FLUX  997  3890.00        7.706748E+13   5.3120E-06   5.3279E-06   0.99701
FLUX  998  3910.00        7.667327E+13   5.2236E-06   5.2753E-06   0.99019
FLUX  999  3930.00        7.628308E+13   5.2158E-06   5.2235E-06   0.99853
FLUX 1000  3950.00        7.589684E+13   5.1707E-06   5.1725E-06   0.99965
FLUX 1001  3970.00        7.551448E+13   5.1220E-06   5.1221E-06   0.99997
FLUX 1002  3990.00        7.513596E+13   5.0714E-06   5.0726E-06   0.99978
FLUX 1003  4010.00        7.476122E+13   4.9836E-06   5.0237E-06   0.99202
FLUX 1004  4030.00        7.439020E+13   4.9152E-06   4.9755E-06   0.98788
FLUX 1005  4050.00        7.402284E+13   4.7848E-06   4.9280E-06   0.97093
FLUX 1006  4070.00        7.365909E+13   4.8727E-06   4.8812E-06   0.99826
FLUX 1007  4090.00        7.329890E+13   4.8350E-06   4.8351E-06   0.99997
FLUX 1008  4110.00        7.294221E+13   4.7895E-06   4.7896E-06   0.99998
FLUX 1009  4130.00        7.258898E+13   4.7429E-06   4.7447E-06   0.99961
FLUX 1010  4150.00        7.223916E+13   4.6910E-06   4.7005E-06   0.99799
FLUX 1011  4170.00        7.189269E+13   4.5587E-06   4.6569E-06   0.97892
FLUX 1012  4190.00        7.154952E+13   4.6017E-06   4.6139E-06   0.99736
FLUX 1013  4210.00        7.120962E+13   4.5713E-06   4.5714E-06   0.99998
FLUX 1014  4230.00        7.087293E+13   4.5296E-06   4.5296E-06   0.99999
FLUX 1015  4250.00        7.053941E+13   4.4875E-06   4.4883E-06   0.99982
FLUX 1016  4270.00        7.020902E+13   4.4476E-06   4.4476E-06   1.00000
FLUX 1017  4290.00        6.988170E+13   4.4038E-06   4.4074E-06   0.99919
FLUX 1018  4310.00        6.955742E+13   4.3677E-06   4.3678E-06   0.99999
FLUX 1019  4330.00        6.923614E+13   4.3286E-06   4.3287E-06   0.99999
FLUX 1020  4350.00        6.891782E+13   4.2860E-06   4.2901E-06   0.99906
FLUX 1021  4370.00        6.860240E+13   4.1546E-06   4.2520E-06   0.97709
FLUX 1022  4390.00        6.828986E+13   4.1809E-06   4.2144E-06   0.99206
FLUX 1023  4410.00        6.798016E+13   4.1772E-06   4.1773E-06   0.99997
FLUX 1024  4430.00        6.767325E+13   4.1407E-06   4.1408E-06   0.99999
FLUX 1025  4450.00        6.736910E+13   4.1046E-06   4.1046E-06   1.00000
FLUX 1026  4470.00        6.706767E+13   4.0756E-06   4.0758E-06   0.99997
FLUX 1027  4490.00        6.676893E+13   4.0401E-06   4.0405E-06   0.99990
FLUX 1028  4510.00        6.647284E+13   4.0056E-06   4.0057E-06   0.99997
FLUX 1029  4530.00        6.617936E+13   3.9703E-06   3.9713E-06   0.99975
FLUX 1030  4550.00        6.588846E+13   3.9370E-06   3.9374E-06   0.99990
FLUX 1031  4570.00        6.560011E+13   3.9035E-06   3.9039E-06   0.99989
FLUX 1032  4590.00        6.531427E+13   3.8704E-06   3.8708E-06   0.99989
FLUX 1033  4610.00        6.503091E+13   3.8301E-06   3.8381E-06   0.99790
FLUX 1034  4630.00        6.475000E+13   3.7913E-06   3.8059E-06   0.99617
FLUX 1035  4650.00        6.447151E+13   3.6336E-06   3.7741E-06   0.96278
FLUX 1036  4670.00        6.419540E+13   3.6169E-06   3.7426E-06   0.96641
FLUX 1037  4690.00        6.392164E+13   3.6852E-06   3.7115E-06   0.99289
FLUX 1038  4710.00        6.365021E+13   3.6722E-06   3.6809E-06   0.99764
FLUX 1039  4730.00        6.338108E+13   3.6505E-06   3.6506E-06   0.99997
FLUX 1040  4750.00        6.311421E+13   3.6197E-06   3.6206E-06   0.99973
FLUX 1041  4770.00        6.284958E+13   3.5907E-06   3.5911E-06   0.99991
FLUX 1042  4790.00        6.258716E+13   3.5618E-06   3.5619E-06   0.99997
FLUX 1043  4810.00        6.232692E+13   3.5329E-06   3.5330E-06   0.99998
FLUX 1044  4830.00        6.206884E+13   3.5044E-06   3.5045E-06   0.99997
FLUX 1045  4850.00        6.181289E+13   3.4763E-06   3.4764E-06   0.99997
FLUX 1046  4870.00        6.155903E+13   3.4485E-06   3.4486E-06   0.99998
FLUX 1047  4890.00        6.130726E+13   3.4210E-06   3.4211E-06   0.99998
FLUX 1048  4910.00        6.105754E+13   3.3938E-06   3.3939E-06   0.99997
FLUX 1049  4930.00        6.080984E+13   3.3670E-06   3.3671E-06   0.99997
FLUX 1050  4950.00        6.056414E+13   3.3405E-06   3.3405E-06   0.99998
FLUX 1051  4970.00        6.032042E+13   3.3142E-06   3.3143E-06   0.99997
FLUX 1052  4990.00        6.007866E+13   3.2883E-06   3.2884E-06   0.99997
FLUX 1053  5010.00        5.983882E+13   3.2625E-06   3.2628E-06   0.99991
FLUX 1054  5030.00        5.960089E+13   3.2371E-06   3.2375E-06   0.99989
FLUX 1055  5050.00        5.936485E+13   3.2124E-06   3.2125E-06   0.99998
FLUX 1056  5070.00        5.913067E+13   3.1876E-06   3.1877E-06   0.99997
FLUX 1057  5090.00        5.889833E+13   3.1555E-06   3.1633E-06   0.99755
FLUX 1058  5110.00        5.866781E+13   3.1209E-06   3.1391E-06   0.99421
FLUX 1059  5130.00        5.843908E+13   3.0055E-06   3.1152E-06   0.96478
FLUX 1060  5150.00        5.821214E+13   3.0776E-06   3.0916E-06   0.99548
FLUX 1061  5170.00        5.798694E+13   3.0600E-06   3.0682E-06   0.99731
FLUX 1062  5190.00        5.776349E+13   3.0450E-06   3.0451E-06   0.99997
FLUX 1063  5210.00        5.754175E+13   3.0222E-06   3.0223E-06   0.99997
FLUX 1064  5230.00        5.732170E+13   2.9996E-06   2.9997E-06   0.99997
FLUX 1065  5250.00        5.710333E+13   2.9746E-06   2.9774E-06   0.99906
FLUX 1066  5270.00        5.688662E+13   2.9487E-06   2.9553E-06   0.99777
FLUX 1067  5290.00        5.667155E+13   2.9333E-06   2.9334E-06   0.99997
FLUX 1068  5310.00        5.645810E+13   2.9118E-06   2.9118E-06   0.99998
FLUX 1069  5330.00        5.624625E+13   2.8904E-06   2.8904E-06   0.99998
FLUX 1070  5350.00        5.603598E+13   2.8692E-06   2.8693E-06   0.99998
FLUX 1071  5370.00        5.582728E+13   2.8411E-06   2.8484E-06   0.99743
FLUX 1072  5390.00        5.562013E+13   2.8205E-06   2.8277E-06   0.99746
FLUX 1073  5410.00        5.541451E+13   2.8072E-06   2.8072E-06   0.99998
FLUX 1074  5430.00        5.521041E+13   2.7870E-06   2.7870E-06   0.99998
FLUX 1075  5450.00        5.500780E+13   2.7669E-06   2.7670E-06   0.99999
FLUX 1076  5470.00        5.480667E+13   2.7471E-06   2.7472E-06   0.99999
FLUX 1077  5490.00        5.460701E+13   2.7275E-06   2.7276E-06   0.99998
FLUX 1078  5510.00        5.440880E+13   2.7024E-06   2.7082E-06   0.99785
FLUX 1079  5530.00        5.421203E+13   2.6745E-06   2.6890E-06   0.99462
FLUX 1080  5550.00        5.401667E+13   2.6689E-06   2.6700E-06   0.99959
FLUX 1081  5570.00        5.382271E+13   2.6512E-06   2.6512E-06   0.99998
FLUX 1082  5590.00        5.363014E+13   2.6326E-06   2.6327E-06   0.99999
FLUX 1083  5610.00        5.343895E+13   2.6142E-06   2.6143E-06   0.99998
FLUX 1084  5630.00        5.324911E+13   2.5960E-06   2.5961E-06   0.99999
FLUX 1085  5650.00        5.306062E+13   2.5780E-06   2.5780E-06   0.99999
FLUX 1086  5670.00        5.287346E+13   2.5602E-06   2.5602E-06   0.99998
FLUX 1087  5690.00        5.268761E+13   2.5390E-06   2.5426E-06   0.99860
FLUX 1088  5710.00        5.250306E+13   2.5023E-06   2.5251E-06   0.99095
FLUX 1089  5730.00        5.231981E+13   2.5022E-06   2.5078E-06   0.99777
FLUX 1090  5750.00        5.213783E+13   2.4907E-06   2.4907E-06   0.99998
FLUX 1091  5770.00        5.195711E+13   2.4738E-06   2.4738E-06   0.99999
FLUX 1092  5790.00        5.177763E+13   2.4570E-06   2.4570E-06   0.99999
FLUX 1093  5810.00        5.159940E+13   2.4404E-06   2.4404E-06   0.99999
FLUX 1094  5830.00        5.142238E+13   2.4239E-06   2.4240E-06   0.99998
FLUX 1095  5850.00        5.124658E+13   2.4100E-06   2.4101E-06   0.99997
FLUX 1096  5870.00        5.107198E+13   2.3901E-06   2.3940E-06   0.99837
FLUX 1097  5890.00        5.089856E+13   2.3618E-06   2.3780E-06   0.99320
FLUX 1098  5910.00        5.072631E+13   2.2695E-06   2.3622E-06   0.96075
FLUX 1099  5930.00        5.055523E+13   2.3326E-06   2.3466E-06   0.99403
FLUX 1100  5950.00        5.038529E+13   2.2982E-06   2.3311E-06   0.98589
FLUX 1101  5970.00        5.021650E+13   2.2981E-06   2.3157E-06   0.99238
FLUX 1102  5990.00        5.004883E+13   2.2966E-06   2.3005E-06   0.99831
FLUX 1103  6010.00        4.988228E+13   2.2854E-06   2.2855E-06   0.99997
FLUX 1104  6030.00        4.971683E+13   2.2705E-06   2.2706E-06   0.99998
FLUX 1105  6050.00        4.955248E+13   2.2558E-06   2.2558E-06   0.99998
FLUX 1106  6070.00        4.938921E+13   2.2412E-06   2.2412E-06   0.99998
FLUX 1107  6090.00        4.922701E+13   2.2267E-06   2.2268E-06   0.99998
FLUX 1108  6110.00        4.906588E+13   2.2124E-06   2.2124E-06   0.99998
FLUX 1109  6130.00        4.890579E+13   2.1982E-06   2.1982E-06   0.99998
FLUX 1110  6150.00        4.874675E+13   2.1842E-06   2.1842E-06   0.99998
FLUX 1111  6170.00        4.858874E+13   2.1702E-06   2.1703E-06   0.99998
FLUX 1112  6190.00        4.843174E+13   2.1564E-06   2.1565E-06   0.99998
FLUX 1113  6210.00        4.827576E+13   2.1428E-06   2.1428E-06   0.99998
FLUX 1114  6230.00        4.812079E+13   2.1292E-06   2.1293E-06   0.99998
FLUX 1115  6250.00        4.796680E+13   2.1150E-06   2.1159E-06   0.99958
FLUX 1116  6270.00        4.781380E+13   2.0932E-06   2.1026E-06   0.99554
FLUX 1117  6290.00        4.766176E+13   2.0409E-06   2.0894E-06   0.97674
FLUX 1118  6310.00        4.751070E+13   2.0636E-06   2.0764E-06   0.99383
FLUX 1119  6330.00        4.736058E+13   2.0616E-06   2.0635E-06   0.99909
FLUX 1120  6350.00        4.721142E+13   2.0506E-06   2.0507E-06   0.99997
FLUX 1121  6370.00        4.706319E+13   2.0380E-06   2.0380E-06   0.99998
FLUX 1122  6390.00        4.691588E+13   2.0254E-06   2.0255E-06   0.99998
FLUX 1123  6420.00        4.669665E+13   2.0068E-06   2.0068E-06   0.99998
FLUX 1124  6460.00        4.640751E+13   1.9824E-06   1.9824E-06   0.99999
FLUX 1125  6500.00        4.612192E+13   1.9584E-06   1.9584E-06   0.99999
FLUX 1126  6540.00        4.583983E+13   1.9348E-06   1.9348E-06   0.99999
FLUX 1127  6580.00        4.556117E+13   1.9116E-06   1.9117E-06   0.99998
FLUX 1128  6620.00        4.528588E+13   1.8888E-06   1.8889E-06   0.99992
FLUX 1129  6660.00        4.501389E+13   1.8666E-06   1.8666E-06   0.99998
FLUX 1130  6700.00        4.474515E+13   1.8446E-06   1.8447E-06   0.99998
FLUX 1131  6740.00        4.447960E+13   1.8176E-06   1.8231E-06   0.99699
FLUX 1132  6780.00        4.421718E+13   1.7689E-06   1.8019E-06   0.98166
FLUX 1133  6820.00        4.395784E+13   1.7794E-06   1.7811E-06   0.99908
FLUX 1134  6860.00        4.370153E+13   1.7606E-06   1.7606E-06   0.99997
FLUX 1135  6900.00        4.344819E+13   1.7405E-06   1.7405E-06   0.99998
FLUX 1136  6940.00        4.319777E+13   1.7206E-06   1.7207E-06   0.99991
FLUX 1137  6980.00        4.295021E+13   1.7012E-06   1.7013E-06   0.99998
FLUX 1138  7020.00        4.270548E+13   1.6821E-06   1.6822E-06   0.99998
FLUX 1139  7060.00        4.246353E+13   1.6633E-06   1.6634E-06   0.99998
FLUX 1140  7100.00        4.222430E+13   1.6448E-06   1.6449E-06   0.99997
FLUX 1141  7140.00        4.198775E+13   1.6266E-06   1.6267E-06   0.99993
FLUX 1142  7180.00        4.175383E+13   1.6088E-06   1.6088E-06   0.99998
FLUX 1143  7220.00        4.152251E+13   1.5912E-06   1.5912E-06   0.99998
FLUX 1144  7260.00        4.129373E+13   1.5724E-06   1.5739E-06   0.99906
FLUX 1145  7300.00        4.106747E+13   1.5568E-06   1.5569E-06   0.99997
FLUX 1146  7340.00        4.084366E+13   1.5401E-06   1.5401E-06   0.99998
FLUX 1147  7380.00        4.062229E+13   1.5236E-06   1.5236E-06   0.99997
FLUX 1148  7420.00        4.040330E+13   1.5036E-06   1.5074E-06   0.99750
FLUX 1149  7460.00        4.018666E+13   1.4524E-06   1.4915E-06   0.97383
FLUX 1150  7500.00        3.997233E+13   1.4206E-06   1.4758E-06   0.96259
FLUX 1151  7540.00        3.976028E+13   1.4525E-06   1.4603E-06   0.99465
FLUX 1152  7580.00        3.955046E+13   1.4448E-06   1.4451E-06   0.99980
FLUX 1153  7620.00        3.934285E+13   1.4301E-06   1.4301E-06   0.99998
FLUX 1154  7660.00        3.913740E+13   1.4153E-06   1.4154E-06   0.99998
FLUX 1155  7700.00        3.893409E+13   1.4008E-06   1.4008E-06   0.99998
FLUX 1156  7740.00        3.873288E+13   1.3860E-06   1.3865E-06   0.99959
FLUX 1157  7780.00        3.853374E+13   1.3662E-06   1.3725E-06   0.99542
FLUX 1158  7820.00        3.833664E+13   1.3580E-06   1.3586E-06   0.99958
FLUX 1159  7860.00        3.814154E+13   1.3449E-06   1.3449E-06   0.99998
FLUX 1160  7900.00        3.794842E+13   1.3314E-06   1.3314E-06   0.99999
FLUX 1161  7940.00        3.775724E+13   1.3182E-06   1.3182E-06   0.99999
FLUX 1162  7980.00        3.756798E+13   1.3051E-06   1.3051E-06   0.99999
FLUX 1163  8020.00        3.738061E+13   1.2922E-06   1.2922E-06   0.99999
FLUX 1164  8060.00        3.719510E+13   1.2795E-06   1.2796E-06   0.99999
FLUX 1165  8100.00        3.701142E+13   1.2670E-06   1.2670E-06   0.99997
FLUX 1166  8140.00        3.682955E+13   1.2473E-06   1.2547E-06   0.99406
FLUX 1167  8180.00        3.664945E+13   1.2391E-06   1.2426E-06   0.99718
FLUX 1168  8220.00        3.647111E+13   1.2306E-06   1.2306E-06   0.99998
FLUX 1169  8260.00        3.629449E+13   1.2188E-06   1.2188E-06   0.99999
FLUX 1170  8300.00        3.611958E+13   1.2072E-06   1.2072E-06   0.99999
FLUX 1171  8340.00        3.594634E+13   1.1957E-06   1.1957E-06   0.99999
FLUX 1172  8380.00        3.577476E+13   1.1844E-06   1.1844E-06   0.99998
FLUX 1173  8420.00        3.560481E+13   1.1732E-06   1.1733E-06   0.99999
FLUX 1174  8460.00        3.543647E+13   1.1623E-06   1.1623E-06   0.99999
FLUX 1175  8500.00        3.526971E+13   1.1514E-06   1.1514E-06   0.99999
FLUX 1176  8540.00        3.510451E+13   1.1407E-06   1.1407E-06   0.99999
FLUX 1177  8580.00        3.494085E+13   1.1302E-06   1.1302E-06   0.99998
FLUX 1178  8620.00        3.477871E+13   1.1187E-06   1.1198E-06   0.99904
FLUX 1179  8660.00        3.461807E+13   1.0966E-06   1.1095E-06   0.98835
FLUX 1180  8700.00        3.445891E+13   1.0960E-06   1.0994E-06   0.99692
FLUX 1181  8740.00        3.430120E+13   1.0728E-06   1.0895E-06   0.98476
FLUX 1182  8780.00        3.414493E+13   1.0632E-06   1.0796E-06   0.98483
FLUX 1183  8820.00        3.399008E+13   1.0699E-06   1.0699E-06   0.99997
FLUX 1184  8860.00        3.383663E+13   1.0603E-06   1.0603E-06   0.99998
FLUX 1185  8900.00        3.368455E+13   1.0508E-06   1.0509E-06   0.99999
FLUX 1186  8940.00        3.353384E+13   1.0415E-06   1.0415E-06   0.99999
FLUX 1187  8980.00        3.338447E+13   1.0323E-06   1.0323E-06   0.99999
FLUX 1188  9020.00        3.323642E+13   1.0232E-06   1.0232E-06   0.99999
FLUX 1189  9060.00        3.308968E+13   1.0142E-06   1.0143E-06   0.99999
FLUX 1190  9100.00        3.294423E+13   1.0054E-06   1.0054E-06   0.99999
FLUX 1191  9140.00        3.280005E+13   9.9666E-07   9.9667E-07   0.99999
FLUX 1192  9180.00        3.265714E+13   9.8803E-07   9.8805E-07   0.99999
FLUX 1193  9220.00        3.251546E+13   9.7951E-07   9.7953E-07   0.99998
FLUX 1194  9260.00        3.237500E+13   9.7110E-07   9.7113E-07   0.99997
FLUX 1195  9300.00        3.223575E+13   9.6281E-07   9.6283E-07   0.99998
FLUX 1196  9340.00        3.209770E+13   9.5369E-07   9.5463E-07   0.99901
FLUX 1197  9380.00        3.196082E+13   9.3111E-07   9.4654E-07   0.98369
FLUX 1198  9420.00        3.182511E+13   9.3317E-07   9.3856E-07   0.99426
FLUX 1199  9460.00        3.169054E+13   9.3064E-07   9.3067E-07   0.99997
FLUX 1200  9500.00        3.155711E+13   9.2285E-07   9.2288E-07   0.99997
FLUX 1201  9540.00        3.142479E+13   9.1509E-07   9.1518E-07   0.99990
FLUX 1202  9580.00        3.129358E+13   9.0757E-07   9.0758E-07   0.99998
FLUX 1203  9620.00        3.116346E+13   9.0007E-07   9.0008E-07   0.99999
FLUX 1204  9660.00        3.103442E+13   8.9265E-07   8.9266E-07   0.99999
FLUX 1205  9700.00        3.090644E+13   8.8533E-07   8.8534E-07   0.99998
FLUX 1206  9740.00        3.077952E+13   8.7810E-07   8.7811E-07   0.99999
FLUX 1207  9780.00        3.065363E+13   8.7095E-07   8.7096E-07   0.99999
FLUX 1208  9820.00        3.052877E+13   8.6373E-07   8.6390E-07   0.99980
FLUX 1209  9860.00        3.040492E+13   8.5597E-07   8.5693E-07   0.99888
FLUX 1210  9900.00        3.028207E+13   8.5002E-07   8.5003E-07   0.99998
FLUX 1211  9940.00        3.016021E+13   8.4322E-07   8.4323E-07   0.99999
FLUX 1212  9980.00        3.003933E+13   8.3649E-07   8.3650E-07   0.99999
FLUX 1213 10020.00        2.991941E+13   8.2984E-07   8.2985E-07   0.99999
FLUX 1214 20000.00        1.498963E+13   2.0683E-07   2.0683E-07   1.00000
FLUX 1215 40000.00        7.494813E+12   5.0715E-08   5.0715E-08   1.00000
FLUX 1216 60000.00        4.996542E+12   2.2244E-08   2.2244E-08   1.00000
FLUX 1217 80000.00        3.747406E+12   1.2400E-08   1.2400E-08   1.00000
FLUX 1218100000.00        2.997925E+12   7.8848E-09   7.8848E-09   1.00000
FLUX 1219120000.00        2.498271E+12   5.4488E-09   5.4488E-09   1.00000
FLUX 1220140000.00        2.141375E+12   3.9874E-09   3.9874E-09   1.00000
FLUX 1221160000.00        1.873703E+12   3.0429E-09   3.0429E-09   1.00000
FLUX
