TEFF  35000.  GRAVITY 4.00000 LTE 
TITLE  [+0.5] N(He)/Ntot=0.07813 VTURB=2.0  L/H=1.25 NOVER                      
FLUX    1     9.09        3.298047E+16   4.4525E-30   4.4713E-30   0.99580
FLUX    2     9.35        3.206337E+16   2.2044E-29   2.2118E-29   0.99668
FLUX    3     9.61        3.119589E+16   9.9479E-29   1.0086E-28   0.98627
FLUX    4     9.77        3.068501E+16   2.4632E-28   2.4712E-28   0.99678
FLUX    5     9.96        3.009965E+16   6.8930E-28   6.9152E-28   0.99679
FLUX    6    10.20        2.939142E+16   2.4040E-27   2.4115E-27   0.99688
FLUX    7    10.38        2.888174E+16   5.9289E-27   5.9472E-27   0.99693
FLUX    8    10.56        2.838944E+16   1.4214E-26   1.4257E-26   0.99698
FLUX    9    10.77        2.783589E+16   3.8106E-26   3.8220E-26   0.99703
FLUX   10    11.04        2.715512E+16   1.2868E-25   1.2905E-25   0.99709
FLUX   11    11.40        2.629759E+16   6.0045E-25   6.0217E-25   0.99714
FLUX   12    11.78        2.544928E+16   2.7840E-24   2.7941E-24   0.99638
FLUX   13    12.13        2.471496E+16   1.0595E-23   1.0623E-23   0.99734
FLUX   14    12.48        2.402183E+16   3.7599E-23   3.7704E-23   0.99722
FLUX   15    12.71        2.358714E+16   8.3477E-23   8.3690E-23   0.99746
FLUX   16    12.84        2.334833E+16   1.2950E-22   1.2983E-22   0.99743
FLUX   17    13.05        2.297261E+16   2.5837E-22   2.5947E-22   0.99576
FLUX   18    13.24        2.264294E+16   4.7508E-22   4.7697E-22   0.99604
FLUX   19    13.39        2.238928E+16   7.6043E-22   7.6265E-22   0.99709
FLUX   20    13.66        2.194674E+16   1.7247E-21   1.7349E-21   0.99414
FLUX   21    13.98        2.144438E+16   4.4133E-21   4.4238E-21   0.99764
FLUX   22    14.33        2.092062E+16   1.1731E-20   1.1777E-20   0.99606
FLUX   23    14.72        2.036634E+16   3.2700E-20   3.3293E-20   0.98221
FLUX   24    15.10        1.985381E+16   8.7080E-20   8.7275E-20   0.99778
FLUX   25    15.52        1.931653E+16   2.3991E-19   2.4043E-19   0.99785
FLUX   26    15.88        1.887862E+16   5.4924E-19   5.5041E-19   0.99788
FLUX   27    16.20        1.850571E+16   1.1069E-18   1.1170E-18   0.99101
FLUX   28    16.60        1.805979E+16   2.6044E-18   2.6092E-18   0.99814
FLUX   29    17.03        1.760379E+16   6.1824E-18   6.2239E-18   0.99333
FLUX   30    17.34        1.728907E+16   1.1337E-17   1.1354E-17   0.99848
FLUX   31    17.68        1.695659E+16   2.1700E-17   2.1727E-17   0.99876
FLUX   32    18.02        1.663665E+16   4.0081E-17   4.0108E-17   0.99931
FLUX   33    18.17        1.649931E+16   5.2825E-17   5.3194E-17   0.99306
FLUX   34    18.61        1.610922E+16   1.1223E-16   1.1267E-16   0.99616
FLUX   35    19.10        1.569594E+16   2.5029E-16   2.5048E-16   0.99924
FLUX   36    19.39        1.546119E+16   3.9630E-16   3.9690E-16   0.99848
FLUX   37    19.84        1.511051E+16   7.8885E-16   7.9008E-16   0.99845
FLUX   38    20.18        1.485592E+16   1.2890E-15   1.2943E-15   0.99594
FLUX   39    20.50        1.462402E+16   2.0250E-15   2.0307E-15   0.99723
FLUX   40    21.05        1.424192E+16   4.2740E-15   4.2777E-15   0.99913
FLUX   41    21.62        1.386644E+16   8.8091E-15   8.9232E-15   0.98722
FLUX   42    21.98        1.363933E+16   1.3929E-14   1.3940E-14   0.99915
FLUX   43    22.30        1.344361E+16   2.0437E-14   2.0512E-14   0.99636
FLUX   44    22.68        1.321836E+16   3.3182E-14   3.4489E-14   0.96213
FLUX   45    23.00        1.303446E+16   1.7022E-11   3.5661E-11   0.47732
FLUX   46    23.40        1.281165E+16   3.6298E-11   5.0690E-11   0.71606
FLUX   47    24.00        1.249135E+16   5.5643E-11   8.4154E-11   0.66121
FLUX   48    24.65        1.216197E+16   8.9250E-11   1.4200E-10   0.62853
FLUX   49    25.24        1.187767E+16   1.5117E-10   2.3855E-10   0.63370
FLUX   50    25.68        1.167416E+16   2.2631E-10   3.5688E-10   0.63413
FLUX   51    26.00        1.153048E+16   3.7057E-10   6.8158E-10   0.54369
FLUX   52    26.40        1.135578E+16   9.8062E-10   2.5340E-09   0.38699
FLUX   53    26.85        1.116546E+16   1.6006E-09   3.2704E-09   0.48941
FLUX   54    27.35        1.096133E+16   2.0964E-09   4.3027E-09   0.48724
FLUX   55    27.85        1.076454E+16   2.2979E-09   5.6085E-09   0.40972
FLUX   56    28.40        1.055607E+16   4.9416E-09   8.0223E-09   0.61598
FLUX   57    29.00        1.033767E+16   7.0782E-09   1.0888E-08   0.65011
FLUX   58    29.60        1.012813E+16   8.7700E-09   1.4390E-08   0.60946
FLUX   59    30.10        9.959884E+15   2.7110E-08   2.7208E-07   0.09964
FLUX   60    30.80        9.733523E+15   5.9634E-08   3.4415E-06   0.01733
FLUX   61    31.80        9.427437E+15   1.3672E-07   3.1974E-06   0.04276
FLUX   62    32.80        9.140015E+15   2.1438E-07   3.1036E-06   0.06908
FLUX   63    33.80        8.869601E+15   4.3168E-07   3.0709E-06   0.14057
FLUX   64    34.80        8.614727E+15   6.7546E-07   3.2372E-06   0.20865
FLUX   65    35.70        8.397549E+15   1.6083E-06   3.0202E-05   0.05325
FLUX   66    36.60        8.191052E+15   4.3565E-06   5.4404E-05   0.08008
FLUX   67    37.50        7.994467E+15   5.3464E-06   5.4312E-05   0.09844
FLUX   68    38.50        7.786818E+15   6.8703E-06   6.0876E-05   0.11286
FLUX   69    39.50        7.589684E+15   1.6904E-05   1.0263E-04   0.16471
FLUX   70    40.50        7.402284E+15   3.1428E-05   1.0207E-04   0.30790
FLUX   71    41.40        7.241365E+15   3.1796E-05   1.1946E-04   0.26618
FLUX   72    42.20        7.104088E+15   3.5595E-05   1.2369E-04   0.28777
FLUX   73    43.00        6.971919E+15   3.4608E-05   1.2320E-04   0.28091
FLUX   74    44.10        6.798016E+15   4.5922E-05   1.2302E-04   0.37329
FLUX   75    45.10        6.647284E+15   4.7556E-05   1.2436E-04   0.38240
FLUX   76    46.00        6.517228E+15   3.9431E-05   1.2488E-04   0.31576
FLUX   77    47.00        6.378564E+15   4.8562E-05   1.2602E-04   0.38536
FLUX   78    48.00        6.245677E+15   6.2558E-05   1.2749E-04   0.49068
FLUX   79    49.00        6.118214E+15   4.3814E-05   1.3010E-04   0.33676
FLUX   80    50.00        5.995850E+15   6.9229E-05   1.3250E-04   0.52248
FLUX   81    50.60        5.924753E+15   5.8838E-05   5.9690E-04   0.09857
FLUX   82    51.20        5.855322E+15   2.2015E-04   6.1079E-04   0.36044
FLUX   83    52.00        5.765240E+15   2.1434E-04   6.1770E-04   0.34699
FLUX   84    53.00        5.656462E+15   1.9825E-04   6.2627E-04   0.31655
FLUX   85    54.00        5.551713E+15   1.7691E-04   6.3487E-04   0.27865
FLUX   86    55.00        5.450773E+15   1.6908E-04   6.4376E-04   0.26264
FLUX   87    56.00        5.353438E+15   2.6508E-04   6.5263E-04   0.40618
FLUX   88    57.00        5.259518E+15   3.6670E-04   6.6148E-04   0.55436
FLUX   89    58.00        5.168836E+15   3.5778E-04   6.7133E-04   0.53294
FLUX   90    59.00        5.081229E+15   3.7388E-04   6.8024E-04   0.54963
FLUX   91    60.00        4.996542E+15   2.3879E-04   6.8918E-04   0.34649
FLUX   92    61.00        4.914631E+15   2.9608E-04   6.9815E-04   0.42408
FLUX   93    62.00        4.835363E+15   4.4429E-04   7.0715E-04   0.62829
FLUX   94    63.00        4.758611E+15   4.2819E-04   7.1619E-04   0.59788
FLUX   95    64.00        4.684258E+15   4.9081E-04   7.2554E-04   0.67648
FLUX   96    65.00        4.612192E+15   4.5722E-04   7.3495E-04   0.62211
FLUX   97    65.80        4.556117E+15   3.2400E-04   7.4250E-04   0.43636
FLUX   98    66.50        4.508158E+15   4.7590E-04   7.4910E-04   0.63529
FLUX   99    67.50        4.441370E+15   5.9430E-04   7.5854E-04   0.78348
FLUX  100    68.50        4.376533E+15   4.1248E-04   7.6796E-04   0.53711
FLUX  101    69.50        4.313561E+15   6.1041E-04   7.7738E-04   0.78521
FLUX  102    70.50        4.252376E+15   4.0954E-04   7.8677E-04   0.52053
FLUX  103    71.60        4.187046E+15   7.0056E-04   7.9708E-04   0.87891
FLUX  104    72.60        4.129373E+15   7.1193E-04   8.0647E-04   0.88278
FLUX  105    73.50        4.078810E+15   7.3245E-04   8.1497E-04   0.89875
FLUX  106    74.50        4.024060E+15   6.3981E-04   8.2445E-04   0.77605
FLUX  107    75.50        3.970762E+15   6.6111E-04   8.3387E-04   0.79282
FLUX  108    76.50        3.918856E+15   6.1197E-04   8.4321E-04   0.72576
FLUX  109    77.50        3.868290E+15   7.2086E-04   8.5247E-04   0.84562
FLUX  110    78.50        3.819013E+15   6.5575E-04   8.6164E-04   0.76105
FLUX  111    79.50        3.770975E+15   7.7566E-04   8.7073E-04   0.89082
FLUX  112    80.50        3.724130E+15   7.5086E-04   8.7973E-04   0.85352
FLUX  113    81.50        3.678436E+15   7.6320E-04   8.8862E-04   0.85886
FLUX  114    82.50        3.633848E+15   8.2907E-04   8.9747E-04   0.92378
FLUX  115    83.50        3.590329E+15   6.0586E-04   9.0627E-04   0.66852
FLUX  116    84.50        3.547840E+15   8.0572E-04   9.1495E-04   0.88062
FLUX  117    85.50        3.506345E+15   7.8684E-04   9.2350E-04   0.85202
FLUX  118    86.50        3.465809E+15   8.5572E-04   9.3191E-04   0.91824
FLUX  119    87.50        3.426200E+15   8.7508E-04   9.4017E-04   0.93077
FLUX  120    88.50        3.387486E+15   8.9150E-04   9.4833E-04   0.94007
FLUX  121    89.50        3.349637E+15   9.0111E-04   9.5636E-04   0.94223
FLUX  122    90.50        3.312624E+15   8.8234E-04   9.6422E-04   0.91508
FLUX  123    91.50        3.276421E+15   8.2145E-04   4.0278E-03   0.20394
FLUX  124    92.50        3.241000E+15   1.5249E-03   4.0149E-03   0.37981
FLUX  125    93.50        3.206337E+15   2.2403E-03   4.0015E-03   0.55987
FLUX  126    94.50        3.172407E+15   2.4733E-03   3.9875E-03   0.62026
FLUX  127    95.50        3.139188E+15   2.6940E-03   3.9731E-03   0.67807
FLUX  128    96.50        3.106658E+15   2.9234E-03   3.9582E-03   0.73857
FLUX  129    97.50        3.074795E+15   1.6623E-03   3.9429E-03   0.42160
FLUX  130    98.50        3.043579E+15   2.4499E-03   3.9272E-03   0.62383
FLUX  131    99.50        3.012990E+15   2.2260E-03   3.9112E-03   0.56913
FLUX  132   100.50        2.983010E+15   2.2925E-03   3.8948E-03   0.58861
FLUX  133   101.50        2.953621E+15   2.5039E-03   3.8780E-03   0.64567
FLUX  134   102.50        2.924805E+15   2.3670E-03   3.8609E-03   0.61306
FLUX  135   103.50        2.896546E+15   2.6438E-03   3.8436E-03   0.68785
FLUX  136   104.50        2.868828E+15   2.9453E-03   3.8260E-03   0.76982
FLUX  137   105.50        2.841635E+15   2.8479E-03   3.8081E-03   0.74785
FLUX  138   106.50        2.814953E+15   2.6287E-03   3.7900E-03   0.69359
FLUX  139   107.50        2.788767E+15   2.6921E-03   3.7717E-03   0.71378
FLUX  140   108.50        2.763065E+15   2.5487E-03   3.7531E-03   0.67909
FLUX  141   109.50        2.737831E+15   2.6807E-03   3.7344E-03   0.71784
FLUX  142   110.50        2.713054E+15   2.6330E-03   3.7155E-03   0.70866
FLUX  143   111.50        2.688722E+15   2.6222E-03   3.6964E-03   0.70940
FLUX  144   112.50        2.664822E+15   2.3100E-03   3.6772E-03   0.62821
FLUX  145   113.50        2.641344E+15   2.6235E-03   3.6578E-03   0.71724
FLUX  146   114.50        2.618275E+15   2.6729E-03   3.6383E-03   0.73465
FLUX  147   115.50        2.595606E+15   2.4970E-03   3.6187E-03   0.69004
FLUX  148   116.50        2.573326E+15   2.4365E-03   3.5990E-03   0.67699
FLUX  149   117.50        2.551426E+15   1.7620E-03   3.5793E-03   0.49227
FLUX  150   118.50        2.529895E+15   2.3026E-03   3.5595E-03   0.64689
FLUX  151   119.50        2.508724E+15   2.2416E-03   3.5396E-03   0.63329
FLUX  152   120.50        2.487905E+15   2.2341E-03   3.5196E-03   0.63475
FLUX  153   121.50        2.467428E+15   1.9993E-03   3.4996E-03   0.57128
FLUX  154   122.50        2.447286E+15   2.1926E-03   3.4796E-03   0.63014
FLUX  155   123.50        2.427470E+15   2.3338E-03   3.4595E-03   0.67460
FLUX  156   124.50        2.407972E+15   2.2864E-03   3.4393E-03   0.66479
FLUX  157   125.50        2.388785E+15   2.3165E-03   3.4193E-03   0.67748
FLUX  158   126.50        2.369901E+15   2.4269E-03   3.3992E-03   0.71397
FLUX  159   127.50        2.351314E+15   2.5657E-03   3.3791E-03   0.75929
FLUX  160   128.50        2.333016E+15   2.5957E-03   3.3591E-03   0.77273
FLUX  161   129.50        2.315000E+15   2.5495E-03   3.3390E-03   0.76355
FLUX  162   130.50        2.297261E+15   2.5160E-03   3.3190E-03   0.75808
FLUX  163   131.50        2.279791E+15   2.6583E-03   3.2990E-03   0.80580
FLUX  164   132.50        2.262585E+15   2.6328E-03   3.2790E-03   0.80294
FLUX  165   133.50        2.245637E+15   2.5795E-03   3.2591E-03   0.79147
FLUX  166   134.50        2.228941E+15   2.6339E-03   3.2393E-03   0.81311
FLUX  167   135.50        2.212491E+15   2.5518E-03   3.2195E-03   0.79262
FLUX  168   136.50        2.196282E+15   2.5173E-03   3.1997E-03   0.78674
FLUX  169   137.50        2.180309E+15   2.4410E-03   3.1800E-03   0.76761
FLUX  170   138.50        2.164567E+15   2.4317E-03   3.1604E-03   0.76943
FLUX  171   139.50        2.149050E+15   2.1283E-03   3.1408E-03   0.67761
FLUX  172   140.50        2.133754E+15   2.1066E-03   3.1214E-03   0.67489
FLUX  173   141.50        2.118675E+15   2.4856E-03   3.1020E-03   0.80129
FLUX  174   142.50        2.103807E+15   2.2335E-03   3.0826E-03   0.72454
FLUX  175   143.50        2.089146E+15   2.4300E-03   3.0634E-03   0.79323
FLUX  176   144.20        2.079005E+15   2.3522E-03   3.0500E-03   0.77120
FLUX  177   144.70        2.071821E+15   2.3722E-03   3.0404E-03   0.78022
FLUX  178   145.50        2.060430E+15   2.2796E-03   3.0252E-03   0.75355
FLUX  179   146.50        2.046365E+15   2.2762E-03   3.0062E-03   0.75717
FLUX  180   147.50        2.032492E+15   2.3381E-03   2.9873E-03   0.78268
FLUX  181   148.50        2.018805E+15   2.3811E-03   2.9685E-03   0.80211
FLUX  182   149.50        2.005301E+15   2.3258E-03   2.9498E-03   0.78845
FLUX  183   150.50        1.991977E+15   2.3269E-03   2.9312E-03   0.79385
FLUX  184   151.20        1.982755E+15   2.3195E-03   2.9182E-03   0.79484
FLUX  185   151.70        1.976220E+15   2.3426E-03   2.9090E-03   0.80528
FLUX  186   152.50        1.965852E+15   2.2723E-03   2.8943E-03   0.78508
FLUX  187   153.50        1.953046E+15   2.0170E-03   2.8760E-03   0.70133
FLUX  188   154.50        1.940405E+15   1.5562E-03   2.8578E-03   0.54453
FLUX  189   155.50        1.927926E+15   1.6383E-03   2.8397E-03   0.57691
FLUX  190   156.50        1.915607E+15   1.9780E-03   2.8217E-03   0.70099
FLUX  191   157.50        1.903444E+15   2.1098E-03   2.8039E-03   0.75248
FLUX  192   158.50        1.891435E+15   2.1419E-03   2.7861E-03   0.76877
FLUX  193   159.50        1.879577E+15   2.1656E-03   2.7684E-03   0.78225
FLUX  194   160.50        1.867866E+15   2.0522E-03   2.7509E-03   0.74601
FLUX  195   161.50        1.856300E+15   1.9878E-03   2.7334E-03   0.72722
FLUX  196   162.50        1.844877E+15   2.0682E-03   2.7161E-03   0.76146
FLUX  197   163.50        1.833593E+15   2.1126E-03   2.6989E-03   0.78275
FLUX  198   164.50        1.822447E+15   2.1264E-03   2.6818E-03   0.79289
FLUX  199   165.50        1.811435E+15   2.1413E-03   2.6648E-03   0.80355
FLUX  200   166.50        1.800556E+15   2.1322E-03   2.6479E-03   0.80523
FLUX  201   167.20        1.793017E+15   1.9615E-03   2.6362E-03   0.74406
FLUX  202   167.70        1.787671E+15   2.3356E-03   2.6278E-03   0.88878
FLUX  203   168.50        1.779184E+15   2.2443E-03   2.6145E-03   0.85839
FLUX  204   169.50        1.768687E+15   2.2057E-03   2.5980E-03   0.84901
FLUX  205   170.50        1.758314E+15   2.2032E-03   2.5816E-03   0.85342
FLUX  206   171.50        1.748061E+15   2.0857E-03   2.5653E-03   0.81304
FLUX  207   172.50        1.737928E+15   2.0641E-03   2.5491E-03   0.80971
FLUX  208   173.50        1.727911E+15   2.1643E-03   2.5330E-03   0.85443
FLUX  209   174.50        1.718009E+15   2.1727E-03   2.5171E-03   0.86318
FLUX  210   175.50        1.708219E+15   2.1532E-03   2.5013E-03   0.86084
FLUX  211   176.50        1.698541E+15   2.1507E-03   2.4855E-03   0.86527
FLUX  212   177.50        1.688972E+15   2.0907E-03   2.4699E-03   0.84644
FLUX  213   178.50        1.679510E+15   2.1516E-03   2.4544E-03   0.87662
FLUX  214   179.50        1.670153E+15   2.1041E-03   2.4391E-03   0.86266
FLUX  215   180.50        1.660900E+15   2.1102E-03   2.4238E-03   0.87059
FLUX  216   181.50        1.651749E+15   2.0902E-03   2.4087E-03   0.86778
FLUX  217   182.50        1.642699E+15   2.0605E-03   2.3936E-03   0.86082
FLUX  218   183.50        1.633747E+15   2.0872E-03   2.3787E-03   0.87743
FLUX  219   184.50        1.624892E+15   2.0664E-03   2.3640E-03   0.87411
FLUX  220   185.50        1.616132E+15   2.1056E-03   2.3493E-03   0.89626
FLUX  221   186.50        1.607466E+15   2.1151E-03   2.3347E-03   0.90594
FLUX  222   187.50        1.598893E+15   2.0678E-03   2.3203E-03   0.89121
FLUX  223   188.50        1.590411E+15   2.0226E-03   2.3059E-03   0.87715
FLUX  224   189.50        1.582018E+15   2.0504E-03   2.2917E-03   0.89471
FLUX  225   190.50        1.573714E+15   2.0833E-03   2.2775E-03   0.91471
FLUX  226   191.50        1.565496E+15   2.0645E-03   2.2635E-03   0.91208
FLUX  227   192.50        1.557364E+15   1.9556E-03   2.2496E-03   0.86932
FLUX  228   193.50        1.549315E+15   2.0776E-03   2.2358E-03   0.92921
FLUX  229   194.50        1.541350E+15   2.0934E-03   2.2221E-03   0.94209
FLUX  230   195.50        1.533465E+15   1.9415E-03   2.2085E-03   0.87907
FLUX  231   196.70        1.524110E+15   2.0428E-03   2.1924E-03   0.93176
FLUX  232   197.60        1.517169E+15   2.0611E-03   2.1804E-03   0.94529
FLUX  233   198.40        1.511051E+15   2.0542E-03   2.1697E-03   0.94674
FLUX  234   199.50        1.502719E+15   2.0161E-03   2.1553E-03   0.93544
FLUX  235   200.50        1.495224E+15   2.0690E-03   2.1422E-03   0.96584
FLUX  236   201.50        1.487804E+15   2.0657E-03   2.1292E-03   0.97016
FLUX  237   202.50        1.480457E+15   2.0675E-03   2.1164E-03   0.97689
FLUX  238   203.50        1.473182E+15   2.0245E-03   2.1036E-03   0.96238
FLUX  239   204.50        1.465978E+15   2.0047E-03   2.0909E-03   0.95875
FLUX  240   205.50        1.458844E+15   1.5592E-03   2.1390E-03   0.72892
FLUX  241   206.50        1.451780E+15   1.5212E-03   2.1261E-03   0.71549
FLUX  242   207.40        1.445480E+15   1.6154E-03   2.1145E-03   0.76397
FLUX  243   207.80        1.442697E+15   1.6416E-03   2.1094E-03   0.77825
FLUX  244   208.50        1.437854E+15   1.8185E-03   2.1005E-03   0.86575
FLUX  245   209.50        1.430990E+15   1.9228E-03   2.0878E-03   0.92098
FLUX  246   210.50        1.424192E+15   1.9311E-03   2.0752E-03   0.93055
FLUX  247   211.50        1.417459E+15   1.9755E-03   2.0628E-03   0.95772
FLUX  248   212.50        1.410788E+15   1.9468E-03   2.0504E-03   0.94948
FLUX  249   213.50        1.404180E+15   1.9586E-03   2.0381E-03   0.96096
FLUX  250   214.50        1.397634E+15   1.9411E-03   2.0259E-03   0.95813
FLUX  251   215.50        1.391148E+15   1.9516E-03   2.0139E-03   0.96911
FLUX  252   216.50        1.384723E+15   1.8696E-03   2.0019E-03   0.93392
FLUX  253   217.50        1.378356E+15   1.9380E-03   1.9900E-03   0.97388
FLUX  254   218.50        1.372048E+15   1.8925E-03   1.9782E-03   0.95671
FLUX  255   219.50        1.365797E+15   1.9452E-03   1.9665E-03   0.98921
FLUX  256   220.50        1.359603E+15   1.9299E-03   1.9548E-03   0.98725
FLUX  257   221.50        1.353465E+15   1.8695E-03   1.9433E-03   0.96203
FLUX  258   222.50        1.347382E+15   1.9019E-03   1.9319E-03   0.98449
FLUX  259   223.50        1.341353E+15   1.8924E-03   1.9205E-03   0.98537
FLUX  260   224.50        1.335379E+15   1.8708E-03   1.9093E-03   0.97985
FLUX  261   225.50        1.329457E+15   1.8355E-03   1.8981E-03   0.96703
FLUX  262   226.50        1.323587E+15   1.8585E-03   1.8870E-03   0.98491
FLUX  263   227.50        1.317769E+15   1.8637E-03   1.8760E-03   0.99346
FLUX  264   228.50        1.312002E+15   1.8239E-03   1.8651E-03   0.97792
FLUX  265   229.50        1.306285E+15   1.6857E-03   1.8542E-03   0.90911
FLUX  266   230.50        1.300618E+15   1.7737E-03   1.8435E-03   0.96215
FLUX  267   231.50        1.295000E+15   1.7778E-03   1.8328E-03   0.96996
FLUX  268   232.50        1.289430E+15   1.7961E-03   1.8223E-03   0.98564
FLUX  269   233.50        1.283908E+15   1.7839E-03   1.8118E-03   0.98461
FLUX  270   234.50        1.278433E+15   1.7600E-03   1.8014E-03   0.97703
FLUX  271   235.50        1.273004E+15   1.7299E-03   1.7910E-03   0.96588
FLUX  272   236.50        1.267622E+15   1.7115E-03   1.7808E-03   0.96113
FLUX  273   237.50        1.262284E+15   1.6823E-03   1.7706E-03   0.95013
FLUX  274   238.50        1.256992E+15   1.6203E-03   1.7605E-03   0.92034
FLUX  275   239.50        1.251743E+15   1.6549E-03   1.7505E-03   0.94536
FLUX  276   240.50        1.246538E+15   1.6634E-03   1.7406E-03   0.95569
FLUX  277   241.50        1.241377E+15   1.6662E-03   1.7307E-03   0.96271
FLUX  278   242.50        1.236258E+15   1.6766E-03   1.7209E-03   0.97422
FLUX  279   243.50        1.231181E+15   1.6607E-03   1.7112E-03   0.97050
FLUX  280   244.50        1.226145E+15   1.6539E-03   1.7016E-03   0.97194
FLUX  281   245.50        1.221151E+15   1.6411E-03   1.6921E-03   0.96988
FLUX  282   246.50        1.216197E+15   1.6325E-03   1.6826E-03   0.97022
FLUX  283   247.50        1.211283E+15   1.6325E-03   1.6732E-03   0.97570
FLUX  284   248.50        1.206408E+15   1.5765E-03   1.6638E-03   0.94748
FLUX  285   249.50        1.201573E+15   1.1615E-03   1.6546E-03   0.70199
FLUX  286   250.50        1.196776E+15   1.5303E-03   1.6454E-03   0.93008
FLUX  287   251.30        1.192967E+15   1.5110E-03   1.6381E-03   0.92244
FLUX  288   251.80        1.190598E+15   1.5412E-03   1.6335E-03   0.94347
FLUX  289   252.50        1.187297E+15   1.5746E-03   1.6272E-03   0.96769
FLUX  290   253.50        1.182613E+15   1.5821E-03   1.6183E-03   0.97765
FLUX  291   254.50        1.177967E+15   1.5736E-03   1.6094E-03   0.97777
FLUX  292   255.50        1.173356E+15   1.5625E-03   1.6005E-03   0.97627
FLUX  293   256.50        1.168782E+15   1.5562E-03   1.5918E-03   0.97767
FLUX  294   257.50        1.164243E+15   1.5462E-03   1.5831E-03   0.97668
FLUX  295   258.50        1.159739E+15   1.5395E-03   1.5744E-03   0.97784
FLUX  296   259.50        1.155270E+15   1.5103E-03   1.5659E-03   0.96448
FLUX  297   260.50        1.150835E+15   1.5277E-03   1.5583E-03   0.98037
FLUX  298   261.50        1.146434E+15   1.5010E-03   1.5499E-03   0.96845
FLUX  299   262.50        1.142067E+15   1.5103E-03   1.5415E-03   0.97974
FLUX  300   263.50        1.137732E+15   1.5111E-03   1.5332E-03   0.98557
FLUX  301   264.50        1.133431E+15   1.4904E-03   1.5250E-03   0.97735
FLUX  302   265.50        1.129162E+15   1.4900E-03   1.5168E-03   0.98238
FLUX  303   266.50        1.124925E+15   1.4751E-03   1.5086E-03   0.97777
FLUX  304   267.50        1.120720E+15   1.4410E-03   1.5006E-03   0.96028
FLUX  305   268.50        1.116546E+15   1.4616E-03   1.4926E-03   0.97925
FLUX  306   269.50        1.112403E+15   1.4457E-03   1.4846E-03   0.97379
FLUX  307   270.50        1.108290E+15   1.4534E-03   1.4767E-03   0.98419
FLUX  308   271.50        1.104208E+15   1.4372E-03   1.4689E-03   0.97845
FLUX  309   272.50        1.100156E+15   1.4359E-03   1.4611E-03   0.98277
FLUX  310   273.50        1.096133E+15   1.4032E-03   1.4534E-03   0.96549
FLUX  311   274.50        1.092140E+15   1.4291E-03   1.4457E-03   0.98847
FLUX  312   275.50        1.088176E+15   1.4166E-03   1.4381E-03   0.98501
FLUX  313   276.50        1.084241E+15   1.4078E-03   1.4306E-03   0.98408
FLUX  314   277.50        1.080333E+15   1.4063E-03   1.4231E-03   0.98821
FLUX  315   278.50        1.076454E+15   1.3853E-03   1.4157E-03   0.97855
FLUX  316   279.50        1.072603E+15   1.3595E-03   1.4083E-03   0.96533
FLUX  317   280.50        1.068779E+15   1.3761E-03   1.4009E-03   0.98225
FLUX  318   281.50        1.064982E+15   1.3747E-03   1.3937E-03   0.98638
FLUX  319   282.50        1.061212E+15   1.3673E-03   1.3865E-03   0.98615
FLUX  320   283.50        1.057469E+15   1.3578E-03   1.3793E-03   0.98442
FLUX  321   284.50        1.053752E+15   1.3588E-03   1.3722E-03   0.99027
FLUX  322   285.50        1.050061E+15   1.3494E-03   1.3651E-03   0.98845
FLUX  323   286.50        1.046396E+15   1.3298E-03   1.3581E-03   0.97917
FLUX  324   287.50        1.042757E+15   1.3256E-03   1.3512E-03   0.98106
FLUX  325   288.50        1.039142E+15   1.3250E-03   1.3442E-03   0.98571
FLUX  326   289.50        1.035553E+15   1.3199E-03   1.3374E-03   0.98692
FLUX  327   291.00        1.030215E+15   1.3038E-03   1.3272E-03   0.98237
FLUX  328   293.00        1.023183E+15   1.3008E-03   1.3138E-03   0.99007
FLUX  329   295.00        1.016246E+15   1.2856E-03   1.3006E-03   0.98851
FLUX  330   297.00        1.009402E+15   1.2688E-03   1.2875E-03   0.98547
FLUX  331   299.00        1.002651E+15   1.2450E-03   1.2747E-03   0.97666
FLUX  332   301.00        9.959884E+14   1.2288E-03   1.2620E-03   0.97363
FLUX  333   303.00        9.894142E+14   1.2086E-03   1.2496E-03   0.96719
FLUX  334   305.00        9.829262E+14   1.2099E-03   1.2373E-03   0.97787
FLUX  335   307.00        9.765228E+14   1.1981E-03   1.2251E-03   0.97790
FLUX  336   309.00        9.702023E+14   1.1910E-03   1.2132E-03   0.98171
FLUX  337   311.00        9.639630E+14   1.1865E-03   1.2014E-03   0.98761
FLUX  338   313.00        9.578035E+14   1.1721E-03   1.1900E-03   0.98501
FLUX  339   315.00        9.517222E+14   1.1680E-03   1.1785E-03   0.99107
FLUX  340   317.00        9.457177E+14   1.1539E-03   1.1672E-03   0.98859
FLUX  341   319.00        9.397884E+14   1.1473E-03   1.1561E-03   0.99242
FLUX  342   321.00        9.339330E+14   1.1200E-03   1.1451E-03   0.97808
FLUX  343   323.00        9.281502E+14   1.1223E-03   1.1342E-03   0.98952
FLUX  344   325.00        9.224385E+14   1.1174E-03   1.1235E-03   0.99450
FLUX  345   327.00        9.167966E+14   1.0933E-03   1.1130E-03   0.98227
FLUX  346   329.00        9.112234E+14   1.0917E-03   1.1026E-03   0.99010
FLUX  347   331.00        9.057175E+14   1.0789E-03   1.0923E-03   0.98774
FLUX  348   333.00        9.002778E+14   1.0677E-03   1.0822E-03   0.98662
FLUX  349   335.00        8.949030E+14   1.0475E-03   1.0722E-03   0.97698
FLUX  350   337.00        8.895920E+14   1.0439E-03   1.0623E-03   0.98270
FLUX  351   339.00        8.843437E+14   1.0422E-03   1.0526E-03   0.99016
FLUX  352   341.00        8.791569E+14   1.0313E-03   1.0430E-03   0.98880
FLUX  353   343.00        8.740306E+14   1.0278E-03   1.0347E-03   0.99330
FLUX  354   345.00        8.689638E+14   1.0094E-03   1.0253E-03   0.98447
FLUX  355   347.00        8.639553E+14   1.0079E-03   1.0161E-03   0.99189
FLUX  356   349.00        8.590043E+14   1.0002E-03   1.0070E-03   0.99323
FLUX  357   351.00        8.541097E+14   9.9304E-04   9.9798E-04   0.99505
FLUX  358   353.00        8.492705E+14   9.8203E-04   9.8910E-04   0.99285
FLUX  359   355.00        8.444859E+14   9.7348E-04   9.8033E-04   0.99301
FLUX  360   357.00        8.397549E+14   9.6567E-04   9.7168E-04   0.99382
FLUX  361   359.00        8.350766E+14   9.5642E-04   9.6313E-04   0.99303
FLUX  362   361.00        8.304501E+14   9.4366E-04   9.5470E-04   0.98843
FLUX  363   363.00        8.258747E+14   9.3753E-04   9.4638E-04   0.99065
FLUX  364   364.00        8.236058E+14   9.2324E-04   9.4226E-04   0.97982
FLUX  365   365.00        8.213493E+14   8.5216E-04   1.0076E-03   0.84570
FLUX  366   367.00        8.168733E+14   8.4638E-04   9.9881E-04   0.84738
FLUX  367   369.00        8.124458E+14   8.4139E-04   9.9072E-04   0.84928
FLUX  368   371.00        8.080660E+14   8.3233E-04   9.8211E-04   0.84749
FLUX  369   373.00        8.037332E+14   8.4096E-04   9.7362E-04   0.86374
FLUX  370   375.00        7.994467E+14   8.5976E-04   9.6523E-04   0.89073
FLUX  371   377.00        7.952056E+14   8.6493E-04   9.5694E-04   0.90385
FLUX  372   379.00        7.910092E+14   8.8621E-04   9.4875E-04   0.93408
FLUX  373   381.00        7.868570E+14   9.0178E-04   9.4067E-04   0.95866
FLUX  374   383.00        7.827480E+14   8.5544E-04   9.3268E-04   0.91718
FLUX  375   385.00        7.786818E+14   9.0399E-04   9.2479E-04   0.97750
FLUX  376   387.00        7.746576E+14   8.8745E-04   9.1700E-04   0.96777
FLUX  377   389.00        7.706748E+14   8.3067E-04   9.0931E-04   0.91352
FLUX  378   391.00        7.667327E+14   8.9363E-04   9.0170E-04   0.99105
FLUX  379   393.00        7.628308E+14   8.7307E-04   8.9419E-04   0.97638
FLUX  380   395.00        7.589684E+14   8.6563E-04   8.8677E-04   0.97616
FLUX  381   397.00        7.551448E+14   7.9618E-04   8.7944E-04   0.90533
FLUX  382   399.00        7.513596E+14   8.6274E-04   8.7219E-04   0.98916
FLUX  383   401.00        7.476122E+14   8.5343E-04   8.6503E-04   0.98659
FLUX  384   403.00        7.439020E+14   8.3545E-04   8.5796E-04   0.97377
FLUX  385   405.00        7.402284E+14   8.4132E-04   8.5097E-04   0.98866
FLUX  386   407.00        7.365909E+14   8.2301E-04   8.4406E-04   0.97505
FLUX  387   409.00        7.329890E+14   7.9779E-04   8.3723E-04   0.95289
FLUX  388   411.00        7.294221E+14   7.5981E-04   8.3049E-04   0.91490
FLUX  389   413.00        7.258898E+14   8.0470E-04   8.2382E-04   0.97679
FLUX  390   415.00        7.223916E+14   8.0144E-04   8.1723E-04   0.98067
FLUX  391   417.00        7.189269E+14   8.0183E-04   8.1072E-04   0.98903
FLUX  392   419.00        7.154952E+14   7.9400E-04   8.0429E-04   0.98721
FLUX  393   421.00        7.120962E+14   7.8185E-04   7.9793E-04   0.97985
FLUX  394   423.00        7.087293E+14   7.8592E-04   7.9164E-04   0.99278
FLUX  395   425.00        7.053941E+14   7.7495E-04   7.8542E-04   0.98666
FLUX  396   427.00        7.020902E+14   7.6791E-04   7.7928E-04   0.98541
FLUX  397   429.00        6.988170E+14   7.6208E-04   7.7321E-04   0.98561
FLUX  398   431.00        6.955742E+14   7.5052E-04   7.6720E-04   0.97826
FLUX  399   433.00        6.923614E+14   7.2847E-04   7.6126E-04   0.95693
FLUX  400   435.00        6.891782E+14   6.9642E-04   7.5539E-04   0.92193
FLUX  401   437.00        6.860240E+14   7.3594E-04   7.4959E-04   0.98180
FLUX  402   439.00        6.828986E+14   7.2506E-04   7.4385E-04   0.97474
FLUX  403   441.00        6.798016E+14   7.1886E-04   7.3818E-04   0.97382
FLUX  404   443.00        6.767325E+14   7.2149E-04   7.3257E-04   0.98488
FLUX  405   445.00        6.736910E+14   7.1456E-04   7.2702E-04   0.98287
FLUX  406   447.00        6.706767E+14   7.0554E-04   7.2153E-04   0.97784
FLUX  407   449.00        6.676893E+14   7.0639E-04   7.1610E-04   0.98644
FLUX  408   451.00        6.647284E+14   6.9168E-04   7.1074E-04   0.97319
FLUX  409   453.00        6.617936E+14   6.8985E-04   7.0543E-04   0.97792
FLUX  410   455.00        6.588846E+14   6.7781E-04   7.0018E-04   0.96806
FLUX  411   457.00        6.560011E+14   6.8412E-04   6.9498E-04   0.98437
FLUX  412   459.00        6.531427E+14   6.7588E-04   6.8984E-04   0.97976
FLUX  413   461.00        6.503091E+14   6.7404E-04   6.8476E-04   0.98435
FLUX  414   463.00        6.475000E+14   6.6464E-04   6.7974E-04   0.97779
FLUX  415   465.00        6.447151E+14   6.3535E-04   6.7476E-04   0.94160
FLUX  416   467.00        6.419540E+14   6.5590E-04   6.6984E-04   0.97918
FLUX  417   469.00        6.392164E+14   6.4170E-04   6.6498E-04   0.96500
FLUX  418   471.00        6.365021E+14   6.4930E-04   6.6016E-04   0.98355
FLUX  419   473.00        6.338108E+14   6.5351E-04   6.5539E-04   0.99713
FLUX  420   475.00        6.311421E+14   6.4905E-04   6.5068E-04   0.99750
FLUX  421   477.00        6.284958E+14   6.4497E-04   6.4601E-04   0.99839
FLUX  422   479.00        6.258716E+14   6.4009E-04   6.4139E-04   0.99797
FLUX  423   481.00        6.232692E+14   6.3509E-04   6.3682E-04   0.99727
FLUX  424   483.00        6.206884E+14   6.2998E-04   6.3230E-04   0.99633
FLUX  425   485.00        6.181289E+14   6.1623E-04   6.2783E-04   0.98153
FLUX  426   487.00        6.155903E+14   5.7625E-04   6.2340E-04   0.92437
FLUX  427   489.00        6.130726E+14   6.1565E-04   6.1901E-04   0.99457
FLUX  428   491.00        6.105754E+14   6.1117E-04   6.1467E-04   0.99430
FLUX  429   493.00        6.080984E+14   6.0382E-04   6.1038E-04   0.98926
FLUX  430   495.00        6.056414E+14   6.0251E-04   6.0613E-04   0.99402
FLUX  431   497.00        6.032042E+14   6.0106E-04   6.0192E-04   0.99857
FLUX  432   499.00        6.007866E+14   5.9735E-04   5.9776E-04   0.99931
FLUX  433   501.00        5.983882E+14   5.8643E-04   5.9364E-04   0.98787
FLUX  434   503.00        5.960089E+14   5.8640E-04   5.8955E-04   0.99465
FLUX  435   505.00        5.936485E+14   5.8253E-04   5.8552E-04   0.99490
FLUX  436   507.00        5.913067E+14   5.8069E-04   5.8152E-04   0.99857
FLUX  437   509.00        5.889833E+14   5.7687E-04   5.7756E-04   0.99881
FLUX  438   511.00        5.866781E+14   5.7283E-04   5.7364E-04   0.99859
FLUX  439   513.00        5.843908E+14   5.6831E-04   5.6976E-04   0.99746
FLUX  440   515.00        5.821214E+14   5.6456E-04   5.6592E-04   0.99759
FLUX  441   517.00        5.798694E+14   5.6080E-04   5.6212E-04   0.99766
FLUX  442   519.00        5.776349E+14   5.5729E-04   5.5835E-04   0.99810
FLUX  443   521.00        5.754175E+14   5.5377E-04   5.5462E-04   0.99846
FLUX  444   523.00        5.732170E+14   5.5056E-04   5.5093E-04   0.99932
FLUX  445   525.00        5.710333E+14   5.4429E-04   5.4727E-04   0.99455
FLUX  446   527.00        5.688662E+14   5.4068E-04   5.4366E-04   0.99453
FLUX  447   529.00        5.667155E+14   5.3970E-04   5.4007E-04   0.99932
FLUX  448   531.00        5.645810E+14   5.3596E-04   5.3652E-04   0.99896
FLUX  449   533.00        5.624625E+14   5.3234E-04   5.3301E-04   0.99875
FLUX  450   535.00        5.603598E+14   5.2928E-04   5.2953E-04   0.99954
FLUX  451   537.00        5.582728E+14   5.2564E-04   5.2608E-04   0.99916
FLUX  452   539.00        5.562013E+14   5.2201E-04   5.2266E-04   0.99876
FLUX  453   541.00        5.541451E+14   5.1161E-04   5.1928E-04   0.98523
FLUX  454   543.00        5.521041E+14   5.1569E-04   5.1593E-04   0.99954
FLUX  455   545.00        5.500780E+14   5.1233E-04   5.1261E-04   0.99944
FLUX  456   547.00        5.480667E+14   5.0867E-04   5.0933E-04   0.99872
FLUX  457   549.00        5.460701E+14   5.0567E-04   5.0607E-04   0.99921
FLUX  458   551.00        5.440880E+14   5.0166E-04   5.0285E-04   0.99765
FLUX  459   553.00        5.421203E+14   4.9916E-04   4.9965E-04   0.99902
FLUX  460   555.00        5.401667E+14   4.9634E-04   4.9649E-04   0.99971
FLUX  461   557.00        5.382271E+14   4.9233E-04   4.9335E-04   0.99792
FLUX  462   559.00        5.363014E+14   4.8759E-04   4.9025E-04   0.99458
FLUX  463   561.00        5.343895E+14   4.8705E-04   4.8717E-04   0.99975
FLUX  464   563.00        5.324911E+14   4.8395E-04   4.8412E-04   0.99965
FLUX  465   565.00        5.306062E+14   4.8079E-04   4.8110E-04   0.99936
FLUX  466   567.00        5.287346E+14   4.7747E-04   4.7811E-04   0.99867
FLUX  467   569.00        5.268761E+14   4.6583E-04   4.7514E-04   0.98041
FLUX  468   571.00        5.250306E+14   4.4643E-04   4.7322E-04   0.94339
FLUX  469   573.00        5.231981E+14   4.4395E-04   4.7030E-04   0.94398
FLUX  470   575.00        5.213783E+14   4.4093E-04   4.6740E-04   0.94337
FLUX  471   577.00        5.195711E+14   4.3918E-04   4.6453E-04   0.94542
FLUX  472   579.00        5.177763E+14   4.3687E-04   4.6169E-04   0.94625
FLUX  473   581.00        5.159940E+14   4.3251E-04   4.5887E-04   0.94255
FLUX  474   583.00        5.142238E+14   4.3284E-04   4.5608E-04   0.94904
FLUX  475   585.00        5.124658E+14   4.3352E-04   4.5331E-04   0.95633
FLUX  476   587.00        5.107198E+14   4.2701E-04   4.5057E-04   0.94772
FLUX  477   589.00        5.089856E+14   4.3212E-04   4.4785E-04   0.96487
FLUX  478   591.00        5.072631E+14   4.3208E-04   4.4516E-04   0.97063
FLUX  479   593.00        5.055523E+14   4.3207E-04   4.4249E-04   0.97645
FLUX  480   595.00        5.038529E+14   4.3274E-04   4.3984E-04   0.98387
FLUX  481   597.00        5.021650E+14   4.3328E-04   4.3721E-04   0.99100
FLUX  482   599.00        5.004883E+14   4.3210E-04   4.3461E-04   0.99422
FLUX  483   601.00        4.988228E+14   4.3051E-04   4.3203E-04   0.99647
FLUX  484   603.00        4.971683E+14   4.2758E-04   4.2948E-04   0.99558
FLUX  485   605.00        4.955248E+14   4.2524E-04   4.2694E-04   0.99602
FLUX  486   607.00        4.938921E+14   4.2283E-04   4.2443E-04   0.99622
FLUX  487   609.00        4.922701E+14   4.2108E-04   4.2194E-04   0.99795
FLUX  488   611.00        4.906588E+14   4.1782E-04   4.1947E-04   0.99605
FLUX  489   613.00        4.890579E+14   4.1558E-04   4.1703E-04   0.99654
FLUX  490   615.00        4.874675E+14   4.1324E-04   4.1460E-04   0.99672
FLUX  491   617.00        4.858874E+14   4.0991E-04   4.1219E-04   0.99445
FLUX  492   619.00        4.843174E+14   4.0939E-04   4.0981E-04   0.99899
FLUX  493   621.00        4.827576E+14   4.0724E-04   4.0745E-04   0.99950
FLUX  494   623.00        4.812079E+14   4.0324E-04   4.0510E-04   0.99541
FLUX  495   625.00        4.796680E+14   4.0215E-04   4.0278E-04   0.99843
FLUX  496   627.00        4.781380E+14   4.0016E-04   4.0047E-04   0.99921
FLUX  497   629.00        4.766176E+14   3.9797E-04   3.9819E-04   0.99946
FLUX  498   631.00        4.751070E+14   3.9340E-04   3.9592E-04   0.99361
FLUX  499   633.00        4.736058E+14   3.9348E-04   3.9368E-04   0.99950
FLUX  500   635.00        4.721142E+14   3.9098E-04   3.9145E-04   0.99879
FLUX  501   637.00        4.706319E+14   3.8911E-04   3.8924E-04   0.99968
FLUX  502   639.00        4.691588E+14   3.8680E-04   3.8705E-04   0.99935
FLUX  503   641.00        4.676950E+14   3.8245E-04   3.8488E-04   0.99369
FLUX  504   643.00        4.662403E+14   3.8268E-04   3.8272E-04   0.99989
FLUX  505   645.00        4.647946E+14   3.7978E-04   3.8059E-04   0.99789
FLUX  506   647.00        4.633578E+14   3.7733E-04   3.7847E-04   0.99699
FLUX  507   649.00        4.619299E+14   3.7566E-04   3.7637E-04   0.99811
FLUX  508   651.00        4.605108E+14   3.7304E-04   3.7428E-04   0.99668
FLUX  509   653.00        4.591003E+14   3.6885E-04   3.7222E-04   0.99097
FLUX  510   655.00        4.576985E+14   3.6608E-04   3.7016E-04   0.98896
FLUX  511   657.00        4.563052E+14   3.3890E-04   3.6813E-04   0.92058
FLUX  512   659.00        4.549203E+14   3.6503E-04   3.6611E-04   0.99704
FLUX  513   661.00        4.535439E+14   3.6383E-04   3.6411E-04   0.99921
FLUX  514   663.00        4.521757E+14   3.6206E-04   3.6213E-04   0.99980
FLUX  515   665.00        4.508158E+14   3.5996E-04   3.6021E-04   0.99932
FLUX  516   667.00        4.494640E+14   3.5496E-04   3.5826E-04   0.99081
FLUX  517   669.00        4.481203E+14   3.5103E-04   3.5632E-04   0.98516
FLUX  518   671.00        4.467846E+14   3.5315E-04   3.5440E-04   0.99648
FLUX  519   673.00        4.454569E+14   3.5086E-04   3.5249E-04   0.99537
FLUX  520   675.00        4.441370E+14   3.4935E-04   3.5060E-04   0.99643
FLUX  521   677.00        4.428250E+14   3.4831E-04   3.4872E-04   0.99881
FLUX  522   679.00        4.415206E+14   3.4657E-04   3.4686E-04   0.99915
FLUX  523   681.00        4.402239E+14   3.4492E-04   3.4502E-04   0.99972
FLUX  524   683.00        4.389348E+14   3.4308E-04   3.4318E-04   0.99971
FLUX  525   685.00        4.376533E+14   3.4110E-04   3.4137E-04   0.99923
FLUX  526   687.00        4.363792E+14   3.3899E-04   3.3956E-04   0.99832
FLUX  527   689.00        4.351125E+14   3.3405E-04   3.3777E-04   0.98898
FLUX  528   691.00        4.338531E+14   3.3522E-04   3.3600E-04   0.99769
FLUX  529   693.00        4.326010E+14   3.3423E-04   3.3424E-04   0.99997
FLUX  530   695.00        4.313561E+14   3.3239E-04   3.3249E-04   0.99970
FLUX  531   697.00        4.301184E+14   3.3073E-04   3.3076E-04   0.99993
FLUX  532   699.00        4.288877E+14   3.2896E-04   3.2904E-04   0.99977
FLUX  533   701.00        4.276641E+14   3.2681E-04   3.2733E-04   0.99843
FLUX  534   703.00        4.264474E+14   3.2433E-04   3.2564E-04   0.99600
FLUX  535   705.00        4.252376E+14   3.2325E-04   3.2395E-04   0.99784
FLUX  536   707.00        4.240347E+14   3.1883E-04   3.2229E-04   0.98927
FLUX  537   709.00        4.228385E+14   3.2058E-04   3.2063E-04   0.99986
FLUX  538   711.00        4.216491E+14   3.1860E-04   3.1899E-04   0.99879
FLUX  539   713.00        4.204663E+14   3.1707E-04   3.1736E-04   0.99909
FLUX  540   715.00        4.192902E+14   3.1573E-04   3.1574E-04   0.99998
FLUX  541   717.00        4.181206E+14   3.1191E-04   3.1413E-04   0.99292
FLUX  542   719.00        4.169576E+14   3.1150E-04   3.1254E-04   0.99667
FLUX  543   721.00        4.158010E+14   3.1094E-04   3.1095E-04   0.99997
FLUX  544   723.00        4.146508E+14   3.0856E-04   3.0938E-04   0.99735
FLUX  545   725.00        4.135069E+14   3.0762E-04   3.0783E-04   0.99934
FLUX  546   727.00        4.123693E+14   3.0625E-04   3.0628E-04   0.99991
FLUX  547   729.00        4.112380E+14   3.0341E-04   3.0474E-04   0.99564
FLUX  548   731.00        4.101129E+14   3.0276E-04   3.0322E-04   0.99849
FLUX  549   733.00        4.089939E+14   3.0162E-04   3.0170E-04   0.99971
FLUX  550   735.00        4.078810E+14   3.0016E-04   3.0020E-04   0.99985
FLUX  551   737.00        4.067741E+14   2.9848E-04   2.9871E-04   0.99923
FLUX  552   739.00        4.056732E+14   2.9713E-04   2.9723E-04   0.99967
FLUX  553   741.00        4.045783E+14   2.9553E-04   2.9576E-04   0.99922
FLUX  554   743.00        4.034892E+14   2.9427E-04   2.9430E-04   0.99991
FLUX  555   745.00        4.024060E+14   2.9233E-04   2.9286E-04   0.99819
FLUX  556   747.00        4.013286E+14   2.9095E-04   2.9143E-04   0.99837
FLUX  557   749.00        4.002570E+14   2.8844E-04   2.9000E-04   0.99464
FLUX  558   751.00        3.991911E+14   2.8823E-04   2.8858E-04   0.99879
FLUX  559   753.00        3.981308E+14   2.8686E-04   2.8717E-04   0.99891
FLUX  560   755.00        3.970762E+14   2.8551E-04   2.8578E-04   0.99905
FLUX  561   757.00        3.960271E+14   2.8392E-04   2.8439E-04   0.99833
FLUX  562   759.00        3.949835E+14   2.7938E-04   2.8302E-04   0.98715
FLUX  563   761.00        3.939455E+14   2.8071E-04   2.8165E-04   0.99667
FLUX  564   763.00        3.929128E+14   2.7980E-04   2.8029E-04   0.99823
FLUX  565   765.00        3.918856E+14   2.7859E-04   2.7895E-04   0.99874
FLUX  566   767.00        3.908638E+14   2.7738E-04   2.7761E-04   0.99917
FLUX  567   769.00        3.898472E+14   2.7516E-04   2.7628E-04   0.99593
FLUX  568   771.00        3.888359E+14   2.7424E-04   2.7496E-04   0.99738
FLUX  569   773.00        3.878299E+14   2.7242E-04   2.7365E-04   0.99549
FLUX  570   775.00        3.868290E+14   2.7169E-04   2.7235E-04   0.99756
FLUX  571   777.00        3.858333E+14   2.7094E-04   2.7106E-04   0.99955
FLUX  572   779.00        3.848427E+14   2.6940E-04   2.6978E-04   0.99858
FLUX  573   781.00        3.838572E+14   2.6837E-04   2.6851E-04   0.99948
FLUX  574   783.00        3.828768E+14   2.6707E-04   2.6724E-04   0.99935
FLUX  575   785.00        3.819013E+14   2.6484E-04   2.6606E-04   0.99542
FLUX  576   787.00        3.809307E+14   2.6408E-04   2.6481E-04   0.99724
FLUX  577   789.00        3.799651E+14   2.6312E-04   2.6358E-04   0.99826
FLUX  578   791.00        3.790044E+14   2.6217E-04   2.6235E-04   0.99932
FLUX  579   793.00        3.780485E+14   2.6097E-04   2.6113E-04   0.99941
FLUX  580   795.00        3.770975E+14   2.5986E-04   2.5991E-04   0.99979
FLUX  581   797.00        3.761512E+14   2.5825E-04   2.5871E-04   0.99821
FLUX  582   799.00        3.752096E+14   2.5740E-04   2.5751E-04   0.99956
FLUX  583   801.00        3.742728E+14   2.5620E-04   2.5633E-04   0.99951
FLUX  584   803.00        3.733406E+14   2.5469E-04   2.5515E-04   0.99820
FLUX  585   805.00        3.724130E+14   2.5392E-04   2.5397E-04   0.99981
FLUX  586   807.00        3.714901E+14   2.5276E-04   2.5281E-04   0.99980
FLUX  587   809.00        3.705717E+14   2.5153E-04   2.5165E-04   0.99951
FLUX  588   811.00        3.696578E+14   2.5007E-04   2.5051E-04   0.99826
FLUX  589   813.00        3.687485E+14   2.4934E-04   2.4937E-04   0.99990
FLUX  590   815.00        3.678436E+14   2.4804E-04   2.4823E-04   0.99922
FLUX  591   817.00        3.669431E+14   2.4677E-04   2.4711E-04   0.99864
FLUX  592   819.00        3.660470E+14   2.4487E-04   2.4599E-04   0.99544
FLUX  593   821.00        3.651553E+14   2.3707E-04   2.4886E-04   0.95262
FLUX  594   823.00        3.642679E+14   2.3472E-04   2.4773E-04   0.94746
FLUX  595   825.00        3.633848E+14   2.3491E-04   2.4662E-04   0.95253
FLUX  596   827.00        3.625060E+14   2.3361E-04   2.4553E-04   0.95143
FLUX  597   829.00        3.616315E+14   2.3306E-04   2.4443E-04   0.95347
FLUX  598   831.00        3.607611E+14   2.3228E-04   2.4334E-04   0.95455
FLUX  599   833.00        3.598950E+14   2.3043E-04   2.4225E-04   0.95119
FLUX  600   835.00        3.590329E+14   2.2918E-04   2.4117E-04   0.95027
FLUX  601   837.00        3.581750E+14   2.2897E-04   2.4010E-04   0.95367
FLUX  602   839.00        3.573212E+14   2.2849E-04   2.3903E-04   0.95592
FLUX  603   841.00        3.564715E+14   2.2758E-04   2.3797E-04   0.95634
FLUX  604   843.00        3.556257E+14   2.2685E-04   2.3692E-04   0.95748
FLUX  605   845.00        3.547840E+14   2.2571E-04   2.3588E-04   0.95690
FLUX  606   847.00        3.539463E+14   2.2520E-04   2.3484E-04   0.95896
FLUX  607   849.00        3.531125E+14   2.2456E-04   2.3381E-04   0.96044
FLUX  608   851.00        3.522826E+14   2.2236E-04   2.3278E-04   0.95523
FLUX  609   853.00        3.514566E+14   2.2330E-04   2.3176E-04   0.96349
FLUX  610   855.00        3.506345E+14   2.2134E-04   2.3075E-04   0.95920
FLUX  611   857.00        3.498162E+14   2.2244E-04   2.2975E-04   0.96820
FLUX  612   859.00        3.490017E+14   2.1964E-04   2.2875E-04   0.96016
FLUX  613   861.00        3.481911E+14   2.1919E-04   2.2776E-04   0.96240
FLUX  614   863.00        3.473841E+14   2.2139E-04   2.2677E-04   0.97628
FLUX  615   865.00        3.465809E+14   2.1945E-04   2.2579E-04   0.97193
FLUX  616   867.00        3.457814E+14   2.1333E-04   2.2482E-04   0.94889
FLUX  617   869.00        3.449856E+14   2.1974E-04   2.2385E-04   0.98163
FLUX  618   871.00        3.441935E+14   2.1992E-04   2.2289E-04   0.98665
FLUX  619   873.00        3.434049E+14   2.1801E-04   2.2194E-04   0.98230
FLUX  620   875.00        3.426200E+14   2.0779E-04   2.2099E-04   0.94029
FLUX  621   877.00        3.418387E+14   2.1563E-04   2.2005E-04   0.97994
FLUX  622   879.00        3.410609E+14   2.1777E-04   2.1911E-04   0.99390
FLUX  623   881.00        3.402866E+14   2.1721E-04   2.1818E-04   0.99557
FLUX  624   883.00        3.395159E+14   2.1602E-04   2.1725E-04   0.99434
FLUX  625   885.00        3.387486E+14   2.1066E-04   2.1634E-04   0.97377
FLUX  626   887.00        3.379848E+14   2.0124E-04   2.1542E-04   0.93419
FLUX  627   889.00        3.372244E+14   2.1284E-04   2.1451E-04   0.99220
FLUX  628   891.00        3.364675E+14   2.1294E-04   2.1361E-04   0.99688
FLUX  629   893.00        3.357139E+14   2.1179E-04   2.1272E-04   0.99565
FLUX  630   895.00        3.349637E+14   2.1115E-04   2.1183E-04   0.99681
FLUX  631   897.00        3.342168E+14   2.1054E-04   2.1094E-04   0.99811
FLUX  632   899.00        3.334733E+14   2.0819E-04   2.1006E-04   0.99108
FLUX  633   901.00        3.327331E+14   1.9518E-04   2.0919E-04   0.93304
FLUX  634   903.00        3.319961E+14   2.0148E-04   2.0832E-04   0.96718
FLUX  635   905.00        3.312624E+14   2.0663E-04   2.0745E-04   0.99603
FLUX  636   907.00        3.305320E+14   2.0550E-04   2.0660E-04   0.99471
FLUX  637   909.00        3.298047E+14   2.0519E-04   2.0574E-04   0.99732
FLUX  638   911.00        3.290807E+14   2.0436E-04   2.0490E-04   0.99737
FLUX  639   913.00        3.283598E+14   2.0389E-04   2.0405E-04   0.99922
FLUX  640   915.00        3.276421E+14   2.0319E-04   2.0322E-04   0.99989
FLUX  641   917.00        3.269275E+14   2.0199E-04   2.0238E-04   0.99804
FLUX  642   919.00        3.262160E+14   2.0110E-04   2.0156E-04   0.99774
FLUX  643   921.00        3.255076E+14   1.9740E-04   2.0073E-04   0.98338
FLUX  644   923.00        3.248023E+14   1.8287E-04   1.9992E-04   0.91473
FLUX  645   925.00        3.241000E+14   1.9585E-04   1.9911E-04   0.98366
FLUX  646   927.00        3.234008E+14   1.9776E-04   1.9830E-04   0.99729
FLUX  647   929.00        3.227045E+14   1.9718E-04   1.9750E-04   0.99842
FLUX  648   931.00        3.220113E+14   1.9621E-04   1.9670E-04   0.99754
FLUX  649   933.00        3.213210E+14   1.9559E-04   1.9591E-04   0.99840
FLUX  650   935.00        3.206337E+14   1.9205E-04   1.9512E-04   0.98429
FLUX  651   937.00        3.199493E+14   1.9313E-04   1.9433E-04   0.99382
FLUX  652   939.00        3.192678E+14   1.9331E-04   1.9356E-04   0.99874
FLUX  653   941.00        3.185893E+14   1.9210E-04   1.9278E-04   0.99649
FLUX  654   943.00        3.179136E+14   1.9157E-04   1.9201E-04   0.99771
FLUX  655   945.00        3.172407E+14   1.9099E-04   1.9125E-04   0.99865
FLUX  656   947.00        3.165707E+14   1.8994E-04   1.9049E-04   0.99714
FLUX  657   949.00        3.159036E+14   1.8941E-04   1.8973E-04   0.99831
FLUX  658   951.00        3.152392E+14   1.8757E-04   1.8898E-04   0.99255
FLUX  659   953.00        3.145776E+14   1.8431E-04   1.8823E-04   0.97914
FLUX  660   955.00        3.139188E+14   1.7097E-04   1.8749E-04   0.91190
FLUX  661   957.00        3.132628E+14   1.8457E-04   1.8675E-04   0.98833
FLUX  662   959.00        3.126095E+14   1.8562E-04   1.8602E-04   0.99784
FLUX  663   961.00        3.119589E+14   1.8485E-04   1.8529E-04   0.99761
FLUX  664   963.00        3.113110E+14   1.8379E-04   1.8456E-04   0.99579
FLUX  665   965.00        3.106658E+14   1.8371E-04   1.8384E-04   0.99928
FLUX  666   967.00        3.100233E+14   1.8311E-04   1.8312E-04   0.99991
FLUX  667   969.00        3.093834E+14   1.8233E-04   1.8241E-04   0.99953
FLUX  668   971.00        3.087461E+14   1.7693E-04   1.8170E-04   0.97371
FLUX  669   973.00        3.081115E+14   1.8010E-04   1.8100E-04   0.99505
FLUX  670   975.00        3.074795E+14   1.8015E-04   1.8030E-04   0.99920
FLUX  671   977.00        3.068501E+14   1.7873E-04   1.7960E-04   0.99513
FLUX  672   979.00        3.062232E+14   1.7885E-04   1.7891E-04   0.99967
FLUX  673   981.00        3.055989E+14   1.7815E-04   1.7822E-04   0.99960
FLUX  674   983.00        3.049771E+14   1.7736E-04   1.7753E-04   0.99903
FLUX  675   985.00        3.043579E+14   1.7676E-04   1.7685E-04   0.99948
FLUX  676   987.00        3.037411E+14   1.7611E-04   1.7618E-04   0.99960
FLUX  677   989.00        3.031269E+14   1.7527E-04   1.7550E-04   0.99867
FLUX  678   991.00        3.025151E+14   1.7437E-04   1.7483E-04   0.99736
FLUX  679   993.00        3.019058E+14   1.7413E-04   1.7417E-04   0.99976
FLUX  680   995.00        3.012990E+14   1.7349E-04   1.7351E-04   0.99992
FLUX  681   997.00        3.006946E+14   1.7277E-04   1.7285E-04   0.99954
FLUX  682   999.00        3.000926E+14   1.7216E-04   1.7220E-04   0.99980
FLUX  683  1002.50        2.990449E+14   1.6744E-04   1.7106E-04   0.97883
FLUX  684  1007.50        2.975608E+14   1.6400E-04   1.6946E-04   0.96778
FLUX  685  1012.50        2.960914E+14   1.6523E-04   1.6787E-04   0.98425
FLUX  686  1017.50        2.946364E+14   1.6630E-04   1.6631E-04   0.99992
FLUX  687  1022.50        2.931956E+14   1.6468E-04   1.6478E-04   0.99942
FLUX  688  1027.50        2.917689E+14   1.6307E-04   1.6326E-04   0.99883
FLUX  689  1032.50        2.903559E+14   1.6127E-04   1.6176E-04   0.99696
FLUX  690  1037.50        2.889566E+14   1.6025E-04   1.6028E-04   0.99980
FLUX  691  1042.50        2.875707E+14   1.5834E-04   1.5883E-04   0.99693
FLUX  692  1047.50        2.861981E+14   1.5738E-04   1.5739E-04   0.99994
FLUX  693  1052.50        2.848385E+14   1.5592E-04   1.5597E-04   0.99965
FLUX  694  1057.50        2.834917E+14   1.5455E-04   1.5457E-04   0.99982
FLUX  695  1062.50        2.821576E+14   1.5316E-04   1.5319E-04   0.99980
FLUX  696  1067.50        2.808361E+14   1.5173E-04   1.5183E-04   0.99933
FLUX  697  1072.50        2.795268E+14   1.5047E-04   1.5049E-04   0.99990
FLUX  698  1077.50        2.782297E+14   1.4913E-04   1.4916E-04   0.99980
FLUX  699  1082.50        2.769446E+14   1.4673E-04   1.4785E-04   0.99246
FLUX  700  1087.50        2.756713E+14   1.4641E-04   1.4656E-04   0.99904
FLUX  701  1092.50        2.744096E+14   1.3840E-04   1.4528E-04   0.95265
FLUX  702  1097.50        2.731595E+14   1.4259E-04   1.4402E-04   0.99003
FLUX  703  1102.50        2.719206E+14   1.4247E-04   1.4278E-04   0.99783
FLUX  704  1107.50        2.706930E+14   1.4152E-04   1.4155E-04   0.99979
FLUX  705  1112.50        2.694764E+14   1.4030E-04   1.4034E-04   0.99971
FLUX  706  1117.50        2.682707E+14   1.3918E-04   1.3919E-04   0.99997
FLUX  707  1122.50        2.670757E+14   1.3795E-04   1.3801E-04   0.99957
FLUX  708  1127.50        2.658914E+14   1.3678E-04   1.3684E-04   0.99958
FLUX  709  1132.50        2.647174E+14   1.3557E-04   1.3569E-04   0.99914
FLUX  710  1137.50        2.635538E+14   1.3447E-04   1.3455E-04   0.99941
FLUX  711  1142.50        2.624004E+14   1.3337E-04   1.3343E-04   0.99960
FLUX  712  1147.50        2.612571E+14   1.3228E-04   1.3232E-04   0.99972
FLUX  713  1152.50        2.601236E+14   1.3122E-04   1.3122E-04   0.99997
FLUX  714  1157.50        2.590000E+14   1.2999E-04   1.3014E-04   0.99887
FLUX  715  1162.50        2.578860E+14   1.2812E-04   1.2907E-04   0.99269
FLUX  716  1167.50        2.567816E+14   1.2731E-04   1.2801E-04   0.99449
FLUX  717  1172.50        2.556866E+14   1.2694E-04   1.2697E-04   0.99982
FLUX  718  1177.50        2.546008E+14   1.2593E-04   1.2594E-04   0.99993
FLUX  719  1182.50        2.535243E+14   1.2476E-04   1.2492E-04   0.99870
FLUX  720  1187.50        2.524568E+14   1.2386E-04   1.2391E-04   0.99960
FLUX  721  1192.50        2.513983E+14   1.2286E-04   1.2292E-04   0.99954
FLUX  722  1197.50        2.503486E+14   1.2096E-04   1.2193E-04   0.99199
FLUX  723  1202.50        2.493077E+14   1.2096E-04   1.2096E-04   0.99997
FLUX  724  1207.50        2.482754E+14   1.1995E-04   1.2000E-04   0.99955
FLUX  725  1212.50        2.472515E+14   1.1891E-04   1.1906E-04   0.99879
FLUX  726  1217.50        2.462361E+14   1.1810E-04   1.1812E-04   0.99987
FLUX  727  1222.50        2.452290E+14   1.1715E-04   1.1719E-04   0.99959
FLUX  728  1227.50        2.442301E+14   1.1628E-04   1.1628E-04   0.99998
FLUX  729  1232.50        2.432394E+14   1.1534E-04   1.1537E-04   0.99972
FLUX  730  1237.50        2.422566E+14   1.1446E-04   1.1448E-04   0.99987
FLUX  731  1242.50        2.412817E+14   1.1359E-04   1.1360E-04   0.99997
FLUX  732  1247.50        2.403146E+14   1.1271E-04   1.1272E-04   0.99989
FLUX  733  1252.50        2.393553E+14   1.1169E-04   1.1186E-04   0.99854
FLUX  734  1257.50        2.384036E+14   1.1092E-04   1.1100E-04   0.99922
FLUX  735  1262.50        2.374594E+14   1.1013E-04   1.1016E-04   0.99976
FLUX  736  1267.50        2.365227E+14   1.0932E-04   1.0933E-04   0.99997
FLUX  737  1272.50        2.355933E+14   1.0848E-04   1.0850E-04   0.99986
FLUX  738  1277.50        2.346712E+14   1.0669E-04   1.0768E-04   0.99080
FLUX  739  1282.50        2.337563E+14   1.0165E-04   1.0688E-04   0.95112
FLUX  740  1287.50        2.328485E+14   1.0590E-04   1.0608E-04   0.99831
FLUX  741  1292.50        2.319478E+14   1.0529E-04   1.0529E-04   0.99997
FLUX  742  1297.50        2.310539E+14   1.0419E-04   1.0451E-04   0.99694
FLUX  743  1302.50        2.301670E+14   1.0367E-04   1.0374E-04   0.99939
FLUX  744  1307.50        2.292868E+14   1.0297E-04   1.0297E-04   0.99999
FLUX  745  1312.50        2.284133E+14   1.0222E-04   1.0222E-04   1.00000
FLUX  746  1317.50        2.275465E+14   1.0146E-04   1.0147E-04   0.99995
FLUX  747  1322.50        2.266862E+14   1.0073E-04   1.0073E-04   0.99999
FLUX  748  1327.50        2.258324E+14   9.9997E-05   9.9998E-05   0.99999
FLUX  749  1332.50        2.249850E+14   9.9261E-05   9.9275E-05   0.99986
FLUX  750  1337.50        2.241439E+14   9.8537E-05   9.8559E-05   0.99977
FLUX  751  1342.50        2.233091E+14   9.7798E-05   9.7851E-05   0.99946
FLUX  752  1347.50        2.224805E+14   9.7131E-05   9.7151E-05   0.99979
FLUX  753  1352.50        2.216580E+14   9.6420E-05   9.6458E-05   0.99960
FLUX  754  1357.50        2.208416E+14   9.5768E-05   9.5772E-05   0.99995
FLUX  755  1362.50        2.200312E+14   9.5063E-05   9.5094E-05   0.99968
FLUX  756  1367.50        2.192267E+14   9.4414E-05   9.4423E-05   0.99991
FLUX  757  1372.50        2.184281E+14   9.3669E-05   9.3759E-05   0.99905
FLUX  758  1377.50        2.176352E+14   9.3096E-05   9.3101E-05   0.99995
FLUX  759  1382.50        2.168481E+14   9.2450E-05   9.2451E-05   0.99999
FLUX  760  1387.50        2.160667E+14   9.1801E-05   9.1807E-05   0.99993
FLUX  761  1392.50        2.152908E+14   9.1127E-05   9.1170E-05   0.99953
FLUX  762  1397.50        2.145206E+14   9.0533E-05   9.0540E-05   0.99993
FLUX  763  1402.50        2.137558E+14   8.9869E-05   8.9915E-05   0.99949
FLUX  764  1407.50        2.129964E+14   8.9296E-05   8.9298E-05   0.99998
FLUX  765  1412.50        2.122425E+14   8.8673E-05   8.8686E-05   0.99985
FLUX  766  1417.50        2.114938E+14   8.8061E-05   8.8081E-05   0.99978
FLUX  767  1422.50        2.107504E+14   8.7480E-05   8.7482E-05   0.99998
FLUX  768  1427.50        2.100123E+14   8.6880E-05   8.6889E-05   0.99989
FLUX  769  1432.50        2.092792E+14   8.6288E-05   8.6302E-05   0.99984
FLUX  770  1437.50        2.085513E+14   8.5708E-05   8.5721E-05   0.99985
FLUX  771  1442.50        2.078284E+14   8.5144E-05   8.5145E-05   0.99998
FLUX  772  1447.50        2.071105E+14   8.4575E-05   8.4576E-05   0.99999
FLUX  773  1452.50        2.063976E+14   8.4004E-05   8.4012E-05   0.99992
FLUX  774  1457.00        2.057601E+14   8.3504E-05   8.3509E-05   0.99995
FLUX  775  1462.00        2.050564E+14   8.2971E-05   8.3394E-05   0.99493
FLUX  776  1467.50        2.042879E+14   8.2372E-05   8.2787E-05   0.99498
FLUX  777  1472.50        2.035942E+14   8.1815E-05   8.2242E-05   0.99481
FLUX  778  1477.50        2.029052E+14   8.0852E-05   8.1701E-05   0.98960
FLUX  779  1482.50        2.022209E+14   8.0764E-05   8.1166E-05   0.99504
FLUX  780  1487.50        2.015412E+14   8.0244E-05   8.0637E-05   0.99513
FLUX  781  1492.50        2.008660E+14   7.9725E-05   8.0112E-05   0.99517
FLUX  782  1497.50        2.001953E+14   7.9209E-05   7.9592E-05   0.99518
FLUX  783  1502.50        1.995291E+14   7.8690E-05   7.9077E-05   0.99510
FLUX  784  1507.50        1.988673E+14   7.8125E-05   7.8568E-05   0.99437
FLUX  785  1512.50        1.982099E+14   7.7688E-05   7.8063E-05   0.99520
FLUX  786  1517.50        1.975568E+14   7.7189E-05   7.7563E-05   0.99518
FLUX  787  1522.50        1.969080E+14   7.6701E-05   7.7068E-05   0.99524
FLUX  788  1527.50        1.962635E+14   7.6193E-05   7.6577E-05   0.99499
FLUX  789  1532.50        1.956232E+14   7.5700E-05   7.6091E-05   0.99486
FLUX  790  1537.50        1.949870E+14   7.5246E-05   7.5610E-05   0.99519
FLUX  791  1542.50        1.943549E+14   7.4694E-05   7.5133E-05   0.99416
FLUX  792  1547.50        1.937270E+14   7.4300E-05   7.4661E-05   0.99517
FLUX  793  1552.50        1.931031E+14   7.3824E-05   7.4193E-05   0.99503
FLUX  794  1557.50        1.924831E+14   7.3195E-05   7.3729E-05   0.99276
FLUX  795  1562.50        1.918672E+14   7.3006E-05   7.3270E-05   0.99640
FLUX  796  1567.50        1.912552E+14   7.2350E-05   7.2814E-05   0.99362
FLUX  797  1572.50        1.906471E+14   7.1733E-05   7.2364E-05   0.99129
FLUX  798  1577.50        1.900428E+14   7.1704E-05   7.1917E-05   0.99704
FLUX  799  1582.50        1.894423E+14   7.1237E-05   7.1474E-05   0.99668
FLUX  800  1587.50        1.888457E+14   6.9996E-05   7.1036E-05   0.98537
FLUX  801  1592.50        1.882527E+14   7.0228E-05   7.0601E-05   0.99471
FLUX  802  1597.50        1.876635E+14   7.0109E-05   7.0170E-05   0.99913
FLUX  803  1605.00        1.867866E+14   6.9271E-05   6.9531E-05   0.99626
FLUX  804  1615.00        1.856300E+14   6.7871E-05   6.8693E-05   0.98804
FLUX  805  1625.00        1.844877E+14   6.7864E-05   6.7870E-05   0.99992
FLUX  806  1635.00        1.833593E+14   6.6742E-05   6.7061E-05   0.99525
FLUX  807  1645.00        1.822447E+14   6.5211E-05   6.6266E-05   0.98408
FLUX  808  1655.00        1.811435E+14   6.5472E-05   6.5485E-05   0.99980
FLUX  809  1665.00        1.800556E+14   6.4698E-05   6.4718E-05   0.99968
FLUX  810  1675.00        1.789806E+14   6.3586E-05   6.3965E-05   0.99408
FLUX  811  1685.00        1.779184E+14   6.2054E-05   6.3224E-05   0.98151
FLUX  812  1695.00        1.768687E+14   6.2480E-05   6.2496E-05   0.99974
FLUX  813  1705.00        1.758314E+14   6.1571E-05   6.1780E-05   0.99661
FLUX  814  1715.00        1.748061E+14   6.1075E-05   6.1076E-05   0.99997
FLUX  815  1725.00        1.737928E+14   6.0379E-05   6.0385E-05   0.99991
FLUX  816  1735.00        1.727911E+14   5.8184E-05   5.9705E-05   0.97454
FLUX  817  1745.00        1.718009E+14   5.8940E-05   5.9036E-05   0.99838
FLUX  818  1755.00        1.708219E+14   5.8377E-05   5.8378E-05   0.99999
FLUX  819  1765.00        1.698541E+14   5.7731E-05   5.7731E-05   0.99999
FLUX  820  1775.00        1.688972E+14   5.7087E-05   5.7095E-05   0.99988
FLUX  821  1785.00        1.679510E+14   5.6458E-05   5.6469E-05   0.99981
FLUX  822  1795.00        1.670153E+14   5.5852E-05   5.5853E-05   0.99999
FLUX  823  1805.00        1.660900E+14   5.5245E-05   5.5247E-05   0.99997
FLUX  824  1815.00        1.651749E+14   5.3220E-05   5.4651E-05   0.97381
FLUX  825  1825.00        1.642699E+14   5.3873E-05   5.4064E-05   0.99647
FLUX  826  1835.00        1.633747E+14   5.3485E-05   5.3487E-05   0.99997
FLUX  827  1845.00        1.624892E+14   5.2912E-05   5.2919E-05   0.99988
FLUX  828  1855.00        1.616132E+14   5.2309E-05   5.2363E-05   0.99897
FLUX  829  1865.00        1.607466E+14   5.1215E-05   5.1813E-05   0.98846
FLUX  830  1875.00        1.598893E+14   4.9720E-05   5.1271E-05   0.96975
FLUX  831  1885.00        1.590411E+14   5.0720E-05   5.0737E-05   0.99966
FLUX  832  1895.00        1.582018E+14   5.0194E-05   5.0212E-05   0.99964
FLUX  833  1905.00        1.573714E+14   4.9581E-05   4.9695E-05   0.99771
FLUX  834  1915.00        1.565496E+14   4.9184E-05   4.9186E-05   0.99998
FLUX  835  1925.00        1.557364E+14   4.8684E-05   4.8684E-05   0.99999
FLUX  836  1935.00        1.549315E+14   4.8157E-05   4.8190E-05   0.99932
FLUX  837  1945.00        1.541350E+14   4.6219E-05   4.7704E-05   0.96888
FLUX  838  1955.00        1.533465E+14   4.7161E-05   4.7224E-05   0.99866
FLUX  839  1965.00        1.525662E+14   4.6751E-05   4.6752E-05   0.99999
FLUX  840  1975.00        1.517937E+14   4.6287E-05   4.6287E-05   0.99999
FLUX  841  1985.00        1.510290E+14   4.5823E-05   4.5829E-05   0.99988
FLUX  842  1995.00        1.502719E+14   4.5371E-05   4.5377E-05   0.99986
FLUX  843  2005.00        1.495224E+14   4.4932E-05   4.4932E-05   0.99999
FLUX  844  2015.00        1.487804E+14   4.4494E-05   4.4494E-05   1.00000
FLUX  845  2025.00        1.480457E+14   4.4061E-05   4.4062E-05   0.99999
FLUX  846  2035.00        1.473182E+14   4.3636E-05   4.3636E-05   1.00000
FLUX  847  2045.00        1.465978E+14   4.3208E-05   4.3216E-05   0.99982
FLUX  848  2055.00        1.458844E+14   4.2748E-05   4.2802E-05   0.99872
FLUX  849  2065.00        1.451780E+14   4.2394E-05   4.2394E-05   1.00000
FLUX  850  2075.00        1.444783E+14   4.1975E-05   4.1992E-05   0.99960
FLUX  851  2085.00        1.437854E+14   4.1594E-05   4.1596E-05   0.99997
FLUX  852  2095.00        1.430990E+14   4.1202E-05   4.1205E-05   0.99994
FLUX  853  2105.00        1.424192E+14   4.0815E-05   4.0819E-05   0.99991
FLUX  854  2115.00        1.417459E+14   4.0340E-05   4.0439E-05   0.99755
FLUX  855  2125.00        1.410788E+14   4.0064E-05   4.0064E-05   1.00000
FLUX  856  2135.00        1.404180E+14   3.9693E-05   3.9694E-05   0.99997
FLUX  857  2145.00        1.397634E+14   3.9323E-05   3.9329E-05   0.99983
FLUX  858  2155.00        1.391148E+14   3.8951E-05   3.8970E-05   0.99953
FLUX  859  2165.00        1.384723E+14   3.7314E-05   3.8615E-05   0.96631
FLUX  860  2175.00        1.378356E+14   3.8209E-05   3.8264E-05   0.99855
FLUX  861  2185.00        1.372048E+14   3.7905E-05   3.7919E-05   0.99964
FLUX  862  2195.00        1.365797E+14   3.7578E-05   3.7578E-05   0.99999
FLUX  863  2205.00        1.359603E+14   3.7242E-05   3.7242E-05   0.99999
FLUX  864  2215.00        1.353465E+14   3.6910E-05   3.6910E-05   0.99999
FLUX  865  2225.00        1.347382E+14   3.6579E-05   3.6583E-05   0.99991
FLUX  866  2235.00        1.341353E+14   3.6259E-05   3.6260E-05   0.99999
FLUX  867  2245.00        1.335379E+14   3.5939E-05   3.5941E-05   0.99996
FLUX  868  2255.00        1.329457E+14   3.5625E-05   3.5626E-05   0.99998
FLUX  869  2265.00        1.323587E+14   3.5315E-05   3.5315E-05   1.00000
FLUX  870  2275.00        1.317769E+14   3.5008E-05   3.5009E-05   1.00000
FLUX  871  2285.00        1.312002E+14   3.4706E-05   3.4782E-05   0.99783
FLUX  872  2295.00        1.306285E+14   3.4409E-05   3.4482E-05   0.99787
FLUX  873  2305.00        1.300618E+14   3.4110E-05   3.4186E-05   0.99778
FLUX  874  2315.00        1.295000E+14   3.3823E-05   3.3894E-05   0.99790
FLUX  875  2325.00        1.289430E+14   3.3537E-05   3.3606E-05   0.99794
FLUX  876  2335.00        1.283908E+14   3.3253E-05   3.3321E-05   0.99795
FLUX  877  2345.00        1.278433E+14   3.2973E-05   3.3040E-05   0.99797
FLUX  878  2355.00        1.273004E+14   3.2742E-05   3.2763E-05   0.99937
FLUX  879  2365.00        1.267622E+14   3.2475E-05   3.2489E-05   0.99958
FLUX  880  2375.00        1.262284E+14   3.2204E-05   3.2218E-05   0.99957
FLUX  881  2385.00        1.256992E+14   3.1944E-05   3.1951E-05   0.99980
FLUX  882  2395.00        1.251743E+14   3.1673E-05   3.1687E-05   0.99957
FLUX  883  2405.00        1.246538E+14   3.1399E-05   3.1426E-05   0.99913
FLUX  884  2415.00        1.241377E+14   3.1129E-05   3.1168E-05   0.99874
FLUX  885  2425.00        1.236258E+14   3.0867E-05   3.0914E-05   0.99849
FLUX  886  2435.00        1.231181E+14   3.0623E-05   3.0662E-05   0.99872
FLUX  887  2445.00        1.226145E+14   3.0372E-05   3.0414E-05   0.99862
FLUX  888  2455.00        1.221151E+14   3.0142E-05   3.0168E-05   0.99913
FLUX  889  2465.00        1.216197E+14   2.9881E-05   2.9926E-05   0.99850
FLUX  890  2475.00        1.211283E+14   2.9610E-05   2.9686E-05   0.99744
FLUX  891  2485.00        1.206408E+14   2.9438E-05   2.9449E-05   0.99960
FLUX  892  2495.00        1.201573E+14   2.9123E-05   2.9216E-05   0.99683
FLUX  893  2505.00        1.196776E+14   2.8972E-05   2.8984E-05   0.99959
FLUX  894  2515.00        1.192018E+14   2.8745E-05   2.8756E-05   0.99961
FLUX  895  2525.00        1.187297E+14   2.8410E-05   2.8530E-05   0.99579
FLUX  896  2535.00        1.182613E+14   2.8281E-05   2.8307E-05   0.99909
FLUX  897  2545.00        1.177967E+14   2.8086E-05   2.8086E-05   0.99998
FLUX  898  2555.00        1.173356E+14   2.7841E-05   2.7868E-05   0.99901
FLUX  899  2565.00        1.168782E+14   2.7482E-05   2.7653E-05   0.99383
FLUX  900  2575.00        1.164243E+14   2.7422E-05   2.7440E-05   0.99936
FLUX  901  2585.00        1.159739E+14   2.7229E-05   2.7229E-05   0.99998
FLUX  902  2595.00        1.155270E+14   2.7020E-05   2.7021E-05   0.99998
FLUX  903  2605.00        1.150835E+14   2.6745E-05   2.6815E-05   0.99737
FLUX  904  2615.00        1.146434E+14   2.6294E-05   2.6612E-05   0.98805
FLUX  905  2625.00        1.142067E+14   2.5455E-05   2.6411E-05   0.96381
FLUX  906  2635.00        1.137732E+14   2.6154E-05   2.6212E-05   0.99780
FLUX  907  2645.00        1.133431E+14   2.6012E-05   2.6015E-05   0.99990
FLUX  908  2655.00        1.129162E+14   2.5805E-05   2.5820E-05   0.99941
FLUX  909  2665.00        1.124925E+14   2.5586E-05   2.5628E-05   0.99837
FLUX  910  2675.00        1.120720E+14   2.5057E-05   2.5438E-05   0.98505
FLUX  911  2685.00        1.116546E+14   2.5202E-05   2.5250E-05   0.99810
FLUX  912  2695.00        1.112403E+14   2.5063E-05   2.5064E-05   0.99999
FLUX  913  2705.00        1.108290E+14   2.4879E-05   2.4880E-05   0.99999
FLUX  914  2715.00        1.104208E+14   2.4697E-05   2.4697E-05   1.00000
FLUX  915  2725.00        1.100156E+14   2.4517E-05   2.4517E-05   1.00000
FLUX  916  2735.00        1.096133E+14   2.4339E-05   2.4339E-05   0.99999
FLUX  917  2745.00        1.092140E+14   2.4148E-05   2.4163E-05   0.99939
FLUX  918  2755.00        1.088176E+14   2.3559E-05   2.3989E-05   0.98208
FLUX  919  2765.00        1.084241E+14   2.3667E-05   2.3816E-05   0.99373
FLUX  920  2775.00        1.080333E+14   2.3645E-05   2.3646E-05   0.99998
FLUX  921  2785.00        1.076454E+14   2.3475E-05   2.3477E-05   0.99994
FLUX  922  2795.00        1.072603E+14   2.3310E-05   2.3310E-05   1.00000
FLUX  923  2805.00        1.068779E+14   2.3142E-05   2.3144E-05   0.99991
FLUX  924  2815.00        1.064982E+14   2.2980E-05   2.2981E-05   0.99998
FLUX  925  2825.00        1.061212E+14   2.2819E-05   2.2819E-05   0.99998
FLUX  926  2835.00        1.057469E+14   2.2659E-05   2.2659E-05   1.00000
FLUX  927  2845.00        1.053752E+14   2.2500E-05   2.2500E-05   1.00000
FLUX  928  2855.00        1.050061E+14   2.2339E-05   2.2344E-05   0.99978
FLUX  929  2865.00        1.046396E+14   2.2092E-05   2.2188E-05   0.99565
FLUX  930  2875.00        1.042757E+14   2.1497E-05   2.2035E-05   0.97560
FLUX  931  2885.00        1.039142E+14   2.1861E-05   2.1883E-05   0.99902
FLUX  932  2895.00        1.035553E+14   2.1732E-05   2.1732E-05   0.99999
FLUX  933  2905.00        1.031988E+14   2.1583E-05   2.1583E-05   0.99999
FLUX  934  2915.00        1.028448E+14   2.1436E-05   2.1436E-05   1.00000
FLUX  935  2925.00        1.024932E+14   2.1290E-05   2.1290E-05   1.00000
FLUX  936  2935.00        1.021440E+14   2.1145E-05   2.1146E-05   0.99998
FLUX  937  2945.00        1.017971E+14   2.1001E-05   2.1003E-05   0.99994
FLUX  938  2955.00        1.014526E+14   2.0861E-05   2.0861E-05   1.00000
FLUX  939  2965.00        1.011105E+14   2.0721E-05   2.0721E-05   1.00000
FLUX  940  2975.00        1.007706E+14   2.0582E-05   2.0582E-05   1.00000
FLUX  941  2985.00        1.004330E+14   2.0445E-05   2.0445E-05   1.00000
FLUX  942  2995.00        1.000977E+14   2.0308E-05   2.0309E-05   0.99999
FLUX  943  3005.00        9.976456E+13   2.0174E-05   2.0174E-05   1.00000
FLUX  944  3015.00        9.943367E+13   2.0038E-05   2.0041E-05   0.99988
FLUX  945  3025.00        9.910496E+13   1.9901E-05   1.9909E-05   0.99960
FLUX  946  3035.00        9.877842E+13   1.9327E-05   1.9778E-05   0.97718
FLUX  947  3045.00        9.845402E+13   1.9423E-05   1.9648E-05   0.98851
FLUX  948  3055.00        9.813175E+13   1.9518E-05   1.9520E-05   0.99987
FLUX  949  3065.00        9.781158E+13   1.9391E-05   1.9393E-05   0.99987
FLUX  950  3075.00        9.749350E+13   1.9262E-05   1.9267E-05   0.99973
FLUX  951  3085.00        9.717747E+13   1.9135E-05   1.9143E-05   0.99961
FLUX  952  3095.00        9.686349E+13   1.9019E-05   1.9020E-05   0.99999
FLUX  953  3105.00        9.655153E+13   1.8896E-05   1.8897E-05   0.99994
FLUX  954  3115.00        9.624157E+13   1.8776E-05   1.8776E-05   0.99997
FLUX  955  3125.00        9.593360E+13   1.8655E-05   1.8657E-05   0.99994
FLUX  956  3135.00        9.562759E+13   1.8538E-05   1.8538E-05   0.99999
FLUX  957  3145.00        9.532353E+13   1.8420E-05   1.8420E-05   0.99999
FLUX  958  3155.00        9.502139E+13   1.8304E-05   1.8304E-05   1.00000
FLUX  959  3165.00        9.472117E+13   1.8188E-05   1.8188E-05   0.99998
FLUX  960  3175.00        9.442283E+13   1.8074E-05   1.8074E-05   1.00000
FLUX  961  3185.00        9.412637E+13   1.7961E-05   1.7961E-05   1.00000
FLUX  962  3195.00        9.383177E+13   1.7849E-05   1.7849E-05   1.00000
FLUX  963  3210.00        9.339330E+13   1.7682E-05   1.7682E-05   1.00000
FLUX  964  3230.00        9.281502E+13   1.7464E-05   1.7464E-05   1.00000
FLUX  965  3250.00        9.224385E+13   1.7250E-05   1.7250E-05   0.99999
FLUX  966  3270.00        9.167966E+13   1.7039E-05   1.7040E-05   0.99999
FLUX  967  3290.00        9.112234E+13   1.6498E-05   1.6852E-05   0.97902
FLUX  968  3310.00        9.057175E+13   1.6581E-05   1.6649E-05   0.99594
FLUX  969  3330.00        9.002778E+13   1.6446E-05   1.6449E-05   0.99983
FLUX  970  3350.00        8.949030E+13   1.6253E-05   1.6253E-05   0.99998
FLUX  971  3370.00        8.895920E+13   1.6060E-05   1.6061E-05   0.99997
FLUX  972  3390.00        8.843437E+13   1.5871E-05   1.5872E-05   0.99998
FLUX  973  3410.00        8.791569E+13   1.5685E-05   1.5686E-05   0.99998
FLUX  974  3430.00        8.740306E+13   1.5503E-05   1.5503E-05   0.99998
FLUX  975  3450.00        8.689638E+13   1.5323E-05   1.5324E-05   0.99998
FLUX  976  3470.00        8.639553E+13   1.5147E-05   1.5147E-05   0.99998
FLUX  977  3490.00        8.590043E+13   1.4974E-05   1.4974E-05   0.99998
FLUX  978  3510.00        8.541097E+13   1.4803E-05   1.4804E-05   0.99998
FLUX  979  3530.00        8.492705E+13   1.4636E-05   1.4636E-05   0.99998
FLUX  980  3550.00        8.444859E+13   1.4471E-05   1.4471E-05   0.99998
FLUX  981  3570.00        8.397549E+13   1.4309E-05   1.4309E-05   0.99997
FLUX  982  3590.00        8.350766E+13   1.4150E-05   1.4150E-05   0.99998
FLUX  983  3610.00        8.304501E+13   1.3993E-05   1.3993E-05   0.99997
FLUX  984  3630.00        8.258747E+13   1.3839E-05   1.3839E-05   0.99998
FLUX  985  3650.00        8.213493E+13   1.3687E-05   1.3687E-05   0.99997
FLUX  986  3670.00        8.168733E+13   1.3538E-05   1.3538E-05   0.99998
FLUX  987  3690.00        8.124458E+13   1.3382E-05   1.3391E-05   0.99934
FLUX  988  3710.00        8.080660E+13   1.3232E-05   1.3247E-05   0.99889
FLUX  989  3730.00        8.037332E+13   1.2977E-05   1.3105E-05   0.99023
FLUX  990  3750.00        7.994467E+13   1.2752E-05   1.2965E-05   0.98359
FLUX  991  3770.00        7.952056E+13   1.2827E-05   1.2827E-05   0.99997
FLUX  992  3790.00        7.910092E+13   1.2692E-05   1.2692E-05   0.99999
FLUX  993  3810.00        7.868570E+13   1.2539E-05   1.2558E-05   0.99849
FLUX  994  3830.00        7.827480E+13   1.2413E-05   1.2427E-05   0.99885
FLUX  995  3850.00        7.786818E+13   1.2298E-05   1.2298E-05   0.99999
FLUX  996  3870.00        7.746576E+13   1.2170E-05   1.2170E-05   0.99999
FLUX  997  3890.00        7.706748E+13   1.2043E-05   1.2045E-05   0.99980
FLUX  998  3910.00        7.667327E+13   1.1875E-05   1.1922E-05   0.99604
FLUX  999  3930.00        7.628308E+13   1.1800E-05   1.1800E-05   0.99998
FLUX 1000  3950.00        7.589684E+13   1.1680E-05   1.1681E-05   0.99999
FLUX 1001  3970.00        7.551448E+13   1.1563E-05   1.1563E-05   0.99999
FLUX 1002  3990.00        7.513596E+13   1.1446E-05   1.1447E-05   0.99998
FLUX 1003  4010.00        7.476122E+13   1.1299E-05   1.1332E-05   0.99710
FLUX 1004  4030.00        7.439020E+13   1.1150E-05   1.1219E-05   0.99380
FLUX 1005  4050.00        7.402284E+13   1.0881E-05   1.1108E-05   0.97954
FLUX 1006  4070.00        7.365909E+13   1.0998E-05   1.0999E-05   0.99991
FLUX 1007  4090.00        7.329890E+13   1.0891E-05   1.0891E-05   1.00000
FLUX 1008  4110.00        7.294221E+13   1.0785E-05   1.0785E-05   0.99999
FLUX 1009  4130.00        7.258898E+13   1.0674E-05   1.0680E-05   0.99943
FLUX 1010  4150.00        7.223916E+13   1.0575E-05   1.0577E-05   0.99979
FLUX 1011  4170.00        7.189269E+13   1.0366E-05   1.0475E-05   0.98961
FLUX 1012  4190.00        7.154952E+13   1.0370E-05   1.0375E-05   0.99952
FLUX 1013  4210.00        7.120962E+13   1.0276E-05   1.0276E-05   1.00000
FLUX 1014  4230.00        7.087293E+13   1.0178E-05   1.0178E-05   1.00000
FLUX 1015  4250.00        7.053941E+13   1.0079E-05   1.0082E-05   0.99971
FLUX 1016  4270.00        7.020902E+13   9.9876E-06   9.9876E-06   1.00000
FLUX 1017  4290.00        6.988170E+13   9.8832E-06   9.8942E-06   0.99889
FLUX 1018  4310.00        6.955742E+13   9.8019E-06   9.8020E-06   0.99999
FLUX 1019  4330.00        6.923614E+13   9.7111E-06   9.7111E-06   0.99999
FLUX 1020  4350.00        6.891782E+13   9.6213E-06   9.6215E-06   0.99998
FLUX 1021  4370.00        6.860240E+13   9.4155E-06   9.5331E-06   0.98766
FLUX 1022  4390.00        6.828986E+13   9.4174E-06   9.4459E-06   0.99698
FLUX 1023  4410.00        6.798016E+13   9.3598E-06   9.3599E-06   0.99999
FLUX 1024  4430.00        6.767325E+13   9.2750E-06   9.2751E-06   1.00000
FLUX 1025  4450.00        6.736910E+13   9.1913E-06   9.1913E-06   1.00000
FLUX 1026  4470.00        6.706767E+13   9.1144E-06   9.1145E-06   0.99999
FLUX 1027  4490.00        6.676893E+13   9.0328E-06   9.0329E-06   0.99999
FLUX 1028  4510.00        6.647284E+13   8.9516E-06   8.9524E-06   0.99991
FLUX 1029  4530.00        6.617936E+13   8.8728E-06   8.8730E-06   0.99998
FLUX 1030  4550.00        6.588846E+13   8.7945E-06   8.7946E-06   0.99999
FLUX 1031  4570.00        6.560011E+13   8.7172E-06   8.7173E-06   0.99999
FLUX 1032  4590.00        6.531427E+13   8.6408E-06   8.6409E-06   0.99999
FLUX 1033  4610.00        6.503091E+13   8.5637E-06   8.5655E-06   0.99978
FLUX 1034  4630.00        6.475000E+13   8.4878E-06   8.4912E-06   0.99961
FLUX 1035  4650.00        6.447151E+13   8.1900E-06   8.4177E-06   0.97295
FLUX 1036  4670.00        6.419540E+13   8.1814E-06   8.3452E-06   0.98037
FLUX 1037  4690.00        6.392164E+13   8.2515E-06   8.2736E-06   0.99732
FLUX 1038  4710.00        6.365021E+13   8.2028E-06   8.2030E-06   0.99998
FLUX 1039  4730.00        6.338108E+13   8.1331E-06   8.1332E-06   0.99999
FLUX 1040  4750.00        6.311421E+13   8.0636E-06   8.0643E-06   0.99992
FLUX 1041  4770.00        6.284958E+13   7.9962E-06   7.9963E-06   0.99999
FLUX 1042  4790.00        6.258716E+13   7.9290E-06   7.9291E-06   0.99999
FLUX 1043  4810.00        6.232692E+13   7.8627E-06   7.8628E-06   0.99999
FLUX 1044  4830.00        6.206884E+13   7.7972E-06   7.7972E-06   0.99999
FLUX 1045  4850.00        6.181289E+13   7.7325E-06   7.7325E-06   0.99999
FLUX 1046  4870.00        6.155903E+13   7.6686E-06   7.6686E-06   0.99999
FLUX 1047  4890.00        6.130726E+13   7.6054E-06   7.6055E-06   0.99999
FLUX 1048  4910.00        6.105754E+13   7.5431E-06   7.5432E-06   0.99999
FLUX 1049  4930.00        6.080984E+13   7.4815E-06   7.4816E-06   0.99999
FLUX 1050  4950.00        6.056414E+13   7.4206E-06   7.4207E-06   0.99999
FLUX 1051  4970.00        6.032042E+13   7.3605E-06   7.3606E-06   0.99999
FLUX 1052  4990.00        6.007866E+13   7.3011E-06   7.3012E-06   0.99999
FLUX 1053  5010.00        5.983882E+13   7.2424E-06   7.2425E-06   0.99998
FLUX 1054  5030.00        5.960089E+13   7.1843E-06   7.1845E-06   0.99998
FLUX 1055  5050.00        5.936485E+13   7.1271E-06   7.1272E-06   0.99999
FLUX 1056  5070.00        5.913067E+13   7.0704E-06   7.0705E-06   0.99999
FLUX 1057  5090.00        5.889833E+13   7.0144E-06   7.0146E-06   0.99998
FLUX 1058  5110.00        5.866781E+13   6.9479E-06   6.9592E-06   0.99837
FLUX 1059  5130.00        5.843908E+13   6.7490E-06   6.9046E-06   0.97746
FLUX 1060  5150.00        5.821214E+13   6.8438E-06   6.8505E-06   0.99902
FLUX 1061  5170.00        5.798694E+13   6.7970E-06   6.7971E-06   0.99998
FLUX 1062  5190.00        5.776349E+13   6.7443E-06   6.7443E-06   0.99999
FLUX 1063  5210.00        5.754175E+13   6.6921E-06   6.6922E-06   0.99999
FLUX 1064  5230.00        5.732170E+13   6.6405E-06   6.6406E-06   0.99999
FLUX 1065  5250.00        5.710333E+13   6.5894E-06   6.5896E-06   0.99998
FLUX 1066  5270.00        5.688662E+13   6.5390E-06   6.5392E-06   0.99997
FLUX 1067  5290.00        5.667155E+13   6.4893E-06   6.4893E-06   0.99999
FLUX 1068  5310.00        5.645810E+13   6.4400E-06   6.4400E-06   0.99999
FLUX 1069  5330.00        5.624625E+13   6.3913E-06   6.3913E-06   0.99999
FLUX 1070  5350.00        5.603598E+13   6.3431E-06   6.3431E-06   0.99999
FLUX 1071  5370.00        5.582728E+13   6.2927E-06   6.2955E-06   0.99955
FLUX 1072  5390.00        5.562013E+13   6.2457E-06   6.2484E-06   0.99958
FLUX 1073  5410.00        5.541451E+13   6.2017E-06   6.2018E-06   0.99999
FLUX 1074  5430.00        5.521041E+13   6.1557E-06   6.1557E-06   0.99999
FLUX 1075  5450.00        5.500780E+13   6.1101E-06   6.1101E-06   1.00000
FLUX 1076  5470.00        5.480667E+13   6.0650E-06   6.0651E-06   0.99999
FLUX 1077  5490.00        5.460701E+13   6.0204E-06   6.0205E-06   0.99999
FLUX 1078  5510.00        5.440880E+13   5.9751E-06   5.9764E-06   0.99979
FLUX 1079  5530.00        5.421203E+13   5.9203E-06   5.9327E-06   0.99791
FLUX 1080  5550.00        5.401667E+13   5.8895E-06   5.8896E-06   0.99998
FLUX 1081  5570.00        5.382271E+13   5.8469E-06   5.8469E-06   0.99999
FLUX 1082  5590.00        5.363014E+13   5.8047E-06   5.8047E-06   1.00000
FLUX 1083  5610.00        5.343895E+13   5.7629E-06   5.7629E-06   1.00000
FLUX 1084  5630.00        5.324911E+13   5.7216E-06   5.7216E-06   1.00000
FLUX 1085  5650.00        5.306062E+13   5.6807E-06   5.6807E-06   1.00000
FLUX 1086  5670.00        5.287346E+13   5.6402E-06   5.6402E-06   0.99999
FLUX 1087  5690.00        5.268761E+13   5.6000E-06   5.6002E-06   0.99997
FLUX 1088  5710.00        5.250306E+13   5.5367E-06   5.5606E-06   0.99570
FLUX 1089  5730.00        5.231981E+13   5.5192E-06   5.5214E-06   0.99961
FLUX 1090  5750.00        5.213783E+13   5.4825E-06   5.4826E-06   0.99999
FLUX 1091  5770.00        5.195711E+13   5.4442E-06   5.4442E-06   1.00000
FLUX 1092  5790.00        5.177763E+13   5.4061E-06   5.4062E-06   0.99999
FLUX 1093  5810.00        5.159940E+13   5.3686E-06   5.3686E-06   1.00000
FLUX 1094  5830.00        5.142238E+13   5.3313E-06   5.3314E-06   0.99999
FLUX 1095  5850.00        5.124658E+13   5.2966E-06   5.2967E-06   0.99999
FLUX 1096  5870.00        5.107198E+13   5.2601E-06   5.2602E-06   0.99998
FLUX 1097  5890.00        5.089856E+13   5.2123E-06   5.2241E-06   0.99775
FLUX 1098  5910.00        5.072631E+13   5.0470E-06   5.1884E-06   0.97275
FLUX 1099  5930.00        5.055523E+13   5.1447E-06   5.1530E-06   0.99839
FLUX 1100  5950.00        5.038529E+13   5.0825E-06   5.1180E-06   0.99308
FLUX 1101  5970.00        5.021650E+13   5.0688E-06   5.0833E-06   0.99714
FLUX 1102  5990.00        5.004883E+13   5.0489E-06   5.0490E-06   0.99998
FLUX 1103  6010.00        4.988228E+13   5.0150E-06   5.0150E-06   0.99999
FLUX 1104  6030.00        4.971683E+13   4.9811E-06   4.9814E-06   0.99993
FLUX 1105  6050.00        4.955248E+13   4.9480E-06   4.9481E-06   0.99998
FLUX 1106  6070.00        4.938921E+13   4.9151E-06   4.9152E-06   0.99999
FLUX 1107  6090.00        4.922701E+13   4.8825E-06   4.8825E-06   0.99999
FLUX 1108  6110.00        4.906588E+13   4.8502E-06   4.8502E-06   0.99999
FLUX 1109  6130.00        4.890579E+13   4.8182E-06   4.8182E-06   0.99999
FLUX 1110  6150.00        4.874675E+13   4.7865E-06   4.7865E-06   0.99999
FLUX 1111  6170.00        4.858874E+13   4.7551E-06   4.7551E-06   0.99999
FLUX 1112  6190.00        4.843174E+13   4.7240E-06   4.7241E-06   0.99999
FLUX 1113  6210.00        4.827576E+13   4.6932E-06   4.6933E-06   0.99999
FLUX 1114  6230.00        4.812079E+13   4.6628E-06   4.6628E-06   0.99999
FLUX 1115  6250.00        4.796680E+13   4.6325E-06   4.6326E-06   0.99999
FLUX 1116  6270.00        4.781380E+13   4.5978E-06   4.6027E-06   0.99893
FLUX 1117  6290.00        4.766176E+13   4.5160E-06   4.5731E-06   0.98750
FLUX 1118  6310.00        4.751070E+13   4.5344E-06   4.5438E-06   0.99793
FLUX 1119  6330.00        4.736058E+13   4.5146E-06   4.5147E-06   0.99998
FLUX 1120  6350.00        4.721142E+13   4.4859E-06   4.4860E-06   0.99999
FLUX 1121  6370.00        4.706319E+13   4.4574E-06   4.4574E-06   0.99999
FLUX 1122  6390.00        4.691588E+13   4.4292E-06   4.4292E-06   0.99999
FLUX 1123  6420.00        4.669665E+13   4.3873E-06   4.3874E-06   0.99999
FLUX 1124  6460.00        4.640751E+13   4.3325E-06   4.3325E-06   0.99999
FLUX 1125  6500.00        4.612192E+13   4.2786E-06   4.2786E-06   0.99999
FLUX 1126  6540.00        4.583983E+13   4.2257E-06   4.2257E-06   0.99999
FLUX 1127  6580.00        4.556117E+13   4.1738E-06   4.1738E-06   0.99999
FLUX 1128  6620.00        4.528588E+13   4.1228E-06   4.1228E-06   0.99999
FLUX 1129  6660.00        4.501389E+13   4.0727E-06   4.0728E-06   0.99999
FLUX 1130  6700.00        4.474515E+13   4.0236E-06   4.0236E-06   0.99999
FLUX 1131  6740.00        4.447960E+13   3.9721E-06   3.9753E-06   0.99918
FLUX 1132  6780.00        4.421718E+13   3.8887E-06   3.9279E-06   0.99002
FLUX 1133  6820.00        4.395784E+13   3.8813E-06   3.8813E-06   0.99998
FLUX 1134  6860.00        4.370153E+13   3.8355E-06   3.8356E-06   0.99999
FLUX 1135  6900.00        4.344819E+13   3.7906E-06   3.7906E-06   0.99999
FLUX 1136  6940.00        4.319777E+13   3.7463E-06   3.7464E-06   0.99998
FLUX 1137  6980.00        4.295021E+13   3.7030E-06   3.7030E-06   0.99999
FLUX 1138  7020.00        4.270548E+13   3.6603E-06   3.6603E-06   0.99999
FLUX 1139  7060.00        4.246353E+13   3.6183E-06   3.6183E-06   0.99999
FLUX 1140  7100.00        4.222430E+13   3.5770E-06   3.5771E-06   0.99998
FLUX 1141  7140.00        4.198775E+13   3.5365E-06   3.5365E-06   0.99999
FLUX 1142  7180.00        4.175383E+13   3.4967E-06   3.4967E-06   1.00000
FLUX 1143  7220.00        4.152251E+13   3.4574E-06   3.4575E-06   0.99999
FLUX 1144  7260.00        4.129373E+13   3.4188E-06   3.4189E-06   0.99998
FLUX 1145  7300.00        4.106747E+13   3.3809E-06   3.3810E-06   0.99999
FLUX 1146  7340.00        4.084366E+13   3.3437E-06   3.3437E-06   1.00000
FLUX 1147  7380.00        4.062229E+13   3.3070E-06   3.3070E-06   0.99999
FLUX 1148  7420.00        4.040330E+13   3.2665E-06   3.2709E-06   0.99864
FLUX 1149  7460.00        4.018666E+13   3.1744E-06   3.2354E-06   0.98114
FLUX 1150  7500.00        3.997233E+13   3.1141E-06   3.2005E-06   0.97301
FLUX 1151  7540.00        3.976028E+13   3.1608E-06   3.1661E-06   0.99830
FLUX 1152  7580.00        3.955046E+13   3.1323E-06   3.1323E-06   0.99999
FLUX 1153  7620.00        3.934285E+13   3.0990E-06   3.0990E-06   0.99999
FLUX 1154  7660.00        3.913740E+13   3.0662E-06   3.0663E-06   0.99999
FLUX 1155  7700.00        3.893409E+13   3.0340E-06   3.0340E-06   0.99999
FLUX 1156  7740.00        3.873288E+13   3.0022E-06   3.0023E-06   0.99998
FLUX 1157  7780.00        3.853374E+13   2.9667E-06   2.9710E-06   0.99855
FLUX 1158  7820.00        3.833664E+13   2.9402E-06   2.9402E-06   0.99998
FLUX 1159  7860.00        3.814154E+13   2.9099E-06   2.9099E-06   0.99999
FLUX 1160  7900.00        3.794842E+13   2.8800E-06   2.8801E-06   0.99999
FLUX 1161  7940.00        3.775724E+13   2.8506E-06   2.8507E-06   0.99999
FLUX 1162  7980.00        3.756798E+13   2.8217E-06   2.8217E-06   0.99999
FLUX 1163  8020.00        3.738061E+13   2.7932E-06   2.7932E-06   0.99999
FLUX 1164  8060.00        3.719510E+13   2.7651E-06   2.7651E-06   0.99999
FLUX 1165  8100.00        3.701142E+13   2.7374E-06   2.7375E-06   0.99999
FLUX 1166  8140.00        3.682955E+13   2.7035E-06   2.7102E-06   0.99754
FLUX 1167  8180.00        3.664945E+13   2.6812E-06   2.6833E-06   0.99920
FLUX 1168  8220.00        3.647111E+13   2.6569E-06   2.6569E-06   0.99999
FLUX 1169  8260.00        3.629449E+13   2.6308E-06   2.6308E-06   0.99999
FLUX 1170  8300.00        3.611958E+13   2.6051E-06   2.6051E-06   1.00000
FLUX 1171  8340.00        3.594634E+13   2.5798E-06   2.5798E-06   1.00000
FLUX 1172  8380.00        3.577476E+13   2.5548E-06   2.5548E-06   1.00000
FLUX 1173  8420.00        3.560481E+13   2.5302E-06   2.5302E-06   1.00000
FLUX 1174  8460.00        3.543647E+13   2.5060E-06   2.5060E-06   1.00000
FLUX 1175  8500.00        3.526971E+13   2.4820E-06   2.4821E-06   1.00000
FLUX 1176  8540.00        3.510451E+13   2.4585E-06   2.4585E-06   1.00000
FLUX 1177  8580.00        3.494085E+13   2.4352E-06   2.4353E-06   0.99999
FLUX 1178  8620.00        3.477871E+13   2.4123E-06   2.4123E-06   0.99998
FLUX 1179  8660.00        3.461807E+13   2.3759E-06   2.3897E-06   0.99423
FLUX 1180  8700.00        3.445891E+13   2.3665E-06   2.3675E-06   0.99958
FLUX 1181  8740.00        3.430120E+13   2.3245E-06   2.3455E-06   0.99106
FLUX 1182  8780.00        3.414493E+13   2.3028E-06   2.3238E-06   0.99097
FLUX 1183  8820.00        3.399008E+13   2.3024E-06   2.3024E-06   0.99999
FLUX 1184  8860.00        3.383663E+13   2.2813E-06   2.2813E-06   0.99999
FLUX 1185  8900.00        3.368455E+13   2.2605E-06   2.2605E-06   0.99999
FLUX 1186  8940.00        3.353384E+13   2.2400E-06   2.2400E-06   1.00000
FLUX 1187  8980.00        3.338447E+13   2.2198E-06   2.2198E-06   1.00000
FLUX 1188  9020.00        3.323642E+13   2.1998E-06   2.1998E-06   0.99999
FLUX 1189  9060.00        3.308968E+13   2.1801E-06   2.1801E-06   0.99999
FLUX 1190  9100.00        3.294423E+13   2.1607E-06   2.1607E-06   0.99999
FLUX 1191  9140.00        3.280005E+13   2.1415E-06   2.1415E-06   0.99999
FLUX 1192  9180.00        3.265714E+13   2.1225E-06   2.1225E-06   0.99999
FLUX 1193  9220.00        3.251546E+13   2.1038E-06   2.1039E-06   0.99999
FLUX 1194  9260.00        3.237500E+13   2.0854E-06   2.0854E-06   0.99998
FLUX 1195  9300.00        3.223575E+13   2.0672E-06   2.0672E-06   0.99999
FLUX 1196  9340.00        3.209770E+13   2.0492E-06   2.0492E-06   0.99998
FLUX 1197  9380.00        3.196082E+13   2.0140E-06   2.0315E-06   0.99141
FLUX 1198  9420.00        3.182511E+13   2.0100E-06   2.0140E-06   0.99803
FLUX 1199  9460.00        3.169054E+13   1.9967E-06   1.9967E-06   0.99999
FLUX 1200  9500.00        3.155711E+13   1.9796E-06   1.9796E-06   0.99998
FLUX 1201  9540.00        3.142479E+13   1.9627E-06   1.9628E-06   0.99998
FLUX 1202  9580.00        3.129358E+13   1.9461E-06   1.9461E-06   0.99999
FLUX 1203  9620.00        3.116346E+13   1.9297E-06   1.9297E-06   0.99999
FLUX 1204  9660.00        3.103442E+13   1.9135E-06   1.9135E-06   1.00000
FLUX 1205  9700.00        3.090644E+13   1.8974E-06   1.8975E-06   0.99999
FLUX 1206  9740.00        3.077952E+13   1.8816E-06   1.8816E-06   1.00000
FLUX 1207  9780.00        3.065363E+13   1.8660E-06   1.8660E-06   0.99999
FLUX 1208  9820.00        3.052877E+13   1.8505E-06   1.8506E-06   0.99998
FLUX 1209  9860.00        3.040492E+13   1.8353E-06   1.8353E-06   0.99998
FLUX 1210  9900.00        3.028207E+13   1.8202E-06   1.8202E-06   0.99999
FLUX 1211  9940.00        3.016021E+13   1.8054E-06   1.8054E-06   1.00000
FLUX 1212  9980.00        3.003933E+13   1.7907E-06   1.7907E-06   1.00000
FLUX 1213 10020.00        2.991941E+13   1.7761E-06   1.7761E-06   1.00000
FLUX 1214 20000.00        1.498963E+13   4.3342E-07   4.3342E-07   1.00000
FLUX 1215 40000.00        7.494813E+12   1.0489E-07   1.0489E-07   1.00000
FLUX 1216 60000.00        4.996542E+12   4.5727E-08   4.5727E-08   1.00000
FLUX 1217 80000.00        3.747406E+12   2.5368E-08   2.5368E-08   1.00000
FLUX 1218100000.00        2.997925E+12   1.6062E-08   1.6062E-08   1.00000
FLUX 1219120000.00        2.498271E+12   1.1057E-08   1.1057E-08   1.00000
FLUX 1220140000.00        2.141375E+12   8.0627E-09   8.0627E-09   1.00000
FLUX 1221160000.00        1.873703E+12   6.1331E-09   6.1331E-09   1.00000
FLUX
