TEFF  42000.  GRAVITY 4.50000 LTE 
TITLE  [+0.5] N(He)/Ntot=0.07813 VTURB=2.0  L/H=1.25 NOVER                      
FLUX    1     9.09        3.298047E+16   4.0160E-24   4.0358E-24   0.99508
FLUX    2     9.35        3.206337E+16   1.4494E-23   1.4531E-23   0.99750
FLUX    3     9.61        3.119589E+16   4.8047E-23   4.8969E-23   0.98116
FLUX    4     9.77        3.068501E+16   1.0006E-22   1.0030E-22   0.99758
FLUX    5     9.96        3.009965E+16   2.2778E-22   2.2834E-22   0.99757
FLUX    6    10.20        2.939142E+16   6.1739E-22   6.1885E-22   0.99765
FLUX    7    10.38        2.888174E+16   1.2677E-21   1.2707E-21   0.99767
FLUX    8    10.56        2.838944E+16   2.5422E-21   2.5480E-21   0.99770
FLUX    9    10.77        2.783589E+16   5.5637E-21   5.5764E-21   0.99772
FLUX   10    11.04        2.715512E+16   1.4597E-20   1.4630E-20   0.99774
FLUX   11    11.40        2.629759E+16   4.9282E-20   4.9395E-20   0.99772
FLUX   12    11.78        2.544928E+16   1.6437E-19   1.6527E-19   0.99459
FLUX   13    12.13        2.471496E+16   4.6985E-19   4.7089E-19   0.99781
FLUX   14    12.48        2.402183E+16   1.2636E-18   1.2670E-18   0.99731
FLUX   15    12.71        2.358714E+16   2.3537E-18   2.3587E-18   0.99786
FLUX   16    12.84        2.334833E+16   3.3115E-18   3.3194E-18   0.99760
FLUX   17    13.05        2.297261E+16   5.6507E-18   5.6848E-18   0.99400
FLUX   18    13.24        2.264294E+16   9.0461E-18   9.1188E-18   0.99203
FLUX   19    13.39        2.238928E+16   1.3061E-17   1.3121E-17   0.99540
FLUX   20    13.66        2.194674E+16   2.4468E-17   2.4799E-17   0.98662
FLUX   21    13.98        2.144438E+16   5.1070E-17   5.1159E-17   0.99826
FLUX   22    14.33        2.092062E+16   1.0812E-16   1.0902E-16   0.99178
FLUX   23    14.72        2.036634E+16   2.3339E-16   2.4326E-16   0.95941
FLUX   24    15.10        1.985381E+16   5.1143E-16   5.1199E-16   0.99891
FLUX   25    15.52        1.931653E+16   1.1189E-15   1.1198E-15   0.99919
FLUX   26    15.88        1.887862E+16   2.1290E-15   2.1317E-15   0.99871
FLUX   27    16.20        1.850571E+16   3.8289E-15   3.9024E-15   0.98116
FLUX   28    16.60        1.805979E+16   7.5039E-15   7.5162E-15   0.99837
FLUX   29    17.03        1.760379E+16   1.4494E-14   1.4733E-14   0.98376
FLUX   30    17.34        1.728907E+16   2.3002E-14   2.3487E-14   0.97937
FLUX   31    17.68        1.695659E+16   3.8693E-14   3.9219E-14   0.98659
FLUX   32    18.02        1.663665E+16   6.2735E-14   6.3231E-14   0.99215
FLUX   33    18.17        1.649931E+16   7.5776E-14   7.9830E-14   0.94921
FLUX   34    18.61        1.610922E+16   1.4050E-13   1.4330E-13   0.98049
FLUX   35    19.10        1.569594E+16   2.6345E-13   2.6787E-13   0.98348
FLUX   36    19.39        1.546119E+16   3.8509E-13   3.8978E-13   0.98796
FLUX   37    19.84        1.511051E+16   6.6056E-13   6.7165E-13   0.98349
FLUX   38    20.18        1.485592E+16   9.4686E-13   9.8733E-13   0.95902
FLUX   39    20.50        1.462402E+16   1.3863E-12   1.4038E-12   0.98754
FLUX   40    21.05        1.424192E+16   2.4976E-12   2.5154E-12   0.99296
FLUX   41    21.62        1.386644E+16   4.3998E-12   4.4753E-12   0.98312
FLUX   42    21.98        1.363933E+16   6.3475E-12   6.3553E-12   0.99878
FLUX   43    22.30        1.344361E+16   8.4884E-12   8.6146E-12   0.98535
FLUX   44    22.68        1.321836E+16   1.2514E-11   1.3116E-11   0.95409
FLUX   45    23.00        1.303446E+16   4.6983E-09   2.7290E-08   0.17217
FLUX   46    23.40        1.281165E+16   1.2444E-08   3.4464E-08   0.36107
FLUX   47    24.00        1.249135E+16   1.7286E-08   4.8319E-08   0.35774
FLUX   48    24.65        1.216197E+16   2.7247E-08   6.8582E-08   0.39730
FLUX   49    25.24        1.187767E+16   5.3852E-08   1.3852E-07   0.38876
FLUX   50    25.68        1.167416E+16   8.5039E-08   2.6985E-07   0.31514
FLUX   51    26.00        1.153048E+16   1.0302E-07   4.2907E-07   0.24011
FLUX   52    26.40        1.135578E+16   4.1933E-07   3.0040E-05   0.01396
FLUX   53    26.85        1.116546E+16   5.5711E-07   2.6432E-05   0.02108
FLUX   54    27.35        1.096133E+16   7.4970E-07   2.3040E-05   0.03254
FLUX   55    27.85        1.076454E+16   5.2021E-07   2.0146E-05   0.02582
FLUX   56    28.40        1.055607E+16   1.3530E-06   2.0424E-05   0.06624
FLUX   57    29.00        1.033767E+16   2.4517E-06   2.8483E-05   0.08608
FLUX   58    29.60        1.012813E+16   2.0626E-06   2.4686E-05   0.08355
FLUX   59    30.10        9.959884E+15   5.4709E-06   9.1584E-04   0.00597
FLUX   60    30.80        9.733523E+15   2.0135E-05   1.2511E-03   0.01609
FLUX   61    31.80        9.427437E+15   5.0937E-06   1.2427E-03   0.00410
FLUX   62    32.80        9.140015E+15   9.5730E-06   1.2389E-03   0.00773
FLUX   63    33.80        8.869601E+15   9.5586E-06   1.2260E-03   0.00780
FLUX   64    34.80        8.614727E+15   1.1976E-05   1.2257E-03   0.00977
FLUX   65    35.70        8.397549E+15   3.2786E-05   1.6177E-03   0.02027
FLUX   66    36.60        8.191052E+15   9.0588E-05   1.6959E-03   0.05342
FLUX   67    37.50        7.994467E+15   1.3942E-04   1.7018E-03   0.08193
FLUX   68    38.50        7.786818E+15   1.2674E-04   1.7232E-03   0.07355
FLUX   69    39.50        7.589684E+15   2.7476E-04   1.7935E-03   0.15320
FLUX   70    40.50        7.402284E+15   5.7156E-04   1.7968E-03   0.31810
FLUX   71    41.40        7.241365E+15   5.2737E-04   1.8224E-03   0.28938
FLUX   72    42.20        7.104088E+15   5.0316E-04   1.8273E-03   0.27536
FLUX   73    43.00        6.971919E+15   4.9268E-04   1.8287E-03   0.26942
FLUX   74    44.10        6.798016E+15   6.6394E-04   1.8303E-03   0.36275
FLUX   75    45.10        6.647284E+15   7.1071E-04   1.8321E-03   0.38792
FLUX   76    46.00        6.517228E+15   5.4628E-04   1.8332E-03   0.29799
FLUX   77    47.00        6.378564E+15   6.7653E-04   1.8350E-03   0.36869
FLUX   78    48.00        6.245677E+15   8.7695E-04   1.8365E-03   0.47751
FLUX   79    49.00        6.118214E+15   5.6648E-04   1.8390E-03   0.30804
FLUX   80    50.00        5.995850E+15   1.0792E-03   1.8405E-03   0.58637
FLUX   81    50.60        5.924753E+15   7.5011E-04   2.1835E-03   0.34354
FLUX   82    51.20        5.855322E+15   1.2304E-03   2.1882E-03   0.56231
FLUX   83    52.00        5.765240E+15   1.1618E-03   2.1932E-03   0.52974
FLUX   84    53.00        5.656462E+15   1.0834E-03   2.1993E-03   0.49262
FLUX   85    54.00        5.551713E+15   8.8382E-04   2.2054E-03   0.40075
FLUX   86    55.00        5.450773E+15   7.1372E-04   2.2123E-03   0.32262
FLUX   87    56.00        5.353438E+15   1.0729E-03   2.2190E-03   0.48350
FLUX   88    57.00        5.259518E+15   1.5157E-03   2.2257E-03   0.68099
FLUX   89    58.00        5.168836E+15   1.5246E-03   2.2324E-03   0.68295
FLUX   90    59.00        5.081229E+15   1.5657E-03   2.2389E-03   0.69931
FLUX   91    60.00        4.996542E+15   1.1528E-03   2.2454E-03   0.51342
FLUX   92    61.00        4.914631E+15   1.0428E-03   2.2518E-03   0.46307
FLUX   93    62.00        4.835363E+15   1.5688E-03   2.2582E-03   0.69471
FLUX   94    63.00        4.758611E+15   1.4252E-03   2.2645E-03   0.62938
FLUX   95    64.00        4.684258E+15   1.7782E-03   2.2715E-03   0.78283
FLUX   96    65.00        4.612192E+15   1.6493E-03   2.2785E-03   0.72388
FLUX   97    65.80        4.556117E+15   1.3446E-03   2.2840E-03   0.58872
FLUX   98    66.50        4.508158E+15   1.7887E-03   2.2888E-03   0.78151
FLUX   99    67.50        4.441370E+15   1.9615E-03   2.2955E-03   0.85450
FLUX  100    68.50        4.376533E+15   1.5979E-03   2.3021E-03   0.69413
FLUX  101    69.50        4.313561E+15   1.9820E-03   2.3085E-03   0.85856
FLUX  102    70.50        4.252376E+15   1.5453E-03   2.3148E-03   0.66756
FLUX  103    71.60        4.187046E+15   2.0730E-03   2.3216E-03   0.89292
FLUX  104    72.60        4.129373E+15   2.1540E-03   2.3275E-03   0.92546
FLUX  105    73.50        4.078810E+15   2.1833E-03   2.3330E-03   0.93582
FLUX  106    74.50        4.024060E+15   2.0302E-03   2.3391E-03   0.86793
FLUX  107    75.50        3.970762E+15   2.0294E-03   2.3449E-03   0.86543
FLUX  108    76.50        3.918856E+15   1.7410E-03   2.3506E-03   0.74066
FLUX  109    77.50        3.868290E+15   2.0713E-03   2.3560E-03   0.87914
FLUX  110    78.50        3.819013E+15   1.7006E-03   2.3612E-03   0.72023
FLUX  111    79.50        3.770975E+15   2.0731E-03   2.3662E-03   0.87614
FLUX  112    80.50        3.724130E+15   2.1554E-03   2.3709E-03   0.90910
FLUX  113    81.50        3.678436E+15   2.1761E-03   2.3754E-03   0.91608
FLUX  114    82.50        3.633848E+15   2.2378E-03   2.3798E-03   0.94033
FLUX  115    83.50        3.590329E+15   1.8507E-03   2.3840E-03   0.77630
FLUX  116    84.50        3.547840E+15   2.1924E-03   2.3880E-03   0.91810
FLUX  117    85.50        3.506345E+15   2.0564E-03   2.3917E-03   0.85982
FLUX  118    86.50        3.465809E+15   2.2573E-03   2.3951E-03   0.94248
FLUX  119    87.50        3.426200E+15   2.2961E-03   2.3983E-03   0.95741
FLUX  120    88.50        3.387486E+15   2.2684E-03   2.4012E-03   0.94466
FLUX  121    89.50        3.349637E+15   2.2597E-03   2.4039E-03   0.94001
FLUX  122    90.50        3.312624E+15   2.2139E-03   2.4063E-03   0.92003
FLUX  123    91.50        3.276421E+15   1.7127E-03   7.1952E-03   0.23803
FLUX  124    92.50        3.241000E+15   2.7201E-03   7.1378E-03   0.38109
FLUX  125    93.50        3.206337E+15   3.7267E-03   7.0805E-03   0.52633
FLUX  126    94.50        3.172407E+15   4.1351E-03   7.0233E-03   0.58877
FLUX  127    95.50        3.139188E+15   4.7092E-03   6.9663E-03   0.67601
FLUX  128    96.50        3.106658E+15   5.0315E-03   6.9094E-03   0.72821
FLUX  129    97.50        3.074795E+15   3.7595E-03   6.8528E-03   0.54861
FLUX  130    98.50        3.043579E+15   4.5254E-03   6.7965E-03   0.66583
FLUX  131    99.50        3.012990E+15   3.9921E-03   6.7404E-03   0.59226
FLUX  132   100.50        2.983010E+15   4.0225E-03   6.6846E-03   0.60175
FLUX  133   101.50        2.953621E+15   4.2883E-03   6.6290E-03   0.64690
FLUX  134   102.50        2.924805E+15   4.1144E-03   6.5737E-03   0.62589
FLUX  135   103.50        2.896546E+15   4.6623E-03   6.5188E-03   0.71521
FLUX  136   104.50        2.868828E+15   4.9590E-03   6.4642E-03   0.76716
FLUX  137   105.50        2.841635E+15   4.8673E-03   6.4099E-03   0.75934
FLUX  138   106.50        2.814953E+15   4.6405E-03   6.3560E-03   0.73009
FLUX  139   107.50        2.788767E+15   4.7862E-03   6.3024E-03   0.75942
FLUX  140   108.50        2.763065E+15   4.4490E-03   6.2493E-03   0.71193
FLUX  141   109.50        2.737831E+15   4.6927E-03   6.1965E-03   0.75733
FLUX  142   110.50        2.713054E+15   4.6381E-03   6.1440E-03   0.75490
FLUX  143   111.50        2.688722E+15   4.6379E-03   6.0920E-03   0.76131
FLUX  144   112.50        2.664822E+15   4.4458E-03   6.0403E-03   0.73603
FLUX  145   113.50        2.641344E+15   4.6786E-03   5.9890E-03   0.78119
FLUX  146   114.50        2.618275E+15   4.7626E-03   5.9382E-03   0.80204
FLUX  147   115.50        2.595606E+15   4.4673E-03   5.8877E-03   0.75874
FLUX  148   116.50        2.573326E+15   4.2388E-03   5.8377E-03   0.72612
FLUX  149   117.50        2.551426E+15   3.6579E-03   5.7881E-03   0.63196
FLUX  150   118.50        2.529895E+15   4.1798E-03   5.7390E-03   0.72832
FLUX  151   119.50        2.508724E+15   3.9479E-03   5.6902E-03   0.69381
FLUX  152   120.50        2.487905E+15   3.9539E-03   5.6419E-03   0.70081
FLUX  153   121.50        2.467428E+15   3.4844E-03   5.5939E-03   0.62288
FLUX  154   122.50        2.447286E+15   3.8252E-03   5.5465E-03   0.68966
FLUX  155   123.50        2.427470E+15   3.8494E-03   5.4994E-03   0.69997
FLUX  156   124.50        2.407972E+15   3.7728E-03   5.4527E-03   0.69191
FLUX  157   125.50        2.388785E+15   3.9105E-03   5.4066E-03   0.72330
FLUX  158   126.50        2.369901E+15   4.0330E-03   5.3608E-03   0.75232
FLUX  159   127.50        2.351314E+15   4.1669E-03   5.3155E-03   0.78391
FLUX  160   128.50        2.333016E+15   4.1721E-03   5.2706E-03   0.79158
FLUX  161   129.50        2.315000E+15   4.2072E-03   5.2261E-03   0.80503
FLUX  162   130.50        2.297261E+15   4.0954E-03   5.1821E-03   0.79029
FLUX  163   131.50        2.279791E+15   4.1579E-03   5.1385E-03   0.80916
FLUX  164   132.50        2.262585E+15   4.1332E-03   5.0954E-03   0.81115
FLUX  165   133.50        2.245637E+15   4.0826E-03   5.0527E-03   0.80799
FLUX  166   134.50        2.228941E+15   4.0903E-03   5.0105E-03   0.81635
FLUX  167   135.50        2.212491E+15   3.9456E-03   4.9686E-03   0.79411
FLUX  168   136.50        2.196282E+15   3.8338E-03   4.9272E-03   0.77809
FLUX  169   137.50        2.180309E+15   3.6866E-03   4.8862E-03   0.75449
FLUX  170   138.50        2.164567E+15   3.7548E-03   4.8457E-03   0.77487
FLUX  171   139.50        2.149050E+15   3.6183E-03   4.8055E-03   0.75294
FLUX  172   140.50        2.133754E+15   3.4475E-03   4.7658E-03   0.72338
FLUX  173   141.50        2.118675E+15   3.9251E-03   4.7264E-03   0.83046
FLUX  174   142.50        2.103807E+15   3.5939E-03   4.6875E-03   0.76670
FLUX  175   143.50        2.089146E+15   3.8411E-03   4.6489E-03   0.82623
FLUX  176   144.20        2.079005E+15   3.6407E-03   4.6222E-03   0.78766
FLUX  177   144.70        2.071821E+15   3.6804E-03   4.6032E-03   0.79952
FLUX  178   145.50        2.060430E+15   3.5815E-03   4.5730E-03   0.78317
FLUX  179   146.50        2.046365E+15   3.6020E-03   4.5357E-03   0.79415
FLUX  180   147.50        2.032492E+15   3.6506E-03   4.4987E-03   0.81147
FLUX  181   148.50        2.018805E+15   3.7214E-03   4.4621E-03   0.83399
FLUX  182   149.50        2.005301E+15   3.6318E-03   4.4259E-03   0.82057
FLUX  183   150.50        1.991977E+15   3.6346E-03   4.3901E-03   0.82792
FLUX  184   151.20        1.982755E+15   3.6383E-03   4.3652E-03   0.83347
FLUX  185   151.70        1.976220E+15   3.5880E-03   4.3476E-03   0.82529
FLUX  186   152.50        1.965852E+15   3.5937E-03   4.3195E-03   0.83196
FLUX  187   153.50        1.953046E+15   3.2906E-03   4.2848E-03   0.76796
FLUX  188   154.50        1.940405E+15   2.6218E-03   4.2505E-03   0.61683
FLUX  189   155.50        1.927926E+15   2.7601E-03   4.2165E-03   0.65460
FLUX  190   156.50        1.915607E+15   3.1989E-03   4.1829E-03   0.76476
FLUX  191   157.50        1.903444E+15   3.3457E-03   4.1496E-03   0.80628
FLUX  192   158.50        1.891435E+15   3.3202E-03   4.1166E-03   0.80654
FLUX  193   159.50        1.879577E+15   3.4011E-03   4.0840E-03   0.83279
FLUX  194   160.50        1.867866E+15   3.2445E-03   4.0518E-03   0.80075
FLUX  195   161.50        1.856300E+15   3.1716E-03   4.0199E-03   0.78896
FLUX  196   162.50        1.844877E+15   3.2725E-03   3.9883E-03   0.82052
FLUX  197   163.50        1.833593E+15   3.3093E-03   3.9571E-03   0.83629
FLUX  198   164.50        1.822447E+15   3.2332E-03   3.9262E-03   0.82350
FLUX  199   165.50        1.811435E+15   3.3243E-03   3.8956E-03   0.85334
FLUX  200   166.50        1.800556E+15   3.2871E-03   3.8654E-03   0.85039
FLUX  201   167.20        1.793017E+15   3.1119E-03   3.8444E-03   0.80946
FLUX  202   167.70        1.787671E+15   3.4792E-03   3.8295E-03   0.90854
FLUX  203   168.50        1.779184E+15   3.4200E-03   3.8058E-03   0.89863
FLUX  204   169.50        1.768687E+15   3.4074E-03   3.7765E-03   0.90225
FLUX  205   170.50        1.758314E+15   3.3322E-03   3.7475E-03   0.88917
FLUX  206   171.50        1.748061E+15   3.1763E-03   3.7188E-03   0.85411
FLUX  207   172.50        1.737928E+15   3.1731E-03   3.6905E-03   0.85981
FLUX  208   173.50        1.727911E+15   3.3181E-03   3.6624E-03   0.90600
FLUX  209   174.50        1.718009E+15   3.3167E-03   3.6346E-03   0.91253
FLUX  210   175.50        1.708219E+15   3.2797E-03   3.6071E-03   0.90923
FLUX  211   176.50        1.698541E+15   3.2462E-03   3.5798E-03   0.90681
FLUX  212   177.50        1.688972E+15   3.1823E-03   3.5529E-03   0.89568
FLUX  213   178.50        1.679510E+15   3.2407E-03   3.5263E-03   0.91903
FLUX  214   179.50        1.670153E+15   3.1643E-03   3.4999E-03   0.90411
FLUX  215   180.50        1.660900E+15   3.1546E-03   3.4738E-03   0.90810
FLUX  216   181.50        1.651749E+15   3.1121E-03   3.4480E-03   0.90257
FLUX  217   182.50        1.642699E+15   3.0813E-03   3.4224E-03   0.90032
FLUX  218   183.50        1.633747E+15   3.0963E-03   3.3972E-03   0.91144
FLUX  219   184.50        1.624892E+15   3.1195E-03   3.3721E-03   0.92507
FLUX  220   185.50        1.616132E+15   3.1201E-03   3.3474E-03   0.93212
FLUX  221   186.50        1.607466E+15   3.1290E-03   3.3229E-03   0.94165
FLUX  222   187.50        1.598893E+15   3.0594E-03   3.2986E-03   0.92748
FLUX  223   188.50        1.590411E+15   3.0298E-03   3.2746E-03   0.92525
FLUX  224   189.50        1.582018E+15   3.0919E-03   3.2508E-03   0.95111
FLUX  225   190.50        1.573714E+15   3.0809E-03   3.2273E-03   0.95464
FLUX  226   191.50        1.565496E+15   3.0672E-03   3.2040E-03   0.95733
FLUX  227   192.50        1.557364E+15   2.9294E-03   3.1809E-03   0.92094
FLUX  228   193.50        1.549315E+15   3.0512E-03   3.1581E-03   0.96614
FLUX  229   194.50        1.541350E+15   3.0442E-03   3.1355E-03   0.97089
FLUX  230   195.50        1.533465E+15   2.9215E-03   3.1131E-03   0.93844
FLUX  231   196.70        1.524110E+15   2.9791E-03   3.0866E-03   0.96517
FLUX  232   197.60        1.517169E+15   2.9573E-03   3.0669E-03   0.96426
FLUX  233   198.40        1.511051E+15   2.9795E-03   3.0496E-03   0.97701
FLUX  234   199.50        1.502719E+15   2.9468E-03   3.0260E-03   0.97385
FLUX  235   200.50        1.495224E+15   2.9600E-03   3.0047E-03   0.98514
FLUX  236   201.50        1.487804E+15   2.9388E-03   2.9837E-03   0.98496
FLUX  237   202.50        1.480457E+15   2.9273E-03   2.9628E-03   0.98800
FLUX  238   203.50        1.473182E+15   2.8820E-03   2.9422E-03   0.97954
FLUX  239   204.50        1.465978E+15   2.8495E-03   2.9218E-03   0.97524
FLUX  240   205.50        1.458844E+15   2.1074E-03   3.0025E-03   0.70191
FLUX  241   206.50        1.451780E+15   2.0399E-03   2.9816E-03   0.68418
FLUX  242   207.40        1.445480E+15   2.1276E-03   2.9629E-03   0.71807
FLUX  243   207.80        1.442697E+15   2.1931E-03   2.9547E-03   0.74226
FLUX  244   208.50        1.437854E+15   2.4063E-03   2.9404E-03   0.81837
FLUX  245   209.50        1.430990E+15   2.6833E-03   2.9201E-03   0.91891
FLUX  246   210.50        1.424192E+15   2.7129E-03   2.9000E-03   0.93550
FLUX  247   211.50        1.417459E+15   2.7522E-03   2.8801E-03   0.95559
FLUX  248   212.50        1.410788E+15   2.7122E-03   2.8604E-03   0.94820
FLUX  249   213.50        1.404180E+15   2.7264E-03   2.8409E-03   0.95971
FLUX  250   214.50        1.397634E+15   2.7021E-03   2.8216E-03   0.95766
FLUX  251   215.50        1.391148E+15   2.7122E-03   2.8024E-03   0.96781
FLUX  252   216.50        1.384723E+15   2.5689E-03   2.7835E-03   0.92291
FLUX  253   217.50        1.378356E+15   2.6981E-03   2.7647E-03   0.97588
FLUX  254   218.50        1.372048E+15   2.6001E-03   2.7461E-03   0.94682
FLUX  255   219.50        1.365797E+15   2.6879E-03   2.7277E-03   0.98538
FLUX  256   220.50        1.359603E+15   2.6666E-03   2.7095E-03   0.98414
FLUX  257   221.50        1.353465E+15   2.5522E-03   2.6915E-03   0.94825
FLUX  258   222.50        1.347382E+15   2.6334E-03   2.6736E-03   0.98498
FLUX  259   223.50        1.341353E+15   2.6190E-03   2.6559E-03   0.98610
FLUX  260   224.50        1.335379E+15   2.5920E-03   2.6384E-03   0.98244
FLUX  261   225.50        1.329457E+15   2.5076E-03   2.6210E-03   0.95672
FLUX  262   226.50        1.323587E+15   2.5622E-03   2.6038E-03   0.98404
FLUX  263   227.50        1.317769E+15   2.5701E-03   2.5867E-03   0.99357
FLUX  264   228.50        1.312002E+15   2.5132E-03   2.5698E-03   0.97798
FLUX  265   229.50        1.306285E+15   2.4412E-03   2.5531E-03   0.95617
FLUX  266   230.50        1.300618E+15   2.4233E-03   2.5365E-03   0.95534
FLUX  267   231.50        1.295000E+15   2.4478E-03   2.5201E-03   0.97131
FLUX  268   232.50        1.289430E+15   2.4723E-03   2.5039E-03   0.98740
FLUX  269   233.50        1.283908E+15   2.4586E-03   2.4878E-03   0.98828
FLUX  270   234.50        1.278433E+15   2.4175E-03   2.4718E-03   0.97802
FLUX  271   235.50        1.273004E+15   2.3783E-03   2.4560E-03   0.96835
FLUX  272   236.50        1.267622E+15   2.3541E-03   2.4403E-03   0.96467
FLUX  273   237.50        1.262284E+15   2.3128E-03   2.4248E-03   0.95381
FLUX  274   238.50        1.256992E+15   2.2084E-03   2.4094E-03   0.91655
FLUX  275   239.50        1.251743E+15   2.2765E-03   2.3942E-03   0.95083
FLUX  276   240.50        1.246538E+15   2.2687E-03   2.3791E-03   0.95358
FLUX  277   241.50        1.241377E+15   2.2731E-03   2.3642E-03   0.96148
FLUX  278   242.50        1.236258E+15   2.2932E-03   2.3494E-03   0.97609
FLUX  279   243.50        1.231181E+15   2.2679E-03   2.3347E-03   0.97140
FLUX  280   244.50        1.226145E+15   2.2580E-03   2.3201E-03   0.97325
FLUX  281   245.50        1.221151E+15   2.2299E-03   2.3057E-03   0.96715
FLUX  282   246.50        1.216197E+15   2.2254E-03   2.2914E-03   0.97121
FLUX  283   247.50        1.211283E+15   2.2388E-03   2.2772E-03   0.98315
FLUX  284   248.50        1.206408E+15   2.1870E-03   2.2632E-03   0.96634
FLUX  285   249.50        1.201573E+15   1.8597E-03   2.2493E-03   0.82680
FLUX  286   250.50        1.196776E+15   2.1596E-03   2.2355E-03   0.96605
FLUX  287   251.30        1.192967E+15   2.0357E-03   2.2245E-03   0.91510
FLUX  288   251.80        1.190598E+15   2.1072E-03   2.2177E-03   0.95015
FLUX  289   252.50        1.187297E+15   2.1294E-03   2.2082E-03   0.96428
FLUX  290   253.50        1.182613E+15   2.1491E-03   2.1948E-03   0.97916
FLUX  291   254.50        1.177967E+15   2.1473E-03   2.1815E-03   0.98433
FLUX  292   255.50        1.173356E+15   2.1301E-03   2.1683E-03   0.98235
FLUX  293   256.50        1.168782E+15   2.1205E-03   2.1553E-03   0.98388
FLUX  294   257.50        1.164243E+15   2.1014E-03   2.1423E-03   0.98092
FLUX  295   258.50        1.159739E+15   2.0929E-03   2.1295E-03   0.98284
FLUX  296   259.50        1.155270E+15   2.0311E-03   2.1168E-03   0.95951
FLUX  297   260.50        1.150835E+15   2.0724E-03   2.1044E-03   0.98478
FLUX  298   261.50        1.146434E+15   2.0287E-03   2.0919E-03   0.96977
FLUX  299   262.50        1.142067E+15   2.0509E-03   2.0795E-03   0.98624
FLUX  300   263.50        1.137732E+15   2.0458E-03   2.0672E-03   0.98964
FLUX  301   264.50        1.133431E+15   2.0153E-03   2.0551E-03   0.98063
FLUX  302   265.50        1.129162E+15   2.0175E-03   2.0430E-03   0.98754
FLUX  303   266.50        1.124925E+15   2.0041E-03   2.0310E-03   0.98676
FLUX  304   267.50        1.120720E+15   1.9575E-03   2.0191E-03   0.96947
FLUX  305   268.50        1.116546E+15   1.9741E-03   2.0074E-03   0.98345
FLUX  306   269.50        1.112403E+15   1.9552E-03   1.9957E-03   0.97973
FLUX  307   270.50        1.108290E+15   1.9706E-03   1.9841E-03   0.99317
FLUX  308   271.50        1.104208E+15   1.9504E-03   1.9726E-03   0.98871
FLUX  309   272.50        1.100156E+15   1.9413E-03   1.9613E-03   0.98981
FLUX  310   273.50        1.096133E+15   1.8763E-03   1.9500E-03   0.96223
FLUX  311   274.50        1.092140E+15   1.9272E-03   1.9388E-03   0.99405
FLUX  312   275.50        1.088176E+15   1.9068E-03   1.9277E-03   0.98917
FLUX  313   276.50        1.084241E+15   1.8992E-03   1.9167E-03   0.99089
FLUX  314   277.50        1.080333E+15   1.8856E-03   1.9058E-03   0.98941
FLUX  315   278.50        1.076454E+15   1.8528E-03   1.8950E-03   0.97774
FLUX  316   279.50        1.072603E+15   1.8355E-03   1.8842E-03   0.97412
FLUX  317   280.50        1.068779E+15   1.8463E-03   1.8736E-03   0.98542
FLUX  318   281.50        1.064982E+15   1.8391E-03   1.8631E-03   0.98716
FLUX  319   282.50        1.061212E+15   1.8235E-03   1.8526E-03   0.98427
FLUX  320   283.50        1.057469E+15   1.8218E-03   1.8422E-03   0.98893
FLUX  321   284.50        1.053752E+15   1.8177E-03   1.8319E-03   0.99222
FLUX  322   285.50        1.050061E+15   1.8042E-03   1.8217E-03   0.99037
FLUX  323   286.50        1.046396E+15   1.7725E-03   1.8116E-03   0.97843
FLUX  324   287.50        1.042757E+15   1.7607E-03   1.8016E-03   0.97728
FLUX  325   288.50        1.039142E+15   1.7676E-03   1.7916E-03   0.98660
FLUX  326   289.50        1.035553E+15   1.7577E-03   1.7818E-03   0.98651
FLUX  327   291.00        1.030215E+15   1.7445E-03   1.7671E-03   0.98722
FLUX  328   293.00        1.023183E+15   1.7350E-03   1.7478E-03   0.99266
FLUX  329   295.00        1.016246E+15   1.7159E-03   1.7289E-03   0.99253
FLUX  330   297.00        1.009402E+15   1.6908E-03   1.7102E-03   0.98863
FLUX  331   299.00        1.002651E+15   1.6601E-03   1.6918E-03   0.98123
FLUX  332   301.00        9.959884E+14   1.6424E-03   1.6737E-03   0.98129
FLUX  333   303.00        9.894142E+14   1.6113E-03   1.6559E-03   0.97305
FLUX  334   305.00        9.829262E+14   1.6079E-03   1.6384E-03   0.98140
FLUX  335   307.00        9.765228E+14   1.5811E-03   1.6212E-03   0.97529
FLUX  336   309.00        9.702023E+14   1.5820E-03   1.6042E-03   0.98617
FLUX  337   311.00        9.639630E+14   1.5692E-03   1.5874E-03   0.98852
FLUX  338   313.00        9.578035E+14   1.5515E-03   1.5710E-03   0.98757
FLUX  339   315.00        9.517222E+14   1.5445E-03   1.5548E-03   0.99336
FLUX  340   317.00        9.457177E+14   1.5255E-03   1.5389E-03   0.99134
FLUX  341   319.00        9.397884E+14   1.5154E-03   1.5231E-03   0.99491
FLUX  342   321.00        9.339330E+14   1.4679E-03   1.5076E-03   0.97365
FLUX  343   323.00        9.281502E+14   1.4842E-03   1.4924E-03   0.99452
FLUX  344   325.00        9.224385E+14   1.4723E-03   1.4774E-03   0.99661
FLUX  345   327.00        9.167966E+14   1.4393E-03   1.4626E-03   0.98407
FLUX  346   329.00        9.112234E+14   1.4371E-03   1.4480E-03   0.99251
FLUX  347   331.00        9.057175E+14   1.4202E-03   1.4336E-03   0.99066
FLUX  348   333.00        9.002778E+14   1.4045E-03   1.4194E-03   0.98950
FLUX  349   335.00        8.949030E+14   1.3759E-03   1.4055E-03   0.97897
FLUX  350   337.00        8.895920E+14   1.3729E-03   1.3917E-03   0.98644
FLUX  351   339.00        8.843437E+14   1.3615E-03   1.3782E-03   0.98788
FLUX  352   341.00        8.791569E+14   1.3468E-03   1.3648E-03   0.98677
FLUX  353   343.00        8.740306E+14   1.3446E-03   1.3520E-03   0.99447
FLUX  354   345.00        8.689638E+14   1.3179E-03   1.3391E-03   0.98421
FLUX  355   347.00        8.639553E+14   1.3161E-03   1.3263E-03   0.99233
FLUX  356   349.00        8.590043E+14   1.3053E-03   1.3137E-03   0.99365
FLUX  357   351.00        8.541097E+14   1.2979E-03   1.3012E-03   0.99743
FLUX  358   353.00        8.492705E+14   1.2797E-03   1.2890E-03   0.99283
FLUX  359   355.00        8.444859E+14   1.2693E-03   1.2769E-03   0.99410
FLUX  360   357.00        8.397549E+14   1.2580E-03   1.2650E-03   0.99452
FLUX  361   359.00        8.350766E+14   1.2474E-03   1.2532E-03   0.99536
FLUX  362   361.00        8.304501E+14   1.2312E-03   1.2416E-03   0.99164
FLUX  363   363.00        8.258747E+14   1.2200E-03   1.2302E-03   0.99177
FLUX  364   364.00        8.236058E+14   1.1922E-03   1.2245E-03   0.97363
FLUX  365   365.00        8.213493E+14   1.0676E-03   1.2962E-03   0.82363
FLUX  366   367.00        8.168733E+14   1.0596E-03   1.2841E-03   0.82519
FLUX  367   369.00        8.124458E+14   1.0535E-03   1.2724E-03   0.82800
FLUX  368   371.00        8.080660E+14   1.0491E-03   1.2607E-03   0.83222
FLUX  369   373.00        8.037332E+14   1.0671E-03   1.2491E-03   0.85431
FLUX  370   375.00        7.994467E+14   1.0885E-03   1.2377E-03   0.87948
FLUX  371   377.00        7.952056E+14   1.1042E-03   1.2264E-03   0.90035
FLUX  372   379.00        7.910092E+14   1.1321E-03   1.2153E-03   0.93160
FLUX  373   381.00        7.868570E+14   1.1494E-03   1.2043E-03   0.95439
FLUX  374   383.00        7.827480E+14   1.0981E-03   1.1935E-03   0.92009
FLUX  375   385.00        7.786818E+14   1.1517E-03   1.1828E-03   0.97370
FLUX  376   387.00        7.746576E+14   1.1419E-03   1.1722E-03   0.97409
FLUX  377   389.00        7.706748E+14   1.0589E-03   1.1618E-03   0.91137
FLUX  378   391.00        7.667327E+14   1.1397E-03   1.1516E-03   0.98968
FLUX  379   393.00        7.628308E+14   1.1149E-03   1.1414E-03   0.97678
FLUX  380   395.00        7.589684E+14   1.1093E-03   1.1314E-03   0.98043
FLUX  381   397.00        7.551448E+14   1.0138E-03   1.1216E-03   0.90390
FLUX  382   399.00        7.513596E+14   1.1003E-03   1.1118E-03   0.98965
FLUX  383   401.00        7.476122E+14   1.0906E-03   1.1022E-03   0.98945
FLUX  384   403.00        7.439020E+14   1.0636E-03   1.0927E-03   0.97335
FLUX  385   405.00        7.402284E+14   1.0743E-03   1.0833E-03   0.99162
FLUX  386   407.00        7.365909E+14   1.0595E-03   1.0741E-03   0.98642
FLUX  387   409.00        7.329890E+14   1.0229E-03   1.0649E-03   0.96054
FLUX  388   411.00        7.294221E+14   9.6986E-04   1.0559E-03   0.91852
FLUX  389   413.00        7.258898E+14   1.0316E-03   1.0470E-03   0.98528
FLUX  390   415.00        7.223916E+14   1.0266E-03   1.0382E-03   0.98883
FLUX  391   417.00        7.189269E+14   1.0220E-03   1.0295E-03   0.99270
FLUX  392   419.00        7.154952E+14   1.0102E-03   1.0209E-03   0.98954
FLUX  393   421.00        7.120962E+14   9.8876E-04   1.0124E-03   0.97665
FLUX  394   423.00        7.087293E+14   1.0001E-03   1.0040E-03   0.99610
FLUX  395   425.00        7.053941E+14   9.9015E-04   9.9574E-04   0.99438
FLUX  396   427.00        7.020902E+14   9.8259E-04   9.8756E-04   0.99496
FLUX  397   429.00        6.988170E+14   9.7445E-04   9.7949E-04   0.99486
FLUX  398   431.00        6.955742E+14   9.6145E-04   9.7151E-04   0.98965
FLUX  399   433.00        6.923614E+14   9.2496E-04   9.6362E-04   0.95988
FLUX  400   435.00        6.891782E+14   8.8792E-04   9.5583E-04   0.92895
FLUX  401   437.00        6.860240E+14   9.3667E-04   9.4814E-04   0.98790
FLUX  402   439.00        6.828986E+14   9.2316E-04   9.4053E-04   0.98153
FLUX  403   441.00        6.798016E+14   9.1379E-04   9.3302E-04   0.97940
FLUX  404   443.00        6.767325E+14   9.1517E-04   9.2559E-04   0.98875
FLUX  405   445.00        6.736910E+14   9.0624E-04   9.1825E-04   0.98691
FLUX  406   447.00        6.706767E+14   8.9768E-04   9.1100E-04   0.98537
FLUX  407   449.00        6.676893E+14   8.9568E-04   9.0384E-04   0.99097
FLUX  408   451.00        6.647284E+14   8.7977E-04   8.9675E-04   0.98106
FLUX  409   453.00        6.617936E+14   8.7372E-04   8.8975E-04   0.98198
FLUX  410   455.00        6.588846E+14   8.5219E-04   8.8283E-04   0.96529
FLUX  411   457.00        6.560011E+14   8.6449E-04   8.7599E-04   0.98688
FLUX  412   459.00        6.531427E+14   8.5633E-04   8.6922E-04   0.98517
FLUX  413   461.00        6.503091E+14   8.5386E-04   8.6254E-04   0.98994
FLUX  414   463.00        6.475000E+14   8.4103E-04   8.5593E-04   0.98259
FLUX  415   465.00        6.447151E+14   8.1306E-04   8.4940E-04   0.95722
FLUX  416   467.00        6.419540E+14   8.3090E-04   8.4294E-04   0.98571
FLUX  417   469.00        6.392164E+14   8.0106E-04   8.3655E-04   0.95757
FLUX  418   471.00        6.365021E+14   8.2420E-04   8.3024E-04   0.99272
FLUX  419   473.00        6.338108E+14   8.2247E-04   8.2400E-04   0.99815
FLUX  420   475.00        6.311421E+14   8.1699E-04   8.1782E-04   0.99898
FLUX  421   477.00        6.284958E+14   8.1055E-04   8.1172E-04   0.99855
FLUX  422   479.00        6.258716E+14   8.0280E-04   8.0568E-04   0.99642
FLUX  423   481.00        6.232692E+14   7.9810E-04   7.9971E-04   0.99798
FLUX  424   483.00        6.206884E+14   7.9132E-04   7.9381E-04   0.99687
FLUX  425   485.00        6.181289E+14   7.7052E-04   7.8797E-04   0.97786
FLUX  426   487.00        6.155903E+14   7.2339E-04   7.8219E-04   0.92483
FLUX  427   489.00        6.130726E+14   7.7257E-04   7.7647E-04   0.99498
FLUX  428   491.00        6.105754E+14   7.6760E-04   7.7082E-04   0.99583
FLUX  429   493.00        6.080984E+14   7.6105E-04   7.6523E-04   0.99455
FLUX  430   495.00        6.056414E+14   7.5793E-04   7.5969E-04   0.99768
FLUX  431   497.00        6.032042E+14   7.5307E-04   7.5422E-04   0.99847
FLUX  432   499.00        6.007866E+14   7.4846E-04   7.4880E-04   0.99954
FLUX  433   501.00        5.983882E+14   7.3879E-04   7.4344E-04   0.99374
FLUX  434   503.00        5.960089E+14   7.3560E-04   7.3814E-04   0.99656
FLUX  435   505.00        5.936485E+14   7.3040E-04   7.3289E-04   0.99660
FLUX  436   507.00        5.913067E+14   7.2653E-04   7.2770E-04   0.99839
FLUX  437   509.00        5.889833E+14   7.2189E-04   7.2256E-04   0.99907
FLUX  438   511.00        5.866781E+14   7.1656E-04   7.1748E-04   0.99871
FLUX  439   513.00        5.843908E+14   7.1073E-04   7.1245E-04   0.99759
FLUX  440   515.00        5.821214E+14   7.0613E-04   7.0747E-04   0.99810
FLUX  441   517.00        5.798694E+14   7.0197E-04   7.0254E-04   0.99918
FLUX  442   519.00        5.776349E+14   6.9698E-04   6.9767E-04   0.99901
FLUX  443   521.00        5.754175E+14   6.9167E-04   6.9284E-04   0.99831
FLUX  444   523.00        5.732170E+14   6.8784E-04   6.8807E-04   0.99967
FLUX  445   525.00        5.710333E+14   6.8070E-04   6.8334E-04   0.99614
FLUX  446   527.00        5.688662E+14   6.7585E-04   6.7866E-04   0.99586
FLUX  447   529.00        5.667155E+14   6.7375E-04   6.7403E-04   0.99959
FLUX  448   531.00        5.645810E+14   6.6903E-04   6.6944E-04   0.99938
FLUX  449   533.00        5.624625E+14   6.6425E-04   6.6491E-04   0.99901
FLUX  450   535.00        5.603598E+14   6.6030E-04   6.6042E-04   0.99982
FLUX  451   537.00        5.582728E+14   6.5561E-04   6.5597E-04   0.99946
FLUX  452   539.00        5.562013E+14   6.5111E-04   6.5156E-04   0.99931
FLUX  453   541.00        5.541451E+14   6.3316E-04   6.4720E-04   0.97830
FLUX  454   543.00        5.521041E+14   6.4262E-04   6.4289E-04   0.99959
FLUX  455   545.00        5.500780E+14   6.3846E-04   6.3862E-04   0.99976
FLUX  456   547.00        5.480667E+14   6.3369E-04   6.3439E-04   0.99890
FLUX  457   549.00        5.460701E+14   6.2996E-04   6.3020E-04   0.99963
FLUX  458   551.00        5.440880E+14   6.2458E-04   6.2605E-04   0.99765
FLUX  459   553.00        5.421203E+14   6.2173E-04   6.2194E-04   0.99966
FLUX  460   555.00        5.401667E+14   6.1780E-04   6.1788E-04   0.99988
FLUX  461   557.00        5.382271E+14   6.1249E-04   6.1385E-04   0.99779
FLUX  462   559.00        5.363014E+14   6.0637E-04   6.0986E-04   0.99427
FLUX  463   561.00        5.343895E+14   6.0583E-04   6.0591E-04   0.99988
FLUX  464   563.00        5.324911E+14   6.0182E-04   6.0200E-04   0.99970
FLUX  465   565.00        5.306062E+14   5.9791E-04   5.9812E-04   0.99963
FLUX  466   567.00        5.287346E+14   5.9402E-04   5.9429E-04   0.99955
FLUX  467   569.00        5.268761E+14   5.7868E-04   5.9049E-04   0.98000
FLUX  468   571.00        5.250306E+14   5.3967E-04   5.8866E-04   0.91678
FLUX  469   573.00        5.231981E+14   5.3651E-04   5.8492E-04   0.91724
FLUX  470   575.00        5.213783E+14   5.3308E-04   5.8121E-04   0.91719
FLUX  471   577.00        5.195711E+14   5.3057E-04   5.7753E-04   0.91868
FLUX  472   579.00        5.177763E+14   5.2797E-04   5.7389E-04   0.91998
FLUX  473   581.00        5.159940E+14   5.2119E-04   5.7028E-04   0.91391
FLUX  474   583.00        5.142238E+14   5.2426E-04   5.6671E-04   0.92509
FLUX  475   585.00        5.124658E+14   5.2484E-04   5.6317E-04   0.93193
FLUX  476   587.00        5.107198E+14   5.2061E-04   5.5967E-04   0.93022
FLUX  477   589.00        5.089856E+14   5.2515E-04   5.5619E-04   0.94419
FLUX  478   591.00        5.072631E+14   5.2589E-04   5.5275E-04   0.95141
FLUX  479   593.00        5.055523E+14   5.2715E-04   5.4934E-04   0.95960
FLUX  480   595.00        5.038529E+14   5.2931E-04   5.4596E-04   0.96950
FLUX  481   597.00        5.021650E+14   5.3120E-04   5.4261E-04   0.97897
FLUX  482   599.00        5.004883E+14   5.3302E-04   5.3930E-04   0.98837
FLUX  483   601.00        4.988228E+14   5.3179E-04   5.3601E-04   0.99213
FLUX  484   603.00        4.971683E+14   5.2946E-04   5.3275E-04   0.99382
FLUX  485   605.00        4.955248E+14   5.2717E-04   5.2952E-04   0.99556
FLUX  486   607.00        4.938921E+14   5.2390E-04   5.2632E-04   0.99539
FLUX  487   609.00        4.922701E+14   5.2178E-04   5.2315E-04   0.99739
FLUX  488   611.00        4.906588E+14   5.1760E-04   5.2001E-04   0.99537
FLUX  489   613.00        4.890579E+14   5.1481E-04   5.1689E-04   0.99596
FLUX  490   615.00        4.874675E+14   5.1254E-04   5.1381E-04   0.99753
FLUX  491   617.00        4.858874E+14   5.0765E-04   5.1075E-04   0.99393
FLUX  492   619.00        4.843174E+14   5.0716E-04   5.0771E-04   0.99891
FLUX  493   621.00        4.827576E+14   5.0446E-04   5.0471E-04   0.99952
FLUX  494   623.00        4.812079E+14   4.9853E-04   5.0173E-04   0.99363
FLUX  495   625.00        4.796680E+14   4.9780E-04   4.9877E-04   0.99805
FLUX  496   627.00        4.781380E+14   4.9551E-04   4.9585E-04   0.99932
FLUX  497   629.00        4.766176E+14   4.9271E-04   4.9294E-04   0.99953
FLUX  498   631.00        4.751070E+14   4.8587E-04   4.9007E-04   0.99143
FLUX  499   633.00        4.736058E+14   4.8682E-04   4.8721E-04   0.99920
FLUX  500   635.00        4.721142E+14   4.8402E-04   4.8439E-04   0.99925
FLUX  501   637.00        4.706319E+14   4.8148E-04   4.8158E-04   0.99979
FLUX  502   639.00        4.691588E+14   4.7812E-04   4.7880E-04   0.99857
FLUX  503   641.00        4.676950E+14   4.7112E-04   4.7605E-04   0.98965
FLUX  504   643.00        4.662403E+14   4.7322E-04   4.7332E-04   0.99979
FLUX  505   645.00        4.647946E+14   4.6981E-04   4.7061E-04   0.99830
FLUX  506   647.00        4.633578E+14   4.6699E-04   4.6792E-04   0.99802
FLUX  507   649.00        4.619299E+14   4.6488E-04   4.6526E-04   0.99918
FLUX  508   651.00        4.605108E+14   4.6127E-04   4.6262E-04   0.99708
FLUX  509   653.00        4.591003E+14   4.5365E-04   4.6000E-04   0.98619
FLUX  510   655.00        4.576985E+14   4.5115E-04   4.5741E-04   0.98633
FLUX  511   657.00        4.563052E+14   4.1936E-04   4.5483E-04   0.92201
FLUX  512   659.00        4.549203E+14   4.5105E-04   4.5228E-04   0.99730
FLUX  513   661.00        4.535439E+14   4.4965E-04   4.4975E-04   0.99979
FLUX  514   663.00        4.521757E+14   4.4722E-04   4.4724E-04   0.99997
FLUX  515   665.00        4.508158E+14   4.4469E-04   4.4476E-04   0.99985
FLUX  516   667.00        4.494640E+14   4.3915E-04   4.4229E-04   0.99290
FLUX  517   669.00        4.481203E+14   4.3179E-04   4.3984E-04   0.98169
FLUX  518   671.00        4.467846E+14   4.3616E-04   4.3741E-04   0.99714
FLUX  519   673.00        4.454569E+14   4.3406E-04   4.3501E-04   0.99783
FLUX  520   675.00        4.441370E+14   4.3167E-04   4.3262E-04   0.99781
FLUX  521   677.00        4.428250E+14   4.2990E-04   4.3025E-04   0.99918
FLUX  522   679.00        4.415206E+14   4.2787E-04   4.2790E-04   0.99992
FLUX  523   681.00        4.402239E+14   4.2552E-04   4.2557E-04   0.99987
FLUX  524   683.00        4.389348E+14   4.2322E-04   4.2326E-04   0.99992
FLUX  525   685.00        4.376533E+14   4.2076E-04   4.2096E-04   0.99951
FLUX  526   687.00        4.363792E+14   4.1824E-04   4.1869E-04   0.99892
FLUX  527   689.00        4.351125E+14   4.0913E-04   4.1643E-04   0.98246
FLUX  528   691.00        4.338531E+14   4.1365E-04   4.1419E-04   0.99868
FLUX  529   693.00        4.326010E+14   4.1196E-04   4.1197E-04   0.99998
FLUX  530   695.00        4.313561E+14   4.0967E-04   4.0977E-04   0.99974
FLUX  531   697.00        4.301184E+14   4.0758E-04   4.0759E-04   0.99998
FLUX  532   699.00        4.288877E+14   4.0533E-04   4.0542E-04   0.99977
FLUX  533   701.00        4.276641E+14   4.0277E-04   4.0327E-04   0.99876
FLUX  534   703.00        4.264474E+14   3.9988E-04   4.0114E-04   0.99686
FLUX  535   705.00        4.252376E+14   3.9826E-04   3.9902E-04   0.99809
FLUX  536   707.00        4.240347E+14   3.9466E-04   3.9692E-04   0.99429
FLUX  537   709.00        4.228385E+14   3.9480E-04   3.9484E-04   0.99990
FLUX  538   711.00        4.216491E+14   3.9229E-04   3.9277E-04   0.99876
FLUX  539   713.00        4.204663E+14   3.9023E-04   3.9072E-04   0.99874
FLUX  540   715.00        4.192902E+14   3.8868E-04   3.8869E-04   0.99997
FLUX  541   717.00        4.181206E+14   3.8178E-04   3.8667E-04   0.98736
FLUX  542   719.00        4.169576E+14   3.8195E-04   3.8467E-04   0.99294
FLUX  543   721.00        4.158010E+14   3.8260E-04   3.8268E-04   0.99979
FLUX  544   723.00        4.146508E+14   3.8059E-04   3.8070E-04   0.99971
FLUX  545   725.00        4.135069E+14   3.7870E-04   3.7875E-04   0.99987
FLUX  546   727.00        4.123693E+14   3.7677E-04   3.7680E-04   0.99991
FLUX  547   729.00        4.112380E+14   3.7425E-04   3.7488E-04   0.99832
FLUX  548   731.00        4.101129E+14   3.7232E-04   3.7296E-04   0.99827
FLUX  549   733.00        4.089939E+14   3.7099E-04   3.7106E-04   0.99981
FLUX  550   735.00        4.078810E+14   3.6915E-04   3.6918E-04   0.99992
FLUX  551   737.00        4.067741E+14   3.6691E-04   3.6731E-04   0.99890
FLUX  552   739.00        4.056732E+14   3.6503E-04   3.6545E-04   0.99884
FLUX  553   741.00        4.045783E+14   3.6322E-04   3.6361E-04   0.99893
FLUX  554   743.00        4.034892E+14   3.6177E-04   3.6178E-04   0.99997
FLUX  555   745.00        4.024060E+14   3.5918E-04   3.5997E-04   0.99780
FLUX  556   747.00        4.013286E+14   3.5779E-04   3.5817E-04   0.99895
FLUX  557   749.00        4.002570E+14   3.5483E-04   3.5638E-04   0.99564
FLUX  558   751.00        3.991911E+14   3.5412E-04   3.5461E-04   0.99862
FLUX  559   753.00        3.981308E+14   3.5255E-04   3.5285E-04   0.99916
FLUX  560   755.00        3.970762E+14   3.5075E-04   3.5110E-04   0.99901
FLUX  561   757.00        3.960271E+14   3.4875E-04   3.4936E-04   0.99824
FLUX  562   759.00        3.949835E+14   3.4049E-04   3.4764E-04   0.97944
FLUX  563   761.00        3.939455E+14   3.4479E-04   3.4593E-04   0.99671
FLUX  564   763.00        3.929128E+14   3.4380E-04   3.4423E-04   0.99873
FLUX  565   765.00        3.918856E+14   3.4221E-04   3.4255E-04   0.99903
FLUX  566   767.00        3.908638E+14   3.4050E-04   3.4088E-04   0.99891
FLUX  567   769.00        3.898472E+14   3.3798E-04   3.3921E-04   0.99637
FLUX  568   771.00        3.888359E+14   3.3676E-04   3.3757E-04   0.99762
FLUX  569   773.00        3.878299E+14   3.3454E-04   3.3593E-04   0.99588
FLUX  570   775.00        3.868290E+14   3.3343E-04   3.3430E-04   0.99740
FLUX  571   777.00        3.858333E+14   3.3256E-04   3.3269E-04   0.99960
FLUX  572   779.00        3.848427E+14   3.3057E-04   3.3109E-04   0.99842
FLUX  573   781.00        3.838572E+14   3.2938E-04   3.2950E-04   0.99966
FLUX  574   783.00        3.828768E+14   3.2769E-04   3.2792E-04   0.99932
FLUX  575   785.00        3.819013E+14   3.2466E-04   3.2637E-04   0.99477
FLUX  576   787.00        3.809307E+14   3.2411E-04   3.2481E-04   0.99785
FLUX  577   789.00        3.799651E+14   3.2295E-04   3.2327E-04   0.99902
FLUX  578   791.00        3.790044E+14   3.2164E-04   3.2173E-04   0.99971
FLUX  579   793.00        3.780485E+14   3.2020E-04   3.2021E-04   0.99997
FLUX  580   795.00        3.770975E+14   3.1859E-04   3.1870E-04   0.99967
FLUX  581   797.00        3.761512E+14   3.1648E-04   3.1719E-04   0.99776
FLUX  582   799.00        3.752096E+14   3.1563E-04   3.1570E-04   0.99977
FLUX  583   801.00        3.742728E+14   3.1417E-04   3.1422E-04   0.99986
FLUX  584   803.00        3.733406E+14   3.1230E-04   3.1275E-04   0.99856
FLUX  585   805.00        3.724130E+14   3.1128E-04   3.1129E-04   0.99998
FLUX  586   807.00        3.714901E+14   3.0983E-04   3.0984E-04   0.99997
FLUX  587   809.00        3.705717E+14   3.0839E-04   3.0839E-04   0.99997
FLUX  588   811.00        3.696578E+14   3.0691E-04   3.0696E-04   0.99983
FLUX  589   813.00        3.687485E+14   3.0554E-04   3.0554E-04   0.99998
FLUX  590   815.00        3.678436E+14   3.0410E-04   3.0413E-04   0.99991
FLUX  591   817.00        3.669431E+14   3.0219E-04   3.0273E-04   0.99821
FLUX  592   819.00        3.660470E+14   2.9963E-04   3.0134E-04   0.99431
FLUX  593   821.00        3.651553E+14   2.8447E-04   3.0365E-04   0.93685
FLUX  594   823.00        3.642679E+14   2.8104E-04   3.0226E-04   0.92981
FLUX  595   825.00        3.633848E+14   2.8155E-04   3.0087E-04   0.93578
FLUX  596   827.00        3.625060E+14   2.8067E-04   2.9950E-04   0.93711
FLUX  597   829.00        3.616315E+14   2.7959E-04   2.9814E-04   0.93780
FLUX  598   831.00        3.607611E+14   2.7850E-04   2.9678E-04   0.93841
FLUX  599   833.00        3.598950E+14   2.7652E-04   2.9543E-04   0.93598
FLUX  600   835.00        3.590329E+14   2.7559E-04   2.9409E-04   0.93709
FLUX  601   837.00        3.581750E+14   2.7488E-04   2.9276E-04   0.93893
FLUX  602   839.00        3.573212E+14   2.7401E-04   2.9144E-04   0.94018
FLUX  603   841.00        3.564715E+14   2.7310E-04   2.9013E-04   0.94130
FLUX  604   843.00        3.556257E+14   2.7222E-04   2.8883E-04   0.94252
FLUX  605   845.00        3.547840E+14   2.7126E-04   2.8753E-04   0.94341
FLUX  606   847.00        3.539463E+14   2.7052E-04   2.8624E-04   0.94505
FLUX  607   849.00        3.531125E+14   2.6987E-04   2.8497E-04   0.94702
FLUX  608   851.00        3.522826E+14   2.6837E-04   2.8370E-04   0.94596
FLUX  609   853.00        3.514566E+14   2.6859E-04   2.8244E-04   0.95098
FLUX  610   855.00        3.506345E+14   2.6743E-04   2.8118E-04   0.95108
FLUX  611   857.00        3.498162E+14   2.6733E-04   2.7994E-04   0.95495
FLUX  612   859.00        3.490017E+14   2.6607E-04   2.7870E-04   0.95466
FLUX  613   861.00        3.481911E+14   2.6553E-04   2.7748E-04   0.95694
FLUX  614   863.00        3.473841E+14   2.6631E-04   2.7626E-04   0.96400
FLUX  615   865.00        3.465809E+14   2.6513E-04   2.7504E-04   0.96397
FLUX  616   867.00        3.457814E+14   2.6152E-04   2.7384E-04   0.95500
FLUX  617   869.00        3.449856E+14   2.6497E-04   2.7264E-04   0.97186
FLUX  618   871.00        3.441935E+14   2.6512E-04   2.7145E-04   0.97667
FLUX  619   873.00        3.434049E+14   2.6393E-04   2.7027E-04   0.97652
FLUX  620   875.00        3.426200E+14   2.5708E-04   2.6910E-04   0.95534
FLUX  621   877.00        3.418387E+14   2.6203E-04   2.6794E-04   0.97796
FLUX  622   879.00        3.410609E+14   2.6367E-04   2.6678E-04   0.98835
FLUX  623   881.00        3.402866E+14   2.6338E-04   2.6563E-04   0.99154
FLUX  624   883.00        3.395159E+14   2.6252E-04   2.6448E-04   0.99259
FLUX  625   885.00        3.387486E+14   2.5727E-04   2.6335E-04   0.97694
FLUX  626   887.00        3.379848E+14   2.4927E-04   2.6222E-04   0.95060
FLUX  627   889.00        3.372244E+14   2.5854E-04   2.6110E-04   0.99019
FLUX  628   891.00        3.364675E+14   2.5883E-04   2.5998E-04   0.99556
FLUX  629   893.00        3.357139E+14   2.5753E-04   2.5888E-04   0.99481
FLUX  630   895.00        3.349637E+14   2.5679E-04   2.5778E-04   0.99619
FLUX  631   897.00        3.342168E+14   2.5587E-04   2.5668E-04   0.99682
FLUX  632   899.00        3.334733E+14   2.5337E-04   2.5560E-04   0.99128
FLUX  633   901.00        3.327331E+14   2.4066E-04   2.5452E-04   0.94554
FLUX  634   903.00        3.319961E+14   2.4564E-04   2.5345E-04   0.96920
FLUX  635   905.00        3.312624E+14   2.5105E-04   2.5238E-04   0.99473
FLUX  636   907.00        3.305320E+14   2.5052E-04   2.5132E-04   0.99682
FLUX  637   909.00        3.298047E+14   2.4983E-04   2.5027E-04   0.99824
FLUX  638   911.00        3.290807E+14   2.4826E-04   2.4922E-04   0.99615
FLUX  639   913.00        3.283598E+14   2.4791E-04   2.4818E-04   0.99889
FLUX  640   915.00        3.276421E+14   2.4714E-04   2.4715E-04   0.99997
FLUX  641   917.00        3.269275E+14   2.4569E-04   2.4612E-04   0.99823
FLUX  642   919.00        3.262160E+14   2.4428E-04   2.4510E-04   0.99665
FLUX  643   921.00        3.255076E+14   2.4041E-04   2.4409E-04   0.98492
FLUX  644   923.00        3.248023E+14   2.2528E-04   2.4308E-04   0.92675
FLUX  645   925.00        3.241000E+14   2.3774E-04   2.4208E-04   0.98208
FLUX  646   927.00        3.234008E+14   2.4016E-04   2.4109E-04   0.99615
FLUX  647   929.00        3.227045E+14   2.3978E-04   2.4010E-04   0.99870
FLUX  648   931.00        3.220113E+14   2.3885E-04   2.3911E-04   0.99890
FLUX  649   933.00        3.213210E+14   2.3766E-04   2.3814E-04   0.99802
FLUX  650   935.00        3.206337E+14   2.3098E-04   2.3717E-04   0.97391
FLUX  651   937.00        3.199493E+14   2.3437E-04   2.3620E-04   0.99225
FLUX  652   939.00        3.192678E+14   2.3487E-04   2.3524E-04   0.99844
FLUX  653   941.00        3.185893E+14   2.3373E-04   2.3429E-04   0.99763
FLUX  654   943.00        3.179136E+14   2.3300E-04   2.3334E-04   0.99853
FLUX  655   945.00        3.172407E+14   2.3224E-04   2.3240E-04   0.99932
FLUX  656   947.00        3.165707E+14   2.3119E-04   2.3146E-04   0.99883
FLUX  657   949.00        3.159036E+14   2.3024E-04   2.3053E-04   0.99873
FLUX  658   951.00        3.152392E+14   2.2835E-04   2.2960E-04   0.99454
FLUX  659   953.00        3.145776E+14   2.2410E-04   2.2868E-04   0.97995
FLUX  660   955.00        3.139188E+14   2.0972E-04   2.2777E-04   0.92074
FLUX  661   957.00        3.132628E+14   2.2378E-04   2.2686E-04   0.98643
FLUX  662   959.00        3.126095E+14   2.2525E-04   2.2596E-04   0.99689
FLUX  663   961.00        3.119589E+14   2.2484E-04   2.2506E-04   0.99901
FLUX  664   963.00        3.113110E+14   2.2371E-04   2.2417E-04   0.99795
FLUX  665   965.00        3.106658E+14   2.2321E-04   2.2328E-04   0.99968
FLUX  666   967.00        3.100233E+14   2.2239E-04   2.2240E-04   0.99998
FLUX  667   969.00        3.093834E+14   2.2151E-04   2.2152E-04   0.99997
FLUX  668   971.00        3.087461E+14   2.1743E-04   2.2065E-04   0.98542
FLUX  669   973.00        3.081115E+14   2.1918E-04   2.1978E-04   0.99729
FLUX  670   975.00        3.074795E+14   2.1846E-04   2.1892E-04   0.99792
FLUX  671   977.00        3.068501E+14   2.1608E-04   2.1806E-04   0.99093
FLUX  672   979.00        3.062232E+14   2.1718E-04   2.1721E-04   0.99986
FLUX  673   981.00        3.055989E+14   2.1632E-04   2.1636E-04   0.99981
FLUX  674   983.00        3.049771E+14   2.1529E-04   2.1552E-04   0.99890
FLUX  675   985.00        3.043579E+14   2.1466E-04   2.1469E-04   0.99990
FLUX  676   987.00        3.037411E+14   2.1385E-04   2.1385E-04   0.99998
FLUX  677   989.00        3.031269E+14   2.1297E-04   2.1303E-04   0.99976
FLUX  678   991.00        3.025151E+14   2.1206E-04   2.1220E-04   0.99930
FLUX  679   993.00        3.019058E+14   2.1138E-04   2.1139E-04   0.99997
FLUX  680   995.00        3.012990E+14   2.1057E-04   2.1057E-04   0.99998
FLUX  681   997.00        3.006946E+14   2.0975E-04   2.0976E-04   0.99992
FLUX  682   999.00        3.000926E+14   2.0894E-04   2.0896E-04   0.99990
FLUX  683  1002.50        2.990449E+14   2.0337E-04   2.0757E-04   0.97977
FLUX  684  1007.50        2.975608E+14   1.9928E-04   2.0560E-04   0.96928
FLUX  685  1012.50        2.960914E+14   1.9935E-04   2.0365E-04   0.97888
FLUX  686  1017.50        2.946364E+14   2.0173E-04   2.0174E-04   0.99997
FLUX  687  1022.50        2.931956E+14   1.9979E-04   1.9985E-04   0.99971
FLUX  688  1027.50        2.917689E+14   1.9775E-04   1.9799E-04   0.99881
FLUX  689  1032.50        2.903559E+14   1.9578E-04   1.9615E-04   0.99809
FLUX  690  1037.50        2.889566E+14   1.9429E-04   1.9434E-04   0.99975
FLUX  691  1042.50        2.875707E+14   1.9126E-04   1.9255E-04   0.99329
FLUX  692  1047.50        2.861981E+14   1.9079E-04   1.9079E-04   0.99998
FLUX  693  1052.50        2.848385E+14   1.8902E-04   1.8905E-04   0.99982
FLUX  694  1057.50        2.834917E+14   1.8731E-04   1.8734E-04   0.99987
FLUX  695  1062.50        2.821576E+14   1.8563E-04   1.8565E-04   0.99992
FLUX  696  1067.50        2.808361E+14   1.8394E-04   1.8398E-04   0.99977
FLUX  697  1072.50        2.795268E+14   1.8232E-04   1.8233E-04   0.99992
FLUX  698  1077.50        2.782297E+14   1.8069E-04   1.8071E-04   0.99991
FLUX  699  1082.50        2.769446E+14   1.7836E-04   1.7910E-04   0.99582
FLUX  700  1087.50        2.756713E+14   1.7733E-04   1.7752E-04   0.99892
FLUX  701  1092.50        2.744096E+14   1.6820E-04   1.7596E-04   0.95591
FLUX  702  1097.50        2.731595E+14   1.7263E-04   1.7442E-04   0.98975
FLUX  703  1102.50        2.719206E+14   1.7279E-04   1.7290E-04   0.99937
FLUX  704  1107.50        2.706930E+14   1.7138E-04   1.7140E-04   0.99992
FLUX  705  1112.50        2.694764E+14   1.6990E-04   1.6991E-04   0.99991
FLUX  706  1117.50        2.682707E+14   1.6857E-04   1.6858E-04   0.99998
FLUX  707  1122.50        2.670757E+14   1.6708E-04   1.6713E-04   0.99968
FLUX  708  1127.50        2.658914E+14   1.6562E-04   1.6570E-04   0.99952
FLUX  709  1132.50        2.647174E+14   1.6419E-04   1.6429E-04   0.99936
FLUX  710  1137.50        2.635538E+14   1.6285E-04   1.6290E-04   0.99968
FLUX  711  1142.50        2.624004E+14   1.6151E-04   1.6153E-04   0.99987
FLUX  712  1147.50        2.612571E+14   1.6016E-04   1.6017E-04   0.99990
FLUX  713  1152.50        2.601236E+14   1.5883E-04   1.5883E-04   0.99998
FLUX  714  1157.50        2.590000E+14   1.5734E-04   1.5751E-04   0.99895
FLUX  715  1162.50        2.578860E+14   1.5416E-04   1.5620E-04   0.98694
FLUX  716  1167.50        2.567816E+14   1.5340E-04   1.5491E-04   0.99024
FLUX  717  1172.50        2.556866E+14   1.5359E-04   1.5364E-04   0.99971
FLUX  718  1177.50        2.546008E+14   1.5238E-04   1.5238E-04   0.99999
FLUX  719  1182.50        2.535243E+14   1.5095E-04   1.5114E-04   0.99879
FLUX  720  1187.50        2.524568E+14   1.4987E-04   1.4991E-04   0.99973
FLUX  721  1192.50        2.513983E+14   1.4864E-04   1.4869E-04   0.99966
FLUX  722  1197.50        2.503486E+14   1.4689E-04   1.4749E-04   0.99589
FLUX  723  1202.50        2.493077E+14   1.4631E-04   1.4631E-04   0.99999
FLUX  724  1207.50        2.482754E+14   1.4507E-04   1.4514E-04   0.99957
FLUX  725  1212.50        2.472515E+14   1.4386E-04   1.4398E-04   0.99917
FLUX  726  1217.50        2.462361E+14   1.4282E-04   1.4284E-04   0.99991
FLUX  727  1222.50        2.452290E+14   1.4165E-04   1.4171E-04   0.99960
FLUX  728  1227.50        2.442301E+14   1.4059E-04   1.4059E-04   0.99999
FLUX  729  1232.50        2.432394E+14   1.3947E-04   1.3949E-04   0.99985
FLUX  730  1237.50        2.422566E+14   1.3839E-04   1.3840E-04   0.99997
FLUX  731  1242.50        2.412817E+14   1.3731E-04   1.3732E-04   0.99997
FLUX  732  1247.50        2.403146E+14   1.3625E-04   1.3625E-04   0.99998
FLUX  733  1252.50        2.393553E+14   1.3514E-04   1.3520E-04   0.99959
FLUX  734  1257.50        2.384036E+14   1.3411E-04   1.3416E-04   0.99965
FLUX  735  1262.50        2.374594E+14   1.3312E-04   1.3313E-04   0.99993
FLUX  736  1267.50        2.365227E+14   1.3211E-04   1.3211E-04   0.99998
FLUX  737  1272.50        2.355933E+14   1.3109E-04   1.3110E-04   0.99988
FLUX  738  1277.50        2.346712E+14   1.2923E-04   1.3011E-04   0.99327
FLUX  739  1282.50        2.337563E+14   1.2287E-04   1.2913E-04   0.95159
FLUX  740  1287.50        2.328485E+14   1.2788E-04   1.2815E-04   0.99789
FLUX  741  1292.50        2.319478E+14   1.2719E-04   1.2719E-04   0.99998
FLUX  742  1297.50        2.310539E+14   1.2613E-04   1.2624E-04   0.99912
FLUX  743  1302.50        2.301670E+14   1.2528E-04   1.2530E-04   0.99987
FLUX  744  1307.50        2.292868E+14   1.2437E-04   1.2437E-04   1.00000
FLUX  745  1312.50        2.284133E+14   1.2345E-04   1.2345E-04   0.99999
FLUX  746  1317.50        2.275465E+14   1.2253E-04   1.2254E-04   0.99993
FLUX  747  1322.50        2.266862E+14   1.2164E-04   1.2164E-04   1.00000
FLUX  748  1327.50        2.258324E+14   1.2075E-04   1.2075E-04   1.00000
FLUX  749  1332.50        2.249850E+14   1.1987E-04   1.1987E-04   0.99999
FLUX  750  1337.50        2.241439E+14   1.1899E-04   1.1900E-04   0.99997
FLUX  751  1342.50        2.233091E+14   1.1812E-04   1.1814E-04   0.99987
FLUX  752  1347.50        2.224805E+14   1.1728E-04   1.1728E-04   0.99993
FLUX  753  1352.50        2.216580E+14   1.1643E-04   1.1644E-04   0.99993
FLUX  754  1357.50        2.208416E+14   1.1561E-04   1.1561E-04   1.00000
FLUX  755  1362.50        2.200312E+14   1.1478E-04   1.1478E-04   0.99997
FLUX  756  1367.50        2.192267E+14   1.1396E-04   1.1396E-04   0.99997
FLUX  757  1372.50        2.184281E+14   1.1312E-04   1.1316E-04   0.99971
FLUX  758  1377.50        2.176352E+14   1.1235E-04   1.1236E-04   0.99995
FLUX  759  1382.50        2.168481E+14   1.1157E-04   1.1157E-04   1.00000
FLUX  760  1387.50        2.160667E+14   1.1078E-04   1.1078E-04   0.99998
FLUX  761  1392.50        2.152908E+14   1.1000E-04   1.1001E-04   0.99991
FLUX  762  1397.50        2.145206E+14   1.0924E-04   1.0924E-04   1.00000
FLUX  763  1402.50        2.137558E+14   1.0847E-04   1.0848E-04   0.99989
FLUX  764  1407.50        2.129964E+14   1.0773E-04   1.0773E-04   1.00000
FLUX  765  1412.50        2.122425E+14   1.0699E-04   1.0699E-04   0.99998
FLUX  766  1417.50        2.114938E+14   1.0622E-04   1.0625E-04   0.99972
FLUX  767  1422.50        2.107504E+14   1.0553E-04   1.0553E-04   1.00000
FLUX  768  1427.50        2.100123E+14   1.0480E-04   1.0481E-04   0.99998
FLUX  769  1432.50        2.092792E+14   1.0405E-04   1.0409E-04   0.99961
FLUX  770  1437.50        2.085513E+14   1.0336E-04   1.0339E-04   0.99975
FLUX  771  1442.50        2.078284E+14   1.0269E-04   1.0269E-04   0.99999
FLUX  772  1447.50        2.071105E+14   1.0199E-04   1.0200E-04   0.99999
FLUX  773  1452.50        2.063976E+14   1.0131E-04   1.0131E-04   0.99999
FLUX  774  1457.00        2.057601E+14   1.0070E-04   1.0070E-04   0.99999
FLUX  775  1462.00        2.050564E+14   1.0007E-04   1.0041E-04   0.99663
FLUX  776  1467.50        2.042879E+14   9.9336E-05   9.9673E-05   0.99662
FLUX  777  1472.50        2.035942E+14   9.8626E-05   9.9011E-05   0.99611
FLUX  778  1477.50        2.029052E+14   9.6919E-05   9.8357E-05   0.98538
FLUX  779  1482.50        2.022209E+14   9.7376E-05   9.7708E-05   0.99660
FLUX  780  1487.50        2.015412E+14   9.6752E-05   9.7066E-05   0.99677
FLUX  781  1492.50        2.008660E+14   9.6124E-05   9.6430E-05   0.99683
FLUX  782  1497.50        2.001953E+14   9.5499E-05   9.5801E-05   0.99685
FLUX  783  1502.50        1.995291E+14   9.4878E-05   9.5177E-05   0.99685
FLUX  784  1507.50        1.988673E+14   9.4241E-05   9.4560E-05   0.99662
FLUX  785  1512.50        1.982099E+14   9.3657E-05   9.3948E-05   0.99689
FLUX  786  1517.50        1.975568E+14   9.3054E-05   9.3343E-05   0.99690
FLUX  787  1522.50        1.969080E+14   9.2458E-05   9.2743E-05   0.99693
FLUX  788  1527.50        1.962635E+14   9.1859E-05   9.2149E-05   0.99686
FLUX  789  1532.50        1.956232E+14   9.1267E-05   9.1561E-05   0.99679
FLUX  790  1537.50        1.949870E+14   9.0695E-05   9.0978E-05   0.99689
FLUX  791  1542.50        1.943549E+14   9.0082E-05   9.0401E-05   0.99648
FLUX  792  1547.50        1.937270E+14   8.9548E-05   8.9829E-05   0.99688
FLUX  793  1552.50        1.931031E+14   8.8973E-05   8.9262E-05   0.99676
FLUX  794  1557.50        1.924831E+14   8.8343E-05   8.8701E-05   0.99596
FLUX  795  1562.50        1.918672E+14   8.7908E-05   8.8145E-05   0.99731
FLUX  796  1567.50        1.912552E+14   8.7247E-05   8.7595E-05   0.99603
FLUX  797  1572.50        1.906471E+14   8.6630E-05   8.7049E-05   0.99519
FLUX  798  1577.50        1.900428E+14   8.6303E-05   8.6508E-05   0.99763
FLUX  799  1582.50        1.894423E+14   8.5743E-05   8.5973E-05   0.99733
FLUX  800  1587.50        1.888457E+14   8.4784E-05   8.5442E-05   0.99230
FLUX  801  1592.50        1.882527E+14   8.4595E-05   8.4916E-05   0.99622
FLUX  802  1597.50        1.876635E+14   8.4361E-05   8.4395E-05   0.99959
FLUX  803  1605.00        1.867866E+14   8.3383E-05   8.3622E-05   0.99714
FLUX  804  1615.00        1.856300E+14   8.2027E-05   8.2609E-05   0.99295
FLUX  805  1625.00        1.844877E+14   8.1611E-05   8.1613E-05   0.99998
FLUX  806  1635.00        1.833593E+14   8.0313E-05   8.0635E-05   0.99600
FLUX  807  1645.00        1.822447E+14   7.8830E-05   7.9675E-05   0.98940
FLUX  808  1655.00        1.811435E+14   7.8710E-05   7.8731E-05   0.99973
FLUX  809  1665.00        1.800556E+14   7.7763E-05   7.7805E-05   0.99946
FLUX  810  1675.00        1.789806E+14   7.6490E-05   7.6894E-05   0.99474
FLUX  811  1685.00        1.779184E+14   7.4969E-05   7.5999E-05   0.98645
FLUX  812  1695.00        1.768687E+14   7.5087E-05   7.5119E-05   0.99958
FLUX  813  1705.00        1.758314E+14   7.4120E-05   7.4254E-05   0.99819
FLUX  814  1715.00        1.748061E+14   7.3402E-05   7.3404E-05   0.99997
FLUX  815  1725.00        1.737928E+14   7.2554E-05   7.2569E-05   0.99979
FLUX  816  1735.00        1.727911E+14   7.0270E-05   7.1747E-05   0.97941
FLUX  817  1745.00        1.718009E+14   7.0803E-05   7.0940E-05   0.99807
FLUX  818  1755.00        1.708219E+14   7.0145E-05   7.0146E-05   0.99999
FLUX  819  1765.00        1.698541E+14   6.9364E-05   6.9365E-05   0.99999
FLUX  820  1775.00        1.688972E+14   6.8591E-05   6.8597E-05   0.99992
FLUX  821  1785.00        1.679510E+14   6.7840E-05   6.7841E-05   0.99999
FLUX  822  1795.00        1.670153E+14   6.7097E-05   6.7098E-05   0.99999
FLUX  823  1805.00        1.660900E+14   6.6365E-05   6.6367E-05   0.99997
FLUX  824  1815.00        1.651749E+14   6.4160E-05   6.5648E-05   0.97735
FLUX  825  1825.00        1.642699E+14   6.4702E-05   6.4940E-05   0.99634
FLUX  826  1835.00        1.633747E+14   6.4243E-05   6.4244E-05   0.99998
FLUX  827  1845.00        1.624892E+14   6.3557E-05   6.3558E-05   0.99997
FLUX  828  1855.00        1.616132E+14   6.2876E-05   6.2899E-05   0.99962
FLUX  829  1865.00        1.607466E+14   6.1271E-05   6.2235E-05   0.98450
FLUX  830  1875.00        1.598893E+14   5.9728E-05   6.1582E-05   0.96990
FLUX  831  1885.00        1.590411E+14   6.0911E-05   6.0938E-05   0.99956
FLUX  832  1895.00        1.582018E+14   6.0298E-05   6.0305E-05   0.99990
FLUX  833  1905.00        1.573714E+14   5.9624E-05   5.9681E-05   0.99904
FLUX  834  1915.00        1.565496E+14   5.9066E-05   5.9067E-05   0.99999
FLUX  835  1925.00        1.557364E+14   5.8461E-05   5.8462E-05   0.99999
FLUX  836  1935.00        1.549315E+14   5.7819E-05   5.7866E-05   0.99918
FLUX  837  1945.00        1.541350E+14   5.5666E-05   5.7280E-05   0.97182
FLUX  838  1955.00        1.533465E+14   5.6634E-05   5.6702E-05   0.99881
FLUX  839  1965.00        1.525662E+14   5.6132E-05   5.6133E-05   0.99999
FLUX  840  1975.00        1.517937E+14   5.5572E-05   5.5572E-05   0.99999
FLUX  841  1985.00        1.510290E+14   5.5016E-05   5.5020E-05   0.99992
FLUX  842  1995.00        1.502719E+14   5.4470E-05   5.4476E-05   0.99989
FLUX  843  2005.00        1.495224E+14   5.3940E-05   5.3940E-05   1.00000
FLUX  844  2015.00        1.487804E+14   5.3411E-05   5.3411E-05   1.00000
FLUX  845  2025.00        1.480457E+14   5.2890E-05   5.2891E-05   1.00000
FLUX  846  2035.00        1.473182E+14   5.2377E-05   5.2377E-05   1.00000
FLUX  847  2045.00        1.465978E+14   5.1867E-05   5.1872E-05   0.99992
FLUX  848  2055.00        1.458844E+14   5.1350E-05   5.1373E-05   0.99956
FLUX  849  2065.00        1.451780E+14   5.0881E-05   5.0882E-05   0.99999
FLUX  850  2075.00        1.444783E+14   5.0329E-05   5.0397E-05   0.99866
FLUX  851  2085.00        1.437854E+14   4.9913E-05   4.9919E-05   0.99987
FLUX  852  2095.00        1.430990E+14   4.9448E-05   4.9448E-05   1.00000
FLUX  853  2105.00        1.424192E+14   4.8983E-05   4.8984E-05   0.99999
FLUX  854  2115.00        1.417459E+14   4.8484E-05   4.8526E-05   0.99914
FLUX  855  2125.00        1.410788E+14   4.8074E-05   4.8074E-05   1.00000
FLUX  856  2135.00        1.404180E+14   4.7628E-05   4.7629E-05   0.99998
FLUX  857  2145.00        1.397634E+14   4.7186E-05   4.7190E-05   0.99993
FLUX  858  2155.00        1.391148E+14   4.6725E-05   4.6756E-05   0.99933
FLUX  859  2165.00        1.384723E+14   4.4877E-05   4.6329E-05   0.96866
FLUX  860  2175.00        1.378356E+14   4.5823E-05   4.5907E-05   0.99816
FLUX  861  2185.00        1.372048E+14   4.5486E-05   4.5491E-05   0.99989
FLUX  862  2195.00        1.365797E+14   4.5081E-05   4.5081E-05   0.99999
FLUX  863  2205.00        1.359603E+14   4.4676E-05   4.4676E-05   1.00000
FLUX  864  2215.00        1.353465E+14   4.4277E-05   4.4277E-05   1.00000
FLUX  865  2225.00        1.347382E+14   4.3882E-05   4.3883E-05   0.99999
FLUX  866  2235.00        1.341353E+14   4.3494E-05   4.3494E-05   1.00000
FLUX  867  2245.00        1.335379E+14   4.3108E-05   4.3110E-05   0.99995
FLUX  868  2255.00        1.329457E+14   4.2730E-05   4.2731E-05   0.99998
FLUX  869  2265.00        1.323587E+14   4.2357E-05   4.2357E-05   1.00000
FLUX  870  2275.00        1.317769E+14   4.1988E-05   4.1988E-05   1.00000
FLUX  871  2285.00        1.312002E+14   4.1682E-05   4.1684E-05   0.99997
FLUX  872  2295.00        1.306285E+14   4.1323E-05   4.1324E-05   0.99997
FLUX  873  2305.00        1.300618E+14   4.0964E-05   4.0968E-05   0.99989
FLUX  874  2315.00        1.295000E+14   4.0614E-05   4.0617E-05   0.99991
FLUX  875  2325.00        1.289430E+14   4.0270E-05   4.0271E-05   0.99998
FLUX  876  2335.00        1.283908E+14   3.9928E-05   3.9929E-05   0.99997
FLUX  877  2345.00        1.278433E+14   3.9590E-05   3.9591E-05   0.99997
FLUX  878  2355.00        1.273004E+14   3.9254E-05   3.9257E-05   0.99992
FLUX  879  2365.00        1.267622E+14   3.8927E-05   3.8928E-05   0.99997
FLUX  880  2375.00        1.262284E+14   3.8602E-05   3.8603E-05   0.99997
FLUX  881  2385.00        1.256992E+14   3.8281E-05   3.8282E-05   0.99998
FLUX  882  2395.00        1.251743E+14   3.7961E-05   3.7964E-05   0.99992
FLUX  883  2405.00        1.246538E+14   3.7648E-05   3.7651E-05   0.99991
FLUX  884  2415.00        1.241377E+14   3.7340E-05   3.7342E-05   0.99997
FLUX  885  2425.00        1.236258E+14   3.7018E-05   3.7036E-05   0.99952
FLUX  886  2435.00        1.231181E+14   3.6731E-05   3.6734E-05   0.99992
FLUX  887  2445.00        1.226145E+14   3.6435E-05   3.6436E-05   0.99997
FLUX  888  2455.00        1.221151E+14   3.6140E-05   3.6141E-05   0.99998
FLUX  889  2465.00        1.216197E+14   3.5846E-05   3.5850E-05   0.99991
FLUX  890  2475.00        1.211283E+14   3.5542E-05   3.5562E-05   0.99943
FLUX  891  2485.00        1.206408E+14   3.5277E-05   3.5278E-05   0.99997
FLUX  892  2495.00        1.201573E+14   3.4975E-05   3.4997E-05   0.99938
FLUX  893  2505.00        1.196776E+14   3.4718E-05   3.4719E-05   0.99998
FLUX  894  2515.00        1.192018E+14   3.4444E-05   3.4445E-05   0.99997
FLUX  895  2525.00        1.187297E+14   3.4115E-05   3.4174E-05   0.99828
FLUX  896  2535.00        1.182613E+14   3.3905E-05   3.3906E-05   0.99997
FLUX  897  2545.00        1.177967E+14   3.3640E-05   3.3641E-05   0.99998
FLUX  898  2555.00        1.173356E+14   3.3372E-05   3.3379E-05   0.99979
FLUX  899  2565.00        1.168782E+14   3.3014E-05   3.3120E-05   0.99678
FLUX  900  2575.00        1.164243E+14   3.2864E-05   3.2865E-05   0.99997
FLUX  901  2585.00        1.159739E+14   3.2611E-05   3.2612E-05   0.99999
FLUX  902  2595.00        1.155270E+14   3.2361E-05   3.2362E-05   0.99998
FLUX  903  2605.00        1.150835E+14   3.2058E-05   3.2115E-05   0.99825
FLUX  904  2615.00        1.146434E+14   3.1644E-05   3.1870E-05   0.99290
FLUX  905  2625.00        1.142067E+14   3.0520E-05   3.1629E-05   0.96495
FLUX  906  2635.00        1.137732E+14   3.1315E-05   3.1390E-05   0.99760
FLUX  907  2645.00        1.133431E+14   3.1150E-05   3.1154E-05   0.99989
FLUX  908  2655.00        1.129162E+14   3.0914E-05   3.0920E-05   0.99980
FLUX  909  2665.00        1.124925E+14   3.0655E-05   3.0689E-05   0.99890
FLUX  910  2675.00        1.120720E+14   3.0200E-05   3.0461E-05   0.99146
FLUX  911  2685.00        1.116546E+14   3.0193E-05   3.0235E-05   0.99863
FLUX  912  2695.00        1.112403E+14   3.0011E-05   3.0011E-05   0.99999
FLUX  913  2705.00        1.108290E+14   2.9790E-05   2.9790E-05   0.99999
FLUX  914  2715.00        1.104208E+14   2.9572E-05   2.9572E-05   1.00000
FLUX  915  2725.00        1.100156E+14   2.9355E-05   2.9356E-05   0.99999
FLUX  916  2735.00        1.096133E+14   2.9141E-05   2.9142E-05   0.99999
FLUX  917  2745.00        1.092140E+14   2.8915E-05   2.8930E-05   0.99948
FLUX  918  2755.00        1.088176E+14   2.8386E-05   2.8721E-05   0.98836
FLUX  919  2765.00        1.084241E+14   2.8373E-05   2.8514E-05   0.99506
FLUX  920  2775.00        1.080333E+14   2.8308E-05   2.8309E-05   0.99998
FLUX  921  2785.00        1.076454E+14   2.8105E-05   2.8106E-05   0.99995
FLUX  922  2795.00        1.072603E+14   2.7906E-05   2.7906E-05   1.00000
FLUX  923  2805.00        1.068779E+14   2.7707E-05   2.7708E-05   0.99998
FLUX  924  2815.00        1.064982E+14   2.7511E-05   2.7511E-05   0.99999
FLUX  925  2825.00        1.061212E+14   2.7317E-05   2.7317E-05   0.99999
FLUX  926  2835.00        1.057469E+14   2.7125E-05   2.7125E-05   1.00000
FLUX  927  2845.00        1.053752E+14   2.6935E-05   2.6935E-05   1.00000
FLUX  928  2855.00        1.050061E+14   2.6744E-05   2.6747E-05   0.99991
FLUX  929  2865.00        1.046396E+14   2.6451E-05   2.6560E-05   0.99588
FLUX  930  2875.00        1.042757E+14   2.5913E-05   2.6376E-05   0.98246
FLUX  931  2885.00        1.039142E+14   2.6166E-05   2.6194E-05   0.99894
FLUX  932  2895.00        1.035553E+14   2.6013E-05   2.6013E-05   0.99999
FLUX  933  2905.00        1.031988E+14   2.5834E-05   2.5834E-05   0.99999
FLUX  934  2915.00        1.028448E+14   2.5657E-05   2.5658E-05   1.00000
FLUX  935  2925.00        1.024932E+14   2.5482E-05   2.5482E-05   1.00000
FLUX  936  2935.00        1.021440E+14   2.5309E-05   2.5309E-05   0.99999
FLUX  937  2945.00        1.017971E+14   2.5137E-05   2.5138E-05   0.99999
FLUX  938  2955.00        1.014526E+14   2.4968E-05   2.4968E-05   1.00000
FLUX  939  2965.00        1.011105E+14   2.4800E-05   2.4800E-05   1.00000
FLUX  940  2975.00        1.007706E+14   2.4633E-05   2.4633E-05   1.00000
FLUX  941  2985.00        1.004330E+14   2.4468E-05   2.4468E-05   1.00000
FLUX  942  2995.00        1.000977E+14   2.4305E-05   2.4305E-05   1.00000
FLUX  943  3005.00        9.976456E+13   2.4144E-05   2.4144E-05   1.00000
FLUX  944  3015.00        9.943367E+13   2.3984E-05   2.3984E-05   0.99999
FLUX  945  3025.00        9.910496E+13   2.3815E-05   2.3825E-05   0.99955
FLUX  946  3035.00        9.877842E+13   2.3236E-05   2.3669E-05   0.98171
FLUX  947  3045.00        9.845402E+13   2.3274E-05   2.3513E-05   0.98983
FLUX  948  3055.00        9.813175E+13   2.3357E-05   2.3360E-05   0.99989
FLUX  949  3065.00        9.781158E+13   2.3207E-05   2.3207E-05   0.99998
FLUX  950  3075.00        9.749350E+13   2.3056E-05   2.3057E-05   0.99999
FLUX  951  3085.00        9.717747E+13   2.2904E-05   2.2907E-05   0.99987
FLUX  952  3095.00        9.686349E+13   2.2759E-05   2.2759E-05   1.00000
FLUX  953  3105.00        9.655153E+13   2.2613E-05   2.2613E-05   0.99999
FLUX  954  3115.00        9.624157E+13   2.2468E-05   2.2468E-05   1.00000
FLUX  955  3125.00        9.593360E+13   2.2324E-05   2.2324E-05   1.00000
FLUX  956  3135.00        9.562759E+13   2.2182E-05   2.2182E-05   1.00000
FLUX  957  3145.00        9.532353E+13   2.2041E-05   2.2041E-05   1.00000
FLUX  958  3155.00        9.502139E+13   2.1901E-05   2.1901E-05   1.00000
FLUX  959  3165.00        9.472117E+13   2.1762E-05   2.1763E-05   0.99999
FLUX  960  3175.00        9.442283E+13   2.1626E-05   2.1626E-05   1.00000
FLUX  961  3185.00        9.412637E+13   2.1490E-05   2.1490E-05   1.00000
FLUX  962  3195.00        9.383177E+13   2.1355E-05   2.1355E-05   1.00000
FLUX  963  3210.00        9.339330E+13   2.1156E-05   2.1156E-05   1.00000
FLUX  964  3230.00        9.281502E+13   2.0894E-05   2.0894E-05   1.00000
FLUX  965  3250.00        9.224385E+13   2.0637E-05   2.0637E-05   1.00000
FLUX  966  3270.00        9.167966E+13   2.0385E-05   2.0385E-05   0.99998
FLUX  967  3290.00        9.112234E+13   1.9784E-05   2.0152E-05   0.98172
FLUX  968  3310.00        9.057175E+13   1.9835E-05   1.9909E-05   0.99628
FLUX  969  3330.00        9.002778E+13   1.9668E-05   1.9670E-05   0.99991
FLUX  970  3350.00        8.949030E+13   1.9435E-05   1.9435E-05   0.99998
FLUX  971  3370.00        8.895920E+13   1.9204E-05   1.9204E-05   0.99998
FLUX  972  3390.00        8.843437E+13   1.8978E-05   1.8978E-05   0.99998
FLUX  973  3410.00        8.791569E+13   1.8755E-05   1.8755E-05   0.99998
FLUX  974  3430.00        8.740306E+13   1.8536E-05   1.8536E-05   0.99999
FLUX  975  3450.00        8.689638E+13   1.8321E-05   1.8321E-05   0.99999
FLUX  976  3470.00        8.639553E+13   1.8110E-05   1.8110E-05   0.99999
FLUX  977  3490.00        8.590043E+13   1.7902E-05   1.7902E-05   0.99999
FLUX  978  3510.00        8.541097E+13   1.7698E-05   1.7698E-05   0.99999
FLUX  979  3530.00        8.492705E+13   1.7497E-05   1.7497E-05   0.99999
FLUX  980  3550.00        8.444859E+13   1.7300E-05   1.7300E-05   0.99999
FLUX  981  3570.00        8.397549E+13   1.7105E-05   1.7106E-05   0.99999
FLUX  982  3590.00        8.350766E+13   1.6915E-05   1.6915E-05   0.99999
FLUX  983  3610.00        8.304501E+13   1.6727E-05   1.6727E-05   0.99998
FLUX  984  3630.00        8.258747E+13   1.6542E-05   1.6542E-05   0.99999
FLUX  985  3650.00        8.213493E+13   1.6360E-05   1.6361E-05   0.99998
FLUX  986  3670.00        8.168733E+13   1.6182E-05   1.6182E-05   0.99999
FLUX  987  3690.00        8.124458E+13   1.6006E-05   1.6006E-05   0.99998
FLUX  988  3710.00        8.080660E+13   1.5825E-05   1.5833E-05   0.99946
FLUX  989  3730.00        8.037332E+13   1.5519E-05   1.5663E-05   0.99082
FLUX  990  3750.00        7.994467E+13   1.5269E-05   1.5496E-05   0.98536
FLUX  991  3770.00        7.952056E+13   1.5330E-05   1.5331E-05   0.99998
FLUX  992  3790.00        7.910092E+13   1.5168E-05   1.5169E-05   0.99999
FLUX  993  3810.00        7.868570E+13   1.5003E-05   1.5009E-05   0.99957
FLUX  994  3830.00        7.827480E+13   1.4849E-05   1.4852E-05   0.99979
FLUX  995  3850.00        7.786818E+13   1.4697E-05   1.4697E-05   0.99999
FLUX  996  3870.00        7.746576E+13   1.4544E-05   1.4545E-05   0.99999
FLUX  997  3890.00        7.706748E+13   1.4394E-05   1.4395E-05   0.99997
FLUX  998  3910.00        7.667327E+13   1.4223E-05   1.4247E-05   0.99831
FLUX  999  3930.00        7.628308E+13   1.4101E-05   1.4101E-05   0.99998
FLUX 1000  3950.00        7.589684E+13   1.3958E-05   1.3958E-05   0.99999
FLUX 1001  3970.00        7.551448E+13   1.3817E-05   1.3817E-05   0.99999
FLUX 1002  3990.00        7.513596E+13   1.3678E-05   1.3678E-05   0.99998
FLUX 1003  4010.00        7.476122E+13   1.3519E-05   1.3541E-05   0.99837
FLUX 1004  4030.00        7.439020E+13   1.3361E-05   1.3406E-05   0.99668
FLUX 1005  4050.00        7.402284E+13   1.3008E-05   1.3273E-05   0.98002
FLUX 1006  4070.00        7.365909E+13   1.3139E-05   1.3142E-05   0.99981
FLUX 1007  4090.00        7.329890E+13   1.3013E-05   1.3013E-05   1.00000
FLUX 1008  4110.00        7.294221E+13   1.2886E-05   1.2886E-05   0.99999
FLUX 1009  4130.00        7.258898E+13   1.2757E-05   1.2760E-05   0.99977
FLUX 1010  4150.00        7.223916E+13   1.2636E-05   1.2637E-05   0.99990
FLUX 1011  4170.00        7.189269E+13   1.2436E-05   1.2515E-05   0.99366
FLUX 1012  4190.00        7.154952E+13   1.2390E-05   1.2395E-05   0.99959
FLUX 1013  4210.00        7.120962E+13   1.2277E-05   1.2277E-05   0.99999
FLUX 1014  4230.00        7.087293E+13   1.2160E-05   1.2160E-05   1.00000
FLUX 1015  4250.00        7.053941E+13   1.2044E-05   1.2045E-05   0.99991
FLUX 1016  4270.00        7.020902E+13   1.1931E-05   1.1931E-05   1.00000
FLUX 1017  4290.00        6.988170E+13   1.1815E-05   1.1819E-05   0.99958
FLUX 1018  4310.00        6.955742E+13   1.1709E-05   1.1709E-05   0.99999
FLUX 1019  4330.00        6.923614E+13   1.1600E-05   1.1600E-05   0.99999
FLUX 1020  4350.00        6.891782E+13   1.1493E-05   1.1493E-05   0.99998
FLUX 1021  4370.00        6.860240E+13   1.1290E-05   1.1387E-05   0.99144
FLUX 1022  4390.00        6.828986E+13   1.1254E-05   1.1283E-05   0.99743
FLUX 1023  4410.00        6.798016E+13   1.1180E-05   1.1180E-05   0.99999
FLUX 1024  4430.00        6.767325E+13   1.1078E-05   1.1078E-05   1.00000
FLUX 1025  4450.00        6.736910E+13   1.0978E-05   1.0978E-05   1.00000
FLUX 1026  4470.00        6.706767E+13   1.0884E-05   1.0884E-05   0.99999
FLUX 1027  4490.00        6.676893E+13   1.0786E-05   1.0786E-05   0.99999
FLUX 1028  4510.00        6.647284E+13   1.0689E-05   1.0690E-05   0.99994
FLUX 1029  4530.00        6.617936E+13   1.0595E-05   1.0595E-05   0.99999
FLUX 1030  4550.00        6.588846E+13   1.0501E-05   1.0501E-05   0.99999
FLUX 1031  4570.00        6.560011E+13   1.0408E-05   1.0408E-05   0.99999
FLUX 1032  4590.00        6.531427E+13   1.0317E-05   1.0317E-05   0.99999
FLUX 1033  4610.00        6.503091E+13   1.0226E-05   1.0227E-05   0.99991
FLUX 1034  4630.00        6.475000E+13   1.0134E-05   1.0138E-05   0.99960
FLUX 1035  4650.00        6.447151E+13   9.7860E-06   1.0050E-05   0.97374
FLUX 1036  4670.00        6.419540E+13   9.8094E-06   9.9631E-06   0.98456
FLUX 1037  4690.00        6.392164E+13   9.8552E-06   9.8775E-06   0.99775
FLUX 1038  4710.00        6.365021E+13   9.7928E-06   9.7930E-06   0.99998
FLUX 1039  4730.00        6.338108E+13   9.7094E-06   9.7095E-06   0.99999
FLUX 1040  4750.00        6.311421E+13   9.6268E-06   9.6270E-06   0.99997
FLUX 1041  4770.00        6.284958E+13   9.5456E-06   9.5456E-06   0.99999
FLUX 1042  4790.00        6.258716E+13   9.4652E-06   9.4653E-06   0.99999
FLUX 1043  4810.00        6.232692E+13   9.3858E-06   9.3859E-06   0.99999
FLUX 1044  4830.00        6.206884E+13   9.3074E-06   9.3075E-06   0.99999
FLUX 1045  4850.00        6.181289E+13   9.2300E-06   9.2301E-06   0.99999
FLUX 1046  4870.00        6.155903E+13   9.1536E-06   9.1536E-06   0.99999
FLUX 1047  4890.00        6.130726E+13   9.0780E-06   9.0781E-06   0.99999
FLUX 1048  4910.00        6.105754E+13   9.0034E-06   9.0035E-06   0.99999
FLUX 1049  4930.00        6.080984E+13   8.9297E-06   8.9298E-06   0.99999
FLUX 1050  4950.00        6.056414E+13   8.8569E-06   8.8570E-06   0.99999
FLUX 1051  4970.00        6.032042E+13   8.7850E-06   8.7851E-06   0.99999
FLUX 1052  4990.00        6.007866E+13   8.7140E-06   8.7140E-06   0.99999
FLUX 1053  5010.00        5.983882E+13   8.6437E-06   8.6438E-06   0.99999
FLUX 1054  5030.00        5.960089E+13   8.5744E-06   8.5745E-06   0.99999
FLUX 1055  5050.00        5.936485E+13   8.5059E-06   8.5059E-06   0.99999
FLUX 1056  5070.00        5.913067E+13   8.4381E-06   8.4382E-06   0.99999
FLUX 1057  5090.00        5.889833E+13   8.3711E-06   8.3713E-06   0.99998
FLUX 1058  5110.00        5.866781E+13   8.2910E-06   8.3051E-06   0.99830
FLUX 1059  5130.00        5.843908E+13   8.0850E-06   8.2398E-06   0.98121
FLUX 1060  5150.00        5.821214E+13   8.1667E-06   8.1752E-06   0.99896
FLUX 1061  5170.00        5.798694E+13   8.1112E-06   8.1113E-06   0.99998
FLUX 1062  5190.00        5.776349E+13   8.0481E-06   8.0482E-06   0.99999
FLUX 1063  5210.00        5.754175E+13   7.9857E-06   7.9858E-06   0.99999
FLUX 1064  5230.00        5.732170E+13   7.9241E-06   7.9241E-06   0.99999
FLUX 1065  5250.00        5.710333E+13   7.8631E-06   7.8631E-06   0.99999
FLUX 1066  5270.00        5.688662E+13   7.8028E-06   7.8029E-06   0.99999
FLUX 1067  5290.00        5.667155E+13   7.7432E-06   7.7433E-06   0.99999
FLUX 1068  5310.00        5.645810E+13   7.6843E-06   7.6844E-06   1.00000
FLUX 1069  5330.00        5.624625E+13   7.6261E-06   7.6261E-06   1.00000
FLUX 1070  5350.00        5.603598E+13   7.5684E-06   7.5685E-06   0.99999
FLUX 1071  5370.00        5.582728E+13   7.5114E-06   7.5115E-06   0.99998
FLUX 1072  5390.00        5.562013E+13   7.4551E-06   7.4552E-06   0.99998
FLUX 1073  5410.00        5.541451E+13   7.3995E-06   7.3995E-06   0.99999
FLUX 1074  5430.00        5.521041E+13   7.3444E-06   7.3444E-06   1.00000
FLUX 1075  5450.00        5.500780E+13   7.2899E-06   7.2899E-06   1.00000
FLUX 1076  5470.00        5.480667E+13   7.2360E-06   7.2360E-06   1.00000
FLUX 1077  5490.00        5.460701E+13   7.1827E-06   7.1828E-06   0.99999
FLUX 1078  5510.00        5.440880E+13   7.1299E-06   7.1300E-06   0.99998
FLUX 1079  5530.00        5.421203E+13   7.0765E-06   7.0779E-06   0.99980
FLUX 1080  5550.00        5.401667E+13   7.0262E-06   7.0263E-06   0.99999
FLUX 1081  5570.00        5.382271E+13   6.9753E-06   6.9753E-06   0.99999
FLUX 1082  5590.00        5.363014E+13   6.9248E-06   6.9248E-06   1.00000
FLUX 1083  5610.00        5.343895E+13   6.8749E-06   6.8749E-06   1.00000
FLUX 1084  5630.00        5.324911E+13   6.8255E-06   6.8255E-06   1.00000
FLUX 1085  5650.00        5.306062E+13   6.7766E-06   6.7767E-06   1.00000
FLUX 1086  5670.00        5.287346E+13   6.7283E-06   6.7283E-06   0.99999
FLUX 1087  5690.00        5.268761E+13   6.6804E-06   6.6805E-06   0.99998
FLUX 1088  5710.00        5.250306E+13   6.6211E-06   6.6332E-06   0.99818
FLUX 1089  5730.00        5.231981E+13   6.5862E-06   6.5863E-06   0.99997
FLUX 1090  5750.00        5.213783E+13   6.5399E-06   6.5400E-06   0.99999
FLUX 1091  5770.00        5.195711E+13   6.4941E-06   6.4941E-06   1.00000
FLUX 1092  5790.00        5.177763E+13   6.4487E-06   6.4487E-06   1.00000
FLUX 1093  5810.00        5.159940E+13   6.4038E-06   6.4038E-06   1.00000
FLUX 1094  5830.00        5.142238E+13   6.3593E-06   6.3593E-06   0.99999
FLUX 1095  5850.00        5.124658E+13   6.3170E-06   6.3171E-06   0.99999
FLUX 1096  5870.00        5.107198E+13   6.2734E-06   6.2735E-06   0.99998
FLUX 1097  5890.00        5.089856E+13   6.2151E-06   6.2304E-06   0.99755
FLUX 1098  5910.00        5.072631E+13   6.0345E-06   6.1877E-06   0.97524
FLUX 1099  5930.00        5.055523E+13   6.1350E-06   6.1455E-06   0.99829
FLUX 1100  5950.00        5.038529E+13   6.0787E-06   6.1037E-06   0.99590
FLUX 1101  5970.00        5.021650E+13   6.0515E-06   6.0623E-06   0.99823
FLUX 1102  5990.00        5.004883E+13   6.0212E-06   6.0213E-06   0.99998
FLUX 1103  6010.00        4.988228E+13   5.9807E-06   5.9807E-06   0.99999
FLUX 1104  6030.00        4.971683E+13   5.9404E-06   5.9406E-06   0.99997
FLUX 1105  6050.00        4.955248E+13   5.9007E-06   5.9008E-06   0.99999
FLUX 1106  6070.00        4.938921E+13   5.8614E-06   5.8614E-06   0.99999
FLUX 1107  6090.00        4.922701E+13   5.8224E-06   5.8225E-06   0.99999
FLUX 1108  6110.00        4.906588E+13   5.7838E-06   5.7839E-06   1.00000
FLUX 1109  6130.00        4.890579E+13   5.7456E-06   5.7456E-06   1.00000
FLUX 1110  6150.00        4.874675E+13   5.7078E-06   5.7078E-06   1.00000
FLUX 1111  6170.00        4.858874E+13   5.6703E-06   5.6703E-06   1.00000
FLUX 1112  6190.00        4.843174E+13   5.6332E-06   5.6332E-06   0.99999
FLUX 1113  6210.00        4.827576E+13   5.5965E-06   5.5965E-06   0.99999
FLUX 1114  6230.00        4.812079E+13   5.5601E-06   5.5601E-06   0.99999
FLUX 1115  6250.00        4.796680E+13   5.5240E-06   5.5241E-06   0.99999
FLUX 1116  6270.00        4.781380E+13   5.4834E-06   5.4884E-06   0.99910
FLUX 1117  6290.00        4.766176E+13   5.4113E-06   5.4530E-06   0.99235
FLUX 1118  6310.00        4.751070E+13   5.4091E-06   5.4180E-06   0.99835
FLUX 1119  6330.00        4.736058E+13   5.3832E-06   5.3833E-06   0.99998
FLUX 1120  6350.00        4.721142E+13   5.3489E-06   5.3490E-06   0.99999
FLUX 1121  6370.00        4.706319E+13   5.3149E-06   5.3150E-06   0.99999
FLUX 1122  6390.00        4.691588E+13   5.2812E-06   5.2813E-06   1.00000
FLUX 1123  6420.00        4.669665E+13   5.2313E-06   5.2313E-06   1.00000
FLUX 1124  6460.00        4.640751E+13   5.1657E-06   5.1658E-06   1.00000
FLUX 1125  6500.00        4.612192E+13   5.1014E-06   5.1014E-06   1.00000
FLUX 1126  6540.00        4.583983E+13   5.0383E-06   5.0383E-06   1.00000
FLUX 1127  6580.00        4.556117E+13   4.9763E-06   4.9763E-06   1.00000
FLUX 1128  6620.00        4.528588E+13   4.9154E-06   4.9154E-06   0.99999
FLUX 1129  6660.00        4.501389E+13   4.8557E-06   4.8557E-06   1.00000
FLUX 1130  6700.00        4.474515E+13   4.7970E-06   4.7970E-06   0.99999
FLUX 1131  6740.00        4.447960E+13   4.7357E-06   4.7394E-06   0.99922
FLUX 1132  6780.00        4.421718E+13   4.6489E-06   4.6827E-06   0.99278
FLUX 1133  6820.00        4.395784E+13   4.6270E-06   4.6271E-06   0.99998
FLUX 1134  6860.00        4.370153E+13   4.5725E-06   4.5725E-06   0.99999
FLUX 1135  6900.00        4.344819E+13   4.5188E-06   4.5188E-06   1.00000
FLUX 1136  6940.00        4.319777E+13   4.4660E-06   4.4660E-06   0.99999
FLUX 1137  6980.00        4.295021E+13   4.4142E-06   4.4142E-06   1.00000
FLUX 1138  7020.00        4.270548E+13   4.3632E-06   4.3632E-06   1.00000
FLUX 1139  7060.00        4.246353E+13   4.3131E-06   4.3131E-06   0.99999
FLUX 1140  7100.00        4.222430E+13   4.2639E-06   4.2639E-06   0.99999
FLUX 1141  7140.00        4.198775E+13   4.2155E-06   4.2155E-06   1.00000
FLUX 1142  7180.00        4.175383E+13   4.1679E-06   4.1679E-06   1.00000
FLUX 1143  7220.00        4.152251E+13   4.1211E-06   4.1211E-06   1.00000
FLUX 1144  7260.00        4.129373E+13   4.0750E-06   4.0751E-06   0.99999
FLUX 1145  7300.00        4.106747E+13   4.0298E-06   4.0298E-06   0.99999
FLUX 1146  7340.00        4.084366E+13   3.9853E-06   3.9853E-06   1.00000
FLUX 1147  7380.00        4.062229E+13   3.9415E-06   3.9415E-06   0.99999
FLUX 1148  7420.00        4.040330E+13   3.8955E-06   3.8984E-06   0.99925
FLUX 1149  7460.00        4.018666E+13   3.7801E-06   3.8561E-06   0.98031
FLUX 1150  7500.00        3.997233E+13   3.7200E-06   3.8144E-06   0.97526
FLUX 1151  7540.00        3.976028E+13   3.7665E-06   3.7733E-06   0.99818
FLUX 1152  7580.00        3.955046E+13   3.7329E-06   3.7330E-06   0.99999
FLUX 1153  7620.00        3.934285E+13   3.6932E-06   3.6932E-06   0.99999
FLUX 1154  7660.00        3.913740E+13   3.6541E-06   3.6541E-06   0.99999
FLUX 1155  7700.00        3.893409E+13   3.6156E-06   3.6157E-06   0.99999
FLUX 1156  7740.00        3.873288E+13   3.5777E-06   3.5778E-06   0.99999
FLUX 1157  7780.00        3.853374E+13   3.5398E-06   3.5405E-06   0.99980
FLUX 1158  7820.00        3.833664E+13   3.5037E-06   3.5037E-06   0.99999
FLUX 1159  7860.00        3.814154E+13   3.4676E-06   3.4676E-06   0.99999
FLUX 1160  7900.00        3.794842E+13   3.4319E-06   3.4320E-06   1.00000
FLUX 1161  7940.00        3.775724E+13   3.3969E-06   3.3969E-06   1.00000
FLUX 1162  7980.00        3.756798E+13   3.3623E-06   3.3624E-06   1.00000
FLUX 1163  8020.00        3.738061E+13   3.3283E-06   3.3283E-06   1.00000
FLUX 1164  8060.00        3.719510E+13   3.2948E-06   3.2948E-06   1.00000
FLUX 1165  8100.00        3.701142E+13   3.2618E-06   3.2618E-06   0.99999
FLUX 1166  8140.00        3.682955E+13   3.2258E-06   3.2293E-06   0.99892
FLUX 1167  8180.00        3.664945E+13   3.1966E-06   3.1972E-06   0.99979
FLUX 1168  8220.00        3.647111E+13   3.1656E-06   3.1657E-06   0.99999
FLUX 1169  8260.00        3.629449E+13   3.1345E-06   3.1345E-06   1.00000
FLUX 1170  8300.00        3.611958E+13   3.1039E-06   3.1039E-06   1.00000
FLUX 1171  8340.00        3.594634E+13   3.0737E-06   3.0737E-06   1.00000
FLUX 1172  8380.00        3.577476E+13   3.0439E-06   3.0439E-06   1.00000
FLUX 1173  8420.00        3.560481E+13   3.0145E-06   3.0145E-06   1.00000
FLUX 1174  8460.00        3.543647E+13   2.9856E-06   2.9856E-06   1.00000
FLUX 1175  8500.00        3.526971E+13   2.9571E-06   2.9571E-06   1.00000
FLUX 1176  8540.00        3.510451E+13   2.9289E-06   2.9290E-06   1.00000
FLUX 1177  8580.00        3.494085E+13   2.9012E-06   2.9012E-06   0.99999
FLUX 1178  8620.00        3.477871E+13   2.8738E-06   2.8739E-06   0.99998
FLUX 1179  8660.00        3.461807E+13   2.8374E-06   2.8469E-06   0.99665
FLUX 1180  8700.00        3.445891E+13   2.8201E-06   2.8204E-06   0.99990
FLUX 1181  8740.00        3.430120E+13   2.7717E-06   2.7941E-06   0.99196
FLUX 1182  8780.00        3.414493E+13   2.7459E-06   2.7683E-06   0.99190
FLUX 1183  8820.00        3.399008E+13   2.7428E-06   2.7428E-06   0.99999
FLUX 1184  8860.00        3.383663E+13   2.7176E-06   2.7176E-06   0.99999
FLUX 1185  8900.00        3.368455E+13   2.6928E-06   2.6928E-06   1.00000
FLUX 1186  8940.00        3.353384E+13   2.6683E-06   2.6683E-06   1.00000
FLUX 1187  8980.00        3.338447E+13   2.6442E-06   2.6442E-06   1.00000
FLUX 1188  9020.00        3.323642E+13   2.6204E-06   2.6204E-06   1.00000
FLUX 1189  9060.00        3.308968E+13   2.5968E-06   2.5969E-06   1.00000
FLUX 1190  9100.00        3.294423E+13   2.5736E-06   2.5737E-06   1.00000
FLUX 1191  9140.00        3.280005E+13   2.5508E-06   2.5508E-06   0.99999
FLUX 1192  9180.00        3.265714E+13   2.5282E-06   2.5282E-06   1.00000
FLUX 1193  9220.00        3.251546E+13   2.5059E-06   2.5059E-06   0.99999
FLUX 1194  9260.00        3.237500E+13   2.4839E-06   2.4839E-06   0.99999
FLUX 1195  9300.00        3.223575E+13   2.4621E-06   2.4622E-06   0.99999
FLUX 1196  9340.00        3.209770E+13   2.4407E-06   2.4407E-06   0.99998
FLUX 1197  9380.00        3.196082E+13   2.4060E-06   2.4196E-06   0.99437
FLUX 1198  9420.00        3.182511E+13   2.3949E-06   2.3987E-06   0.99842
FLUX 1199  9460.00        3.169054E+13   2.3780E-06   2.3781E-06   0.99999
FLUX 1200  9500.00        3.155711E+13   2.3577E-06   2.3577E-06   0.99999
FLUX 1201  9540.00        3.142479E+13   2.3376E-06   2.3376E-06   0.99999
FLUX 1202  9580.00        3.129358E+13   2.3178E-06   2.3178E-06   1.00000
FLUX 1203  9620.00        3.116346E+13   2.2982E-06   2.2982E-06   1.00000
FLUX 1204  9660.00        3.103442E+13   2.2788E-06   2.2788E-06   1.00000
FLUX 1205  9700.00        3.090644E+13   2.2597E-06   2.2597E-06   0.99999
FLUX 1206  9740.00        3.077952E+13   2.2408E-06   2.2409E-06   1.00000
FLUX 1207  9780.00        3.065363E+13   2.2222E-06   2.2222E-06   1.00000
FLUX 1208  9820.00        3.052877E+13   2.2038E-06   2.2038E-06   0.99999
FLUX 1209  9860.00        3.040492E+13   2.1856E-06   2.1856E-06   0.99999
FLUX 1210  9900.00        3.028207E+13   2.1677E-06   2.1677E-06   0.99999
FLUX 1211  9940.00        3.016021E+13   2.1499E-06   2.1499E-06   1.00000
FLUX 1212  9980.00        3.003933E+13   2.1324E-06   2.1324E-06   1.00000
FLUX 1213 10020.00        2.991941E+13   2.1151E-06   2.1151E-06   1.00000
FLUX 1214 20000.00        1.498963E+13   5.1548E-07   5.1548E-07   1.00000
FLUX 1215 40000.00        7.494813E+12   1.2479E-07   1.2479E-07   1.00000
FLUX 1216 60000.00        4.996542E+12   5.4411E-08   5.4411E-08   1.00000
FLUX 1217 80000.00        3.747406E+12   3.0191E-08   3.0191E-08   1.00000
FLUX 1218100000.00        2.997925E+12   1.9118E-08   1.9118E-08   1.00000
FLUX 1219120000.00        2.498271E+12   1.3162E-08   1.3162E-08   1.00000
FLUX 1220140000.00        2.141375E+12   9.5993E-09   9.5993E-09   1.00000
FLUX 1221160000.00        1.873703E+12   7.3026E-09   7.3026E-09   1.00000
FLUX
