TEFF  16000.  GRAVITY 4.00000 LTE 
TITLE  [+0.5] N(He)/Ntot=0.07813 VTURB=2.0  L/H=1.25 NOVER                      
FLUX    1     9.09        3.298047E+16   1.0000E-50   0.0000E+00   1.00000
FLUX    2     9.35        3.206337E+16   1.0000E-50   0.0000E+00   1.00000
FLUX    3     9.61        3.119589E+16   1.0000E-50   0.0000E+00   1.00000
FLUX    4     9.77        3.068501E+16   1.0000E-50   0.0000E+00   1.00000
FLUX    5     9.96        3.009965E+16   1.0000E-50   0.0000E+00   1.00000
FLUX    6    10.20        2.939142E+16   1.0000E-50   0.0000E+00   1.00000
FLUX    7    10.38        2.888174E+16   1.0000E-50   0.0000E+00   1.00000
FLUX    8    10.56        2.838944E+16   1.0000E-50   0.0000E+00   1.00000
FLUX    9    10.77        2.783589E+16   1.0000E-50   0.0000E+00   1.00000
FLUX   10    11.04        2.715512E+16   1.0000E-50   0.0000E+00   1.00000
FLUX   11    11.40        2.629759E+16   1.0000E-50   0.0000E+00   1.00000
FLUX   12    11.78        2.544928E+16   1.0000E-50   0.0000E+00   1.00000
FLUX   13    12.13        2.471496E+16   1.0000E-50   0.0000E+00   1.00000
FLUX   14    12.48        2.402183E+16   1.0000E-50   0.0000E+00   1.00000
FLUX   15    12.71        2.358714E+16   1.0000E-50   0.0000E+00   1.00000
FLUX   16    12.84        2.334833E+16   1.0000E-50   0.0000E+00   1.00000
FLUX   17    13.05        2.297261E+16   1.0000E-50   0.0000E+00   1.00000
FLUX   18    13.24        2.264294E+16   1.0000E-50   0.0000E+00   1.00000
FLUX   19    13.39        2.238928E+16   1.0000E-50   0.0000E+00   1.00000
FLUX   20    13.66        2.194674E+16   1.0000E-50   0.0000E+00   1.00000
FLUX   21    13.98        2.144438E+16   1.0000E-50   0.0000E+00   1.00000
FLUX   22    14.33        2.092062E+16   1.0000E-50   0.0000E+00   1.00000
FLUX   23    14.72        2.036634E+16   1.0000E-50   0.0000E+00   1.00000
FLUX   24    15.10        1.985381E+16   1.0000E-50   0.0000E+00   1.00000
FLUX   25    15.52        1.931653E+16   1.0000E-50   0.0000E+00   1.00000
FLUX   26    15.88        1.887862E+16   1.0000E-50   0.0000E+00   1.00000
FLUX   27    16.20        1.850571E+16   1.0000E-50   0.0000E+00   1.00000
FLUX   28    16.60        1.805979E+16   1.0000E-50   0.0000E+00   1.00000
FLUX   29    17.03        1.760379E+16   1.2357E-38   1.2611E-38   0.97981
FLUX   30    17.34        1.728907E+16   1.5815E-37   1.5855E-37   0.99747
FLUX   31    17.68        1.695659E+16   7.5735E-37   7.5913E-37   0.99765
FLUX   32    18.02        1.663665E+16   3.2805E-36   3.2876E-36   0.99783
FLUX   33    18.17        1.649931E+16   6.1534E-36   6.1698E-36   0.99733
FLUX   34    18.61        1.610922E+16   3.7052E-35   3.7087E-35   0.99904
FLUX   35    19.10        1.569594E+16   2.5035E-34   2.5036E-34   0.99997
FLUX   36    19.39        1.546119E+16   7.4089E-34   7.4091E-34   0.99997
FLUX   37    19.84        1.511051E+16   3.7773E-33   3.7774E-33   0.99997
FLUX   38    20.18        1.485592E+16   1.2432E-32   1.2433E-32   0.99998
FLUX   39    20.50        1.462402E+16   3.7013E-32   3.7014E-32   0.99998
FLUX   40    21.05        1.424192E+16   2.2283E-31   2.2283E-31   0.99998
FLUX   41    21.62        1.386644E+16   1.3099E-30   1.3099E-30   0.99998
FLUX   42    21.98        1.363933E+16   3.8356E-30   3.8357E-30   0.99998
FLUX   43    22.30        1.344361E+16   9.6680E-30   9.6682E-30   0.99998
FLUX   44    22.68        1.321836E+16   2.8122E-29   2.8122E-29   0.99998
FLUX   45    23.00        1.303446E+16   6.6326E-29   6.8666E-29   0.96593
FLUX   46    23.40        1.281165E+16   1.9724E-28   1.9768E-28   0.99776
FLUX   47    24.00        1.249135E+16   9.0632E-28   9.0642E-28   0.99988
FLUX   48    24.65        1.216197E+16   4.3518E-27   4.3524E-27   0.99987
FLUX   49    25.24        1.187767E+16   1.6893E-26   1.6893E-26   0.99997
FLUX   50    25.68        1.167416E+16   4.4570E-26   4.4642E-26   0.99840
FLUX   51    26.00        1.153048E+16   8.8699E-26   8.8700E-26   0.99999
FLUX   52    26.40        1.135578E+16   2.0439E-25   2.0441E-25   0.99994
FLUX   53    26.85        1.116546E+16   5.0693E-25   5.0694E-25   0.99998
FLUX   54    27.35        1.096133E+16   1.3423E-24   1.3429E-24   0.99961
FLUX   55    27.85        1.076454E+16   3.4412E-24   3.4413E-24   0.99998
FLUX   56    28.40        1.055607E+16   9.3353E-24   9.3354E-24   0.99999
FLUX   57    29.00        1.033767E+16   2.6500E-23   2.6502E-23   0.99992
FLUX   58    29.60        1.012813E+16   7.2008E-23   7.2015E-23   0.99990
FLUX   59    30.10        9.959884E+15   1.6083E-22   1.6090E-22   0.99958
FLUX   60    30.80        9.733523E+15   4.7368E-22   4.7510E-22   0.99701
FLUX   61    31.80        9.427437E+15   2.0467E-21   2.0469E-21   0.99991
FLUX   62    32.80        9.140015E+15   8.0316E-21   8.0602E-21   0.99645
FLUX   63    33.80        8.869601E+15   2.9216E-20   2.9217E-20   0.99998
FLUX   64    34.80        8.614727E+15   9.8292E-20   9.8307E-20   0.99984
FLUX   65    35.70        8.397549E+15   2.7883E-19   2.7994E-19   0.99605
FLUX   66    36.60        8.191052E+15   7.4577E-19   7.4621E-19   0.99942
FLUX   67    37.50        7.994467E+15   1.8891E-18   1.8939E-18   0.99748
FLUX   68    38.50        7.786818E+15   5.0529E-18   5.0611E-18   0.99838
FLUX   69    39.50        7.589684E+15   1.2824E-17   1.2855E-17   0.99759
FLUX   70    40.50        7.402284E+15   3.1096E-17   3.1150E-17   0.99829
FLUX   71    41.40        7.241365E+15   6.6472E-17   6.6537E-17   0.99902
FLUX   72    42.20        7.104088E+15   1.2674E-16   1.2710E-16   0.99718
FLUX   73    43.00        6.971919E+15   2.3570E-16   2.3668E-16   0.99586
FLUX   74    44.10        6.798016E+15   5.3481E-16   5.3587E-16   0.99803
FLUX   75    45.10        6.647284E+15   1.0850E-15   1.0866E-15   0.99857
FLUX   76    46.00        6.517228E+15   1.9943E-15   1.9980E-15   0.99816
FLUX   77    47.00        6.378564E+15   3.8169E-15   3.8216E-15   0.99877
FLUX   78    48.00        6.245677E+15   7.0999E-15   7.1074E-15   0.99894
FLUX   79    49.00        6.118214E+15   1.2876E-14   1.2881E-14   0.99957
FLUX   80    50.00        5.995850E+15   2.2765E-14   2.2769E-14   0.99986
FLUX   81    50.60        5.924753E+15   2.6593E-13   5.1022E-13   0.52120
FLUX   82    51.20        5.855322E+15   1.5471E-12   1.8238E-12   0.84832
FLUX   83    52.00        5.765240E+15   2.1916E-12   2.5364E-12   0.86405
FLUX   84    53.00        5.656462E+15   3.3968E-12   3.7767E-12   0.89942
FLUX   85    54.00        5.551713E+15   4.6318E-12   5.5400E-12   0.83606
FLUX   86    55.00        5.450773E+15   7.6156E-12   8.0154E-12   0.95012
FLUX   87    56.00        5.353438E+15   1.0820E-11   1.1441E-11   0.94564
FLUX   88    57.00        5.259518E+15   1.5763E-11   1.6125E-11   0.97755
FLUX   89    58.00        5.168836E+15   2.3738E-11   2.9638E-11   0.80094
FLUX   90    59.00        5.081229E+15   3.6644E-11   3.9937E-11   0.91754
FLUX   91    60.00        4.996542E+15   5.0099E-11   5.3284E-11   0.94023
FLUX   92    61.00        4.914631E+15   6.9800E-11   7.0429E-11   0.99107
FLUX   93    62.00        4.835363E+15   8.9849E-11   9.2254E-11   0.97394
FLUX   94    63.00        4.758611E+15   1.1752E-10   1.1982E-10   0.98088
FLUX   95    64.00        4.684258E+15   1.4468E-10   1.5442E-10   0.93690
FLUX   96    65.00        4.612192E+15   1.8166E-10   1.9750E-10   0.91983
FLUX   97    65.80        4.556117E+15   2.3590E-10   2.3917E-10   0.98635
FLUX   98    66.50        4.508158E+15   2.6852E-10   2.8172E-10   0.95312
FLUX   99    67.50        4.441370E+15   3.3467E-10   3.5388E-10   0.94571
FLUX  100    68.50        4.376533E+15   4.1892E-10   4.4158E-10   0.94867
FLUX  101    69.50        4.313561E+15   5.3334E-10   5.4754E-10   0.97408
FLUX  102    70.50        4.252376E+15   6.4871E-10   6.7479E-10   0.96135
FLUX  103    71.60        4.187046E+15   8.0638E-10   8.4351E-10   0.95599
FLUX  104    72.60        4.129373E+15   9.8420E-10   1.0272E-09   0.95814
FLUX  105    73.50        4.078810E+15   1.1466E-09   1.2211E-09   0.93894
FLUX  106    74.50        4.024060E+15   1.4173E-09   1.4728E-09   0.96235
FLUX  107    75.50        3.970762E+15   1.7122E-09   1.7674E-09   0.96872
FLUX  108    76.50        3.918856E+15   2.0605E-09   2.1172E-09   0.97321
FLUX  109    77.50        3.868290E+15   2.4706E-09   2.5175E-09   0.98137
FLUX  110    78.50        3.819013E+15   2.9462E-09   2.9803E-09   0.98856
FLUX  111    79.50        3.770975E+15   3.4106E-09   3.5133E-09   0.97078
FLUX  112    80.50        3.724130E+15   3.9937E-09   4.1246E-09   0.96826
FLUX  113    81.50        3.678436E+15   4.6139E-09   4.8232E-09   0.95661
FLUX  114    82.50        3.633848E+15   5.4342E-09   5.6192E-09   0.96706
FLUX  115    83.50        3.590329E+15   6.0917E-09   6.5234E-09   0.93381
FLUX  116    84.50        3.547840E+15   7.1282E-09   7.5464E-09   0.94459
FLUX  117    85.50        3.506345E+15   8.2790E-09   8.7015E-09   0.95145
FLUX  118    86.50        3.465809E+15   9.5603E-09   9.9981E-09   0.95620
FLUX  119    87.50        3.426200E+15   1.1050E-08   1.1451E-08   0.96498
FLUX  120    88.50        3.387486E+15   1.2862E-08   1.3075E-08   0.98367
FLUX  121    89.50        3.349637E+15   1.4630E-08   1.4886E-08   0.98282
FLUX  122    90.50        3.312624E+15   1.5890E-08   1.6898E-08   0.94037
FLUX  123    91.50        3.276421E+15   6.1622E-08   1.1653E-04   0.00053
FLUX  124    92.50        3.241000E+15   3.4164E-07   1.2229E-04   0.00279
FLUX  125    93.50        3.206337E+15   7.1593E-07   1.2445E-04   0.00575
FLUX  126    94.50        3.172407E+15   2.2845E-06   1.2508E-04   0.01826
FLUX  127    95.50        3.139188E+15   5.2862E-06   1.2499E-04   0.04229
FLUX  128    96.50        3.106658E+15   8.0235E-06   1.2427E-04   0.06456
FLUX  129    97.50        3.074795E+15   2.3583E-06   1.2305E-04   0.01916
FLUX  130    98.50        3.043579E+15   1.1107E-05   1.2194E-04   0.09109
FLUX  131    99.50        3.012990E+15   1.0853E-05   1.2001E-04   0.09043
FLUX  132   100.50        2.983010E+15   1.4019E-05   1.1739E-04   0.11942
FLUX  133   101.50        2.953621E+15   1.4787E-05   1.1393E-04   0.12979
FLUX  134   102.50        2.924805E+15   3.4031E-06   1.1817E-04   0.02880
FLUX  135   103.50        2.896546E+15   8.0391E-06   1.1961E-04   0.06721
FLUX  136   104.50        2.868828E+15   2.3358E-05   1.2033E-04   0.19412
FLUX  137   105.50        2.841635E+15   2.6362E-05   1.2128E-04   0.21736
FLUX  138   106.50        2.814953E+15   2.1773E-05   1.2337E-04   0.17649
FLUX  139   107.50        2.788767E+15   2.9787E-05   1.2650E-04   0.23547
FLUX  140   108.50        2.763065E+15   2.6676E-05   1.3003E-04   0.20515
FLUX  141   109.50        2.737831E+15   3.4238E-05   1.3330E-04   0.25685
FLUX  142   110.50        2.713054E+15   3.1642E-05   2.0650E-04   0.15323
FLUX  143   111.50        2.688722E+15   3.7852E-05   2.0982E-04   0.18040
FLUX  144   112.50        2.664822E+15   4.0057E-05   2.1212E-04   0.18884
FLUX  145   113.50        2.641344E+15   5.4819E-05   2.1596E-04   0.25384
FLUX  146   114.50        2.618275E+15   4.9499E-05   2.1682E-04   0.22830
FLUX  147   115.50        2.595606E+15   5.8448E-05   2.1720E-04   0.26910
FLUX  148   116.50        2.573326E+15   6.6209E-05   2.1720E-04   0.30483
FLUX  149   117.50        2.551426E+15   5.5785E-05   2.1800E-04   0.25590
FLUX  150   118.50        2.529895E+15   6.8493E-05   2.1860E-04   0.31332
FLUX  151   119.50        2.508724E+15   2.4008E-05   2.1829E-04   0.10998
FLUX  152   120.50        2.487905E+15   1.8224E-05   2.1788E-04   0.08364
FLUX  153   121.50        2.467428E+15   6.5192E-06   2.1741E-04   0.02999
FLUX  154   122.50        2.447286E+15   3.0272E-05   2.1951E-04   0.13791
FLUX  155   123.50        2.427470E+15   8.3163E-05   2.1893E-04   0.37985
FLUX  156   124.50        2.407972E+15   9.9024E-05   2.3123E-04   0.42825
FLUX  157   125.50        2.388785E+15   1.0187E-04   2.3158E-04   0.43989
FLUX  158   126.50        2.369901E+15   8.0926E-05   2.3137E-04   0.34978
FLUX  159   127.50        2.351314E+15   1.0013E-04   2.3089E-04   0.43366
FLUX  160   128.50        2.333016E+15   1.1885E-04   2.3035E-04   0.51596
FLUX  161   129.50        2.315000E+15   6.8089E-05   2.2973E-04   0.29639
FLUX  162   130.50        2.297261E+15   4.7650E-05   2.2909E-04   0.20800
FLUX  163   131.50        2.279791E+15   1.0902E-04   2.2842E-04   0.47726
FLUX  164   132.50        2.262585E+15   1.1187E-04   2.2776E-04   0.49116
FLUX  165   133.50        2.245637E+15   8.9565E-05   2.2708E-04   0.39441
FLUX  166   134.50        2.228941E+15   1.2597E-04   2.2640E-04   0.55641
FLUX  167   135.50        2.212491E+15   1.2177E-04   2.2570E-04   0.53952
FLUX  168   136.50        2.196282E+15   1.0302E-04   2.2499E-04   0.45789
FLUX  169   137.50        2.180309E+15   1.1487E-04   2.2428E-04   0.51216
FLUX  170   138.50        2.164567E+15   1.1917E-04   2.2357E-04   0.53306
FLUX  171   139.50        2.149050E+15   1.1003E-04   2.2285E-04   0.49374
FLUX  172   140.50        2.133754E+15   1.1558E-04   2.2213E-04   0.52034
FLUX  173   141.50        2.118675E+15   1.0995E-04   2.2141E-04   0.49658
FLUX  174   142.50        2.103807E+15   1.2048E-04   2.2080E-04   0.54566
FLUX  175   143.50        2.089146E+15   1.1952E-04   2.2007E-04   0.54310
FLUX  176   144.20        2.079005E+15   1.3270E-04   2.1956E-04   0.60437
FLUX  177   144.70        2.071821E+15   1.3533E-04   2.2007E-04   0.61495
FLUX  178   145.50        2.060430E+15   1.3298E-04   2.1948E-04   0.60587
FLUX  179   146.50        2.046365E+15   1.2340E-04   2.1874E-04   0.56414
FLUX  180   147.50        2.032492E+15   1.2261E-04   2.1800E-04   0.56244
FLUX  181   148.50        2.018805E+15   1.2655E-04   2.1726E-04   0.58245
FLUX  182   149.50        2.005301E+15   1.3217E-04   2.1652E-04   0.61040
FLUX  183   150.50        1.991977E+15   1.2336E-04   2.1578E-04   0.57168
FLUX  184   151.20        1.982755E+15   1.0914E-04   2.1526E-04   0.50703
FLUX  185   151.70        1.976220E+15   1.2116E-04   2.1489E-04   0.56384
FLUX  186   152.50        1.965852E+15   1.2034E-04   2.1436E-04   0.56140
FLUX  187   153.50        1.953046E+15   1.0686E-04   2.1362E-04   0.50022
FLUX  188   154.50        1.940405E+15   1.1671E-04   2.1288E-04   0.54823
FLUX  189   155.50        1.927926E+15   1.1007E-04   2.1214E-04   0.51887
FLUX  190   156.50        1.915607E+15   1.1162E-04   2.1141E-04   0.52796
FLUX  191   157.50        1.903444E+15   1.1894E-04   2.1067E-04   0.56455
FLUX  192   158.50        1.891435E+15   1.2774E-04   2.0994E-04   0.60846
FLUX  193   159.50        1.879577E+15   1.3120E-04   2.0921E-04   0.62711
FLUX  194   160.50        1.867866E+15   1.2825E-04   2.0848E-04   0.61517
FLUX  195   161.50        1.856300E+15   1.3274E-04   2.0775E-04   0.63891
FLUX  196   162.50        1.844877E+15   1.2401E-04   2.0703E-04   0.59901
FLUX  197   163.50        1.833593E+15   1.3482E-04   2.0631E-04   0.65350
FLUX  198   164.50        1.822447E+15   1.3742E-04   2.0559E-04   0.66840
FLUX  199   165.50        1.811435E+15   1.2406E-04   2.0488E-04   0.60554
FLUX  200   166.50        1.800556E+15   1.4032E-04   2.0417E-04   0.68728
FLUX  201   167.20        1.793017E+15   1.2797E-04   2.0368E-04   0.62828
FLUX  202   167.70        1.787671E+15   1.3806E-04   2.0335E-04   0.67893
FLUX  203   168.50        1.779184E+15   1.4887E-04   2.0279E-04   0.73413
FLUX  204   169.50        1.768687E+15   1.3998E-04   2.0210E-04   0.69267
FLUX  205   170.50        1.758314E+15   1.3244E-04   2.0141E-04   0.65759
FLUX  206   171.50        1.748061E+15   1.2089E-04   2.0072E-04   0.60227
FLUX  207   172.50        1.737928E+15   1.2156E-04   2.0003E-04   0.60770
FLUX  208   173.50        1.727911E+15   1.3179E-04   1.9935E-04   0.66107
FLUX  209   174.50        1.718009E+15   1.3030E-04   1.9868E-04   0.65582
FLUX  210   175.50        1.708219E+15   1.4168E-04   1.9801E-04   0.71552
FLUX  211   176.50        1.698541E+15   1.2763E-04   1.9734E-04   0.64678
FLUX  212   177.50        1.688972E+15   1.2943E-04   1.9667E-04   0.65809
FLUX  213   178.50        1.679510E+15   1.3780E-04   1.9601E-04   0.70302
FLUX  214   179.50        1.670153E+15   1.4929E-04   1.9535E-04   0.76421
FLUX  215   180.50        1.660900E+15   1.5013E-04   1.9469E-04   0.77112
FLUX  216   181.50        1.651749E+15   1.3356E-04   1.9404E-04   0.68830
FLUX  217   182.50        1.642699E+15   1.4026E-04   1.9340E-04   0.72523
FLUX  218   183.50        1.633747E+15   1.3332E-04   1.9277E-04   0.69157
FLUX  219   184.50        1.624892E+15   1.2315E-04   1.9215E-04   0.64088
FLUX  220   185.50        1.616132E+15   1.1577E-04   1.9154E-04   0.60444
FLUX  221   186.50        1.607466E+15   1.2258E-04   1.9093E-04   0.64205
FLUX  222   187.50        1.598893E+15   1.4421E-04   1.9032E-04   0.75772
FLUX  223   188.50        1.590411E+15   1.2974E-04   1.8972E-04   0.68385
FLUX  224   189.50        1.582018E+15   1.2233E-04   1.8912E-04   0.64682
FLUX  225   190.50        1.573714E+15   1.3557E-04   1.8852E-04   0.71912
FLUX  226   191.50        1.565496E+15   1.2722E-04   1.8821E-04   0.67596
FLUX  227   192.50        1.557364E+15   1.2629E-04   1.8762E-04   0.67310
FLUX  228   193.50        1.549315E+15   1.3572E-04   1.8704E-04   0.72563
FLUX  229   194.50        1.541350E+15   1.3751E-04   1.8646E-04   0.73744
FLUX  230   195.50        1.533465E+15   1.2746E-04   1.8589E-04   0.68566
FLUX  231   196.70        1.524110E+15   1.4550E-04   1.8523E-04   0.78553
FLUX  232   197.60        1.517169E+15   1.5327E-04   1.8474E-04   0.82967
FLUX  233   198.40        1.511051E+15   1.4193E-04   1.8437E-04   0.76983
FLUX  234   199.50        1.502719E+15   1.3794E-04   1.8377E-04   0.75062
FLUX  235   200.50        1.495224E+15   1.4611E-04   1.8324E-04   0.79737
FLUX  236   201.50        1.487804E+15   1.3625E-04   1.8270E-04   0.74576
FLUX  237   202.50        1.480457E+15   1.5250E-04   1.8218E-04   0.83709
FLUX  238   203.50        1.473182E+15   1.3876E-04   1.8165E-04   0.76386
FLUX  239   204.50        1.465978E+15   1.4614E-04   1.8113E-04   0.80683
FLUX  240   205.50        1.458844E+15   1.3862E-04   1.8061E-04   0.76750
FLUX  241   206.50        1.451780E+15   1.4251E-04   1.8009E-04   0.79130
FLUX  242   207.40        1.445480E+15   1.5310E-04   1.7963E-04   0.85228
FLUX  243   207.80        1.442697E+15   1.4045E-04   1.7943E-04   0.78275
FLUX  244   208.50        1.437854E+15   1.4952E-04   1.7907E-04   0.83497
FLUX  245   209.50        1.430990E+15   1.3946E-04   1.7857E-04   0.78102
FLUX  246   210.50        1.424192E+15   1.4318E-04   1.7807E-04   0.80406
FLUX  247   211.50        1.417459E+15   1.4594E-04   1.7757E-04   0.82188
FLUX  248   212.50        1.410788E+15   1.4892E-04   1.7708E-04   0.84098
FLUX  249   213.50        1.404180E+15   1.3786E-04   1.7658E-04   0.78071
FLUX  250   214.50        1.397634E+15   1.4236E-04   1.7610E-04   0.80843
FLUX  251   215.50        1.391148E+15   1.5063E-04   1.7561E-04   0.85774
FLUX  252   216.50        1.384723E+15   1.4636E-04   1.7513E-04   0.83572
FLUX  253   217.50        1.378356E+15   1.4548E-04   1.7465E-04   0.83295
FLUX  254   218.50        1.372048E+15   1.3999E-04   1.7418E-04   0.80370
FLUX  255   219.50        1.365797E+15   1.4780E-04   1.7371E-04   0.85086
FLUX  256   220.50        1.359603E+15   1.4458E-04   1.7324E-04   0.83459
FLUX  257   221.50        1.353465E+15   1.3883E-04   1.7278E-04   0.80351
FLUX  258   222.50        1.347382E+15   1.3245E-04   1.7231E-04   0.76863
FLUX  259   223.50        1.341353E+15   1.4362E-04   1.7186E-04   0.83568
FLUX  260   224.50        1.335379E+15   1.3661E-04   1.7140E-04   0.79698
FLUX  261   225.50        1.329457E+15   1.3064E-04   1.7095E-04   0.76418
FLUX  262   226.50        1.323587E+15   1.3679E-04   1.7051E-04   0.80223
FLUX  263   227.50        1.317769E+15   1.4236E-04   1.7006E-04   0.83711
FLUX  264   228.50        1.312002E+15   1.4552E-04   1.6962E-04   0.85789
FLUX  265   229.50        1.306285E+15   1.3975E-04   1.6918E-04   0.82602
FLUX  266   230.50        1.300618E+15   1.3494E-04   1.6875E-04   0.79964
FLUX  267   231.50        1.295000E+15   1.2863E-04   1.6831E-04   0.76421
FLUX  268   232.50        1.289430E+15   1.2718E-04   1.6788E-04   0.75756
FLUX  269   233.50        1.283908E+15   1.2144E-04   1.6745E-04   0.72519
FLUX  270   234.50        1.278433E+15   1.2102E-04   1.6703E-04   0.72452
FLUX  271   235.50        1.273004E+15   1.2640E-04   1.6661E-04   0.75869
FLUX  272   236.50        1.267622E+15   1.1916E-04   1.6619E-04   0.71704
FLUX  273   237.50        1.262284E+15   1.2216E-04   1.6577E-04   0.73691
FLUX  274   238.50        1.256992E+15   1.1551E-04   1.6536E-04   0.69856
FLUX  275   239.50        1.251743E+15   1.2693E-04   1.6495E-04   0.76950
FLUX  276   240.50        1.246538E+15   1.1993E-04   1.6454E-04   0.72890
FLUX  277   241.50        1.241377E+15   1.2378E-04   1.6413E-04   0.75416
FLUX  278   242.50        1.236258E+15   1.2862E-04   1.6373E-04   0.78558
FLUX  279   243.50        1.231181E+15   1.2273E-04   1.6333E-04   0.75145
FLUX  280   244.50        1.226145E+15   1.3159E-04   1.6293E-04   0.80762
FLUX  281   245.50        1.221151E+15   1.2856E-04   1.6254E-04   0.79093
FLUX  282   246.50        1.216197E+15   1.3024E-04   1.6215E-04   0.80322
FLUX  283   247.50        1.211283E+15   1.2521E-04   1.6176E-04   0.77405
FLUX  284   248.50        1.206408E+15   1.3379E-04   1.6137E-04   0.82908
FLUX  285   249.50        1.201573E+15   1.2977E-04   1.6099E-04   0.80609
FLUX  286   250.50        1.196776E+15   1.3729E-04   1.6061E-04   0.85484
FLUX  287   251.30        1.192967E+15   1.2632E-04   1.6030E-04   0.78798
FLUX  288   251.80        1.190598E+15   1.3339E-04   1.6011E-04   0.83312
FLUX  289   252.50        1.187297E+15   1.2594E-04   1.5985E-04   0.78788
FLUX  290   253.50        1.182613E+15   1.2844E-04   1.5948E-04   0.80537
FLUX  291   254.50        1.177967E+15   1.2347E-04   1.5912E-04   0.77596
FLUX  292   255.50        1.173356E+15   1.3068E-04   1.5876E-04   0.82313
FLUX  293   256.50        1.168782E+15   1.2934E-04   1.5839E-04   0.81658
FLUX  294   257.50        1.164243E+15   1.3797E-04   1.5804E-04   0.87305
FLUX  295   258.50        1.159739E+15   1.3697E-04   1.5768E-04   0.86866
FLUX  296   259.50        1.155270E+15   1.3888E-04   1.5732E-04   0.88278
FLUX  297   260.50        1.150835E+15   1.3418E-04   1.5781E-04   0.85023
FLUX  298   261.50        1.146434E+15   1.3414E-04   1.5745E-04   0.85200
FLUX  299   262.50        1.142067E+15   1.3643E-04   1.5708E-04   0.86857
FLUX  300   263.50        1.137732E+15   1.3821E-04   1.5672E-04   0.88193
FLUX  301   264.50        1.133431E+15   1.4394E-04   1.5635E-04   0.92060
FLUX  302   265.50        1.129162E+15   1.4324E-04   1.5599E-04   0.91821
FLUX  303   266.50        1.124925E+15   1.3541E-04   1.5564E-04   0.87006
FLUX  304   267.50        1.120720E+15   1.4152E-04   1.5528E-04   0.91138
FLUX  305   268.50        1.116546E+15   1.3968E-04   1.5493E-04   0.90156
FLUX  306   269.50        1.112403E+15   1.3724E-04   1.5458E-04   0.88781
FLUX  307   270.50        1.108290E+15   1.4019E-04   1.5423E-04   0.90895
FLUX  308   271.50        1.104208E+15   1.3637E-04   1.5388E-04   0.88619
FLUX  309   272.50        1.100156E+15   1.3675E-04   1.5354E-04   0.89064
FLUX  310   273.50        1.096133E+15   1.4287E-04   1.5320E-04   0.93261
FLUX  311   274.50        1.092140E+15   1.3091E-04   1.5285E-04   0.85643
FLUX  312   275.50        1.088176E+15   1.3094E-04   1.5252E-04   0.85854
FLUX  313   276.50        1.084241E+15   1.3432E-04   1.5218E-04   0.88267
FLUX  314   277.50        1.080333E+15   1.3944E-04   1.5184E-04   0.91829
FLUX  315   278.50        1.076454E+15   1.4058E-04   1.5151E-04   0.92788
FLUX  316   279.50        1.072603E+15   1.3047E-04   1.5118E-04   0.86301
FLUX  317   280.50        1.068779E+15   1.3758E-04   1.5085E-04   0.91205
FLUX  318   281.50        1.064982E+15   1.4190E-04   1.5052E-04   0.94273
FLUX  319   282.50        1.061212E+15   1.4113E-04   1.5019E-04   0.93966
FLUX  320   283.50        1.057469E+15   1.3399E-04   1.4987E-04   0.89403
FLUX  321   284.50        1.053752E+15   1.3250E-04   1.4955E-04   0.88603
FLUX  322   285.50        1.050061E+15   1.3472E-04   1.4922E-04   0.90281
FLUX  323   286.50        1.046396E+15   1.3908E-04   1.4890E-04   0.93403
FLUX  324   287.50        1.042757E+15   1.3692E-04   1.4858E-04   0.92150
FLUX  325   288.50        1.039142E+15   1.3835E-04   1.4827E-04   0.93312
FLUX  326   289.50        1.035553E+15   1.3737E-04   1.4795E-04   0.92847
FLUX  327   291.00        1.030215E+15   1.4221E-04   1.4748E-04   0.96426
FLUX  328   293.00        1.023183E+15   1.3981E-04   1.4686E-04   0.95197
FLUX  329   295.00        1.016246E+15   1.3915E-04   1.4624E-04   0.95148
FLUX  330   297.00        1.009402E+15   1.3976E-04   1.4563E-04   0.95970
FLUX  331   299.00        1.002651E+15   1.3932E-04   1.4503E-04   0.96066
FLUX  332   301.00        9.959884E+14   1.4132E-04   1.4443E-04   0.97852
FLUX  333   303.00        9.894142E+14   1.4166E-04   1.4383E-04   0.98493
FLUX  334   305.00        9.829262E+14   1.4022E-04   1.4324E-04   0.97891
FLUX  335   307.00        9.765228E+14   1.3945E-04   1.4265E-04   0.97754
FLUX  336   309.00        9.702023E+14   1.4008E-04   1.4207E-04   0.98598
FLUX  337   311.00        9.639630E+14   1.3823E-04   1.4150E-04   0.97688
FLUX  338   313.00        9.578035E+14   1.3816E-04   1.4099E-04   0.97989
FLUX  339   315.00        9.517222E+14   1.3835E-04   1.4043E-04   0.98523
FLUX  340   317.00        9.457177E+14   1.3721E-04   1.3987E-04   0.98098
FLUX  341   319.00        9.397884E+14   1.3403E-04   1.3931E-04   0.96209
FLUX  342   321.00        9.339330E+14   1.3593E-04   1.3876E-04   0.97959
FLUX  343   323.00        9.281502E+14   1.3562E-04   1.3821E-04   0.98126
FLUX  344   325.00        9.224385E+14   1.3540E-04   1.3767E-04   0.98348
FLUX  345   327.00        9.167966E+14   1.3541E-04   1.3713E-04   0.98742
FLUX  346   329.00        9.112234E+14   1.3513E-04   1.3659E-04   0.98933
FLUX  347   331.00        9.057175E+14   1.3533E-04   1.3606E-04   0.99467
FLUX  348   333.00        9.002778E+14   1.3427E-04   1.3553E-04   0.99077
FLUX  349   335.00        8.949030E+14   1.3314E-04   1.3500E-04   0.98621
FLUX  350   337.00        8.895920E+14   1.3282E-04   1.3447E-04   0.98767
FLUX  351   339.00        8.843437E+14   1.3224E-04   1.3395E-04   0.98722
FLUX  352   341.00        8.791569E+14   1.3242E-04   1.3344E-04   0.99237
FLUX  353   343.00        8.740306E+14   1.3163E-04   1.3320E-04   0.98817
FLUX  354   345.00        8.689638E+14   1.3106E-04   1.3268E-04   0.98774
FLUX  355   347.00        8.639553E+14   1.3035E-04   1.3217E-04   0.98630
FLUX  356   349.00        8.590043E+14   1.3013E-04   1.3165E-04   0.98844
FLUX  357   351.00        8.541097E+14   1.3018E-04   1.3114E-04   0.99268
FLUX  358   353.00        8.492705E+14   1.3004E-04   1.3064E-04   0.99548
FLUX  359   355.00        8.444859E+14   1.2966E-04   1.3013E-04   0.99640
FLUX  360   357.00        8.397549E+14   1.2928E-04   1.2963E-04   0.99728
FLUX  361   359.00        8.350766E+14   1.2797E-04   1.2914E-04   0.99095
FLUX  362   361.00        8.304501E+14   1.2785E-04   1.2864E-04   0.99380
FLUX  363   363.00        8.258747E+14   1.2745E-04   1.2815E-04   0.99450
FLUX  364   364.00        8.236058E+14   1.2779E-04   1.2791E-04   0.99903
FLUX  365   365.00        8.213493E+14   1.2751E-04   2.2719E-04   0.56123
FLUX  366   367.00        8.168733E+14   1.2741E-04   2.2556E-04   0.56483
FLUX  367   369.00        8.124458E+14   1.2533E-04   2.2666E-04   0.55294
FLUX  368   371.00        8.080660E+14   1.2383E-04   2.2503E-04   0.55029
FLUX  369   373.00        8.037332E+14   1.2202E-04   2.2342E-04   0.54613
FLUX  370   375.00        7.994467E+14   1.3995E-04   2.2183E-04   0.63086
FLUX  371   377.00        7.952056E+14   1.4493E-04   2.2026E-04   0.65798
FLUX  372   379.00        7.910092E+14   1.6235E-04   2.1870E-04   0.74234
FLUX  373   381.00        7.868570E+14   1.7660E-04   2.1717E-04   0.81319
FLUX  374   383.00        7.827480E+14   1.4999E-04   2.1564E-04   0.69553
FLUX  375   385.00        7.786818E+14   1.8702E-04   2.1414E-04   0.87337
FLUX  376   387.00        7.746576E+14   1.9642E-04   2.1265E-04   0.92368
FLUX  377   389.00        7.706748E+14   1.4352E-04   2.1117E-04   0.67966
FLUX  378   391.00        7.667327E+14   1.9935E-04   2.0971E-04   0.95060
FLUX  379   393.00        7.628308E+14   1.9726E-04   2.0827E-04   0.94713
FLUX  380   395.00        7.589684E+14   1.9722E-04   2.0684E-04   0.95350
FLUX  381   397.00        7.551448E+14   1.3973E-04   2.0542E-04   0.68019
FLUX  382   399.00        7.513596E+14   1.9181E-04   2.0402E-04   0.94015
FLUX  383   401.00        7.476122E+14   1.9686E-04   2.0264E-04   0.97150
FLUX  384   403.00        7.439020E+14   1.8718E-04   2.0127E-04   0.93000
FLUX  385   405.00        7.402284E+14   1.9692E-04   1.9991E-04   0.98502
FLUX  386   407.00        7.365909E+14   1.9172E-04   1.9857E-04   0.96549
FLUX  387   409.00        7.329890E+14   1.7350E-04   1.9725E-04   0.87960
FLUX  388   411.00        7.294221E+14   1.4621E-04   1.9593E-04   0.74623
FLUX  389   413.00        7.258898E+14   1.8466E-04   1.9464E-04   0.94874
FLUX  390   415.00        7.223916E+14   1.8740E-04   1.9335E-04   0.96921
FLUX  391   417.00        7.189269E+14   1.8788E-04   1.9209E-04   0.97811
FLUX  392   419.00        7.154952E+14   1.8816E-04   1.9083E-04   0.98603
FLUX  393   421.00        7.120962E+14   1.8786E-04   1.8959E-04   0.99092
FLUX  394   423.00        7.087293E+14   1.8617E-04   1.8835E-04   0.98841
FLUX  395   425.00        7.053941E+14   1.8431E-04   1.8714E-04   0.98491
FLUX  396   427.00        7.020902E+14   1.8009E-04   1.8593E-04   0.96862
FLUX  397   429.00        6.988170E+14   1.8207E-04   1.8473E-04   0.98556
FLUX  398   431.00        6.955742E+14   1.7897E-04   1.8355E-04   0.97503
FLUX  399   433.00        6.923614E+14   1.5597E-04   1.8238E-04   0.85516
FLUX  400   435.00        6.891782E+14   1.3993E-04   1.8122E-04   0.77214
FLUX  401   437.00        6.860240E+14   1.7432E-04   1.8008E-04   0.96801
FLUX  402   439.00        6.828986E+14   1.7143E-04   1.7894E-04   0.95804
FLUX  403   441.00        6.798016E+14   1.7537E-04   1.7781E-04   0.98625
FLUX  404   443.00        6.767325E+14   1.7286E-04   1.7670E-04   0.97828
FLUX  405   445.00        6.736910E+14   1.7431E-04   1.7560E-04   0.99267
FLUX  406   447.00        6.706767E+14   1.6619E-04   1.7450E-04   0.95237
FLUX  407   449.00        6.676893E+14   1.6949E-04   1.7342E-04   0.97732
FLUX  408   451.00        6.647284E+14   1.7118E-04   1.7235E-04   0.99324
FLUX  409   453.00        6.617936E+14   1.6909E-04   1.7128E-04   0.98717
FLUX  410   455.00        6.588846E+14   1.6807E-04   1.7023E-04   0.98729
FLUX  411   457.00        6.560011E+14   1.6832E-04   1.6919E-04   0.99487
FLUX  412   459.00        6.531427E+14   1.6660E-04   1.6816E-04   0.99072
FLUX  413   461.00        6.503091E+14   1.6593E-04   1.6714E-04   0.99278
FLUX  414   463.00        6.475000E+14   1.6343E-04   1.6612E-04   0.98376
FLUX  415   465.00        6.447151E+14   1.6342E-04   1.6512E-04   0.98969
FLUX  416   467.00        6.419540E+14   1.6269E-04   1.6413E-04   0.99124
FLUX  417   469.00        6.392164E+14   1.6216E-04   1.6314E-04   0.99400
FLUX  418   471.00        6.365021E+14   1.5732E-04   1.6217E-04   0.97009
FLUX  419   473.00        6.338108E+14   1.5892E-04   1.6120E-04   0.98582
FLUX  420   475.00        6.311421E+14   1.5780E-04   1.6025E-04   0.98471
FLUX  421   477.00        6.284958E+14   1.5905E-04   1.5930E-04   0.99847
FLUX  422   479.00        6.258716E+14   1.5735E-04   1.5836E-04   0.99363
FLUX  423   481.00        6.232692E+14   1.5504E-04   1.5743E-04   0.98479
FLUX  424   483.00        6.206884E+14   1.5290E-04   1.5651E-04   0.97696
FLUX  425   485.00        6.181289E+14   1.3709E-04   1.5559E-04   0.88104
FLUX  426   487.00        6.155903E+14   1.1948E-04   1.5469E-04   0.77240
FLUX  427   489.00        6.130726E+14   1.5003E-04   1.5379E-04   0.97555
FLUX  428   491.00        6.105754E+14   1.5072E-04   1.5291E-04   0.98573
FLUX  429   493.00        6.080984E+14   1.4699E-04   1.5202E-04   0.96688
FLUX  430   495.00        6.056414E+14   1.5001E-04   1.5115E-04   0.99245
FLUX  431   497.00        6.032042E+14   1.4976E-04   1.5029E-04   0.99651
FLUX  432   499.00        6.007866E+14   1.4833E-04   1.4943E-04   0.99265
FLUX  433   501.00        5.983882E+14   1.4321E-04   1.4858E-04   0.96385
FLUX  434   503.00        5.960089E+14   1.4523E-04   1.4774E-04   0.98304
FLUX  435   505.00        5.936485E+14   1.4211E-04   1.4691E-04   0.96737
FLUX  436   507.00        5.913067E+14   1.4442E-04   1.4608E-04   0.98864
FLUX  437   509.00        5.889833E+14   1.4337E-04   1.4526E-04   0.98697
FLUX  438   511.00        5.866781E+14   1.4178E-04   1.4445E-04   0.98156
FLUX  439   513.00        5.843908E+14   1.4108E-04   1.4364E-04   0.98219
FLUX  440   515.00        5.821214E+14   1.3946E-04   1.4284E-04   0.97630
FLUX  441   517.00        5.798694E+14   1.3982E-04   1.4205E-04   0.98434
FLUX  442   519.00        5.776349E+14   1.3930E-04   1.4126E-04   0.98608
FLUX  443   521.00        5.754175E+14   1.3628E-04   1.4048E-04   0.97008
FLUX  444   523.00        5.732170E+14   1.3744E-04   1.3971E-04   0.98377
FLUX  445   525.00        5.710333E+14   1.3726E-04   1.3895E-04   0.98784
FLUX  446   527.00        5.688662E+14   1.3578E-04   1.3819E-04   0.98256
FLUX  447   529.00        5.667155E+14   1.3653E-04   1.3743E-04   0.99340
FLUX  448   531.00        5.645810E+14   1.3497E-04   1.3669E-04   0.98741
FLUX  449   533.00        5.624625E+14   1.3443E-04   1.3595E-04   0.98880
FLUX  450   535.00        5.603598E+14   1.3339E-04   1.3522E-04   0.98653
FLUX  451   537.00        5.582728E+14   1.3347E-04   1.3449E-04   0.99242
FLUX  452   539.00        5.562013E+14   1.3270E-04   1.3377E-04   0.99201
FLUX  453   541.00        5.541451E+14   1.3156E-04   1.3305E-04   0.98877
FLUX  454   543.00        5.521041E+14   1.3062E-04   1.3235E-04   0.98698
FLUX  455   545.00        5.500780E+14   1.3029E-04   1.3164E-04   0.98972
FLUX  456   547.00        5.480667E+14   1.2922E-04   1.3095E-04   0.98682
FLUX  457   549.00        5.460701E+14   1.2930E-04   1.3026E-04   0.99269
FLUX  458   551.00        5.440880E+14   1.2840E-04   1.2957E-04   0.99099
FLUX  459   553.00        5.421203E+14   1.2798E-04   1.2889E-04   0.99292
FLUX  460   555.00        5.401667E+14   1.2741E-04   1.2822E-04   0.99371
FLUX  461   557.00        5.382271E+14   1.2666E-04   1.2755E-04   0.99301
FLUX  462   559.00        5.363014E+14   1.2614E-04   1.2688E-04   0.99416
FLUX  463   561.00        5.343895E+14   1.2555E-04   1.2623E-04   0.99462
FLUX  464   563.00        5.324911E+14   1.2535E-04   1.2557E-04   0.99824
FLUX  465   565.00        5.306062E+14   1.2281E-04   1.2493E-04   0.98311
FLUX  466   567.00        5.287346E+14   1.2261E-04   1.2428E-04   0.98656
FLUX  467   569.00        5.268761E+14   1.2276E-04   1.2365E-04   0.99285
FLUX  468   571.00        5.250306E+14   1.2257E-04   1.2301E-04   0.99643
FLUX  469   573.00        5.231981E+14   1.2203E-04   1.2239E-04   0.99706
FLUX  470   575.00        5.213783E+14   1.2139E-04   1.2176E-04   0.99695
FLUX  471   577.00        5.195711E+14   1.2084E-04   1.2115E-04   0.99746
FLUX  472   579.00        5.177763E+14   1.2007E-04   1.2054E-04   0.99612
FLUX  473   581.00        5.159940E+14   1.1945E-04   1.1993E-04   0.99604
FLUX  474   583.00        5.142238E+14   1.1889E-04   1.1932E-04   0.99635
FLUX  475   585.00        5.124658E+14   1.1833E-04   1.1873E-04   0.99665
FLUX  476   587.00        5.107198E+14   1.1487E-04   1.1813E-04   0.97237
FLUX  477   589.00        5.089856E+14   1.1627E-04   1.1754E-04   0.98914
FLUX  478   591.00        5.072631E+14   1.1643E-04   1.1696E-04   0.99548
FLUX  479   593.00        5.055523E+14   1.1614E-04   1.1638E-04   0.99796
FLUX  480   595.00        5.038529E+14   1.1457E-04   1.1580E-04   0.98933
FLUX  481   597.00        5.021650E+14   1.1477E-04   1.1523E-04   0.99595
FLUX  482   599.00        5.004883E+14   1.1394E-04   1.1467E-04   0.99370
FLUX  483   601.00        4.988228E+14   1.1393E-04   1.1410E-04   0.99845
FLUX  484   603.00        4.971683E+14   1.1325E-04   1.1355E-04   0.99741
FLUX  485   605.00        4.955248E+14   1.1274E-04   1.1299E-04   0.99778
FLUX  486   607.00        4.938921E+14   1.1215E-04   1.1244E-04   0.99739
FLUX  487   609.00        4.922701E+14   1.1149E-04   1.1190E-04   0.99635
FLUX  488   611.00        4.906588E+14   1.1122E-04   1.1136E-04   0.99880
FLUX  489   613.00        4.890579E+14   1.1068E-04   1.1082E-04   0.99874
FLUX  490   615.00        4.874675E+14   1.0908E-04   1.1029E-04   0.98901
FLUX  491   617.00        4.858874E+14   1.0945E-04   1.0976E-04   0.99719
FLUX  492   619.00        4.843174E+14   1.0909E-04   1.0923E-04   0.99873
FLUX  493   621.00        4.827576E+14   1.0853E-04   1.0871E-04   0.99828
FLUX  494   623.00        4.812079E+14   1.0781E-04   1.0820E-04   0.99640
FLUX  495   625.00        4.796680E+14   1.0668E-04   1.0768E-04   0.99069
FLUX  496   627.00        4.781380E+14   1.0690E-04   1.0717E-04   0.99741
FLUX  497   629.00        4.766176E+14   1.0632E-04   1.0667E-04   0.99672
FLUX  498   631.00        4.751070E+14   1.0558E-04   1.0616E-04   0.99452
FLUX  499   633.00        4.736058E+14   1.0535E-04   1.0567E-04   0.99699
FLUX  500   635.00        4.721142E+14   1.0363E-04   1.0517E-04   0.98534
FLUX  501   637.00        4.706319E+14   1.0366E-04   1.0468E-04   0.99022
FLUX  502   639.00        4.691588E+14   1.0372E-04   1.0419E-04   0.99549
FLUX  503   641.00        4.676950E+14   1.0315E-04   1.0371E-04   0.99463
FLUX  504   643.00        4.662403E+14   1.0307E-04   1.0323E-04   0.99849
FLUX  505   645.00        4.647946E+14   1.0224E-04   1.0275E-04   0.99500
FLUX  506   647.00        4.633578E+14   1.0193E-04   1.0228E-04   0.99661
FLUX  507   649.00        4.619299E+14   1.0127E-04   1.0181E-04   0.99475
FLUX  508   651.00        4.605108E+14   1.0039E-04   1.0134E-04   0.99066
FLUX  509   653.00        4.591003E+14   9.9388E-05   1.0088E-04   0.98526
FLUX  510   655.00        4.576985E+14   9.3261E-05   1.0041E-04   0.92876
FLUX  511   657.00        4.563052E+14   8.0560E-05   9.9957E-05   0.80594
FLUX  512   659.00        4.549203E+14   9.6750E-05   9.9503E-05   0.97232
FLUX  513   661.00        4.535439E+14   9.8309E-05   9.9053E-05   0.99250
FLUX  514   663.00        4.521757E+14   9.8229E-05   9.8605E-05   0.99618
FLUX  515   665.00        4.508158E+14   9.7976E-05   9.8189E-05   0.99783
FLUX  516   667.00        4.494640E+14   9.6741E-05   9.7747E-05   0.98971
FLUX  517   669.00        4.481203E+14   9.6404E-05   9.7308E-05   0.99071
FLUX  518   671.00        4.467846E+14   9.6595E-05   9.6872E-05   0.99714
FLUX  519   673.00        4.454569E+14   9.6203E-05   9.6439E-05   0.99755
FLUX  520   675.00        4.441370E+14   9.5802E-05   9.6009E-05   0.99784
FLUX  521   677.00        4.428250E+14   9.5450E-05   9.5582E-05   0.99862
FLUX  522   679.00        4.415206E+14   9.4637E-05   9.5158E-05   0.99452
FLUX  523   681.00        4.402239E+14   9.4464E-05   9.4737E-05   0.99712
FLUX  524   683.00        4.389348E+14   9.3856E-05   9.4318E-05   0.99510
FLUX  525   685.00        4.376533E+14   9.3676E-05   9.3902E-05   0.99759
FLUX  526   687.00        4.363792E+14   9.3305E-05   9.3489E-05   0.99802
FLUX  527   689.00        4.351125E+14   9.2889E-05   9.3079E-05   0.99795
FLUX  528   691.00        4.338531E+14   9.2475E-05   9.2672E-05   0.99787
FLUX  529   693.00        4.326010E+14   9.1744E-05   9.2267E-05   0.99433
FLUX  530   695.00        4.313561E+14   9.1706E-05   9.1866E-05   0.99826
FLUX  531   697.00        4.301184E+14   9.1354E-05   9.1467E-05   0.99876
FLUX  532   699.00        4.288877E+14   9.0929E-05   9.1070E-05   0.99845
FLUX  533   701.00        4.276641E+14   9.0448E-05   9.0677E-05   0.99748
FLUX  534   703.00        4.264474E+14   9.0091E-05   9.0286E-05   0.99785
FLUX  535   705.00        4.252376E+14   8.9405E-05   8.9897E-05   0.99453
FLUX  536   707.00        4.240347E+14   8.8312E-05   8.9511E-05   0.98660
FLUX  537   709.00        4.228385E+14   8.9041E-05   8.9128E-05   0.99902
FLUX  538   711.00        4.216491E+14   8.8381E-05   8.8747E-05   0.99587
FLUX  539   713.00        4.204663E+14   8.8069E-05   8.8369E-05   0.99660
FLUX  540   715.00        4.192902E+14   8.7787E-05   8.7993E-05   0.99766
FLUX  541   717.00        4.181206E+14   8.7456E-05   8.7620E-05   0.99813
FLUX  542   719.00        4.169576E+14   8.7162E-05   8.7249E-05   0.99900
FLUX  543   721.00        4.158010E+14   8.6802E-05   8.6880E-05   0.99910
FLUX  544   723.00        4.146508E+14   8.5591E-05   8.6514E-05   0.98933
FLUX  545   725.00        4.135069E+14   8.5888E-05   8.6151E-05   0.99694
FLUX  546   727.00        4.123693E+14   8.5717E-05   8.5789E-05   0.99916
FLUX  547   729.00        4.112380E+14   8.4991E-05   8.5430E-05   0.99485
FLUX  548   731.00        4.101129E+14   8.4990E-05   8.5074E-05   0.99901
FLUX  549   733.00        4.089939E+14   8.4637E-05   8.4719E-05   0.99902
FLUX  550   735.00        4.078810E+14   8.4350E-05   8.4367E-05   0.99979
FLUX  551   737.00        4.067741E+14   8.3989E-05   8.4017E-05   0.99967
FLUX  552   739.00        4.056732E+14   8.3640E-05   8.3669E-05   0.99965
FLUX  553   741.00        4.045783E+14   8.3282E-05   8.3324E-05   0.99950
FLUX  554   743.00        4.034892E+14   8.2684E-05   8.2980E-05   0.99643
FLUX  555   745.00        4.024060E+14   8.2476E-05   8.2643E-05   0.99798
FLUX  556   747.00        4.013286E+14   8.1917E-05   8.2304E-05   0.99530
FLUX  557   749.00        4.002570E+14   8.1721E-05   8.1967E-05   0.99700
FLUX  558   751.00        3.991911E+14   8.1446E-05   8.1632E-05   0.99772
FLUX  559   753.00        3.981308E+14   8.1172E-05   8.1299E-05   0.99843
FLUX  560   755.00        3.970762E+14   8.0866E-05   8.0969E-05   0.99873
FLUX  561   757.00        3.960271E+14   8.0575E-05   8.0640E-05   0.99918
FLUX  562   759.00        3.949835E+14   8.0164E-05   8.0314E-05   0.99813
FLUX  563   761.00        3.939455E+14   7.9970E-05   7.9989E-05   0.99976
FLUX  564   763.00        3.929128E+14   7.9613E-05   7.9667E-05   0.99932
FLUX  565   765.00        3.918856E+14   7.9266E-05   7.9347E-05   0.99898
FLUX  566   767.00        3.908638E+14   7.8959E-05   7.9028E-05   0.99913
FLUX  567   769.00        3.898472E+14   7.8622E-05   7.8712E-05   0.99887
FLUX  568   771.00        3.888359E+14   7.8336E-05   7.8397E-05   0.99922
FLUX  569   773.00        3.878299E+14   7.7985E-05   7.8084E-05   0.99872
FLUX  570   775.00        3.868290E+14   7.7692E-05   7.7773E-05   0.99895
FLUX  571   777.00        3.858333E+14   7.6385E-05   7.7464E-05   0.98606
FLUX  572   779.00        3.848427E+14   7.7079E-05   7.7157E-05   0.99899
FLUX  573   781.00        3.838572E+14   7.6811E-05   7.6852E-05   0.99947
FLUX  574   783.00        3.828768E+14   7.6508E-05   7.6549E-05   0.99946
FLUX  575   785.00        3.819013E+14   7.5762E-05   7.6272E-05   0.99332
FLUX  576   787.00        3.809307E+14   7.5567E-05   7.5972E-05   0.99468
FLUX  577   789.00        3.799651E+14   7.5049E-05   7.5673E-05   0.99175
FLUX  578   791.00        3.790044E+14   7.5213E-05   7.5377E-05   0.99783
FLUX  579   793.00        3.780485E+14   7.5030E-05   7.5082E-05   0.99931
FLUX  580   795.00        3.770975E+14   7.4275E-05   7.4789E-05   0.99313
FLUX  581   797.00        3.761512E+14   7.4392E-05   7.4498E-05   0.99858
FLUX  582   799.00        3.752096E+14   7.3480E-05   7.4208E-05   0.99018
FLUX  583   801.00        3.742728E+14   7.3860E-05   7.3920E-05   0.99918
FLUX  584   803.00        3.733406E+14   7.3523E-05   7.3634E-05   0.99850
FLUX  585   805.00        3.724130E+14   7.3204E-05   7.3350E-05   0.99801
FLUX  586   807.00        3.714901E+14   7.2987E-05   7.3067E-05   0.99890
FLUX  587   809.00        3.705717E+14   7.2651E-05   7.2786E-05   0.99814
FLUX  588   811.00        3.696578E+14   7.2359E-05   7.2506E-05   0.99797
FLUX  589   813.00        3.687485E+14   7.2076E-05   7.2228E-05   0.99789
FLUX  590   815.00        3.678436E+14   7.1839E-05   7.1952E-05   0.99843
FLUX  591   817.00        3.669431E+14   7.1623E-05   7.1678E-05   0.99924
FLUX  592   819.00        3.660470E+14   7.1210E-05   7.1405E-05   0.99728
FLUX  593   821.00        3.651553E+14   7.0659E-05   7.8312E-05   0.90228
FLUX  594   823.00        3.642679E+14   7.0169E-05   7.7997E-05   0.89964
FLUX  595   825.00        3.633848E+14   7.0484E-05   7.7683E-05   0.90733
FLUX  596   827.00        3.625060E+14   7.0197E-05   7.7392E-05   0.90703
FLUX  597   829.00        3.616315E+14   6.9842E-05   7.7082E-05   0.90607
FLUX  598   831.00        3.607611E+14   6.9693E-05   7.6775E-05   0.90776
FLUX  599   833.00        3.598950E+14   6.9461E-05   7.6468E-05   0.90837
FLUX  600   835.00        3.590329E+14   6.9105E-05   7.6164E-05   0.90732
FLUX  601   837.00        3.581750E+14   6.8868E-05   7.5862E-05   0.90781
FLUX  602   839.00        3.573212E+14   6.8784E-05   7.5561E-05   0.91030
FLUX  603   841.00        3.564715E+14   6.8415E-05   7.5263E-05   0.90902
FLUX  604   843.00        3.556257E+14   6.8026E-05   7.4966E-05   0.90743
FLUX  605   845.00        3.547840E+14   6.7101E-05   7.4671E-05   0.89862
FLUX  606   847.00        3.539463E+14   6.7105E-05   7.4377E-05   0.90222
FLUX  607   849.00        3.531125E+14   6.7257E-05   7.4086E-05   0.90783
FLUX  608   851.00        3.522826E+14   6.5950E-05   7.3796E-05   0.89368
FLUX  609   853.00        3.514566E+14   6.7291E-05   7.3508E-05   0.91543
FLUX  610   855.00        3.506345E+14   6.4095E-05   7.3222E-05   0.87535
FLUX  611   857.00        3.498162E+14   6.7719E-05   7.2937E-05   0.92846
FLUX  612   859.00        3.490017E+14   6.4470E-05   7.2654E-05   0.88735
FLUX  613   861.00        3.481911E+14   6.3849E-05   7.2373E-05   0.88222
FLUX  614   863.00        3.473841E+14   6.7976E-05   7.2093E-05   0.94289
FLUX  615   865.00        3.465809E+14   6.5891E-05   7.1815E-05   0.91750
FLUX  616   867.00        3.457814E+14   5.9356E-05   7.1539E-05   0.82970
FLUX  617   869.00        3.449856E+14   6.7106E-05   7.1264E-05   0.94165
FLUX  618   871.00        3.441935E+14   6.8661E-05   7.0991E-05   0.96718
FLUX  619   873.00        3.434049E+14   6.6593E-05   7.0720E-05   0.94165
FLUX  620   875.00        3.426200E+14   5.7281E-05   7.0450E-05   0.81308
FLUX  621   877.00        3.418387E+14   6.4507E-05   7.0181E-05   0.91915
FLUX  622   879.00        3.410609E+14   6.8212E-05   6.9915E-05   0.97565
FLUX  623   881.00        3.402866E+14   6.8592E-05   6.9649E-05   0.98482
FLUX  624   883.00        3.395159E+14   6.7320E-05   6.9386E-05   0.97024
FLUX  625   885.00        3.387486E+14   6.2398E-05   6.9123E-05   0.90271
FLUX  626   887.00        3.379848E+14   5.6016E-05   6.8863E-05   0.81345
FLUX  627   889.00        3.372244E+14   6.5613E-05   6.8604E-05   0.95640
FLUX  628   891.00        3.364675E+14   6.7239E-05   6.8346E-05   0.98380
FLUX  629   893.00        3.357139E+14   6.7129E-05   6.8090E-05   0.98589
FLUX  630   895.00        3.349637E+14   6.7343E-05   6.7835E-05   0.99274
FLUX  631   897.00        3.342168E+14   6.6768E-05   6.7582E-05   0.98795
FLUX  632   899.00        3.334733E+14   6.4740E-05   6.7330E-05   0.96153
FLUX  633   901.00        3.327331E+14   5.5451E-05   6.7080E-05   0.82664
FLUX  634   903.00        3.319961E+14   5.9212E-05   6.6831E-05   0.88600
FLUX  635   905.00        3.312624E+14   6.4880E-05   6.6583E-05   0.97442
FLUX  636   907.00        3.305320E+14   6.4945E-05   6.6337E-05   0.97901
FLUX  637   909.00        3.298047E+14   6.5059E-05   6.6092E-05   0.98436
FLUX  638   911.00        3.290807E+14   6.5316E-05   6.5848E-05   0.99191
FLUX  639   913.00        3.283598E+14   6.5163E-05   6.5606E-05   0.99325
FLUX  640   915.00        3.276421E+14   6.5046E-05   6.5365E-05   0.99511
FLUX  641   917.00        3.269275E+14   6.4449E-05   6.5126E-05   0.98961
FLUX  642   919.00        3.262160E+14   6.3558E-05   6.4887E-05   0.97951
FLUX  643   921.00        3.255076E+14   6.0571E-05   6.4651E-05   0.93690
FLUX  644   923.00        3.248023E+14   5.1232E-05   6.4415E-05   0.79534
FLUX  645   925.00        3.241000E+14   5.9388E-05   6.4181E-05   0.92532
FLUX  646   927.00        3.234008E+14   6.1689E-05   6.3948E-05   0.96468
FLUX  647   929.00        3.227045E+14   6.3003E-05   6.3716E-05   0.98881
FLUX  648   931.00        3.220113E+14   6.3031E-05   6.3486E-05   0.99283
FLUX  649   933.00        3.213210E+14   6.2870E-05   6.3256E-05   0.99389
FLUX  650   935.00        3.206337E+14   6.2864E-05   6.3029E-05   0.99740
FLUX  651   937.00        3.199493E+14   6.2673E-05   6.2802E-05   0.99794
FLUX  652   939.00        3.192678E+14   6.2362E-05   6.2577E-05   0.99656
FLUX  653   941.00        3.185893E+14   6.1466E-05   6.2352E-05   0.98579
FLUX  654   943.00        3.179136E+14   6.1978E-05   6.2129E-05   0.99756
FLUX  655   945.00        3.172407E+14   6.1777E-05   6.1908E-05   0.99789
FLUX  656   947.00        3.165707E+14   6.1235E-05   6.1687E-05   0.99266
FLUX  657   949.00        3.159036E+14   6.0972E-05   6.1468E-05   0.99193
FLUX  658   951.00        3.152392E+14   5.9905E-05   6.1250E-05   0.97805
FLUX  659   953.00        3.145776E+14   5.6617E-05   6.1033E-05   0.92766
FLUX  660   955.00        3.139188E+14   4.8837E-05   6.0817E-05   0.80303
FLUX  661   957.00        3.132628E+14   5.7311E-05   6.0602E-05   0.94570
FLUX  662   959.00        3.126095E+14   5.9506E-05   6.0389E-05   0.98538
FLUX  663   961.00        3.119589E+14   5.9680E-05   6.0176E-05   0.99176
FLUX  664   963.00        3.113110E+14   5.8969E-05   5.9965E-05   0.98339
FLUX  665   965.00        3.106658E+14   5.9677E-05   5.9755E-05   0.99871
FLUX  666   967.00        3.100233E+14   5.9312E-05   5.9546E-05   0.99608
FLUX  667   969.00        3.093834E+14   5.9225E-05   5.9338E-05   0.99809
FLUX  668   971.00        3.087461E+14   5.9040E-05   5.9131E-05   0.99845
FLUX  669   973.00        3.081115E+14   5.8888E-05   5.8925E-05   0.99936
FLUX  670   975.00        3.074795E+14   5.8611E-05   5.8721E-05   0.99813
FLUX  671   977.00        3.068501E+14   5.8506E-05   5.8517E-05   0.99981
FLUX  672   979.00        3.062232E+14   5.8279E-05   5.8315E-05   0.99938
FLUX  673   981.00        3.055989E+14   5.8057E-05   5.8113E-05   0.99903
FLUX  674   983.00        3.049771E+14   5.7767E-05   5.7913E-05   0.99749
FLUX  675   985.00        3.043579E+14   5.7641E-05   5.7713E-05   0.99874
FLUX  676   987.00        3.037411E+14   5.7433E-05   5.7515E-05   0.99857
FLUX  677   989.00        3.031269E+14   5.7112E-05   5.7318E-05   0.99642
FLUX  678   991.00        3.025151E+14   5.6853E-05   5.7122E-05   0.99531
FLUX  679   993.00        3.019058E+14   5.6836E-05   5.6926E-05   0.99841
FLUX  680   995.00        3.012990E+14   5.6590E-05   5.6732E-05   0.99750
FLUX  681   997.00        3.006946E+14   5.6281E-05   5.6539E-05   0.99544
FLUX  682   999.00        3.000926E+14   5.5982E-05   5.6347E-05   0.99353
FLUX  683  1002.50        2.990449E+14   5.2657E-05   5.6013E-05   0.94009
FLUX  684  1007.50        2.975608E+14   5.0792E-05   5.5541E-05   0.91450
FLUX  685  1012.50        2.960914E+14   5.4308E-05   5.5075E-05   0.98607
FLUX  686  1017.50        2.946364E+14   5.4435E-05   5.4615E-05   0.99670
FLUX  687  1022.50        2.931956E+14   5.4097E-05   5.4161E-05   0.99882
FLUX  688  1027.50        2.917689E+14   5.3668E-05   5.3713E-05   0.99917
FLUX  689  1032.50        2.903559E+14   5.3102E-05   5.3270E-05   0.99684
FLUX  690  1037.50        2.889566E+14   5.2786E-05   5.2833E-05   0.99912
FLUX  691  1042.50        2.875707E+14   5.2376E-05   5.2401E-05   0.99953
FLUX  692  1047.50        2.861981E+14   5.1905E-05   5.1974E-05   0.99867
FLUX  693  1052.50        2.848385E+14   5.1449E-05   5.1553E-05   0.99797
FLUX  694  1057.50        2.834917E+14   5.1074E-05   5.1137E-05   0.99877
FLUX  695  1062.50        2.821576E+14   5.0697E-05   5.0725E-05   0.99943
FLUX  696  1067.50        2.808361E+14   5.0004E-05   5.0319E-05   0.99374
FLUX  697  1072.50        2.795268E+14   4.9827E-05   4.9918E-05   0.99818
FLUX  698  1077.50        2.782297E+14   4.9456E-05   4.9521E-05   0.99868
FLUX  699  1082.50        2.769446E+14   4.8631E-05   4.9129E-05   0.98985
FLUX  700  1087.50        2.756713E+14   4.8391E-05   4.8742E-05   0.99280
FLUX  701  1092.50        2.744096E+14   4.3305E-05   4.8359E-05   0.89548
FLUX  702  1097.50        2.731595E+14   4.6218E-05   4.7981E-05   0.96325
FLUX  703  1102.50        2.719206E+14   4.7280E-05   4.7607E-05   0.99313
FLUX  704  1107.50        2.706930E+14   4.7192E-05   4.7238E-05   0.99903
FLUX  705  1112.50        2.694764E+14   4.6843E-05   4.6874E-05   0.99935
FLUX  706  1117.50        2.682707E+14   4.6466E-05   4.6513E-05   0.99899
FLUX  707  1122.50        2.670757E+14   4.6125E-05   4.6157E-05   0.99932
FLUX  708  1127.50        2.658914E+14   4.5471E-05   4.5804E-05   0.99273
FLUX  709  1132.50        2.647174E+14   4.5198E-05   4.5456E-05   0.99433
FLUX  710  1137.50        2.635538E+14   4.5072E-05   4.5112E-05   0.99912
FLUX  711  1142.50        2.624004E+14   4.4723E-05   4.4771E-05   0.99891
FLUX  712  1147.50        2.612571E+14   4.4419E-05   4.4435E-05   0.99963
FLUX  713  1152.50        2.601236E+14   4.4082E-05   4.4102E-05   0.99953
FLUX  714  1157.50        2.590000E+14   4.3749E-05   4.3773E-05   0.99945
FLUX  715  1162.50        2.578860E+14   4.3307E-05   4.3448E-05   0.99676
FLUX  716  1167.50        2.567816E+14   4.3003E-05   4.3127E-05   0.99714
FLUX  717  1172.50        2.556866E+14   4.2761E-05   4.2809E-05   0.99888
FLUX  718  1177.50        2.546008E+14   4.2254E-05   4.2494E-05   0.99435
FLUX  719  1182.50        2.535243E+14   4.2147E-05   4.2184E-05   0.99912
FLUX  720  1187.50        2.524568E+14   4.1796E-05   4.1876E-05   0.99809
FLUX  721  1192.50        2.513983E+14   4.1566E-05   4.1572E-05   0.99986
FLUX  722  1197.50        2.503486E+14   4.1076E-05   4.1271E-05   0.99527
FLUX  723  1202.50        2.493077E+14   4.0968E-05   4.0974E-05   0.99985
FLUX  724  1207.50        2.482754E+14   4.0667E-05   4.0680E-05   0.99968
FLUX  725  1212.50        2.472515E+14   4.0365E-05   4.0389E-05   0.99942
FLUX  726  1217.50        2.462361E+14   4.0084E-05   4.0101E-05   0.99958
FLUX  727  1222.50        2.452290E+14   3.9789E-05   3.9816E-05   0.99934
FLUX  728  1227.50        2.442301E+14   3.9501E-05   3.9534E-05   0.99916
FLUX  729  1232.50        2.432394E+14   3.9225E-05   3.9255E-05   0.99924
FLUX  730  1237.50        2.422566E+14   3.8959E-05   3.8979E-05   0.99949
FLUX  731  1242.50        2.412817E+14   3.8701E-05   3.8706E-05   0.99987
FLUX  732  1247.50        2.403146E+14   3.8341E-05   3.8436E-05   0.99753
FLUX  733  1252.50        2.393553E+14   3.8127E-05   3.8168E-05   0.99892
FLUX  734  1257.50        2.384036E+14   3.7827E-05   3.7904E-05   0.99796
FLUX  735  1262.50        2.374594E+14   3.7603E-05   3.7642E-05   0.99895
FLUX  736  1267.50        2.365227E+14   3.7363E-05   3.7383E-05   0.99945
FLUX  737  1272.50        2.355933E+14   3.7031E-05   3.7127E-05   0.99741
FLUX  738  1277.50        2.346712E+14   3.6126E-05   3.6873E-05   0.97974
FLUX  739  1282.50        2.337563E+14   3.2845E-05   3.6622E-05   0.89686
FLUX  740  1287.50        2.328485E+14   3.5934E-05   3.6374E-05   0.98792
FLUX  741  1292.50        2.319478E+14   3.6055E-05   3.6128E-05   0.99798
FLUX  742  1297.50        2.310539E+14   3.5789E-05   3.5884E-05   0.99733
FLUX  743  1302.50        2.301670E+14   3.5642E-05   3.5643E-05   0.99997
FLUX  744  1307.50        2.292868E+14   3.5401E-05   3.5405E-05   0.99991
FLUX  745  1312.50        2.284133E+14   3.5168E-05   3.5169E-05   0.99998
FLUX  746  1317.50        2.275465E+14   3.4878E-05   3.4935E-05   0.99838
FLUX  747  1322.50        2.266862E+14   3.4701E-05   3.4703E-05   0.99994
FLUX  748  1327.50        2.258324E+14   3.4473E-05   3.4474E-05   0.99997
FLUX  749  1332.50        2.249850E+14   3.4246E-05   3.4248E-05   0.99995
FLUX  750  1337.50        2.241439E+14   3.4022E-05   3.4023E-05   0.99997
FLUX  751  1342.50        2.233091E+14   3.3781E-05   3.3801E-05   0.99941
FLUX  752  1347.50        2.224805E+14   3.3567E-05   3.3580E-05   0.99961
FLUX  753  1352.50        2.216580E+14   3.3339E-05   3.3362E-05   0.99930
FLUX  754  1357.50        2.208416E+14   3.3133E-05   3.3146E-05   0.99958
FLUX  755  1362.50        2.200312E+14   3.2917E-05   3.2933E-05   0.99952
FLUX  756  1367.50        2.192267E+14   3.2682E-05   3.2721E-05   0.99881
FLUX  757  1372.50        2.184281E+14   3.2477E-05   3.2511E-05   0.99893
FLUX  758  1377.50        2.176352E+14   3.2299E-05   3.2304E-05   0.99985
FLUX  759  1382.50        2.168481E+14   3.2094E-05   3.2098E-05   0.99988
FLUX  760  1387.50        2.160667E+14   3.1892E-05   3.1895E-05   0.99991
FLUX  761  1392.50        2.152908E+14   3.1677E-05   3.1693E-05   0.99951
FLUX  762  1397.50        2.145206E+14   3.1482E-05   3.1493E-05   0.99965
FLUX  763  1402.50        2.137558E+14   3.1291E-05   3.1295E-05   0.99988
FLUX  764  1407.50        2.129964E+14   3.1089E-05   3.1099E-05   0.99966
FLUX  765  1412.50        2.122425E+14   3.0892E-05   3.0905E-05   0.99957
FLUX  766  1417.50        2.114938E+14   3.0710E-05   3.0713E-05   0.99991
FLUX  767  1422.50        2.107504E+14   3.0519E-05   3.0522E-05   0.99991
FLUX  768  1427.50        2.100123E+14   3.0332E-05   3.0333E-05   0.99997
FLUX  769  1432.50        2.092792E+14   3.0142E-05   3.0146E-05   0.99988
FLUX  770  1437.50        2.085513E+14   2.9954E-05   2.9961E-05   0.99976
FLUX  771  1442.50        2.078284E+14   2.9708E-05   2.9777E-05   0.99768
FLUX  772  1447.50        2.071105E+14   2.9570E-05   2.9595E-05   0.99915
FLUX  773  1452.50        2.063976E+14   2.9382E-05   2.9415E-05   0.99890
FLUX  774  1457.00        2.057601E+14   2.9253E-05   2.9254E-05   0.99997
FLUX  775  1462.00        2.050564E+14   2.9066E-05   2.9830E-05   0.97440
FLUX  776  1467.50        2.042879E+14   2.8890E-05   2.9629E-05   0.97507
FLUX  777  1472.50        2.035942E+14   2.8713E-05   2.9448E-05   0.97504
FLUX  778  1477.50        2.029052E+14   2.8524E-05   2.9269E-05   0.97452
FLUX  779  1482.50        2.022209E+14   2.8383E-05   2.9092E-05   0.97564
FLUX  780  1487.50        2.015412E+14   2.8214E-05   2.8916E-05   0.97571
FLUX  781  1492.50        2.008660E+14   2.8060E-05   2.8742E-05   0.97627
FLUX  782  1497.50        2.001953E+14   2.7886E-05   2.8569E-05   0.97608
FLUX  783  1502.50        1.995291E+14   2.7732E-05   2.8398E-05   0.97656
FLUX  784  1507.50        1.988673E+14   2.7540E-05   2.8228E-05   0.97562
FLUX  785  1512.50        1.982099E+14   2.7401E-05   2.8060E-05   0.97648
FLUX  786  1517.50        1.975568E+14   2.7238E-05   2.7894E-05   0.97647
FLUX  787  1522.50        1.969080E+14   2.7078E-05   2.7729E-05   0.97653
FLUX  788  1527.50        1.962635E+14   2.6899E-05   2.7565E-05   0.97582
FLUX  789  1532.50        1.956232E+14   2.6725E-05   2.7403E-05   0.97526
FLUX  790  1537.50        1.949870E+14   2.6603E-05   2.7242E-05   0.97652
FLUX  791  1542.50        1.943549E+14   2.6346E-05   2.7083E-05   0.97277
FLUX  792  1547.50        1.937270E+14   2.6294E-05   2.6925E-05   0.97655
FLUX  793  1552.50        1.931031E+14   2.6129E-05   2.6769E-05   0.97611
FLUX  794  1557.50        1.924831E+14   2.5752E-05   2.6614E-05   0.96761
FLUX  795  1562.50        1.918672E+14   2.5986E-05   2.6460E-05   0.98208
FLUX  796  1567.50        1.912552E+14   2.5546E-05   2.6308E-05   0.97103
FLUX  797  1572.50        1.906471E+14   2.5192E-05   2.6157E-05   0.96311
FLUX  798  1577.50        1.900428E+14   2.5614E-05   2.6007E-05   0.98490
FLUX  799  1582.50        1.894423E+14   2.5434E-05   2.5858E-05   0.98359
FLUX  800  1587.50        1.888457E+14   2.4300E-05   2.5711E-05   0.94513
FLUX  801  1592.50        1.882527E+14   2.4948E-05   2.5565E-05   0.97585
FLUX  802  1597.50        1.876635E+14   2.5162E-05   2.5420E-05   0.98985
FLUX  803  1605.00        1.867866E+14   2.4721E-05   2.5206E-05   0.98079
FLUX  804  1615.00        1.856300E+14   2.3899E-05   2.4923E-05   0.95891
FLUX  805  1625.00        1.844877E+14   2.4530E-05   2.4646E-05   0.99529
FLUX  806  1635.00        1.833593E+14   2.3873E-05   2.4373E-05   0.97948
FLUX  807  1645.00        1.822447E+14   2.3010E-05   2.4105E-05   0.95458
FLUX  808  1655.00        1.811435E+14   2.3796E-05   2.3841E-05   0.99811
FLUX  809  1665.00        1.800556E+14   2.3557E-05   2.3581E-05   0.99896
FLUX  810  1675.00        1.789806E+14   2.2815E-05   2.3326E-05   0.97809
FLUX  811  1685.00        1.779184E+14   2.1953E-05   2.3074E-05   0.95141
FLUX  812  1695.00        1.768687E+14   2.2761E-05   2.2827E-05   0.99709
FLUX  813  1705.00        1.758314E+14   2.2513E-05   2.2584E-05   0.99688
FLUX  814  1715.00        1.748061E+14   2.2325E-05   2.2345E-05   0.99912
FLUX  815  1725.00        1.737928E+14   2.2023E-05   2.2109E-05   0.99612
FLUX  816  1735.00        1.727911E+14   2.0525E-05   2.1877E-05   0.93821
FLUX  817  1745.00        1.718009E+14   2.1418E-05   2.1649E-05   0.98934
FLUX  818  1755.00        1.708219E+14   2.1396E-05   2.1424E-05   0.99866
FLUX  819  1765.00        1.698541E+14   2.1186E-05   2.1203E-05   0.99919
FLUX  820  1775.00        1.688972E+14   2.0957E-05   2.0985E-05   0.99864
FLUX  821  1785.00        1.679510E+14   2.0750E-05   2.0771E-05   0.99899
FLUX  822  1795.00        1.670153E+14   2.0557E-05   2.0560E-05   0.99988
FLUX  823  1805.00        1.660900E+14   2.0259E-05   2.0352E-05   0.99542
FLUX  824  1815.00        1.651749E+14   1.8995E-05   2.0147E-05   0.94282
FLUX  825  1825.00        1.642699E+14   1.9614E-05   1.9945E-05   0.98336
FLUX  826  1835.00        1.633747E+14   1.9722E-05   1.9747E-05   0.99874
FLUX  827  1845.00        1.624892E+14   1.9543E-05   1.9551E-05   0.99957
FLUX  828  1855.00        1.616132E+14   1.9322E-05   1.9358E-05   0.99809
FLUX  829  1865.00        1.607466E+14   1.9029E-05   1.9168E-05   0.99272
FLUX  830  1875.00        1.598893E+14   1.7889E-05   1.8981E-05   0.94245
FLUX  831  1885.00        1.590411E+14   1.8710E-05   1.8797E-05   0.99535
FLUX  832  1895.00        1.582018E+14   1.8598E-05   1.8615E-05   0.99910
FLUX  833  1905.00        1.573714E+14   1.8403E-05   1.8436E-05   0.99823
FLUX  834  1915.00        1.565496E+14   1.8254E-05   1.8260E-05   0.99972
FLUX  835  1925.00        1.557364E+14   1.8075E-05   1.8086E-05   0.99944
FLUX  836  1935.00        1.549315E+14   1.7811E-05   1.7914E-05   0.99424
FLUX  837  1945.00        1.541350E+14   1.6628E-05   1.7745E-05   0.93708
FLUX  838  1955.00        1.533465E+14   1.7468E-05   1.7578E-05   0.99376
FLUX  839  1965.00        1.525662E+14   1.7413E-05   1.7414E-05   0.99997
FLUX  840  1975.00        1.517937E+14   1.7249E-05   1.7252E-05   0.99987
FLUX  841  1985.00        1.510290E+14   1.7090E-05   1.7092E-05   0.99993
FLUX  842  1995.00        1.502719E+14   1.6933E-05   1.6934E-05   0.99993
FLUX  843  2005.00        1.495224E+14   1.6778E-05   1.6779E-05   0.99997
FLUX  844  2015.00        1.487804E+14   1.6624E-05   1.6625E-05   0.99995
FLUX  845  2025.00        1.480457E+14   1.6474E-05   1.6474E-05   0.99997
FLUX  846  2035.00        1.473182E+14   1.6324E-05   1.6325E-05   0.99994
FLUX  847  2045.00        1.465978E+14   1.6176E-05   1.6178E-05   0.99989
FLUX  848  2055.00        1.458844E+14   1.6015E-05   1.6032E-05   0.99891
FLUX  849  2065.00        1.451780E+14   1.5888E-05   1.5889E-05   0.99993
FLUX  850  2075.00        1.444783E+14   1.5747E-05   1.5748E-05   0.99994
FLUX  851  2085.00        1.437854E+14   1.5608E-05   1.5609E-05   0.99997
FLUX  852  2095.00        1.430990E+14   1.5468E-05   1.5471E-05   0.99982
FLUX  853  2105.00        1.424192E+14   1.5334E-05   1.5335E-05   0.99990
FLUX  854  2115.00        1.417459E+14   1.5176E-05   1.5201E-05   0.99835
FLUX  855  2125.00        1.410788E+14   1.5062E-05   1.5069E-05   0.99957
FLUX  856  2135.00        1.404180E+14   1.4928E-05   1.4938E-05   0.99931
FLUX  857  2145.00        1.397634E+14   1.4802E-05   1.4810E-05   0.99947
FLUX  858  2155.00        1.391148E+14   1.4611E-05   1.4683E-05   0.99514
FLUX  859  2165.00        1.384723E+14   1.3666E-05   1.4557E-05   0.93878
FLUX  860  2175.00        1.378356E+14   1.4310E-05   1.4433E-05   0.99144
FLUX  861  2185.00        1.372048E+14   1.4303E-05   1.4311E-05   0.99945
FLUX  862  2195.00        1.365797E+14   1.4183E-05   1.4190E-05   0.99954
FLUX  863  2205.00        1.359603E+14   1.4070E-05   1.4071E-05   0.99997
FLUX  864  2215.00        1.353465E+14   1.3951E-05   1.3953E-05   0.99986
FLUX  865  2225.00        1.347382E+14   1.3835E-05   1.3837E-05   0.99990
FLUX  866  2235.00        1.341353E+14   1.3721E-05   1.3722E-05   0.99998
FLUX  867  2245.00        1.335379E+14   1.3608E-05   1.3608E-05   0.99998
FLUX  868  2255.00        1.329457E+14   1.3495E-05   1.3496E-05   0.99994
FLUX  869  2265.00        1.323587E+14   1.3385E-05   1.3386E-05   0.99998
FLUX  870  2275.00        1.317769E+14   1.3276E-05   1.3276E-05   0.99998
FLUX  871  2285.00        1.312002E+14   1.3169E-05   1.3289E-05   0.99096
FLUX  872  2295.00        1.306285E+14   1.3063E-05   1.3181E-05   0.99103
FLUX  873  2305.00        1.300618E+14   1.2958E-05   1.3074E-05   0.99113
FLUX  874  2315.00        1.295000E+14   1.2855E-05   1.2969E-05   0.99124
FLUX  875  2325.00        1.289430E+14   1.2754E-05   1.2865E-05   0.99137
FLUX  876  2335.00        1.283908E+14   1.2652E-05   1.2762E-05   0.99143
FLUX  877  2345.00        1.278433E+14   1.2553E-05   1.2660E-05   0.99157
FLUX  878  2355.00        1.273004E+14   1.2454E-05   1.2559E-05   0.99162
FLUX  879  2365.00        1.267622E+14   1.2356E-05   1.2460E-05   0.99167
FLUX  880  2375.00        1.262284E+14   1.2260E-05   1.2362E-05   0.99180
FLUX  881  2385.00        1.256992E+14   1.2166E-05   1.2265E-05   0.99193
FLUX  882  2395.00        1.251743E+14   1.2069E-05   1.2169E-05   0.99180
FLUX  883  2405.00        1.246538E+14   1.1972E-05   1.2074E-05   0.99153
FLUX  884  2415.00        1.241377E+14   1.1878E-05   1.1981E-05   0.99142
FLUX  885  2425.00        1.236258E+14   1.1792E-05   1.1888E-05   0.99197
FLUX  886  2435.00        1.231181E+14   1.1699E-05   1.1796E-05   0.99174
FLUX  887  2445.00        1.226145E+14   1.1605E-05   1.1706E-05   0.99139
FLUX  888  2455.00        1.221151E+14   1.1524E-05   1.1617E-05   0.99204
FLUX  889  2465.00        1.216197E+14   1.1427E-05   1.1528E-05   0.99120
FLUX  890  2475.00        1.211283E+14   1.1337E-05   1.1441E-05   0.99092
FLUX  891  2485.00        1.206408E+14   1.1273E-05   1.1354E-05   0.99284
FLUX  892  2495.00        1.201573E+14   1.1134E-05   1.1269E-05   0.98802
FLUX  893  2505.00        1.196776E+14   1.1108E-05   1.1184E-05   0.99317
FLUX  894  2515.00        1.192018E+14   1.1027E-05   1.1101E-05   0.99336
FLUX  895  2525.00        1.187297E+14   1.0851E-05   1.1018E-05   0.98483
FLUX  896  2535.00        1.182613E+14   1.0855E-05   1.0937E-05   0.99253
FLUX  897  2545.00        1.177967E+14   1.0803E-05   1.0856E-05   0.99510
FLUX  898  2555.00        1.173356E+14   1.0690E-05   1.0776E-05   0.99205
FLUX  899  2565.00        1.168782E+14   1.0473E-05   1.0697E-05   0.97903
FLUX  900  2575.00        1.164243E+14   1.0548E-05   1.0619E-05   0.99332
FLUX  901  2585.00        1.159739E+14   1.0500E-05   1.0541E-05   0.99605
FLUX  902  2595.00        1.155270E+14   1.0420E-05   1.0465E-05   0.99574
FLUX  903  2605.00        1.150835E+14   1.0267E-05   1.0389E-05   0.98820
FLUX  904  2615.00        1.146434E+14   9.9833E-06   1.0315E-05   0.96788
FLUX  905  2625.00        1.142067E+14   9.5824E-06   1.0241E-05   0.93573
FLUX  906  2635.00        1.137732E+14   1.0049E-05   1.0167E-05   0.98832
FLUX  907  2645.00        1.133431E+14   1.0060E-05   1.0095E-05   0.99650
FLUX  908  2655.00        1.129162E+14   9.9922E-06   1.0023E-05   0.99690
FLUX  909  2665.00        1.124925E+14   9.8728E-06   9.9524E-06   0.99200
FLUX  910  2675.00        1.120720E+14   9.4812E-06   9.8822E-06   0.95942
FLUX  911  2685.00        1.116546E+14   9.7312E-06   9.8128E-06   0.99168
FLUX  912  2695.00        1.112403E+14   9.7326E-06   9.7442E-06   0.99881
FLUX  913  2705.00        1.108290E+14   9.6755E-06   9.6762E-06   0.99992
FLUX  914  2715.00        1.104208E+14   9.6088E-06   9.6090E-06   0.99998
FLUX  915  2725.00        1.100156E+14   9.5422E-06   9.5424E-06   0.99998
FLUX  916  2735.00        1.096133E+14   9.4746E-06   9.4766E-06   0.99980
FLUX  917  2745.00        1.092140E+14   9.3673E-06   9.4114E-06   0.99532
FLUX  918  2755.00        1.088176E+14   8.9517E-06   9.3469E-06   0.95772
FLUX  919  2765.00        1.084241E+14   9.0985E-06   9.2830E-06   0.98012
FLUX  920  2775.00        1.080333E+14   9.2004E-06   9.2198E-06   0.99789
FLUX  921  2785.00        1.076454E+14   9.1571E-06   9.1573E-06   0.99997
FLUX  922  2795.00        1.072603E+14   9.0952E-06   9.0954E-06   0.99998
FLUX  923  2805.00        1.068779E+14   9.0338E-06   9.0341E-06   0.99998
FLUX  924  2815.00        1.064982E+14   8.9725E-06   8.9734E-06   0.99991
FLUX  925  2825.00        1.061212E+14   8.9120E-06   8.9133E-06   0.99986
FLUX  926  2835.00        1.057469E+14   8.8504E-06   8.8538E-06   0.99962
FLUX  927  2845.00        1.053752E+14   8.7940E-06   8.7949E-06   0.99989
FLUX  928  2855.00        1.050061E+14   8.7213E-06   8.7366E-06   0.99825
FLUX  929  2865.00        1.046396E+14   8.5503E-06   8.6789E-06   0.98518
FLUX  930  2875.00        1.042757E+14   8.1787E-06   8.6217E-06   0.94861
FLUX  931  2885.00        1.039142E+14   8.5132E-06   8.5651E-06   0.99394
FLUX  932  2895.00        1.035553E+14   8.5012E-06   8.5090E-06   0.99907
FLUX  933  2905.00        1.031988E+14   8.4534E-06   8.4535E-06   0.99998
FLUX  934  2915.00        1.028448E+14   8.3964E-06   8.3986E-06   0.99975
FLUX  935  2925.00        1.024932E+14   8.3437E-06   8.3441E-06   0.99995
FLUX  936  2935.00        1.021440E+14   8.2890E-06   8.2902E-06   0.99985
FLUX  937  2945.00        1.017971E+14   8.2361E-06   8.2369E-06   0.99991
FLUX  938  2955.00        1.014526E+14   8.1840E-06   8.1840E-06   1.00000
FLUX  939  2965.00        1.011105E+14   8.1315E-06   8.1316E-06   0.99998
FLUX  940  2975.00        1.007706E+14   8.0796E-06   8.0798E-06   0.99999
FLUX  941  2985.00        1.004330E+14   8.0284E-06   8.0284E-06   0.99999
FLUX  942  2995.00        1.000977E+14   7.9774E-06   7.9775E-06   0.99999
FLUX  943  3005.00        9.976456E+13   7.9266E-06   7.9271E-06   0.99993
FLUX  944  3015.00        9.943367E+13   7.8754E-06   7.8772E-06   0.99978
FLUX  945  3025.00        9.910496E+13   7.7945E-06   7.8277E-06   0.99576
FLUX  946  3035.00        9.877842E+13   7.4361E-06   7.7788E-06   0.95595
FLUX  947  3045.00        9.845402E+13   7.5193E-06   7.7302E-06   0.97271
FLUX  948  3055.00        9.813175E+13   7.6557E-06   7.6821E-06   0.99656
FLUX  949  3065.00        9.781158E+13   7.6343E-06   7.6345E-06   0.99997
FLUX  950  3075.00        9.749350E+13   7.5865E-06   7.5873E-06   0.99989
FLUX  951  3085.00        9.717747E+13   7.5315E-06   7.5406E-06   0.99879
FLUX  952  3095.00        9.686349E+13   7.4937E-06   7.4942E-06   0.99993
FLUX  953  3105.00        9.655153E+13   7.4481E-06   7.4483E-06   0.99997
FLUX  954  3115.00        9.624157E+13   7.4026E-06   7.4029E-06   0.99997
FLUX  955  3125.00        9.593360E+13   7.3569E-06   7.3578E-06   0.99988
FLUX  956  3135.00        9.562759E+13   7.3130E-06   7.3131E-06   0.99997
FLUX  957  3145.00        9.532353E+13   7.2681E-06   7.2689E-06   0.99989
FLUX  958  3155.00        9.502139E+13   7.2248E-06   7.2250E-06   0.99997
FLUX  959  3165.00        9.472117E+13   7.1807E-06   7.1816E-06   0.99987
FLUX  960  3175.00        9.442283E+13   7.1380E-06   7.1385E-06   0.99992
FLUX  961  3185.00        9.412637E+13   7.0958E-06   7.0959E-06   0.99999
FLUX  962  3195.00        9.383177E+13   7.0532E-06   7.0536E-06   0.99994
FLUX  963  3210.00        9.339330E+13   6.9907E-06   6.9908E-06   0.99998
FLUX  964  3230.00        9.281502E+13   6.9084E-06   6.9085E-06   0.99999
FLUX  965  3250.00        9.224385E+13   6.8274E-06   6.8276E-06   0.99998
FLUX  966  3270.00        9.167966E+13   6.7432E-06   6.7480E-06   0.99929
FLUX  967  3290.00        9.112234E+13   6.4272E-06   6.6967E-06   0.95976
FLUX  968  3310.00        9.057175E+13   6.5254E-06   6.6195E-06   0.98579
FLUX  969  3330.00        9.002778E+13   6.5055E-06   6.5436E-06   0.99418
FLUX  970  3350.00        8.949030E+13   6.4350E-06   6.4690E-06   0.99475
FLUX  971  3370.00        8.895920E+13   6.3621E-06   6.3957E-06   0.99475
FLUX  972  3390.00        8.843437E+13   6.2917E-06   6.3236E-06   0.99496
FLUX  973  3410.00        8.791569E+13   6.2219E-06   6.2527E-06   0.99508
FLUX  974  3430.00        8.740306E+13   6.1529E-06   6.1829E-06   0.99515
FLUX  975  3450.00        8.689638E+13   6.0857E-06   6.1144E-06   0.99531
FLUX  976  3470.00        8.639553E+13   6.0186E-06   6.0469E-06   0.99531
FLUX  977  3490.00        8.590043E+13   5.9527E-06   5.9806E-06   0.99534
FLUX  978  3510.00        8.541097E+13   5.8886E-06   5.9153E-06   0.99548
FLUX  979  3530.00        8.492705E+13   5.8249E-06   5.8511E-06   0.99552
FLUX  980  3550.00        8.444859E+13   5.7623E-06   5.7880E-06   0.99557
FLUX  981  3570.00        8.397549E+13   5.7002E-06   5.7258E-06   0.99552
FLUX  982  3590.00        8.350766E+13   5.6407E-06   5.6647E-06   0.99576
FLUX  983  3610.00        8.304501E+13   5.5786E-06   5.6045E-06   0.99539
FLUX  984  3630.00        8.258747E+13   5.5227E-06   5.5452E-06   0.99594
FLUX  985  3650.00        8.213493E+13   5.4605E-06   5.4869E-06   0.99518
FLUX  986  3670.00        8.168733E+13   5.4087E-06   5.4295E-06   0.99617
FLUX  987  3690.00        8.124458E+13   5.3423E-06   5.3730E-06   0.99429
FLUX  988  3710.00        8.080660E+13   5.2919E-06   5.3174E-06   0.99520
FLUX  989  3730.00        8.037332E+13   5.1534E-06   5.2626E-06   0.97924
FLUX  990  3750.00        7.994467E+13   5.0488E-06   5.2087E-06   0.96930
FLUX  991  3770.00        7.952056E+13   5.1343E-06   5.1556E-06   0.99587
FLUX  992  3790.00        7.910092E+13   5.0882E-06   5.1032E-06   0.99705
FLUX  993  3810.00        7.868570E+13   5.0184E-06   5.0517E-06   0.99340
FLUX  994  3830.00        7.827480E+13   4.9713E-06   5.0010E-06   0.99407
FLUX  995  3850.00        7.786818E+13   4.9395E-06   4.9510E-06   0.99768
FLUX  996  3870.00        7.746576E+13   4.8940E-06   4.9017E-06   0.99843
FLUX  997  3890.00        7.706748E+13   4.8333E-06   4.8532E-06   0.99588
FLUX  998  3910.00        7.667327E+13   4.7475E-06   4.8054E-06   0.98793
FLUX  999  3930.00        7.628308E+13   4.7476E-06   4.7583E-06   0.99774
FLUX 1000  3950.00        7.589684E+13   4.7088E-06   4.7119E-06   0.99934
FLUX 1001  3970.00        7.551448E+13   4.6657E-06   4.6662E-06   0.99989
FLUX 1002  3990.00        7.513596E+13   4.6167E-06   4.6211E-06   0.99905
FLUX 1003  4010.00        7.476122E+13   4.5323E-06   4.5767E-06   0.99029
FLUX 1004  4030.00        7.439020E+13   4.4694E-06   4.5329E-06   0.98599
FLUX 1005  4050.00        7.402284E+13   4.3390E-06   4.4897E-06   0.96644
FLUX 1006  4070.00        7.365909E+13   4.4356E-06   4.4471E-06   0.99740
FLUX 1007  4090.00        7.329890E+13   4.4047E-06   4.4051E-06   0.99990
FLUX 1008  4110.00        7.294221E+13   4.3634E-06   4.3638E-06   0.99993
FLUX 1009  4130.00        7.258898E+13   4.3221E-06   4.3230E-06   0.99979
FLUX 1010  4150.00        7.223916E+13   4.2713E-06   4.2827E-06   0.99733
FLUX 1011  4170.00        7.189269E+13   4.1364E-06   4.2430E-06   0.97486
FLUX 1012  4190.00        7.154952E+13   4.1895E-06   4.2039E-06   0.99657
FLUX 1013  4210.00        7.120962E+13   4.1649E-06   4.1653E-06   0.99992
FLUX 1014  4230.00        7.087293E+13   4.1272E-06   4.1272E-06   0.99999
FLUX 1015  4250.00        7.053941E+13   4.0894E-06   4.0897E-06   0.99994
FLUX 1016  4270.00        7.020902E+13   4.0526E-06   4.0526E-06   1.00000
FLUX 1017  4290.00        6.988170E+13   4.0148E-06   4.0161E-06   0.99969
FLUX 1018  4310.00        6.955742E+13   3.9800E-06   3.9800E-06   0.99999
FLUX 1019  4330.00        6.923614E+13   3.9444E-06   3.9444E-06   0.99999
FLUX 1020  4350.00        6.891782E+13   3.9042E-06   3.9093E-06   0.99868
FLUX 1021  4370.00        6.860240E+13   3.7704E-06   3.8747E-06   0.97309
FLUX 1022  4390.00        6.828986E+13   3.8040E-06   3.8405E-06   0.99049
FLUX 1023  4410.00        6.798016E+13   3.8064E-06   3.8068E-06   0.99990
FLUX 1024  4430.00        6.767325E+13   3.7734E-06   3.7735E-06   0.99999
FLUX 1025  4450.00        6.736910E+13   3.7406E-06   3.7406E-06   0.99999
FLUX 1026  4470.00        6.706767E+13   3.7108E-06   3.7159E-06   0.99864
FLUX 1027  4490.00        6.676893E+13   3.6757E-06   3.6838E-06   0.99780
FLUX 1028  4510.00        6.647284E+13   3.6442E-06   3.6521E-06   0.99785
FLUX 1029  4530.00        6.617936E+13   3.6123E-06   3.6208E-06   0.99766
FLUX 1030  4550.00        6.588846E+13   3.5820E-06   3.5899E-06   0.99780
FLUX 1031  4570.00        6.560011E+13   3.5514E-06   3.5594E-06   0.99775
FLUX 1032  4590.00        6.531427E+13   3.5210E-06   3.5293E-06   0.99765
FLUX 1033  4610.00        6.503091E+13   3.4900E-06   3.4996E-06   0.99727
FLUX 1034  4630.00        6.475000E+13   3.4538E-06   3.4702E-06   0.99526
FLUX 1035  4650.00        6.447151E+13   3.2956E-06   3.4412E-06   0.95769
FLUX 1036  4670.00        6.419540E+13   3.2793E-06   3.4126E-06   0.96094
FLUX 1037  4690.00        6.392164E+13   3.3562E-06   3.3843E-06   0.99169
FLUX 1038  4710.00        6.365021E+13   3.3466E-06   3.3564E-06   0.99708
FLUX 1039  4730.00        6.338108E+13   3.3214E-06   3.3288E-06   0.99776
FLUX 1040  4750.00        6.311421E+13   3.2953E-06   3.3016E-06   0.99809
FLUX 1041  4770.00        6.284958E+13   3.2732E-06   3.2746E-06   0.99956
FLUX 1042  4790.00        6.258716E+13   3.2479E-06   3.2481E-06   0.99997
FLUX 1043  4810.00        6.232692E+13   3.2217E-06   3.2218E-06   0.99997
FLUX 1044  4830.00        6.206884E+13   3.1955E-06   3.1958E-06   0.99990
FLUX 1045  4850.00        6.181289E+13   3.1701E-06   3.1702E-06   0.99997
FLUX 1046  4870.00        6.155903E+13   3.1448E-06   3.1449E-06   0.99997
FLUX 1047  4890.00        6.130726E+13   3.1197E-06   3.1198E-06   0.99997
FLUX 1048  4910.00        6.105754E+13   3.0948E-06   3.0951E-06   0.99990
FLUX 1049  4930.00        6.080984E+13   3.0703E-06   3.0706E-06   0.99990
FLUX 1050  4950.00        6.056414E+13   3.0464E-06   3.0465E-06   0.99997
FLUX 1051  4970.00        6.032042E+13   3.0223E-06   3.0226E-06   0.99990
FLUX 1052  4990.00        6.007866E+13   2.9987E-06   2.9990E-06   0.99991
FLUX 1053  5010.00        5.983882E+13   2.9750E-06   2.9757E-06   0.99977
FLUX 1054  5030.00        5.960089E+13   2.9480E-06   2.9526E-06   0.99846
FLUX 1055  5050.00        5.936485E+13   2.9297E-06   2.9298E-06   0.99997
FLUX 1056  5070.00        5.913067E+13   2.9048E-06   2.9073E-06   0.99916
FLUX 1057  5090.00        5.889833E+13   2.8762E-06   2.8850E-06   0.99696
FLUX 1058  5110.00        5.866781E+13   2.8429E-06   2.8630E-06   0.99298
FLUX 1059  5130.00        5.843908E+13   2.7260E-06   2.8412E-06   0.95944
FLUX 1060  5150.00        5.821214E+13   2.8042E-06   2.8197E-06   0.99450
FLUX 1061  5170.00        5.798694E+13   2.7891E-06   2.7984E-06   0.99668
FLUX 1062  5190.00        5.776349E+13   2.7750E-06   2.7773E-06   0.99914
FLUX 1063  5210.00        5.754175E+13   2.7563E-06   2.7565E-06   0.99991
FLUX 1064  5230.00        5.732170E+13   2.7357E-06   2.7360E-06   0.99989
FLUX 1065  5250.00        5.710333E+13   2.7108E-06   2.7156E-06   0.99823
FLUX 1066  5270.00        5.688662E+13   2.6868E-06   2.6955E-06   0.99678
FLUX 1067  5290.00        5.667155E+13   2.6755E-06   2.6756E-06   0.99997
FLUX 1068  5310.00        5.645810E+13   2.6558E-06   2.6559E-06   0.99998
FLUX 1069  5330.00        5.624625E+13   2.6364E-06   2.6364E-06   0.99998
FLUX 1070  5350.00        5.603598E+13   2.6171E-06   2.6172E-06   0.99997
FLUX 1071  5370.00        5.582728E+13   2.5889E-06   2.5981E-06   0.99646
FLUX 1072  5390.00        5.562013E+13   2.5701E-06   2.5793E-06   0.99645
FLUX 1073  5410.00        5.541451E+13   2.5606E-06   2.5607E-06   0.99997
FLUX 1074  5430.00        5.521041E+13   2.5422E-06   2.5422E-06   0.99997
FLUX 1075  5450.00        5.500780E+13   2.5239E-06   2.5240E-06   0.99998
FLUX 1076  5470.00        5.480667E+13   2.5059E-06   2.5059E-06   0.99998
FLUX 1077  5490.00        5.460701E+13   2.4880E-06   2.4881E-06   0.99997
FLUX 1078  5510.00        5.440880E+13   2.4630E-06   2.4704E-06   0.99699
FLUX 1079  5530.00        5.421203E+13   2.4368E-06   2.4529E-06   0.99341
FLUX 1080  5550.00        5.401667E+13   2.4335E-06   2.4357E-06   0.99910
FLUX 1081  5570.00        5.382271E+13   2.4185E-06   2.4185E-06   0.99997
FLUX 1082  5590.00        5.363014E+13   2.4016E-06   2.4016E-06   0.99998
FLUX 1083  5610.00        5.343895E+13   2.3848E-06   2.3849E-06   0.99997
FLUX 1084  5630.00        5.324911E+13   2.3683E-06   2.3683E-06   0.99999
FLUX 1085  5650.00        5.306062E+13   2.3518E-06   2.3519E-06   0.99999
FLUX 1086  5670.00        5.287346E+13   2.3356E-06   2.3356E-06   0.99998
FLUX 1087  5690.00        5.268761E+13   2.3147E-06   2.3196E-06   0.99790
FLUX 1088  5710.00        5.250306E+13   2.2783E-06   2.3036E-06   0.98899
FLUX 1089  5730.00        5.231981E+13   2.2812E-06   2.2879E-06   0.99707
FLUX 1090  5750.00        5.213783E+13   2.2723E-06   2.2723E-06   0.99998
FLUX 1091  5770.00        5.195711E+13   2.2568E-06   2.2569E-06   0.99998
FLUX 1092  5790.00        5.177763E+13   2.2416E-06   2.2416E-06   0.99998
FLUX 1093  5810.00        5.159940E+13   2.2265E-06   2.2265E-06   0.99999
FLUX 1094  5830.00        5.142238E+13   2.2114E-06   2.2115E-06   0.99997
FLUX 1095  5850.00        5.124658E+13   2.1970E-06   2.1993E-06   0.99896
FLUX 1096  5870.00        5.107198E+13   2.1788E-06   2.1846E-06   0.99731
FLUX 1097  5890.00        5.089856E+13   2.1523E-06   2.1701E-06   0.99181
FLUX 1098  5910.00        5.072631E+13   2.0588E-06   2.1557E-06   0.95507
FLUX 1099  5930.00        5.055523E+13   2.1259E-06   2.1414E-06   0.99276
FLUX 1100  5950.00        5.038529E+13   2.0912E-06   2.1273E-06   0.98302
FLUX 1101  5970.00        5.021650E+13   2.0938E-06   2.1133E-06   0.99079
FLUX 1102  5990.00        5.004883E+13   2.0937E-06   2.0995E-06   0.99725
FLUX 1103  6010.00        4.988228E+13   2.0849E-06   2.0857E-06   0.99960
FLUX 1104  6030.00        4.971683E+13   2.0721E-06   2.0722E-06   0.99997
FLUX 1105  6050.00        4.955248E+13   2.0587E-06   2.0587E-06   0.99997
FLUX 1106  6070.00        4.938921E+13   2.0453E-06   2.0454E-06   0.99998
FLUX 1107  6090.00        4.922701E+13   2.0321E-06   2.0322E-06   0.99998
FLUX 1108  6110.00        4.906588E+13   2.0191E-06   2.0191E-06   0.99997
FLUX 1109  6130.00        4.890579E+13   2.0061E-06   2.0062E-06   0.99998
FLUX 1110  6150.00        4.874675E+13   1.9933E-06   1.9934E-06   0.99998
FLUX 1111  6170.00        4.858874E+13   1.9806E-06   1.9807E-06   0.99998
FLUX 1112  6190.00        4.843174E+13   1.9681E-06   1.9681E-06   0.99998
FLUX 1113  6210.00        4.827576E+13   1.9556E-06   1.9556E-06   0.99998
FLUX 1114  6230.00        4.812079E+13   1.9432E-06   1.9433E-06   0.99997
FLUX 1115  6250.00        4.796680E+13   1.9285E-06   1.9311E-06   0.99864
FLUX 1116  6270.00        4.781380E+13   1.9086E-06   1.9190E-06   0.99460
FLUX 1117  6290.00        4.766176E+13   1.8545E-06   1.9070E-06   0.97250
FLUX 1118  6310.00        4.751070E+13   1.8810E-06   1.8951E-06   0.99258
FLUX 1119  6330.00        4.736058E+13   1.8796E-06   1.8833E-06   0.99804
FLUX 1120  6350.00        4.721142E+13   1.8713E-06   1.8716E-06   0.99980
FLUX 1121  6370.00        4.706319E+13   1.8599E-06   1.8601E-06   0.99992
FLUX 1122  6390.00        4.691588E+13   1.8486E-06   1.8486E-06   0.99998
FLUX 1123  6420.00        4.669665E+13   1.8316E-06   1.8316E-06   0.99998
FLUX 1124  6460.00        4.640751E+13   1.8093E-06   1.8094E-06   0.99998
FLUX 1125  6500.00        4.612192E+13   1.7874E-06   1.7875E-06   0.99998
FLUX 1126  6540.00        4.583983E+13   1.7660E-06   1.7660E-06   0.99998
FLUX 1127  6580.00        4.556117E+13   1.7448E-06   1.7449E-06   0.99997
FLUX 1128  6620.00        4.528588E+13   1.7239E-06   1.7241E-06   0.99987
FLUX 1129  6660.00        4.501389E+13   1.7037E-06   1.7038E-06   0.99998
FLUX 1130  6700.00        4.474515E+13   1.6837E-06   1.6838E-06   0.99997
FLUX 1131  6740.00        4.447960E+13   1.6574E-06   1.6641E-06   0.99598
FLUX 1132  6780.00        4.421718E+13   1.6094E-06   1.6448E-06   0.97852
FLUX 1133  6820.00        4.395784E+13   1.6233E-06   1.6258E-06   0.99849
FLUX 1134  6860.00        4.370153E+13   1.6069E-06   1.6071E-06   0.99989
FLUX 1135  6900.00        4.344819E+13   1.5887E-06   1.5888E-06   0.99998
FLUX 1136  6940.00        4.319777E+13   1.5704E-06   1.5707E-06   0.99977
FLUX 1137  6980.00        4.295021E+13   1.5530E-06   1.5530E-06   0.99997
FLUX 1138  7020.00        4.270548E+13   1.5355E-06   1.5356E-06   0.99997
FLUX 1139  7060.00        4.246353E+13   1.5183E-06   1.5184E-06   0.99992
FLUX 1140  7100.00        4.222430E+13   1.5006E-06   1.5016E-06   0.99939
FLUX 1141  7140.00        4.198775E+13   1.4848E-06   1.4850E-06   0.99986
FLUX 1142  7180.00        4.175383E+13   1.4685E-06   1.4687E-06   0.99992
FLUX 1143  7220.00        4.152251E+13   1.4525E-06   1.4526E-06   0.99992
FLUX 1144  7260.00        4.129373E+13   1.4345E-06   1.4368E-06   0.99841
FLUX 1145  7300.00        4.106747E+13   1.4207E-06   1.4213E-06   0.99961
FLUX 1146  7340.00        4.084366E+13   1.4059E-06   1.4060E-06   0.99992
FLUX 1147  7380.00        4.062229E+13   1.3908E-06   1.3909E-06   0.99990
FLUX 1148  7420.00        4.040330E+13   1.3718E-06   1.3762E-06   0.99682
FLUX 1149  7460.00        4.018666E+13   1.3204E-06   1.3616E-06   0.96974
FLUX 1150  7500.00        3.997233E+13   1.2897E-06   1.3473E-06   0.95729
FLUX 1151  7540.00        3.976028E+13   1.3247E-06   1.3332E-06   0.99361
FLUX 1152  7580.00        3.955046E+13   1.3182E-06   1.3193E-06   0.99913
FLUX 1153  7620.00        3.934285E+13   1.3056E-06   1.3057E-06   0.99997
FLUX 1154  7660.00        3.913740E+13   1.2921E-06   1.2922E-06   0.99991
FLUX 1155  7700.00        3.893409E+13   1.2789E-06   1.2790E-06   0.99997
FLUX 1156  7740.00        3.873288E+13   1.2648E-06   1.2659E-06   0.99910
FLUX 1157  7780.00        3.853374E+13   1.2461E-06   1.2531E-06   0.99444
FLUX 1158  7820.00        3.833664E+13   1.2393E-06   1.2404E-06   0.99910
FLUX 1159  7860.00        3.814154E+13   1.2279E-06   1.2279E-06   0.99998
FLUX 1160  7900.00        3.794842E+13   1.2156E-06   1.2157E-06   0.99998
FLUX 1161  7940.00        3.775724E+13   1.2035E-06   1.2036E-06   0.99998
FLUX 1162  7980.00        3.756798E+13   1.1916E-06   1.1916E-06   0.99998
FLUX 1163  8020.00        3.738061E+13   1.1799E-06   1.1799E-06   0.99998
FLUX 1164  8060.00        3.719510E+13   1.1683E-06   1.1683E-06   0.99998
FLUX 1165  8100.00        3.701142E+13   1.1568E-06   1.1569E-06   0.99990
FLUX 1166  8140.00        3.682955E+13   1.1374E-06   1.1457E-06   0.99281
FLUX 1167  8180.00        3.664945E+13   1.1303E-06   1.1346E-06   0.99622
FLUX 1168  8220.00        3.647111E+13   1.1237E-06   1.1237E-06   0.99997
FLUX 1169  8260.00        3.629449E+13   1.1129E-06   1.1129E-06   0.99998
FLUX 1170  8300.00        3.611958E+13   1.1023E-06   1.1023E-06   0.99999
FLUX 1171  8340.00        3.594634E+13   1.0918E-06   1.0918E-06   0.99998
FLUX 1172  8380.00        3.577476E+13   1.0815E-06   1.0815E-06   0.99997
FLUX 1173  8420.00        3.560481E+13   1.0713E-06   1.0714E-06   0.99998
FLUX 1174  8460.00        3.543647E+13   1.0613E-06   1.0613E-06   0.99999
FLUX 1175  8500.00        3.526971E+13   1.0514E-06   1.0514E-06   0.99998
FLUX 1176  8540.00        3.510451E+13   1.0417E-06   1.0417E-06   0.99998
FLUX 1177  8580.00        3.494085E+13   1.0320E-06   1.0321E-06   0.99998
FLUX 1178  8620.00        3.477871E+13   1.0212E-06   1.0226E-06   0.99864
FLUX 1179  8660.00        3.461807E+13   9.9906E-07   1.0132E-06   0.98603
FLUX 1180  8700.00        3.445891E+13   1.0002E-06   1.0040E-06   0.99627
FLUX 1181  8740.00        3.430120E+13   9.7732E-07   9.9488E-07   0.98234
FLUX 1182  8780.00        3.414493E+13   9.6856E-07   9.8590E-07   0.98242
FLUX 1183  8820.00        3.399008E+13   9.7664E-07   9.7703E-07   0.99960
FLUX 1184  8860.00        3.383663E+13   9.6826E-07   9.6828E-07   0.99998
FLUX 1185  8900.00        3.368455E+13   9.5964E-07   9.5965E-07   0.99998
FLUX 1186  8940.00        3.353384E+13   9.5112E-07   9.5113E-07   0.99999
FLUX 1187  8980.00        3.338447E+13   9.4272E-07   9.4273E-07   0.99999
FLUX 1188  9020.00        3.323642E+13   9.3442E-07   9.3443E-07   0.99998
FLUX 1189  9060.00        3.308968E+13   9.2623E-07   9.2625E-07   0.99998
FLUX 1190  9100.00        3.294423E+13   9.1815E-07   9.1817E-07   0.99998
FLUX 1191  9140.00        3.280005E+13   9.1018E-07   9.1019E-07   0.99998
FLUX 1192  9180.00        3.265714E+13   9.0230E-07   9.0232E-07   0.99998
FLUX 1193  9220.00        3.251546E+13   8.9453E-07   8.9455E-07   0.99998
FLUX 1194  9260.00        3.237500E+13   8.8679E-07   8.8688E-07   0.99990
FLUX 1195  9300.00        3.223575E+13   8.7928E-07   8.7930E-07   0.99997
FLUX 1196  9340.00        3.209770E+13   8.7042E-07   8.7182E-07   0.99839
FLUX 1197  9380.00        3.196082E+13   8.4778E-07   8.6444E-07   0.98073
FLUX 1198  9420.00        3.182511E+13   8.5128E-07   8.5715E-07   0.99316
FLUX 1199  9460.00        3.169054E+13   8.4960E-07   8.4995E-07   0.99959
FLUX 1200  9500.00        3.155711E+13   8.4230E-07   8.4284E-07   0.99936
FLUX 1201  9540.00        3.142479E+13   8.3527E-07   8.3581E-07   0.99935
FLUX 1202  9580.00        3.129358E+13   8.2886E-07   8.2888E-07   0.99998
FLUX 1203  9620.00        3.116346E+13   8.2201E-07   8.2203E-07   0.99998
FLUX 1204  9660.00        3.103442E+13   8.1525E-07   8.1526E-07   0.99999
FLUX 1205  9700.00        3.090644E+13   8.0855E-07   8.0858E-07   0.99997
FLUX 1206  9740.00        3.077952E+13   8.0196E-07   8.0197E-07   0.99999
FLUX 1207  9780.00        3.065363E+13   7.9544E-07   7.9545E-07   0.99998
FLUX 1208  9820.00        3.052877E+13   7.8850E-07   7.8901E-07   0.99936
FLUX 1209  9860.00        3.040492E+13   7.8141E-07   7.8264E-07   0.99843
FLUX 1210  9900.00        3.028207E+13   7.7633E-07   7.7635E-07   0.99998
FLUX 1211  9940.00        3.016021E+13   7.7012E-07   7.7013E-07   0.99999
FLUX 1212  9980.00        3.003933E+13   7.6398E-07   7.6399E-07   0.99999
FLUX 1213 10020.00        2.991941E+13   7.5791E-07   7.5792E-07   0.99999
FLUX 1214 20000.00        1.498963E+13   1.8885E-07   1.8885E-07   1.00000
FLUX 1215 40000.00        7.494813E+12   4.6194E-08   4.6194E-08   1.00000
FLUX 1216 60000.00        4.996542E+12   2.0191E-08   2.0191E-08   1.00000
FLUX 1217 80000.00        3.747406E+12   1.1213E-08   1.1213E-08   1.00000
FLUX 1218100000.00        2.997925E+12   7.1027E-09   7.1027E-09   1.00000
FLUX 1219120000.00        2.498271E+12   4.8908E-09   4.8908E-09   1.00000
FLUX 1220140000.00        2.141375E+12   3.5676E-09   3.5676E-09   1.00000
FLUX 1221160000.00        1.873703E+12   2.7145E-09   2.7145E-09   1.00000
FLUX
