TEFF   7250.  GRAVITY 4.00000 LTE 
TITLE  [+0.5] N(He)/Ntot=0.07813 VTURB=2.0  L/H=1.25 NOVER                      
FLUX    1     9.09        3.298047E+16   1.0000E-50   0.0000E+00   1.00000
FLUX    2     9.35        3.206337E+16   1.0000E-50   0.0000E+00   1.00000
FLUX    3     9.61        3.119589E+16   1.0000E-50   0.0000E+00   1.00000
FLUX    4     9.77        3.068501E+16   1.0000E-50   0.0000E+00   1.00000
FLUX    5     9.96        3.009965E+16   1.0000E-50   0.0000E+00   1.00000
FLUX    6    10.20        2.939142E+16   1.0000E-50   0.0000E+00   1.00000
FLUX    7    10.38        2.888174E+16   1.0000E-50   0.0000E+00   1.00000
FLUX    8    10.56        2.838944E+16   1.0000E-50   0.0000E+00   1.00000
FLUX    9    10.77        2.783589E+16   1.0000E-50   0.0000E+00   1.00000
FLUX   10    11.04        2.715512E+16   1.0000E-50   0.0000E+00   1.00000
FLUX   11    11.40        2.629759E+16   1.0000E-50   0.0000E+00   1.00000
FLUX   12    11.78        2.544928E+16   1.0000E-50   0.0000E+00   1.00000
FLUX   13    12.13        2.471496E+16   1.0000E-50   0.0000E+00   1.00000
FLUX   14    12.48        2.402183E+16   1.0000E-50   0.0000E+00   1.00000
FLUX   15    12.71        2.358714E+16   1.0000E-50   0.0000E+00   1.00000
FLUX   16    12.84        2.334833E+16   1.0000E-50   0.0000E+00   1.00000
FLUX   17    13.05        2.297261E+16   1.0000E-50   0.0000E+00   1.00000
FLUX   18    13.24        2.264294E+16   1.0000E-50   0.0000E+00   1.00000
FLUX   19    13.39        2.238928E+16   1.0000E-50   0.0000E+00   1.00000
FLUX   20    13.66        2.194674E+16   1.0000E-50   0.0000E+00   1.00000
FLUX   21    13.98        2.144438E+16   1.0000E-50   0.0000E+00   1.00000
FLUX   22    14.33        2.092062E+16   1.0000E-50   0.0000E+00   1.00000
FLUX   23    14.72        2.036634E+16   1.0000E-50   0.0000E+00   1.00000
FLUX   24    15.10        1.985381E+16   1.0000E-50   0.0000E+00   1.00000
FLUX   25    15.52        1.931653E+16   1.0000E-50   0.0000E+00   1.00000
FLUX   26    15.88        1.887862E+16   1.0000E-50   0.0000E+00   1.00000
FLUX   27    16.20        1.850571E+16   1.0000E-50   0.0000E+00   1.00000
FLUX   28    16.60        1.805979E+16   1.0000E-50   0.0000E+00   1.00000
FLUX   29    17.03        1.760379E+16   1.0000E-50   0.0000E+00   1.00000
FLUX   30    17.34        1.728907E+16   1.0000E-50   0.0000E+00   1.00000
FLUX   31    17.68        1.695659E+16   1.0000E-50   0.0000E+00   1.00000
FLUX   32    18.02        1.663665E+16   1.0000E-50   0.0000E+00   1.00000
FLUX   33    18.17        1.649931E+16   1.0000E-50   0.0000E+00   1.00000
FLUX   34    18.61        1.610922E+16   1.0000E-50   0.0000E+00   1.00000
FLUX   35    19.10        1.569594E+16   1.0000E-50   0.0000E+00   1.00000
FLUX   36    19.39        1.546119E+16   1.0000E-50   0.0000E+00   1.00000
FLUX   37    19.84        1.511051E+16   7.8392E-70   7.8393E-70   0.99998
FLUX   38    20.18        1.485592E+16   1.0359E-68   1.0359E-68   0.99998
FLUX   39    20.50        1.462402E+16   1.0873E-67   1.0873E-67   0.99998
FLUX   40    21.05        1.424192E+16   5.1943E-66   5.1944E-66   0.99998
FLUX   41    21.62        1.386644E+16   2.3118E-64   2.3118E-64   0.99998
FLUX   42    21.98        1.363933E+16   2.2916E-63   2.2916E-63   0.99998
FLUX   43    22.30        1.344361E+16   1.6491E-62   1.6491E-62   0.99998
FLUX   44    22.68        1.321836E+16   1.5976E-61   1.5976E-61   0.99998
FLUX   45    23.00        1.303446E+16   1.0200E-60   1.0201E-60   0.99998
FLUX   46    23.40        1.281165E+16   9.6028E-60   9.6030E-60   0.99998
FLUX   47    24.00        1.249135E+16   2.4040E-58   2.4041E-58   0.99998
FLUX   48    24.65        1.216197E+16   6.5724E-57   6.5725E-57   0.99998
FLUX   49    25.24        1.187767E+16   1.1387E-55   1.1387E-55   0.99998
FLUX   50    25.68        1.167416E+16   8.7552E-55   8.7553E-55   0.99998
FLUX   51    26.00        1.153048E+16   3.6917E-54   3.6918E-54   0.99998
FLUX   52    26.40        1.135578E+16   2.1213E-53   2.1213E-53   0.99998
FLUX   53    26.85        1.116546E+16   1.4207E-52   1.4207E-52   0.99998
FLUX   54    27.35        1.096133E+16   1.0897E-51   1.0898E-51   0.99998
FLUX   55    27.85        1.076454E+16   7.7651E-51   7.7653E-51   0.99998
FLUX   56    28.40        1.055607E+16   6.1979E-50   6.1981E-50   0.99998
FLUX   57    29.00        1.033767E+16   5.4453E-49   5.4454E-49   0.99998
FLUX   58    29.60        1.012813E+16   4.3625E-48   4.3626E-48   0.99998
FLUX   59    30.10        9.959884E+15   2.3175E-47   2.3183E-47   0.99965
FLUX   60    30.80        9.733523E+15   2.1866E-46   2.1866E-46   0.99998
FLUX   61    31.80        9.427437E+15   4.5195E-45   4.5195E-45   0.99998
FLUX   62    32.80        9.140015E+15   7.7201E-44   7.7202E-44   0.99998
FLUX   63    33.80        8.869601E+15   1.1075E-42   1.1076E-42   0.99998
FLUX   64    34.80        8.614727E+15   1.3568E-41   1.3568E-41   0.99998
FLUX   65    35.70        8.397549E+15   1.1413E-40   1.1413E-40   0.99998
FLUX   66    36.60        8.191052E+15   8.6252E-40   8.6254E-40   0.99998
FLUX   67    37.50        7.994467E+15   5.8876E-39   5.8877E-39   0.99997
FLUX   68    38.50        7.786818E+15   4.4600E-38   4.4600E-38   0.99998
FLUX   69    39.50        7.589684E+15   3.0345E-37   3.0346E-37   0.99998
FLUX   70    40.50        7.402284E+15   1.8710E-36   1.8711E-36   0.99998
FLUX   71    41.40        7.241365E+15   8.8963E-36   8.8965E-36   0.99998
FLUX   72    42.20        7.104088E+15   3.3542E-35   3.3542E-35   0.99998
FLUX   73    43.00        6.971919E+15   1.2011E-34   1.2011E-34   0.99997
FLUX   74    44.10        6.798016E+15   6.4123E-34   6.4127E-34   0.99993
FLUX   75    45.10        6.647284E+15   2.7282E-33   2.7283E-33   0.99998
FLUX   76    46.00        6.517228E+15   9.4932E-33   9.4934E-33   0.99998
FLUX   77    47.00        6.378564E+15   3.5785E-32   3.5789E-32   0.99990
FLUX   78    48.00        6.245677E+15   1.2724E-31   1.2725E-31   0.99998
FLUX   79    49.00        6.118214E+15   4.2866E-31   4.2867E-31   0.99998
FLUX   80    50.00        5.995850E+15   1.3708E-30   1.3708E-30   0.99998
FLUX   81    50.60        5.924753E+15   3.5605E-30   4.0714E-30   0.87450
FLUX   82    51.20        5.855322E+15   7.7275E-30   7.8293E-30   0.98700
FLUX   83    52.00        5.765240E+15   1.8064E-29   1.8253E-29   0.98966
FLUX   84    53.00        5.656462E+15   5.0607E-29   5.0615E-29   0.99985
FLUX   85    54.00        5.551713E+15   1.3386E-28   1.3484E-28   0.99267
FLUX   86    55.00        5.450773E+15   3.4596E-28   3.4608E-28   0.99965
FLUX   87    56.00        5.353438E+15   8.5685E-28   8.5694E-28   0.99989
FLUX   88    57.00        5.259518E+15   2.0510E-27   2.0511E-27   0.99998
FLUX   89    58.00        5.168836E+15   4.6968E-27   4.7589E-27   0.98694
FLUX   90    59.00        5.081229E+15   1.0683E-26   1.0698E-26   0.99857
FLUX   91    60.00        4.996542E+15   2.3317E-26   2.3363E-26   0.99804
FLUX   92    61.00        4.914631E+15   4.9637E-26   4.9641E-26   0.99992
FLUX   93    62.00        4.835363E+15   1.0272E-25   1.0276E-25   0.99968
FLUX   94    63.00        4.758611E+15   2.0745E-25   2.0748E-25   0.99985
FLUX   95    64.00        4.684258E+15   4.0915E-25   4.0939E-25   0.99940
FLUX   96    65.00        4.612192E+15   7.8973E-25   7.8983E-25   0.99987
FLUX   97    65.80        4.556117E+15   1.3154E-24   1.3156E-24   0.99983
FLUX   98    66.50        4.508158E+15   2.0265E-24   2.0337E-24   0.99651
FLUX   99    67.50        4.441370E+15   3.7166E-24   3.7251E-24   0.99770
FLUX  100    68.50        4.376533E+15   6.6906E-24   6.6942E-24   0.99946
FLUX  101    69.50        4.313561E+15   1.1810E-23   1.1812E-23   0.99986
FLUX  102    70.50        4.252376E+15   2.0302E-23   2.0480E-23   0.99131
FLUX  103    71.60        4.187046E+15   3.6789E-23   3.6803E-23   0.99964
FLUX  104    72.60        4.129373E+15   6.1653E-23   6.1658E-23   0.99992
FLUX  105    73.50        4.078810E+15   9.6806E-23   9.6856E-23   0.99948
FLUX  106    74.50        4.024060E+15   1.5744E-22   1.5779E-22   0.99784
FLUX  107    75.50        3.970762E+15   2.5272E-22   2.5344E-22   0.99716
FLUX  108    76.50        3.918856E+15   4.0089E-22   4.0163E-22   0.99816
FLUX  109    77.50        3.868290E+15   6.2670E-22   6.2820E-22   0.99762
FLUX  110    78.50        3.819013E+15   9.7035E-22   9.7038E-22   0.99997
FLUX  111    79.50        3.770975E+15   1.4605E-21   1.4810E-21   0.98613
FLUX  112    80.50        3.724130E+15   2.2135E-21   2.2345E-21   0.99062
FLUX  113    81.50        3.678436E+15   3.3285E-21   3.3339E-21   0.99837
FLUX  114    82.50        3.633848E+15   4.9167E-21   4.9221E-21   0.99891
FLUX  115    83.50        3.590329E+15   7.1887E-21   7.1936E-21   0.99931
FLUX  116    84.50        3.547840E+15   1.0406E-20   1.0410E-20   0.99961
FLUX  117    85.50        3.506345E+15   1.4925E-20   1.4928E-20   0.99977
FLUX  118    86.50        3.465809E+15   2.1195E-20   2.1199E-20   0.99979
FLUX  119    87.50        3.426200E+15   2.9644E-20   2.9838E-20   0.99350
FLUX  120    88.50        3.387486E+15   4.1619E-20   4.1641E-20   0.99947
FLUX  121    89.50        3.349637E+15   5.7628E-20   5.7637E-20   0.99984
FLUX  122    90.50        3.312624E+15   7.8813E-20   7.9139E-20   0.99587
FLUX  123    91.50        3.276421E+15   4.5509E-17   1.1357E-16   0.40072
FLUX  124    92.50        3.241000E+15   1.5142E-16   1.5997E-16   0.94652
FLUX  125    93.50        3.206337E+15   2.1141E-16   2.2346E-16   0.94608
FLUX  126    94.50        3.172407E+15   2.9300E-16   3.0974E-16   0.94595
FLUX  127    95.50        3.139188E+15   4.1825E-16   4.2625E-16   0.98123
FLUX  128    96.50        3.106658E+15   5.7194E-16   5.8241E-16   0.98202
FLUX  129    97.50        3.074795E+15   7.7589E-16   7.9035E-16   0.98170
FLUX  130    98.50        3.043579E+15   1.0461E-15   1.0660E-15   0.98132
FLUX  131    99.50        3.012990E+15   1.4003E-15   1.4283E-15   0.98041
FLUX  132   100.50        2.983010E+15   1.9000E-15   1.9020E-15   0.99896
FLUX  133   101.50        2.953621E+15   2.5156E-15   2.5175E-15   0.99928
FLUX  134   102.50        2.924805E+15   3.1504E-15   3.3145E-15   0.95048
FLUX  135   103.50        2.896546E+15   4.3363E-15   4.3386E-15   0.99946
FLUX  136   104.50        2.868828E+15   5.6473E-15   5.6501E-15   0.99951
FLUX  137   105.50        2.841635E+15   7.3173E-15   7.3201E-15   0.99961
FLUX  138   106.50        2.814953E+15   9.4267E-15   9.4369E-15   0.99892
FLUX  139   107.50        2.788767E+15   1.2099E-14   1.2107E-14   0.99934
FLUX  140   108.50        2.763065E+15   1.5450E-14   1.5458E-14   0.99952
FLUX  141   109.50        2.737831E+15   1.9616E-14   1.9642E-14   0.99865
FLUX  142   110.50        2.713054E+15   3.9676E-14   1.3210E-13   0.30036
FLUX  143   111.50        2.688722E+15   1.1762E-13   1.8340E-13   0.64135
FLUX  144   112.50        2.664822E+15   1.7830E-13   2.4787E-13   0.71935
FLUX  145   113.50        2.641344E+15   2.5958E-13   3.2614E-13   0.79592
FLUX  146   114.50        2.618275E+15   3.4408E-13   4.1832E-13   0.82254
FLUX  147   115.50        2.595606E+15   3.9847E-13   5.2483E-13   0.75925
FLUX  148   116.50        2.573326E+15   5.7057E-13   6.4535E-13   0.88411
FLUX  149   117.50        2.551426E+15   7.1455E-13   7.7749E-13   0.91905
FLUX  150   118.50        2.529895E+15   7.9249E-13   9.8524E-13   0.80436
FLUX  151   119.50        2.508724E+15   5.4544E-13   1.1851E-12   0.46025
FLUX  152   120.50        2.487905E+15   7.1410E-13   1.4158E-12   0.50439
FLUX  153   121.50        2.467428E+15   2.8079E-13   1.6818E-12   0.16696
FLUX  154   122.50        2.447286E+15   9.2647E-13   2.0299E-12   0.45641
FLUX  155   123.50        2.427470E+15   1.7268E-12   2.3893E-12   0.72270
FLUX  156   124.50        2.407972E+15   4.1207E-12   9.8498E-12   0.41835
FLUX  157   125.50        2.388785E+15   9.9570E-12   1.4259E-11   0.69829
FLUX  158   126.50        2.369901E+15   8.9312E-12   1.8494E-11   0.48293
FLUX  159   127.50        2.351314E+15   1.3992E-11   2.2388E-11   0.62497
FLUX  160   128.50        2.333016E+15   1.9259E-11   2.6669E-11   0.72213
FLUX  161   129.50        2.315000E+15   2.3557E-11   3.1074E-11   0.75808
FLUX  162   130.50        2.297261E+15   1.9698E-11   3.5930E-11   0.54823
FLUX  163   131.50        2.279791E+15   3.0481E-11   4.1176E-11   0.74024
FLUX  164   132.50        2.262585E+15   3.5698E-11   4.6954E-11   0.76028
FLUX  165   133.50        2.245637E+15   4.0659E-11   5.3285E-11   0.76304
FLUX  166   134.50        2.228941E+15   4.9609E-11   6.0256E-11   0.82331
FLUX  167   135.50        2.212491E+15   5.2951E-11   6.7914E-11   0.77968
FLUX  168   136.50        2.196282E+15   5.9214E-11   7.6337E-11   0.77570
FLUX  169   137.50        2.180309E+15   6.3783E-11   8.5584E-11   0.74527
FLUX  170   138.50        2.164567E+15   6.9011E-11   9.5740E-11   0.72081
FLUX  171   139.50        2.149050E+15   7.9350E-11   1.0687E-10   0.74246
FLUX  172   140.50        2.133754E+15   9.2805E-11   1.1981E-10   0.77460
FLUX  173   141.50        2.118675E+15   9.8461E-11   1.3486E-10   0.73009
FLUX  174   142.50        2.103807E+15   1.1130E-10   1.5166E-10   0.73392
FLUX  175   143.50        2.089146E+15   1.1976E-10   1.7008E-10   0.70418
FLUX  176   144.20        2.079005E+15   1.4575E-10   1.8410E-10   0.79168
FLUX  177   144.70        2.071821E+15   1.4711E-10   2.0279E-10   0.72544
FLUX  178   145.50        2.060430E+15   1.6977E-10   2.2166E-10   0.76592
FLUX  179   146.50        2.046365E+15   1.8299E-10   2.4736E-10   0.73977
FLUX  180   147.50        2.032492E+15   1.9707E-10   2.7556E-10   0.71516
FLUX  181   148.50        2.018805E+15   2.2681E-10   3.0647E-10   0.74009
FLUX  182   149.50        2.005301E+15   2.7719E-10   3.4030E-10   0.81457
FLUX  183   150.50        1.991977E+15   3.2225E-10   3.7724E-10   0.85425
FLUX  184   151.20        1.982755E+15   3.0597E-10   4.0509E-10   0.75531
FLUX  185   151.70        1.976220E+15   2.7761E-10   4.2604E-10   0.65159
FLUX  186   152.50        1.965852E+15   3.2415E-10   1.9481E-09   0.16639
FLUX  187   153.50        1.953046E+15   6.0887E-10   2.1056E-09   0.28917
FLUX  188   154.50        1.940405E+15   8.9379E-10   2.2742E-09   0.39302
FLUX  189   155.50        1.927926E+15   1.0408E-09   2.4551E-09   0.42393
FLUX  190   156.50        1.915607E+15   9.8371E-10   2.6500E-09   0.37121
FLUX  191   157.50        1.903444E+15   1.4862E-09   3.0883E-09   0.48123
FLUX  192   158.50        1.891435E+15   1.7225E-09   3.3221E-09   0.51850
FLUX  193   159.50        1.879577E+15   2.0724E-09   3.5707E-09   0.58038
FLUX  194   160.50        1.867866E+15   2.0830E-09   3.8336E-09   0.54335
FLUX  195   161.50        1.856300E+15   2.1454E-09   4.1101E-09   0.52198
FLUX  196   162.50        1.844877E+15   2.1657E-09   4.5077E-09   0.48045
FLUX  197   163.50        1.833593E+15   2.7002E-09   4.8277E-09   0.55932
FLUX  198   164.50        1.822447E+15   3.3177E-09   5.1650E-09   0.64235
FLUX  199   165.50        1.811435E+15   2.1414E-09   5.5213E-09   0.38784
FLUX  200   166.50        1.800556E+15   3.6211E-09   5.8977E-09   0.61398
FLUX  201   167.20        1.793017E+15   2.3459E-09   6.1734E-09   0.38001
FLUX  202   167.70        1.787671E+15   5.3241E-09   2.9342E-07   0.01814
FLUX  203   168.50        1.779184E+15   6.5319E-09   3.0420E-07   0.02147
FLUX  204   169.50        1.768687E+15   8.4286E-09   3.1271E-07   0.02695
FLUX  205   170.50        1.758314E+15   1.3894E-08   3.2203E-07   0.04314
FLUX  206   171.50        1.748061E+15   3.7019E-08   4.4839E-07   0.08256
FLUX  207   172.50        1.737928E+15   4.7291E-08   4.6196E-07   0.10237
FLUX  208   173.50        1.727911E+15   7.2257E-08   4.7037E-07   0.15362
FLUX  209   174.50        1.718009E+15   6.4953E-08   4.8278E-07   0.13454
FLUX  210   175.50        1.708219E+15   1.0484E-07   4.9042E-07   0.21378
FLUX  211   176.50        1.698541E+15   5.7745E-08   4.9768E-07   0.11603
FLUX  212   177.50        1.688972E+15   9.5043E-08   5.0466E-07   0.18833
FLUX  213   178.50        1.679510E+15   9.9031E-08   5.1129E-07   0.19369
FLUX  214   179.50        1.670153E+15   1.6899E-07   5.1757E-07   0.32651
FLUX  215   180.50        1.660900E+15   1.0807E-07   5.2456E-07   0.20602
FLUX  216   181.50        1.651749E+15   1.1801E-07   5.3035E-07   0.22251
FLUX  217   182.50        1.642699E+15   1.0974E-07   5.3638E-07   0.20459
FLUX  218   183.50        1.633747E+15   1.0744E-07   5.4183E-07   0.19830
FLUX  219   184.50        1.624892E+15   8.8074E-08   5.4681E-07   0.16107
FLUX  220   185.50        1.616132E+15   1.3585E-07   5.5312E-07   0.24560
FLUX  221   186.50        1.607466E+15   1.9512E-07   5.5764E-07   0.34990
FLUX  222   187.50        1.598893E+15   1.7284E-07   5.9392E-07   0.29102
FLUX  223   188.50        1.590411E+15   1.8904E-07   5.9660E-07   0.31686
FLUX  224   189.50        1.582018E+15   2.2493E-07   5.9899E-07   0.37551
FLUX  225   190.50        1.573714E+15   2.0474E-07   6.0109E-07   0.34062
FLUX  226   191.50        1.565496E+15   2.1715E-07   6.0297E-07   0.36014
FLUX  227   192.50        1.557364E+15   1.6742E-07   6.0443E-07   0.27699
FLUX  228   193.50        1.549315E+15   7.0445E-08   6.0559E-07   0.11632
FLUX  229   194.50        1.541350E+15   2.4330E-07   6.0672E-07   0.40101
FLUX  230   195.50        1.533465E+15   2.6857E-07   6.0765E-07   0.44198
FLUX  231   196.70        1.524110E+15   3.2743E-07   6.0864E-07   0.53798
FLUX  232   197.60        1.517169E+15   2.7024E-07   6.0981E-07   0.44314
FLUX  233   198.40        1.511051E+15   3.0951E-07   7.8268E-07   0.39545
FLUX  234   199.50        1.502719E+15   3.2447E-07   7.8251E-07   0.41465
FLUX  235   200.50        1.495224E+15   2.9935E-07   7.8325E-07   0.38219
FLUX  236   201.50        1.487804E+15   2.9119E-07   7.8446E-07   0.37120
FLUX  237   202.50        1.480457E+15   2.6448E-07   7.8554E-07   0.33669
FLUX  238   203.50        1.473182E+15   3.6877E-07   7.8668E-07   0.46877
FLUX  239   204.50        1.465978E+15   4.1997E-07   7.8821E-07   0.53282
FLUX  240   205.50        1.458844E+15   3.7140E-07   7.8945E-07   0.47045
FLUX  241   206.50        1.451780E+15   3.5548E-07   7.9034E-07   0.44978
FLUX  242   207.40        1.445480E+15   4.2366E-07   7.9093E-07   0.53564
FLUX  243   207.80        1.442697E+15   6.3313E-07   1.9102E-06   0.33145
FLUX  244   208.50        1.437854E+15   5.9089E-07   1.9262E-06   0.30676
FLUX  245   209.50        1.430990E+15   5.6628E-07   1.9487E-06   0.29059
FLUX  246   210.50        1.424192E+15   6.2407E-07   1.9704E-06   0.31673
FLUX  247   211.50        1.417459E+15   7.3312E-07   1.9911E-06   0.36820
FLUX  248   212.50        1.410788E+15   7.2294E-07   2.0116E-06   0.35939
FLUX  249   213.50        1.404180E+15   5.9017E-07   2.0324E-06   0.29038
FLUX  250   214.50        1.397634E+15   7.8209E-07   2.0526E-06   0.38103
FLUX  251   215.50        1.391148E+15   8.3443E-07   2.0728E-06   0.40256
FLUX  252   216.50        1.384723E+15   7.1357E-07   2.0934E-06   0.34086
FLUX  253   217.50        1.378356E+15   7.4630E-07   2.1144E-06   0.35296
FLUX  254   218.50        1.372048E+15   8.8297E-07   2.1360E-06   0.41338
FLUX  255   219.50        1.365797E+15   9.4253E-07   2.1581E-06   0.43673
FLUX  256   220.50        1.359603E+15   8.7423E-07   2.1808E-06   0.40087
FLUX  257   221.50        1.353465E+15   6.5485E-07   2.2041E-06   0.29710
FLUX  258   222.50        1.347382E+15   6.7952E-07   2.2395E-06   0.30342
FLUX  259   223.50        1.341353E+15   9.3632E-07   2.2634E-06   0.41367
FLUX  260   224.50        1.335379E+15   8.6297E-07   2.2878E-06   0.37720
FLUX  261   225.50        1.329457E+15   6.4382E-07   2.3910E-06   0.26928
FLUX  262   226.50        1.323587E+15   6.5352E-07   2.4124E-06   0.27090
FLUX  263   227.50        1.317769E+15   8.0831E-07   2.4339E-06   0.33210
FLUX  264   228.50        1.312002E+15   9.3116E-07   2.4553E-06   0.37924
FLUX  265   229.50        1.306285E+15   7.8361E-07   2.4768E-06   0.31638
FLUX  266   230.50        1.300618E+15   9.1887E-07   2.4982E-06   0.36781
FLUX  267   231.50        1.295000E+15   8.1162E-07   2.5198E-06   0.32210
FLUX  268   232.50        1.289430E+15   7.7535E-07   2.5416E-06   0.30506
FLUX  269   233.50        1.283908E+15   4.9484E-07   2.5811E-06   0.19172
FLUX  270   234.50        1.278433E+15   3.1417E-07   2.6022E-06   0.12073
FLUX  271   235.50        1.273004E+15   6.7950E-07   2.6233E-06   0.25902
FLUX  272   236.50        1.267622E+15   3.4639E-07   2.6445E-06   0.13099
FLUX  273   237.50        1.262284E+15   4.9735E-07   2.6659E-06   0.18656
FLUX  274   238.50        1.256992E+15   2.5157E-07   2.6884E-06   0.09357
FLUX  275   239.50        1.251743E+15   3.5454E-07   2.7099E-06   0.13083
FLUX  276   240.50        1.246538E+15   3.4827E-07   2.7314E-06   0.12750
FLUX  277   241.50        1.241377E+15   4.5062E-07   2.7532E-06   0.16367
FLUX  278   242.50        1.236258E+15   8.1696E-07   2.7751E-06   0.29439
FLUX  279   243.50        1.231181E+15   8.0521E-07   2.7972E-06   0.28786
FLUX  280   244.50        1.226145E+15   9.5492E-07   2.8459E-06   0.33554
FLUX  281   245.50        1.221151E+15   1.0113E-06   2.8669E-06   0.35274
FLUX  282   246.50        1.216197E+15   9.0687E-07   2.8879E-06   0.31402
FLUX  283   247.50        1.211283E+15   8.1971E-07   2.9089E-06   0.28179
FLUX  284   248.50        1.206408E+15   7.3870E-07   2.9300E-06   0.25212
FLUX  285   249.50        1.201573E+15   7.3985E-07   2.9510E-06   0.25071
FLUX  286   250.50        1.196776E+15   1.1242E-06   2.9928E-06   0.37564
FLUX  287   251.30        1.192967E+15   6.7437E-07   3.0089E-06   0.22413
FLUX  288   251.80        1.190598E+15   6.4148E-07   4.1030E-06   0.15635
FLUX  289   252.50        1.187297E+15   5.1083E-07   4.1262E-06   0.12380
FLUX  290   253.50        1.182613E+15   4.6599E-07   4.1597E-06   0.11203
FLUX  291   254.50        1.177967E+15   5.1944E-07   4.1932E-06   0.12388
FLUX  292   255.50        1.173356E+15   8.4264E-07   4.2267E-06   0.19936
FLUX  293   256.50        1.168782E+15   7.2771E-07   4.2603E-06   0.17081
FLUX  294   257.50        1.164243E+15   9.5375E-07   4.2939E-06   0.22212
FLUX  295   258.50        1.159739E+15   8.9502E-07   4.3274E-06   0.20682
FLUX  296   259.50        1.155270E+15   8.1412E-07   4.3611E-06   0.18668
FLUX  297   260.50        1.150835E+15   6.9200E-07   4.3948E-06   0.15746
FLUX  298   261.50        1.146434E+15   6.3094E-07   4.4285E-06   0.14247
FLUX  299   262.50        1.142067E+15   9.1873E-07   4.4622E-06   0.20589
FLUX  300   263.50        1.137732E+15   1.3269E-06   4.5066E-06   0.29443
FLUX  301   264.50        1.133431E+15   1.8914E-06   4.5399E-06   0.41662
FLUX  302   265.50        1.129162E+15   2.2213E-06   4.5734E-06   0.48571
FLUX  303   266.50        1.124925E+15   1.4736E-06   4.6070E-06   0.31986
FLUX  304   267.50        1.120720E+15   1.7748E-06   4.6407E-06   0.38244
FLUX  305   268.50        1.116546E+15   1.8190E-06   4.6744E-06   0.38915
FLUX  306   269.50        1.112403E+15   1.5663E-06   4.7082E-06   0.33269
FLUX  307   270.50        1.108290E+15   1.8582E-06   4.7537E-06   0.39090
FLUX  308   271.50        1.104208E+15   1.4842E-06   4.7868E-06   0.31007
FLUX  309   272.50        1.100156E+15   1.4710E-06   4.8199E-06   0.30518
FLUX  310   273.50        1.096133E+15   1.6654E-06   4.8531E-06   0.34317
FLUX  311   274.50        1.092140E+15   8.3251E-07   4.8864E-06   0.17038
FLUX  312   275.50        1.088176E+15   1.0778E-06   4.9196E-06   0.21909
FLUX  313   276.50        1.084241E+15   1.3738E-06   4.9529E-06   0.27737
FLUX  314   277.50        1.080333E+15   1.7043E-06   4.9861E-06   0.34180
FLUX  315   278.50        1.076454E+15   1.0894E-06   5.0194E-06   0.21703
FLUX  316   279.50        1.072603E+15   3.6870E-07   5.0527E-06   0.07297
FLUX  317   280.50        1.068779E+15   4.9384E-07   5.0860E-06   0.09710
FLUX  318   281.50        1.064982E+15   1.6345E-06   5.1194E-06   0.31928
FLUX  319   282.50        1.061212E+15   2.3952E-06   5.1528E-06   0.46483
FLUX  320   283.50        1.057469E+15   2.2788E-06   5.1863E-06   0.43939
FLUX  321   284.50        1.053752E+15   2.1655E-06   5.2198E-06   0.41487
FLUX  322   285.50        1.050061E+15   1.5536E-06   5.2533E-06   0.29574
FLUX  323   286.50        1.046396E+15   2.4382E-06   5.2869E-06   0.46117
FLUX  324   287.50        1.042757E+15   2.5228E-06   5.3204E-06   0.47416
FLUX  325   288.50        1.039142E+15   2.4438E-06   5.3541E-06   0.45643
FLUX  326   289.50        1.035553E+15   2.4070E-06   5.3877E-06   0.44675
FLUX  327   291.00        1.030215E+15   3.1499E-06   5.4453E-06   0.57846
FLUX  328   293.00        1.023183E+15   2.8600E-06   5.5117E-06   0.51890
FLUX  329   295.00        1.016246E+15   2.8528E-06   5.5795E-06   0.51131
FLUX  330   297.00        1.009402E+15   3.2757E-06   5.6457E-06   0.58021
FLUX  331   299.00        1.002651E+15   3.2844E-06   5.7119E-06   0.57502
FLUX  332   301.00        9.959884E+14   3.5690E-06   5.7780E-06   0.61769
FLUX  333   303.00        9.894142E+14   3.5589E-06   5.8442E-06   0.60896
FLUX  334   305.00        9.829262E+14   3.6370E-06   5.9103E-06   0.61536
FLUX  335   307.00        9.765228E+14   3.7681E-06   5.9764E-06   0.63050
FLUX  336   309.00        9.702023E+14   4.0197E-06   6.0487E-06   0.66456
FLUX  337   311.00        9.639630E+14   3.9443E-06   6.1137E-06   0.64516
FLUX  338   313.00        9.578035E+14   3.9197E-06   6.1805E-06   0.63420
FLUX  339   315.00        9.517222E+14   4.0697E-06   6.2450E-06   0.65167
FLUX  340   317.00        9.457177E+14   4.1243E-06   6.3097E-06   0.65365
FLUX  341   319.00        9.397884E+14   3.7468E-06   6.3742E-06   0.58780
FLUX  342   321.00        9.339330E+14   4.1224E-06   6.4386E-06   0.64027
FLUX  343   323.00        9.281502E+14   3.6352E-06   6.5047E-06   0.55886
FLUX  344   325.00        9.224385E+14   4.2309E-06   6.5684E-06   0.64412
FLUX  345   327.00        9.167966E+14   4.6193E-06   6.6320E-06   0.69652
FLUX  346   329.00        9.112234E+14   4.5686E-06   6.6963E-06   0.68225
FLUX  347   331.00        9.057175E+14   4.7939E-06   6.7592E-06   0.70924
FLUX  348   333.00        9.002778E+14   4.7679E-06   6.8220E-06   0.69890
FLUX  349   335.00        8.949030E+14   4.7513E-06   6.8845E-06   0.69015
FLUX  350   337.00        8.895920E+14   4.5616E-06   6.9468E-06   0.65665
FLUX  351   339.00        8.843437E+14   4.8108E-06   7.0094E-06   0.68633
FLUX  352   341.00        8.791569E+14   4.8636E-06   7.0710E-06   0.68782
FLUX  353   343.00        8.740306E+14   4.8877E-06   7.1324E-06   0.68528
FLUX  354   345.00        8.689638E+14   5.1105E-06   7.1940E-06   0.71038
FLUX  355   347.00        8.639553E+14   5.0849E-06   7.2549E-06   0.70089
FLUX  356   349.00        8.590043E+14   5.1996E-06   7.3155E-06   0.71076
FLUX  357   351.00        8.541097E+14   5.4269E-06   7.3759E-06   0.73576
FLUX  358   353.00        8.492705E+14   5.3360E-06   7.4361E-06   0.71758
FLUX  359   355.00        8.444859E+14   5.9030E-06   7.4961E-06   0.78748
FLUX  360   357.00        8.397549E+14   5.2927E-06   7.5559E-06   0.70047
FLUX  361   359.00        8.350766E+14   5.3110E-06   7.6154E-06   0.69739
FLUX  362   361.00        8.304501E+14   5.4794E-06   7.6748E-06   0.71395
FLUX  363   363.00        8.258747E+14   5.5845E-06   7.7335E-06   0.72211
FLUX  364   364.00        8.236058E+14   5.5343E-06   7.7632E-06   0.71288
FLUX  365   365.00        8.213493E+14   6.1527E-06   1.9669E-05   0.31281
FLUX  366   367.00        8.168733E+14   6.0940E-06   1.9726E-05   0.30893
FLUX  367   369.00        8.124458E+14   5.9786E-06   1.9782E-05   0.30223
FLUX  368   371.00        8.080660E+14   6.2904E-06   1.9838E-05   0.31710
FLUX  369   373.00        8.037332E+14   6.1996E-06   1.9891E-05   0.31168
FLUX  370   375.00        7.994467E+14   7.3002E-06   1.9943E-05   0.36606
FLUX  371   377.00        7.952056E+14   8.0385E-06   2.0068E-05   0.40056
FLUX  372   379.00        7.910092E+14   9.4074E-06   2.0118E-05   0.46761
FLUX  373   381.00        7.868570E+14   1.0782E-05   2.0166E-05   0.53464
FLUX  374   383.00        7.827480E+14   8.4948E-06   2.0214E-05   0.42025
FLUX  375   385.00        7.786818E+14   1.1617E-05   2.0260E-05   0.57340
FLUX  376   387.00        7.746576E+14   1.2868E-05   2.0304E-05   0.63376
FLUX  377   389.00        7.706748E+14   9.1344E-06   2.0348E-05   0.44890
FLUX  378   391.00        7.667327E+14   1.2766E-05   2.0391E-05   0.62608
FLUX  379   393.00        7.628308E+14   8.0737E-06   2.0433E-05   0.39513
FLUX  380   395.00        7.589684E+14   1.1861E-05   2.0473E-05   0.57933
FLUX  381   397.00        7.551448E+14   7.3096E-06   2.0512E-05   0.35635
FLUX  382   399.00        7.513596E+14   1.3750E-05   2.0551E-05   0.66907
FLUX  383   401.00        7.476122E+14   1.5148E-05   2.0588E-05   0.73576
FLUX  384   403.00        7.439020E+14   1.5249E-05   2.0625E-05   0.73937
FLUX  385   405.00        7.402284E+14   1.5100E-05   2.0661E-05   0.73086
FLUX  386   407.00        7.365909E+14   1.4998E-05   2.0695E-05   0.72473
FLUX  387   409.00        7.329890E+14   1.3846E-05   2.0727E-05   0.66803
FLUX  388   411.00        7.294221E+14   1.1651E-05   2.0758E-05   0.56127
FLUX  389   413.00        7.258898E+14   1.5557E-05   2.0789E-05   0.74831
FLUX  390   415.00        7.223916E+14   1.6691E-05   2.0818E-05   0.80175
FLUX  391   417.00        7.189269E+14   1.6557E-05   2.0848E-05   0.79416
FLUX  392   419.00        7.154952E+14   1.6688E-05   2.0875E-05   0.79946
FLUX  393   421.00        7.120962E+14   1.6812E-05   2.0900E-05   0.80441
FLUX  394   423.00        7.087293E+14   1.6267E-05   2.0924E-05   0.77744
FLUX  395   425.00        7.053941E+14   1.7007E-05   2.0948E-05   0.81190
FLUX  396   427.00        7.020902E+14   1.6238E-05   2.0970E-05   0.77433
FLUX  397   429.00        6.988170E+14   1.6332E-05   2.0991E-05   0.77804
FLUX  398   431.00        6.955742E+14   1.5071E-05   2.1012E-05   0.71726
FLUX  399   433.00        6.923614E+14   1.4152E-05   2.1031E-05   0.67290
FLUX  400   435.00        6.891782E+14   1.2519E-05   2.1051E-05   0.59472
FLUX  401   437.00        6.860240E+14   1.7314E-05   2.1069E-05   0.82181
FLUX  402   439.00        6.828986E+14   1.7231E-05   2.1086E-05   0.81718
FLUX  403   441.00        6.798016E+14   1.7302E-05   2.1102E-05   0.81991
FLUX  404   443.00        6.767325E+14   1.6992E-05   2.1118E-05   0.80463
FLUX  405   445.00        6.736910E+14   1.7508E-05   2.1133E-05   0.82846
FLUX  406   447.00        6.706767E+14   1.7977E-05   2.1147E-05   0.85006
FLUX  407   449.00        6.676893E+14   1.7865E-05   2.1161E-05   0.84426
FLUX  408   451.00        6.647284E+14   1.9279E-05   2.1173E-05   0.91056
FLUX  409   453.00        6.617936E+14   1.7971E-05   2.1185E-05   0.84831
FLUX  410   455.00        6.588846E+14   1.8226E-05   2.1196E-05   0.85989
FLUX  411   457.00        6.560011E+14   1.9357E-05   2.1206E-05   0.91283
FLUX  412   459.00        6.531427E+14   1.8350E-05   2.1215E-05   0.86492
FLUX  413   461.00        6.503091E+14   1.9001E-05   2.1224E-05   0.89527
FLUX  414   463.00        6.475000E+14   1.8578E-05   2.1232E-05   0.87497
FLUX  415   465.00        6.447151E+14   1.8995E-05   2.1240E-05   0.89431
FLUX  416   467.00        6.419540E+14   1.9390E-05   2.1246E-05   0.91264
FLUX  417   469.00        6.392164E+14   1.8613E-05   2.1252E-05   0.87580
FLUX  418   471.00        6.365021E+14   1.7841E-05   2.1258E-05   0.83928
FLUX  419   473.00        6.338108E+14   1.9234E-05   2.1263E-05   0.90458
FLUX  420   475.00        6.311421E+14   1.9484E-05   2.1267E-05   0.91616
FLUX  421   477.00        6.284958E+14   1.9326E-05   2.1271E-05   0.90859
FLUX  422   479.00        6.258716E+14   1.9406E-05   2.1273E-05   0.91223
FLUX  423   481.00        6.232692E+14   1.9080E-05   2.1275E-05   0.89679
FLUX  424   483.00        6.206884E+14   1.8952E-05   2.1277E-05   0.89074
FLUX  425   485.00        6.181289E+14   1.5768E-05   2.1278E-05   0.74105
FLUX  426   487.00        6.155903E+14   1.3039E-05   2.1278E-05   0.61280
FLUX  427   489.00        6.130726E+14   1.8121E-05   2.1278E-05   0.85163
FLUX  428   491.00        6.105754E+14   1.8773E-05   2.1278E-05   0.88229
FLUX  429   493.00        6.080984E+14   1.8660E-05   2.1277E-05   0.87702
FLUX  430   495.00        6.056414E+14   1.9512E-05   2.1276E-05   0.91711
FLUX  431   497.00        6.032042E+14   1.9795E-05   2.1274E-05   0.93048
FLUX  432   499.00        6.007866E+14   1.8638E-05   2.1272E-05   0.87619
FLUX  433   501.00        5.983882E+14   1.7909E-05   2.1268E-05   0.84206
FLUX  434   503.00        5.960089E+14   1.8956E-05   2.1265E-05   0.89146
FLUX  435   505.00        5.936485E+14   1.8886E-05   2.1260E-05   0.88831
FLUX  436   507.00        5.913067E+14   1.9718E-05   2.1256E-05   0.92765
FLUX  437   509.00        5.889833E+14   1.9353E-05   2.1251E-05   0.91072
FLUX  438   511.00        5.866781E+14   1.9690E-05   2.1245E-05   0.92680
FLUX  439   513.00        5.843908E+14   1.9203E-05   2.1239E-05   0.90412
FLUX  440   515.00        5.821214E+14   1.8808E-05   2.1233E-05   0.88580
FLUX  441   517.00        5.798694E+14   1.8592E-05   2.1226E-05   0.87591
FLUX  442   519.00        5.776349E+14   1.8439E-05   2.1219E-05   0.86898
FLUX  443   521.00        5.754175E+14   1.8981E-05   2.1211E-05   0.89483
FLUX  444   523.00        5.732170E+14   1.9152E-05   2.1203E-05   0.90324
FLUX  445   525.00        5.710333E+14   1.9505E-05   2.1195E-05   0.92027
FLUX  446   527.00        5.688662E+14   1.7685E-05   2.1187E-05   0.83472
FLUX  447   529.00        5.667155E+14   1.9377E-05   2.1178E-05   0.91500
FLUX  448   531.00        5.645810E+14   1.9499E-05   2.1168E-05   0.92112
FLUX  449   533.00        5.624625E+14   1.8318E-05   2.1158E-05   0.86577
FLUX  450   535.00        5.603598E+14   1.9461E-05   2.1148E-05   0.92023
FLUX  451   537.00        5.582728E+14   1.9644E-05   2.1137E-05   0.92935
FLUX  452   539.00        5.562013E+14   1.9490E-05   2.1145E-05   0.92171
FLUX  453   541.00        5.541451E+14   1.8943E-05   2.1134E-05   0.89633
FLUX  454   543.00        5.521041E+14   1.9527E-05   2.1122E-05   0.92448
FLUX  455   545.00        5.500780E+14   2.0030E-05   2.1110E-05   0.94884
FLUX  456   547.00        5.480667E+14   1.9740E-05   2.1097E-05   0.93567
FLUX  457   549.00        5.460701E+14   1.9585E-05   2.1084E-05   0.92890
FLUX  458   551.00        5.440880E+14   1.9643E-05   2.1071E-05   0.93220
FLUX  459   553.00        5.421203E+14   1.9797E-05   2.1058E-05   0.94011
FLUX  460   555.00        5.401667E+14   1.9913E-05   2.1044E-05   0.94625
FLUX  461   557.00        5.382271E+14   1.9708E-05   2.1030E-05   0.93713
FLUX  462   559.00        5.363014E+14   1.9552E-05   2.1016E-05   0.93033
FLUX  463   561.00        5.343895E+14   1.9939E-05   2.1002E-05   0.94939
FLUX  464   563.00        5.324911E+14   2.0046E-05   2.1010E-05   0.95413
FLUX  465   565.00        5.306062E+14   1.9910E-05   2.0995E-05   0.94831
FLUX  466   567.00        5.287346E+14   1.9542E-05   2.0980E-05   0.93149
FLUX  467   569.00        5.268761E+14   1.9868E-05   2.0964E-05   0.94770
FLUX  468   571.00        5.250306E+14   1.9808E-05   2.0949E-05   0.94554
FLUX  469   573.00        5.231981E+14   2.0652E-05   2.0933E-05   0.98657
FLUX  470   575.00        5.213783E+14   2.0112E-05   2.0917E-05   0.96152
FLUX  471   577.00        5.195711E+14   2.0324E-05   2.0900E-05   0.97244
FLUX  472   579.00        5.177763E+14   2.0038E-05   2.0884E-05   0.95953
FLUX  473   581.00        5.159940E+14   2.0280E-05   2.0866E-05   0.97191
FLUX  474   583.00        5.142238E+14   2.0474E-05   2.0849E-05   0.98202
FLUX  475   585.00        5.124658E+14   2.0262E-05   2.0832E-05   0.97264
FLUX  476   587.00        5.107198E+14   2.0327E-05   2.0814E-05   0.97659
FLUX  477   589.00        5.089856E+14   1.9746E-05   2.0796E-05   0.94949
FLUX  478   591.00        5.072631E+14   2.0280E-05   2.0778E-05   0.97602
FLUX  479   593.00        5.055523E+14   2.0238E-05   2.0760E-05   0.97485
FLUX  480   595.00        5.038529E+14   2.0275E-05   2.0741E-05   0.97754
FLUX  481   597.00        5.021650E+14   2.0333E-05   2.0722E-05   0.98120
FLUX  482   599.00        5.004883E+14   2.0153E-05   2.0703E-05   0.97343
FLUX  483   601.00        4.988228E+14   1.9844E-05   2.0684E-05   0.95942
FLUX  484   603.00        4.971683E+14   2.0021E-05   2.0664E-05   0.96888
FLUX  485   605.00        4.955248E+14   2.0197E-05   2.0644E-05   0.97832
FLUX  486   607.00        4.938921E+14   2.0380E-05   2.0625E-05   0.98813
FLUX  487   609.00        4.922701E+14   2.0057E-05   2.0605E-05   0.97341
FLUX  488   611.00        4.906588E+14   1.9872E-05   2.0584E-05   0.96539
FLUX  489   613.00        4.890579E+14   1.9477E-05   2.0564E-05   0.94712
FLUX  490   615.00        4.874675E+14   1.9346E-05   2.0543E-05   0.94170
FLUX  491   617.00        4.858874E+14   1.9241E-05   2.0523E-05   0.93753
FLUX  492   619.00        4.843174E+14   2.0058E-05   2.0502E-05   0.97833
FLUX  493   621.00        4.827576E+14   2.0095E-05   2.0481E-05   0.98114
FLUX  494   623.00        4.812079E+14   1.9779E-05   2.0460E-05   0.96672
FLUX  495   625.00        4.796680E+14   1.9116E-05   2.0439E-05   0.93530
FLUX  496   627.00        4.781380E+14   2.0083E-05   2.0458E-05   0.98167
FLUX  497   629.00        4.766176E+14   2.0128E-05   2.0437E-05   0.98491
FLUX  498   631.00        4.751070E+14   1.9623E-05   2.0415E-05   0.96120
FLUX  499   633.00        4.736058E+14   1.9741E-05   2.0393E-05   0.96805
FLUX  500   635.00        4.721142E+14   1.9561E-05   2.0374E-05   0.96009
FLUX  501   637.00        4.706319E+14   1.9597E-05   2.0352E-05   0.96290
FLUX  502   639.00        4.691588E+14   1.9860E-05   2.0330E-05   0.97690
FLUX  503   641.00        4.676950E+14   1.9499E-05   2.0307E-05   0.96023
FLUX  504   643.00        4.662403E+14   1.9737E-05   2.0284E-05   0.97302
FLUX  505   645.00        4.647946E+14   1.9391E-05   2.0261E-05   0.95705
FLUX  506   647.00        4.633578E+14   1.9602E-05   2.0238E-05   0.96856
FLUX  507   649.00        4.619299E+14   1.9287E-05   2.0215E-05   0.95410
FLUX  508   651.00        4.605108E+14   1.9504E-05   2.0199E-05   0.96561
FLUX  509   653.00        4.591003E+14   1.9137E-05   2.0175E-05   0.94854
FLUX  510   655.00        4.576985E+14   1.7261E-05   2.0176E-05   0.85555
FLUX  511   657.00        4.563052E+14   1.4171E-05   2.0152E-05   0.70319
FLUX  512   659.00        4.549203E+14   1.8545E-05   2.0128E-05   0.92137
FLUX  513   661.00        4.535439E+14   1.9423E-05   2.0104E-05   0.96614
FLUX  514   663.00        4.521757E+14   1.9579E-05   2.0080E-05   0.97505
FLUX  515   665.00        4.508158E+14   1.9625E-05   2.0056E-05   0.97854
FLUX  516   667.00        4.494640E+14   1.9472E-05   2.0031E-05   0.97207
FLUX  517   669.00        4.481203E+14   1.9697E-05   2.0007E-05   0.98454
FLUX  518   671.00        4.467846E+14   1.9573E-05   1.9982E-05   0.97953
FLUX  519   673.00        4.454569E+14   1.9648E-05   1.9957E-05   0.98448
FLUX  520   675.00        4.441370E+14   1.9322E-05   1.9932E-05   0.96936
FLUX  521   677.00        4.428250E+14   1.9626E-05   1.9908E-05   0.98587
FLUX  522   679.00        4.415206E+14   1.9541E-05   1.9883E-05   0.98280
FLUX  523   681.00        4.402239E+14   1.9503E-05   1.9858E-05   0.98213
FLUX  524   683.00        4.389348E+14   1.9495E-05   1.9833E-05   0.98296
FLUX  525   685.00        4.376533E+14   1.9336E-05   1.9807E-05   0.97620
FLUX  526   687.00        4.363792E+14   1.9517E-05   1.9782E-05   0.98658
FLUX  527   689.00        4.351125E+14   1.9498E-05   1.9757E-05   0.98692
FLUX  528   691.00        4.338531E+14   1.9432E-05   1.9731E-05   0.98485
FLUX  529   693.00        4.326010E+14   1.9387E-05   1.9706E-05   0.98383
FLUX  530   695.00        4.313561E+14   1.9406E-05   1.9680E-05   0.98605
FLUX  531   697.00        4.301184E+14   1.9350E-05   1.9655E-05   0.98451
FLUX  532   699.00        4.288877E+14   1.9405E-05   1.9629E-05   0.98857
FLUX  533   701.00        4.276641E+14   1.8854E-05   1.9603E-05   0.96177
FLUX  534   703.00        4.264474E+14   1.9202E-05   1.9577E-05   0.98085
FLUX  535   705.00        4.252376E+14   1.9266E-05   1.9551E-05   0.98541
FLUX  536   707.00        4.240347E+14   1.9227E-05   1.9525E-05   0.98472
FLUX  537   709.00        4.228385E+14   1.9195E-05   1.9499E-05   0.98442
FLUX  538   711.00        4.216491E+14   1.8757E-05   1.9473E-05   0.96321
FLUX  539   713.00        4.204663E+14   1.8956E-05   1.9447E-05   0.97477
FLUX  540   715.00        4.192902E+14   1.8980E-05   1.9421E-05   0.97732
FLUX  541   717.00        4.181206E+14   1.8864E-05   1.9394E-05   0.97265
FLUX  542   719.00        4.169576E+14   1.8675E-05   1.9368E-05   0.96425
FLUX  543   721.00        4.158010E+14   1.8921E-05   1.9341E-05   0.97828
FLUX  544   723.00        4.146508E+14   1.8809E-05   1.9315E-05   0.97380
FLUX  545   725.00        4.135069E+14   1.8779E-05   1.9302E-05   0.97291
FLUX  546   727.00        4.123693E+14   1.8961E-05   1.9276E-05   0.98368
FLUX  547   729.00        4.112380E+14   1.8589E-05   1.9249E-05   0.96572
FLUX  548   731.00        4.101129E+14   1.8803E-05   1.9253E-05   0.97667
FLUX  549   733.00        4.089939E+14   1.8819E-05   1.9226E-05   0.97883
FLUX  550   735.00        4.078810E+14   1.8886E-05   1.9199E-05   0.98372
FLUX  551   737.00        4.067741E+14   1.8880E-05   1.9172E-05   0.98478
FLUX  552   739.00        4.056732E+14   1.8562E-05   1.9145E-05   0.96954
FLUX  553   741.00        4.045783E+14   1.8407E-05   1.9118E-05   0.96281
FLUX  554   743.00        4.034892E+14   1.8373E-05   1.9091E-05   0.96240
FLUX  555   745.00        4.024060E+14   1.8467E-05   1.9064E-05   0.96868
FLUX  556   747.00        4.013286E+14   1.8476E-05   1.9037E-05   0.97056
FLUX  557   749.00        4.002570E+14   1.8507E-05   1.9010E-05   0.97354
FLUX  558   751.00        3.991911E+14   1.8609E-05   1.8982E-05   0.98035
FLUX  559   753.00        3.981308E+14   1.8610E-05   1.8955E-05   0.98178
FLUX  560   755.00        3.970762E+14   1.8716E-05   1.8928E-05   0.98880
FLUX  561   757.00        3.960271E+14   1.8559E-05   1.8901E-05   0.98192
FLUX  562   759.00        3.949835E+14   1.8609E-05   1.8873E-05   0.98597
FLUX  563   761.00        3.939455E+14   1.8508E-05   1.8846E-05   0.98209
FLUX  564   763.00        3.929128E+14   1.8601E-05   1.8818E-05   0.98846
FLUX  565   765.00        3.918856E+14   1.8481E-05   1.8791E-05   0.98351
FLUX  566   767.00        3.908638E+14   1.8170E-05   1.8763E-05   0.96839
FLUX  567   769.00        3.898472E+14   1.8306E-05   1.8736E-05   0.97704
FLUX  568   771.00        3.888359E+14   1.8344E-05   1.8708E-05   0.98049
FLUX  569   773.00        3.878299E+14   1.8368E-05   1.8681E-05   0.98325
FLUX  570   775.00        3.868290E+14   1.8234E-05   1.8653E-05   0.97750
FLUX  571   777.00        3.858333E+14   1.8006E-05   1.8626E-05   0.96670
FLUX  572   779.00        3.848427E+14   1.8456E-05   1.8598E-05   0.99235
FLUX  573   781.00        3.838572E+14   1.8315E-05   1.8571E-05   0.98626
FLUX  574   783.00        3.828768E+14   1.8140E-05   1.8543E-05   0.97824
FLUX  575   785.00        3.819013E+14   1.8047E-05   1.8515E-05   0.97468
FLUX  576   787.00        3.809307E+14   1.8186E-05   1.8488E-05   0.98369
FLUX  577   789.00        3.799651E+14   1.8093E-05   1.8460E-05   0.98014
FLUX  578   791.00        3.790044E+14   1.7949E-05   1.8432E-05   0.97379
FLUX  579   793.00        3.780485E+14   1.7747E-05   1.8405E-05   0.96424
FLUX  580   795.00        3.770975E+14   1.7838E-05   1.8377E-05   0.97066
FLUX  581   797.00        3.761512E+14   1.8169E-05   1.8349E-05   0.99014
FLUX  582   799.00        3.752096E+14   1.7999E-05   1.8322E-05   0.98236
FLUX  583   801.00        3.742728E+14   1.8020E-05   1.8294E-05   0.98501
FLUX  584   803.00        3.733406E+14   1.7884E-05   1.8266E-05   0.97908
FLUX  585   805.00        3.724130E+14   1.7916E-05   1.8238E-05   0.98235
FLUX  586   807.00        3.714901E+14   1.7937E-05   1.8210E-05   0.98496
FLUX  587   809.00        3.705717E+14   1.7820E-05   1.8183E-05   0.98007
FLUX  588   811.00        3.696578E+14   1.7987E-05   1.8155E-05   0.99073
FLUX  589   813.00        3.687485E+14   1.8039E-05   1.8127E-05   0.99516
FLUX  590   815.00        3.678436E+14   1.7967E-05   1.8099E-05   0.99267
FLUX  591   817.00        3.669431E+14   1.7945E-05   1.8071E-05   0.99303
FLUX  592   819.00        3.660470E+14   1.7441E-05   1.8043E-05   0.96659
FLUX  593   821.00        3.651553E+14   1.7427E-05   1.9521E-05   0.89274
FLUX  594   823.00        3.642679E+14   1.7482E-05   1.9491E-05   0.89695
FLUX  595   825.00        3.633848E+14   1.7524E-05   1.9460E-05   0.90052
FLUX  596   827.00        3.625060E+14   1.7842E-05   1.9430E-05   0.91826
FLUX  597   829.00        3.616315E+14   1.7764E-05   1.9400E-05   0.91569
FLUX  598   831.00        3.607611E+14   1.7546E-05   1.9370E-05   0.90588
FLUX  599   833.00        3.598950E+14   1.7413E-05   1.9339E-05   0.90039
FLUX  600   835.00        3.590329E+14   1.7579E-05   1.9309E-05   0.91039
FLUX  601   837.00        3.581750E+14   1.7698E-05   1.9279E-05   0.91801
FLUX  602   839.00        3.573212E+14   1.7539E-05   1.9249E-05   0.91120
FLUX  603   841.00        3.564715E+14   1.7631E-05   1.9218E-05   0.91741
FLUX  604   843.00        3.556257E+14   1.7424E-05   1.9188E-05   0.90805
FLUX  605   845.00        3.547840E+14   1.7149E-05   1.9158E-05   0.89512
FLUX  606   847.00        3.539463E+14   1.7268E-05   1.9128E-05   0.90276
FLUX  607   849.00        3.531125E+14   1.7220E-05   1.9098E-05   0.90167
FLUX  608   851.00        3.522826E+14   1.6338E-05   1.9068E-05   0.85686
FLUX  609   853.00        3.514566E+14   1.7147E-05   1.9038E-05   0.90066
FLUX  610   855.00        3.506345E+14   1.4545E-05   1.9008E-05   0.76523
FLUX  611   857.00        3.498162E+14   1.7577E-05   1.8978E-05   0.92619
FLUX  612   859.00        3.490017E+14   1.6826E-05   1.8948E-05   0.88801
FLUX  613   861.00        3.481911E+14   1.6630E-05   1.8918E-05   0.87906
FLUX  614   863.00        3.473841E+14   1.7578E-05   1.8888E-05   0.93064
FLUX  615   865.00        3.465809E+14   1.7145E-05   1.8858E-05   0.90915
FLUX  616   867.00        3.457814E+14   1.4113E-05   1.8828E-05   0.74959
FLUX  617   869.00        3.449856E+14   1.6879E-05   1.8798E-05   0.89794
FLUX  618   871.00        3.441935E+14   1.7654E-05   1.8768E-05   0.94066
FLUX  619   873.00        3.434049E+14   1.7298E-05   1.8738E-05   0.92315
FLUX  620   875.00        3.426200E+14   1.4992E-05   1.8709E-05   0.80136
FLUX  621   877.00        3.418387E+14   1.7060E-05   1.8679E-05   0.91335
FLUX  622   879.00        3.410609E+14   1.7749E-05   1.8649E-05   0.95174
FLUX  623   881.00        3.402866E+14   1.7726E-05   1.8620E-05   0.95203
FLUX  624   883.00        3.395159E+14   1.7369E-05   1.8590E-05   0.93433
FLUX  625   885.00        3.387486E+14   1.6382E-05   1.8560E-05   0.88264
FLUX  626   887.00        3.379848E+14   1.4623E-05   1.8531E-05   0.78912
FLUX  627   889.00        3.372244E+14   1.7189E-05   1.8501E-05   0.92905
FLUX  628   891.00        3.364675E+14   1.7729E-05   1.8472E-05   0.95981
FLUX  629   893.00        3.357139E+14   1.7615E-05   1.8442E-05   0.95513
FLUX  630   895.00        3.349637E+14   1.7883E-05   1.8413E-05   0.97122
FLUX  631   897.00        3.342168E+14   1.7640E-05   1.8383E-05   0.95954
FLUX  632   899.00        3.334733E+14   1.7259E-05   1.8354E-05   0.94033
FLUX  633   901.00        3.327331E+14   1.4604E-05   1.8325E-05   0.79698
FLUX  634   903.00        3.319961E+14   1.5908E-05   1.8295E-05   0.86950
FLUX  635   905.00        3.312624E+14   1.7466E-05   1.8266E-05   0.95621
FLUX  636   907.00        3.305320E+14   1.7244E-05   1.8237E-05   0.94556
FLUX  637   909.00        3.298047E+14   1.6934E-05   1.8208E-05   0.93006
FLUX  638   911.00        3.290807E+14   1.7414E-05   1.8178E-05   0.95798
FLUX  639   913.00        3.283598E+14   1.7748E-05   1.8149E-05   0.97790
FLUX  640   915.00        3.276421E+14   1.7817E-05   1.8120E-05   0.98328
FLUX  641   917.00        3.269275E+14   1.7633E-05   1.8091E-05   0.97467
FLUX  642   919.00        3.262160E+14   1.7408E-05   1.8062E-05   0.96378
FLUX  643   921.00        3.255076E+14   1.6426E-05   1.8033E-05   0.91087
FLUX  644   923.00        3.248023E+14   1.3743E-05   1.8004E-05   0.76331
FLUX  645   925.00        3.241000E+14   1.5986E-05   1.7975E-05   0.88937
FLUX  646   927.00        3.234008E+14   1.6809E-05   1.7946E-05   0.93667
FLUX  647   929.00        3.227045E+14   1.7508E-05   1.7917E-05   0.97717
FLUX  648   931.00        3.220113E+14   1.7627E-05   1.7889E-05   0.98540
FLUX  649   933.00        3.213210E+14   1.7556E-05   1.7860E-05   0.98298
FLUX  650   935.00        3.206337E+14   1.7613E-05   1.7831E-05   0.98775
FLUX  651   937.00        3.199493E+14   1.7642E-05   1.7803E-05   0.99097
FLUX  652   939.00        3.192678E+14   1.7458E-05   1.7774E-05   0.98221
FLUX  653   941.00        3.185893E+14   1.6562E-05   1.7745E-05   0.93334
FLUX  654   943.00        3.179136E+14   1.7217E-05   1.7717E-05   0.97179
FLUX  655   945.00        3.172407E+14   1.7139E-05   1.7688E-05   0.96895
FLUX  656   947.00        3.165707E+14   1.7374E-05   1.7660E-05   0.98380
FLUX  657   949.00        3.159036E+14   1.7334E-05   1.7632E-05   0.98310
FLUX  658   951.00        3.152392E+14   1.6949E-05   1.7603E-05   0.96282
FLUX  659   953.00        3.145776E+14   1.6038E-05   1.7575E-05   0.91254
FLUX  660   955.00        3.139188E+14   1.3547E-05   1.7547E-05   0.77203
FLUX  661   957.00        3.132628E+14   1.6143E-05   1.7518E-05   0.92146
FLUX  662   959.00        3.126095E+14   1.6915E-05   1.7490E-05   0.96712
FLUX  663   961.00        3.119589E+14   1.6858E-05   1.7462E-05   0.96544
FLUX  664   963.00        3.113110E+14   1.6666E-05   1.7434E-05   0.95596
FLUX  665   965.00        3.106658E+14   1.6953E-05   1.7406E-05   0.97397
FLUX  666   967.00        3.100233E+14   1.6719E-05   1.7378E-05   0.96210
FLUX  667   969.00        3.093834E+14   1.6691E-05   1.7350E-05   0.96202
FLUX  668   971.00        3.087461E+14   1.7139E-05   1.7322E-05   0.98949
FLUX  669   973.00        3.081115E+14   1.7096E-05   1.7294E-05   0.98858
FLUX  670   975.00        3.074795E+14   1.6787E-05   1.7266E-05   0.97226
FLUX  671   977.00        3.068501E+14   1.7046E-05   1.7238E-05   0.98890
FLUX  672   979.00        3.062232E+14   1.6977E-05   1.7210E-05   0.98649
FLUX  673   981.00        3.055989E+14   1.7025E-05   1.7182E-05   0.99089
FLUX  674   983.00        3.049771E+14   1.6911E-05   1.7154E-05   0.98584
FLUX  675   985.00        3.043579E+14   1.6787E-05   1.7127E-05   0.98016
FLUX  676   987.00        3.037411E+14   1.6728E-05   1.7099E-05   0.97834
FLUX  677   989.00        3.031269E+14   1.6598E-05   1.7071E-05   0.97230
FLUX  678   991.00        3.025151E+14   1.6511E-05   1.7044E-05   0.96877
FLUX  679   993.00        3.019058E+14   1.6771E-05   1.7016E-05   0.98558
FLUX  680   995.00        3.012990E+14   1.6684E-05   1.6989E-05   0.98208
FLUX  681   997.00        3.006946E+14   1.6670E-05   1.6961E-05   0.98282
FLUX  682   999.00        3.000926E+14   1.6576E-05   1.6934E-05   0.97888
FLUX  683  1002.50        2.990449E+14   1.5544E-05   1.6886E-05   0.92057
FLUX  684  1007.50        2.975608E+14   1.4964E-05   1.6818E-05   0.88978
FLUX  685  1012.50        2.960914E+14   1.6247E-05   1.6750E-05   0.97000
FLUX  686  1017.50        2.946364E+14   1.6292E-05   1.6682E-05   0.97661
FLUX  687  1022.50        2.931956E+14   1.6412E-05   1.6615E-05   0.98776
FLUX  688  1027.50        2.917689E+14   1.6448E-05   1.6548E-05   0.99392
FLUX  689  1032.50        2.903559E+14   1.6245E-05   1.6482E-05   0.98561
FLUX  690  1037.50        2.889566E+14   1.6211E-05   1.6416E-05   0.98750
FLUX  691  1042.50        2.875707E+14   1.6155E-05   1.6350E-05   0.98808
FLUX  692  1047.50        2.861981E+14   1.5765E-05   1.6284E-05   0.96814
FLUX  693  1052.50        2.848385E+14   1.5866E-05   1.6219E-05   0.97823
FLUX  694  1057.50        2.834917E+14   1.5861E-05   1.6153E-05   0.98188
FLUX  695  1062.50        2.821576E+14   1.5837E-05   1.6088E-05   0.98435
FLUX  696  1067.50        2.808361E+14   1.5334E-05   1.6024E-05   0.95698
FLUX  697  1072.50        2.795268E+14   1.5518E-05   1.5959E-05   0.97237
FLUX  698  1077.50        2.782297E+14   1.5473E-05   1.5895E-05   0.97347
FLUX  699  1082.50        2.769446E+14   1.5286E-05   1.5831E-05   0.96558
FLUX  700  1087.50        2.756713E+14   1.5158E-05   1.5768E-05   0.96136
FLUX  701  1092.50        2.744096E+14   1.3476E-05   1.5705E-05   0.85808
FLUX  702  1097.50        2.731595E+14   1.4463E-05   1.5642E-05   0.92466
FLUX  703  1102.50        2.719206E+14   1.5253E-05   1.5579E-05   0.97907
FLUX  704  1107.50        2.706930E+14   1.5340E-05   1.5517E-05   0.98861
FLUX  705  1112.50        2.694764E+14   1.5205E-05   1.5454E-05   0.98386
FLUX  706  1117.50        2.682707E+14   1.5156E-05   1.5393E-05   0.98461
FLUX  707  1122.50        2.670757E+14   1.5172E-05   1.5331E-05   0.98963
FLUX  708  1127.50        2.658914E+14   1.4709E-05   1.5270E-05   0.96328
FLUX  709  1132.50        2.647174E+14   1.4701E-05   1.5209E-05   0.96659
FLUX  710  1137.50        2.635538E+14   1.4827E-05   1.5148E-05   0.97877
FLUX  711  1142.50        2.624004E+14   1.4581E-05   1.5088E-05   0.96639
FLUX  712  1147.50        2.612571E+14   1.4899E-05   1.5027E-05   0.99145
FLUX  713  1152.50        2.601236E+14   1.4845E-05   1.4967E-05   0.99181
FLUX  714  1157.50        2.590000E+14   1.4706E-05   1.4908E-05   0.98648
FLUX  715  1162.50        2.578860E+14   1.4394E-05   1.4848E-05   0.96941
FLUX  716  1167.50        2.567816E+14   1.4252E-05   1.4789E-05   0.96373
FLUX  717  1172.50        2.556866E+14   1.4609E-05   1.4730E-05   0.99183
FLUX  718  1177.50        2.546008E+14   1.4144E-05   1.4671E-05   0.96407
FLUX  719  1182.50        2.535243E+14   1.4243E-05   1.4613E-05   0.97472
FLUX  720  1187.50        2.524568E+14   1.4054E-05   1.4554E-05   0.96562
FLUX  721  1192.50        2.513983E+14   1.4450E-05   1.4496E-05   0.99682
FLUX  722  1197.50        2.503486E+14   1.4044E-05   1.4439E-05   0.97265
FLUX  723  1202.50        2.493077E+14   1.4170E-05   1.4381E-05   0.98533
FLUX  724  1207.50        2.482754E+14   1.4033E-05   1.4324E-05   0.97969
FLUX  725  1212.50        2.472515E+14   1.4013E-05   1.4267E-05   0.98221
FLUX  726  1217.50        2.462361E+14   1.4084E-05   1.4210E-05   0.99114
FLUX  727  1222.50        2.452290E+14   1.3982E-05   1.4153E-05   0.98789
FLUX  728  1227.50        2.442301E+14   1.3910E-05   1.4097E-05   0.98673
FLUX  729  1232.50        2.432394E+14   1.3854E-05   1.4041E-05   0.98669
FLUX  730  1237.50        2.422566E+14   1.3839E-05   1.3985E-05   0.98954
FLUX  731  1242.50        2.412817E+14   1.3819E-05   1.3930E-05   0.99203
FLUX  732  1247.50        2.403146E+14   1.3742E-05   1.3875E-05   0.99042
FLUX  733  1252.50        2.393553E+14   1.3611E-05   1.3819E-05   0.98492
FLUX  734  1257.50        2.384036E+14   1.3482E-05   1.3765E-05   0.97943
FLUX  735  1262.50        2.374594E+14   1.3510E-05   1.3710E-05   0.98541
FLUX  736  1267.50        2.365227E+14   1.3465E-05   1.3656E-05   0.98604
FLUX  737  1272.50        2.355933E+14   1.3416E-05   1.3602E-05   0.98632
FLUX  738  1277.50        2.346712E+14   1.3002E-05   1.3548E-05   0.95968
FLUX  739  1282.50        2.337563E+14   1.1300E-05   1.3494E-05   0.83736
FLUX  740  1287.50        2.328485E+14   1.2942E-05   1.3441E-05   0.96284
FLUX  741  1292.50        2.319478E+14   1.3132E-05   1.3388E-05   0.98089
FLUX  742  1297.50        2.310539E+14   1.3192E-05   1.3335E-05   0.98930
FLUX  743  1302.50        2.301670E+14   1.3121E-05   1.3282E-05   0.98786
FLUX  744  1307.50        2.292868E+14   1.3159E-05   1.3230E-05   0.99465
FLUX  745  1312.50        2.284133E+14   1.3021E-05   1.3178E-05   0.98811
FLUX  746  1317.50        2.275465E+14   1.2911E-05   1.3125E-05   0.98364
FLUX  747  1322.50        2.266862E+14   1.2993E-05   1.3074E-05   0.99380
FLUX  748  1327.50        2.258324E+14   1.2875E-05   1.3022E-05   0.98872
FLUX  749  1332.50        2.249850E+14   1.2877E-05   1.2970E-05   0.99281
FLUX  750  1337.50        2.241439E+14   1.2809E-05   1.2919E-05   0.99145
FLUX  751  1342.50        2.233091E+14   1.2778E-05   1.2868E-05   0.99300
FLUX  752  1347.50        2.224805E+14   1.2729E-05   1.2817E-05   0.99314
FLUX  753  1352.50        2.216580E+14   1.2635E-05   1.2767E-05   0.98969
FLUX  754  1357.50        2.208416E+14   1.2507E-05   1.2716E-05   0.98358
FLUX  755  1362.50        2.200312E+14   1.2548E-05   1.2666E-05   0.99071
FLUX  756  1367.50        2.192267E+14   1.2453E-05   1.2616E-05   0.98712
FLUX  757  1372.50        2.184281E+14   1.2276E-05   1.2566E-05   0.97696
FLUX  758  1377.50        2.176352E+14   1.2330E-05   1.2516E-05   0.98510
FLUX  759  1382.50        2.168481E+14   1.2317E-05   1.2466E-05   0.98798
FLUX  760  1387.50        2.160667E+14   1.2362E-05   1.2417E-05   0.99556
FLUX  761  1392.50        2.152908E+14   1.2188E-05   1.2368E-05   0.98544
FLUX  762  1397.50        2.145206E+14   1.2178E-05   1.2319E-05   0.98858
FLUX  763  1402.50        2.137558E+14   1.2120E-05   1.2270E-05   0.98779
FLUX  764  1407.50        2.129964E+14   1.2134E-05   1.2221E-05   0.99292
FLUX  765  1412.50        2.122425E+14   1.1996E-05   1.2172E-05   0.98549
FLUX  766  1417.50        2.114938E+14   1.2025E-05   1.2124E-05   0.99187
FLUX  767  1422.50        2.107504E+14   1.1888E-05   1.2075E-05   0.98452
FLUX  768  1427.50        2.100123E+14   1.1779E-05   1.2027E-05   0.97936
FLUX  769  1432.50        2.092792E+14   1.1844E-05   1.1979E-05   0.98874
FLUX  770  1437.50        2.085513E+14   1.1875E-05   1.1931E-05   0.99530
FLUX  771  1442.50        2.078284E+14   1.1382E-05   1.1883E-05   0.95781
FLUX  772  1447.50        2.071105E+14   1.1706E-05   1.1836E-05   0.98908
FLUX  773  1452.50        2.063976E+14   1.1432E-05   1.1788E-05   0.96982
FLUX  774  1457.00        2.057601E+14   1.1602E-05   1.1745E-05   0.98778
FLUX  775  1462.00        2.050564E+14   1.1496E-05   1.2139E-05   0.94707
FLUX  776  1467.50        2.042879E+14   1.1516E-05   1.2086E-05   0.95280
FLUX  777  1472.50        2.035942E+14   1.1345E-05   1.2039E-05   0.94230
FLUX  778  1477.50        2.029052E+14   1.1275E-05   1.1992E-05   0.94018
FLUX  779  1482.50        2.022209E+14   1.1299E-05   1.1945E-05   0.94592
FLUX  780  1487.50        2.015412E+14   1.1146E-05   1.1898E-05   0.93679
FLUX  781  1492.50        2.008660E+14   1.1355E-05   1.1851E-05   0.95819
FLUX  782  1497.50        2.001953E+14   1.1205E-05   1.1804E-05   0.94928
FLUX  783  1502.50        1.995291E+14   1.1102E-05   1.1757E-05   0.94436
FLUX  784  1507.50        1.988673E+14   1.1000E-05   1.1710E-05   0.93941
FLUX  785  1512.50        1.982099E+14   1.1113E-05   1.1663E-05   0.95283
FLUX  786  1517.50        1.975568E+14   1.1106E-05   1.1616E-05   0.95612
FLUX  787  1522.50        1.969080E+14   1.0975E-05   1.1569E-05   0.94862
FLUX  788  1527.50        1.962635E+14   1.1004E-05   1.1522E-05   0.95503
FLUX  789  1532.50        1.956232E+14   1.0911E-05   1.1475E-05   0.95087
FLUX  790  1537.50        1.949870E+14   1.0892E-05   1.1428E-05   0.95305
FLUX  791  1542.50        1.943549E+14   1.0726E-05   1.1382E-05   0.94244
FLUX  792  1547.50        1.937270E+14   1.0755E-05   1.1335E-05   0.94882
FLUX  793  1552.50        1.931031E+14   1.0709E-05   1.1288E-05   0.94874
FLUX  794  1557.50        1.924831E+14   1.0564E-05   1.1241E-05   0.93976
FLUX  795  1562.50        1.918672E+14   1.0743E-05   1.1194E-05   0.95975
FLUX  796  1567.50        1.912552E+14   1.0472E-05   1.1147E-05   0.93948
FLUX  797  1572.50        1.906471E+14   1.0386E-05   1.1100E-05   0.93568
FLUX  798  1577.50        1.900428E+14   1.0385E-05   1.1053E-05   0.93961
FLUX  799  1582.50        1.894423E+14   1.0462E-05   1.1006E-05   0.95057
FLUX  800  1587.50        1.888457E+14   9.8165E-06   1.0958E-05   0.89581
FLUX  801  1592.50        1.882527E+14   1.0274E-05   1.0911E-05   0.94168
FLUX  802  1597.50        1.876635E+14   1.0426E-05   1.0863E-05   0.95972
FLUX  803  1605.00        1.867866E+14   1.0216E-05   1.0792E-05   0.94667
FLUX  804  1615.00        1.856300E+14   9.8393E-06   1.0696E-05   0.91993
FLUX  805  1625.00        1.844877E+14   1.0305E-05   1.0599E-05   0.97234
FLUX  806  1635.00        1.833593E+14   9.9107E-06   1.0499E-05   0.94394
FLUX  807  1645.00        1.822447E+14   9.4415E-06   1.0397E-05   0.90809
FLUX  808  1655.00        1.811435E+14   1.0043E-05   1.0293E-05   0.97566
FLUX  809  1665.00        1.800556E+14   1.0000E-05   1.0191E-05   0.98127
FLUX  810  1675.00        1.789806E+14   9.5273E-06   1.0090E-05   0.94423
FLUX  811  1685.00        1.779184E+14   9.0241E-06   9.9907E-06   0.90325
FLUX  812  1695.00        1.768687E+14   9.7368E-06   9.8927E-06   0.98423
FLUX  813  1705.00        1.758314E+14   9.5805E-06   9.7962E-06   0.97798
FLUX  814  1715.00        1.748061E+14   9.5733E-06   9.7010E-06   0.98684
FLUX  815  1725.00        1.737928E+14   9.2823E-06   9.6072E-06   0.96618
FLUX  816  1735.00        1.727911E+14   8.3537E-06   9.5148E-06   0.87798
FLUX  817  1745.00        1.718009E+14   8.9813E-06   9.4236E-06   0.95307
FLUX  818  1755.00        1.708219E+14   9.1237E-06   9.3337E-06   0.97750
FLUX  819  1765.00        1.698541E+14   9.0575E-06   9.2450E-06   0.97972
FLUX  820  1775.00        1.688972E+14   9.0011E-06   9.1576E-06   0.98291
FLUX  821  1785.00        1.679510E+14   8.9202E-06   9.0715E-06   0.98332
FLUX  822  1795.00        1.670153E+14   8.8941E-06   8.9865E-06   0.98972
FLUX  823  1805.00        1.660900E+14   8.6722E-06   8.9027E-06   0.97410
FLUX  824  1815.00        1.651749E+14   7.8765E-06   8.8201E-06   0.89301
FLUX  825  1825.00        1.642699E+14   8.3224E-06   8.7386E-06   0.95237
FLUX  826  1835.00        1.633747E+14   8.5152E-06   8.6582E-06   0.98348
FLUX  827  1845.00        1.624892E+14   8.4388E-06   8.5789E-06   0.98367
FLUX  828  1855.00        1.616132E+14   8.3354E-06   8.5006E-06   0.98056
FLUX  829  1865.00        1.607466E+14   8.1834E-06   8.4234E-06   0.97151
FLUX  830  1875.00        1.598893E+14   7.3558E-06   8.3472E-06   0.88123
FLUX  831  1885.00        1.590411E+14   8.0073E-06   8.2721E-06   0.96799
FLUX  832  1895.00        1.582018E+14   7.9169E-06   8.1979E-06   0.96572
FLUX  833  1905.00        1.573714E+14   8.0490E-06   8.1248E-06   0.99068
FLUX  834  1915.00        1.565496E+14   7.9573E-06   8.0525E-06   0.98817
FLUX  835  1925.00        1.557364E+14   7.8731E-06   7.9813E-06   0.98644
FLUX  836  1935.00        1.549315E+14   7.6847E-06   7.9110E-06   0.97140
FLUX  837  1945.00        1.541350E+14   6.9340E-06   7.8415E-06   0.88427
FLUX  838  1955.00        1.533465E+14   7.5875E-06   7.7730E-06   0.97613
FLUX  839  1965.00        1.525662E+14   7.6026E-06   7.7054E-06   0.98666
FLUX  840  1975.00        1.517937E+14   7.5279E-06   7.6387E-06   0.98550
FLUX  841  1985.00        1.510290E+14   7.5052E-06   7.5728E-06   0.99108
FLUX  842  1995.00        1.502719E+14   7.4447E-06   7.5078E-06   0.99161
FLUX  843  2005.00        1.495224E+14   7.3985E-06   7.4435E-06   0.99395
FLUX  844  2015.00        1.487804E+14   7.3585E-06   7.3801E-06   0.99707
FLUX  845  2025.00        1.480457E+14   7.2566E-06   7.3175E-06   0.99168
FLUX  846  2035.00        1.473182E+14   7.1629E-06   7.2557E-06   0.98722
FLUX  847  2045.00        1.465978E+14   7.1769E-06   7.1946E-06   0.99753
FLUX  848  2055.00        1.458844E+14   7.0972E-06   7.1343E-06   0.99480
FLUX  849  2065.00        1.451780E+14   7.0109E-06   7.0748E-06   0.99097
FLUX  850  2075.00        1.444783E+14   6.9618E-06   7.0160E-06   0.99228
FLUX  851  2085.00        1.437854E+14   6.9075E-06   6.9579E-06   0.99276
FLUX  852  2095.00        1.430990E+14   6.8395E-06   6.9005E-06   0.99117
FLUX  853  2105.00        1.424192E+14   6.8050E-06   6.8438E-06   0.99433
FLUX  854  2115.00        1.417459E+14   6.7169E-06   6.7878E-06   0.98955
FLUX  855  2125.00        1.410788E+14   6.6628E-06   6.7325E-06   0.98964
FLUX  856  2135.00        1.404180E+14   6.6164E-06   6.6779E-06   0.99079
FLUX  857  2145.00        1.397634E+14   6.5796E-06   6.6239E-06   0.99330
FLUX  858  2155.00        1.391148E+14   6.4649E-06   6.5706E-06   0.98391
FLUX  859  2165.00        1.384723E+14   5.8327E-06   6.5179E-06   0.89486
FLUX  860  2175.00        1.378356E+14   6.2863E-06   6.4659E-06   0.97222
FLUX  861  2185.00        1.372048E+14   6.3474E-06   6.4145E-06   0.98954
FLUX  862  2195.00        1.365797E+14   6.3481E-06   6.3637E-06   0.99755
FLUX  863  2205.00        1.359603E+14   6.2493E-06   6.3135E-06   0.98983
FLUX  864  2215.00        1.353465E+14   6.2181E-06   6.2639E-06   0.99270
FLUX  865  2225.00        1.347382E+14   6.1973E-06   6.2148E-06   0.99719
FLUX  866  2235.00        1.341353E+14   6.1472E-06   6.1664E-06   0.99689
FLUX  867  2245.00        1.335379E+14   6.1001E-06   6.1185E-06   0.99700
FLUX  868  2255.00        1.329457E+14   6.0065E-06   6.0711E-06   0.98936
FLUX  869  2265.00        1.323587E+14   5.9829E-06   6.0243E-06   0.99312
FLUX  870  2275.00        1.317769E+14   5.9563E-06   5.9781E-06   0.99635
FLUX  871  2285.00        1.312002E+14   5.8928E-06   6.0049E-06   0.98134
FLUX  872  2295.00        1.306285E+14   5.8429E-06   5.9587E-06   0.98057
FLUX  873  2305.00        1.300618E+14   5.8298E-06   5.9131E-06   0.98591
FLUX  874  2315.00        1.295000E+14   5.7725E-06   5.8680E-06   0.98373
FLUX  875  2325.00        1.289430E+14   5.7462E-06   5.8233E-06   0.98676
FLUX  876  2335.00        1.283908E+14   5.6928E-06   5.7793E-06   0.98505
FLUX  877  2345.00        1.278433E+14   5.6612E-06   5.7357E-06   0.98702
FLUX  878  2355.00        1.273004E+14   5.6183E-06   5.6926E-06   0.98696
FLUX  879  2365.00        1.267622E+14   5.5842E-06   5.6500E-06   0.98837
FLUX  880  2375.00        1.262284E+14   5.5046E-06   5.6078E-06   0.98159
FLUX  881  2385.00        1.256992E+14   5.4779E-06   5.5661E-06   0.98414
FLUX  882  2395.00        1.251743E+14   5.4518E-06   5.5249E-06   0.98677
FLUX  883  2405.00        1.246538E+14   5.4015E-06   5.4841E-06   0.98494
FLUX  884  2415.00        1.241377E+14   5.3500E-06   5.4438E-06   0.98277
FLUX  885  2425.00        1.236258E+14   5.3288E-06   5.4039E-06   0.98611
FLUX  886  2435.00        1.231181E+14   5.2732E-06   5.3645E-06   0.98298
FLUX  887  2445.00        1.226145E+14   5.2516E-06   5.3254E-06   0.98613
FLUX  888  2455.00        1.221151E+14   5.1835E-06   5.2868E-06   0.98047
FLUX  889  2465.00        1.216197E+14   5.1718E-06   5.2486E-06   0.98537
FLUX  890  2475.00        1.211283E+14   5.1219E-06   5.2109E-06   0.98293
FLUX  891  2485.00        1.206408E+14   5.0757E-06   5.1735E-06   0.98110
FLUX  892  2495.00        1.201573E+14   5.0282E-06   5.1365E-06   0.97892
FLUX  893  2505.00        1.196776E+14   5.0296E-06   5.1000E-06   0.98621
FLUX  894  2515.00        1.192018E+14   4.9927E-06   5.0638E-06   0.98597
FLUX  895  2525.00        1.187297E+14   4.9362E-06   5.0280E-06   0.98174
FLUX  896  2535.00        1.182613E+14   4.9241E-06   4.9926E-06   0.98629
FLUX  897  2545.00        1.177967E+14   4.8830E-06   4.9575E-06   0.98497
FLUX  898  2555.00        1.173356E+14   4.8351E-06   4.9228E-06   0.98218
FLUX  899  2565.00        1.168782E+14   4.7411E-06   4.8885E-06   0.96985
FLUX  900  2575.00        1.164243E+14   4.7856E-06   4.8546E-06   0.98578
FLUX  901  2585.00        1.159739E+14   4.7323E-06   4.8210E-06   0.98162
FLUX  902  2595.00        1.155270E+14   4.7336E-06   4.7877E-06   0.98871
FLUX  903  2605.00        1.150835E+14   4.6631E-06   4.7548E-06   0.98071
FLUX  904  2615.00        1.146434E+14   4.5197E-06   4.7222E-06   0.95713
FLUX  905  2625.00        1.142067E+14   4.2225E-06   4.6899E-06   0.90034
FLUX  906  2635.00        1.137732E+14   4.5311E-06   4.6580E-06   0.97275
FLUX  907  2645.00        1.133431E+14   4.5580E-06   4.6264E-06   0.98522
FLUX  908  2655.00        1.129162E+14   4.5396E-06   4.5951E-06   0.98792
FLUX  909  2665.00        1.124925E+14   4.4653E-06   4.5642E-06   0.97834
FLUX  910  2675.00        1.120720E+14   4.3086E-06   4.5335E-06   0.95039
FLUX  911  2685.00        1.116546E+14   4.4358E-06   4.5032E-06   0.98504
FLUX  912  2695.00        1.112403E+14   4.4467E-06   4.4732E-06   0.99409
FLUX  913  2705.00        1.108290E+14   4.4193E-06   4.4434E-06   0.99457
FLUX  914  2715.00        1.104208E+14   4.3961E-06   4.4140E-06   0.99594
FLUX  915  2725.00        1.100156E+14   4.3674E-06   4.3848E-06   0.99602
FLUX  916  2735.00        1.096133E+14   4.3325E-06   4.3560E-06   0.99461
FLUX  917  2745.00        1.092140E+14   4.2901E-06   4.3274E-06   0.99138
FLUX  918  2755.00        1.088176E+14   4.0628E-06   4.2991E-06   0.94503
FLUX  919  2765.00        1.084241E+14   4.1416E-06   4.2711E-06   0.96968
FLUX  920  2775.00        1.080333E+14   4.2096E-06   4.2433E-06   0.99204
FLUX  921  2785.00        1.076454E+14   4.1985E-06   4.2159E-06   0.99587
FLUX  922  2795.00        1.072603E+14   4.1834E-06   4.1887E-06   0.99874
FLUX  923  2805.00        1.068779E+14   4.1545E-06   4.1617E-06   0.99827
FLUX  924  2815.00        1.064982E+14   4.1289E-06   4.1350E-06   0.99852
FLUX  925  2825.00        1.061212E+14   4.1007E-06   4.1086E-06   0.99807
FLUX  926  2835.00        1.057469E+14   4.0791E-06   4.0824E-06   0.99920
FLUX  927  2845.00        1.053752E+14   4.0359E-06   4.0565E-06   0.99494
FLUX  928  2855.00        1.050061E+14   4.0078E-06   4.0308E-06   0.99430
FLUX  929  2865.00        1.046396E+14   3.9154E-06   4.0053E-06   0.97755
FLUX  930  2875.00        1.042757E+14   3.7086E-06   3.9801E-06   0.93179
FLUX  931  2885.00        1.039142E+14   3.9039E-06   3.9552E-06   0.98703
FLUX  932  2895.00        1.035553E+14   3.9097E-06   3.9304E-06   0.99472
FLUX  933  2905.00        1.031988E+14   3.8998E-06   3.9059E-06   0.99845
FLUX  934  2915.00        1.028448E+14   3.8654E-06   3.8816E-06   0.99581
FLUX  935  2925.00        1.024932E+14   3.8398E-06   3.8576E-06   0.99539
FLUX  936  2935.00        1.021440E+14   3.8278E-06   3.8337E-06   0.99845
FLUX  937  2945.00        1.017971E+14   3.8009E-06   3.8101E-06   0.99757
FLUX  938  2955.00        1.014526E+14   3.7815E-06   3.7867E-06   0.99863
FLUX  939  2965.00        1.011105E+14   3.7597E-06   3.7636E-06   0.99897
FLUX  940  2975.00        1.007706E+14   3.7348E-06   3.7406E-06   0.99845
FLUX  941  2985.00        1.004330E+14   3.7141E-06   3.7178E-06   0.99900
FLUX  942  2995.00        1.000977E+14   3.6831E-06   3.6953E-06   0.99671
FLUX  943  3005.00        9.976456E+13   3.6591E-06   3.6729E-06   0.99625
FLUX  944  3015.00        9.943367E+13   3.6343E-06   3.6508E-06   0.99548
FLUX  945  3025.00        9.910496E+13   3.5962E-06   3.6288E-06   0.99101
FLUX  946  3035.00        9.877842E+13   3.3915E-06   3.6071E-06   0.94022
FLUX  947  3045.00        9.845402E+13   3.4507E-06   3.5855E-06   0.96241
FLUX  948  3055.00        9.813175E+13   3.5360E-06   3.5641E-06   0.99210
FLUX  949  3065.00        9.781158E+13   3.5265E-06   3.5429E-06   0.99536
FLUX  950  3075.00        9.749350E+13   3.5146E-06   3.5219E-06   0.99791
FLUX  951  3085.00        9.717747E+13   3.4797E-06   3.5011E-06   0.99387
FLUX  952  3095.00        9.686349E+13   3.4673E-06   3.4805E-06   0.99620
FLUX  953  3105.00        9.655153E+13   3.4487E-06   3.4600E-06   0.99672
FLUX  954  3115.00        9.624157E+13   3.4078E-06   3.4398E-06   0.99072
FLUX  955  3125.00        9.593360E+13   3.4056E-06   3.4197E-06   0.99589
FLUX  956  3135.00        9.562759E+13   3.3843E-06   3.3997E-06   0.99545
FLUX  957  3145.00        9.532353E+13   3.3679E-06   3.3800E-06   0.99641
FLUX  958  3155.00        9.502139E+13   3.3490E-06   3.3604E-06   0.99660
FLUX  959  3165.00        9.472117E+13   3.3342E-06   3.3410E-06   0.99797
FLUX  960  3175.00        9.442283E+13   3.3099E-06   3.3218E-06   0.99642
FLUX  961  3185.00        9.412637E+13   3.2975E-06   3.3027E-06   0.99842
FLUX  962  3195.00        9.383177E+13   3.2796E-06   3.2838E-06   0.99873
FLUX  963  3210.00        9.339330E+13   3.2480E-06   3.2557E-06   0.99764
FLUX  964  3230.00        9.281502E+13   3.2151E-06   3.2189E-06   0.99883
FLUX  965  3250.00        9.224385E+13   3.1759E-06   3.1826E-06   0.99790
FLUX  966  3270.00        9.167966E+13   3.1334E-06   3.1470E-06   0.99569
FLUX  967  3290.00        9.112234E+13   2.9583E-06   3.1240E-06   0.94694
FLUX  968  3310.00        9.057175E+13   3.0208E-06   3.0893E-06   0.97782
FLUX  969  3330.00        9.002778E+13   3.0193E-06   3.0552E-06   0.98826
FLUX  970  3350.00        8.949030E+13   2.9948E-06   3.0217E-06   0.99112
FLUX  971  3370.00        8.895920E+13   2.9527E-06   2.9886E-06   0.98799
FLUX  972  3390.00        8.843437E+13   2.9225E-06   2.9562E-06   0.98862
FLUX  973  3410.00        8.791569E+13   2.8900E-06   2.9242E-06   0.98830
FLUX  974  3430.00        8.740306E+13   2.8671E-06   2.8928E-06   0.99113
FLUX  975  3450.00        8.689638E+13   2.8465E-06   2.8619E-06   0.99461
FLUX  976  3470.00        8.639553E+13   2.8116E-06   2.8315E-06   0.99298
FLUX  977  3490.00        8.590043E+13   2.7852E-06   2.8015E-06   0.99420
FLUX  978  3510.00        8.541097E+13   2.7567E-06   2.7720E-06   0.99449
FLUX  979  3530.00        8.492705E+13   2.7256E-06   2.7430E-06   0.99365
FLUX  980  3550.00        8.444859E+13   2.6992E-06   2.7144E-06   0.99439
FLUX  981  3570.00        8.397549E+13   2.6682E-06   2.6863E-06   0.99325
FLUX  982  3590.00        8.350766E+13   2.6405E-06   2.6586E-06   0.99320
FLUX  983  3610.00        8.304501E+13   2.6153E-06   2.6313E-06   0.99391
FLUX  984  3630.00        8.258747E+13   2.5913E-06   2.6045E-06   0.99494
FLUX  985  3650.00        8.213493E+13   2.5552E-06   2.5781E-06   0.99112
FLUX  986  3670.00        8.168733E+13   2.5322E-06   2.5520E-06   0.99223
FLUX  987  3690.00        8.124458E+13   2.4901E-06   2.5264E-06   0.98563
FLUX  988  3710.00        8.080660E+13   2.4675E-06   2.5011E-06   0.98657
FLUX  989  3730.00        8.037332E+13   2.4016E-06   2.4762E-06   0.96985
FLUX  990  3750.00        7.994467E+13   2.3426E-06   2.4517E-06   0.95548
FLUX  991  3770.00        7.952056E+13   2.4010E-06   2.4276E-06   0.98905
FLUX  992  3790.00        7.910092E+13   2.3817E-06   2.4038E-06   0.99081
FLUX  993  3810.00        7.868570E+13   2.3536E-06   2.3803E-06   0.98877
FLUX  994  3830.00        7.827480E+13   2.3389E-06   2.3572E-06   0.99224
FLUX  995  3850.00        7.786818E+13   2.3236E-06   2.3345E-06   0.99536
FLUX  996  3870.00        7.746576E+13   2.2960E-06   2.3120E-06   0.99308
FLUX  997  3890.00        7.706748E+13   2.2683E-06   2.2899E-06   0.99057
FLUX  998  3910.00        7.667327E+13   2.2401E-06   2.2681E-06   0.98767
FLUX  999  3930.00        7.628308E+13   2.2360E-06   2.2466E-06   0.99530
FLUX 1000  3950.00        7.589684E+13   2.2122E-06   2.2254E-06   0.99406
FLUX 1001  3970.00        7.551448E+13   2.1961E-06   2.2045E-06   0.99618
FLUX 1002  3990.00        7.513596E+13   2.1612E-06   2.1839E-06   0.98959
FLUX 1003  4010.00        7.476122E+13   2.1323E-06   2.1636E-06   0.98556
FLUX 1004  4030.00        7.439020E+13   2.1125E-06   2.1435E-06   0.98551
FLUX 1005  4050.00        7.402284E+13   2.0339E-06   2.1238E-06   0.95769
FLUX 1006  4070.00        7.365909E+13   2.0866E-06   2.1043E-06   0.99160
FLUX 1007  4090.00        7.329890E+13   2.0729E-06   2.0851E-06   0.99418
FLUX 1008  4110.00        7.294221E+13   2.0619E-06   2.0661E-06   0.99798
FLUX 1009  4130.00        7.258898E+13   2.0442E-06   2.0474E-06   0.99842
FLUX 1010  4150.00        7.223916E+13   2.0157E-06   2.0290E-06   0.99347
FLUX 1011  4170.00        7.189269E+13   1.9643E-06   2.0108E-06   0.97688
FLUX 1012  4190.00        7.154952E+13   1.9796E-06   1.9928E-06   0.99335
FLUX 1013  4210.00        7.120962E+13   1.9624E-06   1.9751E-06   0.99356
FLUX 1014  4230.00        7.087293E+13   1.9567E-06   1.9576E-06   0.99955
FLUX 1015  4250.00        7.053941E+13   1.9366E-06   1.9404E-06   0.99807
FLUX 1016  4270.00        7.020902E+13   1.9220E-06   1.9233E-06   0.99928
FLUX 1017  4290.00        6.988170E+13   1.9051E-06   1.9065E-06   0.99927
FLUX 1018  4310.00        6.955742E+13   1.8875E-06   1.8899E-06   0.99871
FLUX 1019  4330.00        6.923614E+13   1.8682E-06   1.8736E-06   0.99713
FLUX 1020  4350.00        6.891782E+13   1.8500E-06   1.8574E-06   0.99601
FLUX 1021  4370.00        6.860240E+13   1.7907E-06   1.8415E-06   0.97241
FLUX 1022  4390.00        6.828986E+13   1.8061E-06   1.8257E-06   0.98925
FLUX 1023  4410.00        6.798016E+13   1.7996E-06   1.8102E-06   0.99417
FLUX 1024  4430.00        6.767325E+13   1.7889E-06   1.7948E-06   0.99670
FLUX 1025  4450.00        6.736910E+13   1.7740E-06   1.7797E-06   0.99682
FLUX 1026  4470.00        6.706767E+13   1.7613E-06   1.7672E-06   0.99666
FLUX 1027  4490.00        6.676893E+13   1.7470E-06   1.7524E-06   0.99688
FLUX 1028  4510.00        6.647284E+13   1.7331E-06   1.7378E-06   0.99728
FLUX 1029  4530.00        6.617936E+13   1.7179E-06   1.7234E-06   0.99683
FLUX 1030  4550.00        6.588846E+13   1.7040E-06   1.7091E-06   0.99701
FLUX 1031  4570.00        6.560011E+13   1.6880E-06   1.6950E-06   0.99587
FLUX 1032  4590.00        6.531427E+13   1.6739E-06   1.6811E-06   0.99574
FLUX 1033  4610.00        6.503091E+13   1.6610E-06   1.6673E-06   0.99618
FLUX 1034  4630.00        6.475000E+13   1.6440E-06   1.6538E-06   0.99411
FLUX 1035  4650.00        6.447151E+13   1.5659E-06   1.6403E-06   0.95464
FLUX 1036  4670.00        6.419540E+13   1.5661E-06   1.6271E-06   0.96255
FLUX 1037  4690.00        6.392164E+13   1.6004E-06   1.6140E-06   0.99157
FLUX 1038  4710.00        6.365021E+13   1.5944E-06   1.6010E-06   0.99588
FLUX 1039  4730.00        6.338108E+13   1.5852E-06   1.5883E-06   0.99804
FLUX 1040  4750.00        6.311421E+13   1.5711E-06   1.5756E-06   0.99710
FLUX 1041  4770.00        6.284958E+13   1.5589E-06   1.5632E-06   0.99730
FLUX 1042  4790.00        6.258716E+13   1.5482E-06   1.5508E-06   0.99828
FLUX 1043  4810.00        6.232692E+13   1.5353E-06   1.5386E-06   0.99785
FLUX 1044  4830.00        6.206884E+13   1.5240E-06   1.5266E-06   0.99830
FLUX 1045  4850.00        6.181289E+13   1.5116E-06   1.5147E-06   0.99795
FLUX 1046  4870.00        6.155903E+13   1.4999E-06   1.5029E-06   0.99800
FLUX 1047  4890.00        6.130726E+13   1.4888E-06   1.4913E-06   0.99835
FLUX 1048  4910.00        6.105754E+13   1.4759E-06   1.4798E-06   0.99737
FLUX 1049  4930.00        6.080984E+13   1.4657E-06   1.4684E-06   0.99815
FLUX 1050  4950.00        6.056414E+13   1.4532E-06   1.4572E-06   0.99729
FLUX 1051  4970.00        6.032042E+13   1.4431E-06   1.4461E-06   0.99798
FLUX 1052  4990.00        6.007866E+13   1.4327E-06   1.4351E-06   0.99835
FLUX 1053  5010.00        5.983882E+13   1.4214E-06   1.4242E-06   0.99800
FLUX 1054  5030.00        5.960089E+13   1.4108E-06   1.4135E-06   0.99811
FLUX 1055  5050.00        5.936485E+13   1.4004E-06   1.4029E-06   0.99821
FLUX 1056  5070.00        5.913067E+13   1.3901E-06   1.3924E-06   0.99833
FLUX 1057  5090.00        5.889833E+13   1.3772E-06   1.3820E-06   0.99648
FLUX 1058  5110.00        5.866781E+13   1.3612E-06   1.3718E-06   0.99231
FLUX 1059  5130.00        5.843908E+13   1.3114E-06   1.3616E-06   0.96312
FLUX 1060  5150.00        5.821214E+13   1.3445E-06   1.3516E-06   0.99473
FLUX 1061  5170.00        5.798694E+13   1.3372E-06   1.3416E-06   0.99667
FLUX 1062  5190.00        5.776349E+13   1.3301E-06   1.3318E-06   0.99867
FLUX 1063  5210.00        5.754175E+13   1.3192E-06   1.3221E-06   0.99781
FLUX 1064  5230.00        5.732170E+13   1.3099E-06   1.3125E-06   0.99802
FLUX 1065  5250.00        5.710333E+13   1.3009E-06   1.3030E-06   0.99834
FLUX 1066  5270.00        5.688662E+13   1.2907E-06   1.2936E-06   0.99772
FLUX 1067  5290.00        5.667155E+13   1.2829E-06   1.2843E-06   0.99890
FLUX 1068  5310.00        5.645810E+13   1.2737E-06   1.2751E-06   0.99885
FLUX 1069  5330.00        5.624625E+13   1.2647E-06   1.2660E-06   0.99896
FLUX 1070  5350.00        5.603598E+13   1.2555E-06   1.2570E-06   0.99876
FLUX 1071  5370.00        5.582728E+13   1.2420E-06   1.2481E-06   0.99508
FLUX 1072  5390.00        5.562013E+13   1.2354E-06   1.2393E-06   0.99681
FLUX 1073  5410.00        5.541451E+13   1.2295E-06   1.2306E-06   0.99912
FLUX 1074  5430.00        5.521041E+13   1.2191E-06   1.2220E-06   0.99765
FLUX 1075  5450.00        5.500780E+13   1.2119E-06   1.2134E-06   0.99876
FLUX 1076  5470.00        5.480667E+13   1.2017E-06   1.2050E-06   0.99724
FLUX 1077  5490.00        5.460701E+13   1.1949E-06   1.1966E-06   0.99855
FLUX 1078  5510.00        5.440880E+13   1.1857E-06   1.1884E-06   0.99776
FLUX 1079  5530.00        5.421203E+13   1.1740E-06   1.1802E-06   0.99478
FLUX 1080  5550.00        5.401667E+13   1.1705E-06   1.1721E-06   0.99864
FLUX 1081  5570.00        5.382271E+13   1.1627E-06   1.1640E-06   0.99880
FLUX 1082  5590.00        5.363014E+13   1.1512E-06   1.1561E-06   0.99578
FLUX 1083  5610.00        5.343895E+13   1.1470E-06   1.1483E-06   0.99888
FLUX 1084  5630.00        5.324911E+13   1.1388E-06   1.1405E-06   0.99851
FLUX 1085  5650.00        5.306062E+13   1.1322E-06   1.1328E-06   0.99945
FLUX 1086  5670.00        5.287346E+13   1.1242E-06   1.1251E-06   0.99919
FLUX 1087  5690.00        5.268761E+13   1.1152E-06   1.1176E-06   0.99789
FLUX 1088  5710.00        5.250306E+13   1.1022E-06   1.1101E-06   0.99285
FLUX 1089  5730.00        5.231981E+13   1.1008E-06   1.1027E-06   0.99827
FLUX 1090  5750.00        5.213783E+13   1.0947E-06   1.0954E-06   0.99938
FLUX 1091  5770.00        5.195711E+13   1.0873E-06   1.0882E-06   0.99921
FLUX 1092  5790.00        5.177763E+13   1.0795E-06   1.0810E-06   0.99863
FLUX 1093  5810.00        5.159940E+13   1.0730E-06   1.0739E-06   0.99920
FLUX 1094  5830.00        5.142238E+13   1.0663E-06   1.0668E-06   0.99950
FLUX 1095  5850.00        5.124658E+13   1.0598E-06   1.0605E-06   0.99936
FLUX 1096  5870.00        5.107198E+13   1.0519E-06   1.0536E-06   0.99839
FLUX 1097  5890.00        5.089856E+13   1.0384E-06   1.0468E-06   0.99198
FLUX 1098  5910.00        5.072631E+13   1.0015E-06   1.0400E-06   0.96295
FLUX 1099  5930.00        5.055523E+13   1.0276E-06   1.0333E-06   0.99447
FLUX 1100  5950.00        5.038529E+13   1.0113E-06   1.0266E-06   0.98509
FLUX 1101  5970.00        5.021650E+13   1.0138E-06   1.0201E-06   0.99382
FLUX 1102  5990.00        5.004883E+13   1.0119E-06   1.0135E-06   0.99841
FLUX 1103  6010.00        4.988228E+13   1.0051E-06   1.0071E-06   0.99802
FLUX 1104  6030.00        4.971683E+13   1.0000E-06   1.0007E-06   0.99936
FLUX 1105  6050.00        4.955248E+13   9.9380E-07   9.9435E-07   0.99945
FLUX 1106  6070.00        4.938921E+13   9.8674E-07   9.8807E-07   0.99866
FLUX 1107  6090.00        4.922701E+13   9.8023E-07   9.8186E-07   0.99834
FLUX 1108  6110.00        4.906588E+13   9.7247E-07   9.7570E-07   0.99669
FLUX 1109  6130.00        4.890579E+13   9.6867E-07   9.6960E-07   0.99904
FLUX 1110  6150.00        4.874675E+13   9.6297E-07   9.6356E-07   0.99939
FLUX 1111  6170.00        4.858874E+13   9.5684E-07   9.5757E-07   0.99924
FLUX 1112  6190.00        4.843174E+13   9.5057E-07   9.5164E-07   0.99888
FLUX 1113  6210.00        4.827576E+13   9.4526E-07   9.4576E-07   0.99947
FLUX 1114  6230.00        4.812079E+13   9.3701E-07   9.3994E-07   0.99689
FLUX 1115  6250.00        4.796680E+13   9.3302E-07   9.3417E-07   0.99877
FLUX 1116  6270.00        4.781380E+13   9.2480E-07   9.2846E-07   0.99606
FLUX 1117  6290.00        4.766176E+13   9.0674E-07   9.2279E-07   0.98260
FLUX 1118  6310.00        4.751070E+13   9.1102E-07   9.1718E-07   0.99329
FLUX 1119  6330.00        4.736058E+13   9.1070E-07   9.1162E-07   0.99899
FLUX 1120  6350.00        4.721142E+13   9.0522E-07   9.0611E-07   0.99903
FLUX 1121  6370.00        4.706319E+13   8.9998E-07   9.0065E-07   0.99926
FLUX 1122  6390.00        4.691588E+13   8.9448E-07   8.9524E-07   0.99916
FLUX 1123  6420.00        4.669665E+13   8.8687E-07   8.8721E-07   0.99961
FLUX 1124  6460.00        4.640751E+13   8.7563E-07   8.7667E-07   0.99881
FLUX 1125  6500.00        4.612192E+13   8.6504E-07   8.6632E-07   0.99851
FLUX 1126  6540.00        4.583983E+13   8.5584E-07   8.5616E-07   0.99963
FLUX 1127  6580.00        4.556117E+13   8.4560E-07   8.4616E-07   0.99933
FLUX 1128  6620.00        4.528588E+13   8.3558E-07   8.3635E-07   0.99909
FLUX 1129  6660.00        4.501389E+13   8.2634E-07   8.2670E-07   0.99957
FLUX 1130  6700.00        4.474515E+13   8.1654E-07   8.1721E-07   0.99918
FLUX 1131  6740.00        4.447960E+13   8.0575E-07   8.0789E-07   0.99735
FLUX 1132  6780.00        4.421718E+13   7.8791E-07   7.9873E-07   0.98646
FLUX 1133  6820.00        4.395784E+13   7.8890E-07   7.8972E-07   0.99896
FLUX 1134  6860.00        4.370153E+13   7.8015E-07   7.8086E-07   0.99909
FLUX 1135  6900.00        4.344819E+13   7.7117E-07   7.7215E-07   0.99873
FLUX 1136  6940.00        4.319777E+13   7.6247E-07   7.6358E-07   0.99854
FLUX 1137  6980.00        4.295021E+13   7.5439E-07   7.5516E-07   0.99898
FLUX 1138  7020.00        4.270548E+13   7.4573E-07   7.4687E-07   0.99848
FLUX 1139  7060.00        4.246353E+13   7.3789E-07   7.3872E-07   0.99888
FLUX 1140  7100.00        4.222430E+13   7.3029E-07   7.3070E-07   0.99945
FLUX 1141  7140.00        4.198775E+13   7.2224E-07   7.2281E-07   0.99920
FLUX 1142  7180.00        4.175383E+13   7.1436E-07   7.1505E-07   0.99903
FLUX 1143  7220.00        4.152251E+13   7.0595E-07   7.0741E-07   0.99793
FLUX 1144  7260.00        4.129373E+13   6.9880E-07   6.9989E-07   0.99844
FLUX 1145  7300.00        4.106747E+13   6.9223E-07   6.9249E-07   0.99962
FLUX 1146  7340.00        4.084366E+13   6.8443E-07   6.8521E-07   0.99886
FLUX 1147  7380.00        4.062229E+13   6.7774E-07   6.7805E-07   0.99954
FLUX 1148  7420.00        4.040330E+13   6.6964E-07   6.7099E-07   0.99798
FLUX 1149  7460.00        4.018666E+13   6.4904E-07   6.6405E-07   0.97740
FLUX 1150  7500.00        3.997233E+13   6.3770E-07   6.5722E-07   0.97030
FLUX 1151  7540.00        3.976028E+13   6.4825E-07   6.5049E-07   0.99656
FLUX 1152  7580.00        3.955046E+13   6.4333E-07   6.4386E-07   0.99917
FLUX 1153  7620.00        3.934285E+13   6.3703E-07   6.3733E-07   0.99953
FLUX 1154  7660.00        3.913740E+13   6.3065E-07   6.3090E-07   0.99960
FLUX 1155  7700.00        3.893409E+13   6.2406E-07   6.2457E-07   0.99918
FLUX 1156  7740.00        3.873288E+13   6.1814E-07   6.1833E-07   0.99969
FLUX 1157  7780.00        3.853374E+13   6.1087E-07   6.1218E-07   0.99786
FLUX 1158  7820.00        3.833664E+13   6.0600E-07   6.0613E-07   0.99979
FLUX 1159  7860.00        3.814154E+13   6.0009E-07   6.0016E-07   0.99989
FLUX 1160  7900.00        3.794842E+13   5.9421E-07   5.9428E-07   0.99988
FLUX 1161  7940.00        3.775724E+13   5.8835E-07   5.8849E-07   0.99977
FLUX 1162  7980.00        3.756798E+13   5.8259E-07   5.8278E-07   0.99968
FLUX 1163  8020.00        3.738061E+13   5.7671E-07   5.7715E-07   0.99923
FLUX 1164  8060.00        3.719510E+13   5.7120E-07   5.7160E-07   0.99929
FLUX 1165  8100.00        3.701142E+13   5.6601E-07   5.6614E-07   0.99978
FLUX 1166  8140.00        3.682955E+13   5.5861E-07   5.6075E-07   0.99620
FLUX 1167  8180.00        3.664945E+13   5.5446E-07   5.5543E-07   0.99825
FLUX 1168  8220.00        3.647111E+13   5.5010E-07   5.5019E-07   0.99983
FLUX 1169  8260.00        3.629449E+13   5.4487E-07   5.4503E-07   0.99971
FLUX 1170  8300.00        3.611958E+13   5.3976E-07   5.3994E-07   0.99967
FLUX 1171  8340.00        3.594634E+13   5.3418E-07   5.3491E-07   0.99863
FLUX 1172  8380.00        3.577476E+13   5.2924E-07   5.2996E-07   0.99864
FLUX 1173  8420.00        3.560481E+13   5.2470E-07   5.2508E-07   0.99929
FLUX 1174  8460.00        3.543647E+13   5.2010E-07   5.2026E-07   0.99968
FLUX 1175  8500.00        3.526971E+13   5.1545E-07   5.1551E-07   0.99988
FLUX 1176  8540.00        3.510451E+13   5.1063E-07   5.1082E-07   0.99962
FLUX 1177  8580.00        3.494085E+13   5.0605E-07   5.0620E-07   0.99971
FLUX 1178  8620.00        3.477871E+13   5.0128E-07   5.0164E-07   0.99929
FLUX 1179  8660.00        3.461807E+13   4.9413E-07   4.9714E-07   0.99395
FLUX 1180  8700.00        3.445891E+13   4.9236E-07   4.9270E-07   0.99933
FLUX 1181  8740.00        3.430120E+13   4.8363E-07   4.8831E-07   0.99041
FLUX 1182  8780.00        3.414493E+13   4.7947E-07   4.8399E-07   0.99065
FLUX 1183  8820.00        3.399008E+13   4.7926E-07   4.7973E-07   0.99903
FLUX 1184  8860.00        3.383663E+13   4.7520E-07   4.7552E-07   0.99933
FLUX 1185  8900.00        3.368455E+13   4.7105E-07   4.7136E-07   0.99933
FLUX 1186  8940.00        3.353384E+13   4.6707E-07   4.6726E-07   0.99960
FLUX 1187  8980.00        3.338447E+13   4.6269E-07   4.6321E-07   0.99887
FLUX 1188  9020.00        3.323642E+13   4.5887E-07   4.5921E-07   0.99925
FLUX 1189  9060.00        3.308968E+13   4.5523E-07   4.5527E-07   0.99991
FLUX 1190  9100.00        3.294423E+13   4.5095E-07   4.5137E-07   0.99905
FLUX 1191  9140.00        3.280005E+13   4.4722E-07   4.4753E-07   0.99930
FLUX 1192  9180.00        3.265714E+13   4.4361E-07   4.4373E-07   0.99973
FLUX 1193  9220.00        3.251546E+13   4.3994E-07   4.3998E-07   0.99990
FLUX 1194  9260.00        3.237500E+13   4.3620E-07   4.3628E-07   0.99982
FLUX 1195  9300.00        3.223575E+13   4.3259E-07   4.3263E-07   0.99991
FLUX 1196  9340.00        3.209770E+13   4.2888E-07   4.2902E-07   0.99968
FLUX 1197  9380.00        3.196082E+13   4.2187E-07   4.2545E-07   0.99157
FLUX 1198  9420.00        3.182511E+13   4.2099E-07   4.2193E-07   0.99777
FLUX 1199  9460.00        3.169054E+13   4.1834E-07   4.1845E-07   0.99973
FLUX 1200  9500.00        3.155711E+13   4.1489E-07   4.1502E-07   0.99968
FLUX 1201  9540.00        3.142479E+13   4.1129E-07   4.1163E-07   0.99919
FLUX 1202  9580.00        3.129358E+13   4.0822E-07   4.0827E-07   0.99988
FLUX 1203  9620.00        3.116346E+13   4.0472E-07   4.0496E-07   0.99939
FLUX 1204  9660.00        3.103442E+13   4.0166E-07   4.0169E-07   0.99991
FLUX 1205  9700.00        3.090644E+13   3.9843E-07   3.9846E-07   0.99992
FLUX 1206  9740.00        3.077952E+13   3.9484E-07   3.9527E-07   0.99892
FLUX 1207  9780.00        3.065363E+13   3.9187E-07   3.9211E-07   0.99937
FLUX 1208  9820.00        3.052877E+13   3.8879E-07   3.8900E-07   0.99948
FLUX 1209  9860.00        3.040492E+13   3.8579E-07   3.8591E-07   0.99967
FLUX 1210  9900.00        3.028207E+13   3.8286E-07   3.8287E-07   0.99997
FLUX 1211  9940.00        3.016021E+13   3.7971E-07   3.7986E-07   0.99960
FLUX 1212  9980.00        3.003933E+13   3.7672E-07   3.7689E-07   0.99956
FLUX 1213 10020.00        2.991941E+13   3.7379E-07   3.7395E-07   0.99957
FLUX 1214 20000.00        1.498963E+13   9.5298E-08   9.5307E-08   0.99991
FLUX 1215 40000.00        7.494813E+12   2.3693E-08   2.3693E-08   0.99998
FLUX 1216 60000.00        4.996542E+12   1.0433E-08   1.0433E-08   0.99999
FLUX 1217 80000.00        3.747406E+12   5.8199E-09   5.8199E-09   1.00000
FLUX 1218100000.00        2.997925E+12   3.6982E-09   3.6982E-09   1.00000
FLUX 1219120000.00        2.498271E+12   2.5524E-09   2.5524E-09   1.00000
FLUX 1220140000.00        2.141375E+12   1.8652E-09   1.8652E-09   1.00000
FLUX 1221160000.00        1.873703E+12   1.4213E-09   1.4213E-09   1.00000
FLUX
