TEFF  33000.  GRAVITY 4.00000 LTE 
TITLE  [+0.5] N(He)/Ntot=0.07813 VTURB=2.0  L/H=1.25 NOVER                      
FLUX    1     9.09        3.298047E+16   3.3059E-32   3.3186E-32   0.99619
FLUX    2     9.35        3.206337E+16   1.8623E-31   1.8688E-31   0.99657
FLUX    3     9.61        3.119589E+16   9.6086E-31   9.6783E-31   0.99280
FLUX    4     9.77        3.068501E+16   2.5516E-30   2.5599E-30   0.99675
FLUX    5     9.96        3.009965E+16   7.8111E-30   7.8362E-30   0.99680
FLUX    6    10.20        2.939142E+16   3.0431E-29   3.0526E-29   0.99690
FLUX    7    10.38        2.888174E+16   8.1397E-29   8.1644E-29   0.99697
FLUX    8    10.56        2.838944E+16   2.1132E-28   2.1195E-28   0.99704
FLUX    9    10.77        2.783589E+16   6.2005E-28   6.2185E-28   0.99711
FLUX   10    11.04        2.715512E+16   2.3435E-27   2.3501E-27   0.99720
FLUX   11    11.40        2.629759E+16   1.2621E-26   1.2656E-26   0.99725
FLUX   12    11.78        2.544928E+16   6.7557E-26   6.7751E-26   0.99714
FLUX   13    12.13        2.471496E+16   2.9085E-25   2.9159E-25   0.99747
FLUX   14    12.48        2.402183E+16   1.1605E-24   1.1635E-24   0.99744
FLUX   15    12.71        2.358714E+16   2.7725E-24   2.7792E-24   0.99760
FLUX   16    12.84        2.334833E+16   4.4776E-24   4.4883E-24   0.99761
FLUX   17    13.05        2.297261E+16   9.5184E-24   9.5529E-24   0.99639
FLUX   18    13.24        2.264294E+16   1.8507E-23   1.8557E-23   0.99734
FLUX   19    13.39        2.238928E+16   3.0881E-23   3.0954E-23   0.99762
FLUX   20    13.66        2.194674E+16   7.5568E-23   7.5787E-23   0.99711
FLUX   21    13.98        2.144438E+16   2.0951E-22   2.0998E-22   0.99778
FLUX   22    14.33        2.092062E+16   6.0761E-22   6.0910E-22   0.99754
FLUX   23    14.72        2.036634E+16   1.8738E-21   1.8846E-21   0.99429
FLUX   24    15.10        1.985381E+16   5.3560E-21   5.3672E-21   0.99790
FLUX   25    15.52        1.931653E+16   1.6080E-20   1.6110E-20   0.99814
FLUX   26    15.88        1.887862E+16   3.9474E-20   3.9538E-20   0.99837
FLUX   27    16.20        1.850571E+16   8.4831E-20   8.5088E-20   0.99698
FLUX   28    16.60        1.805979E+16   2.1283E-19   2.1300E-19   0.99919
FLUX   29    17.03        1.760379E+16   5.4243E-19   5.4514E-19   0.99503
FLUX   30    17.34        1.728907E+16   1.0431E-18   1.0434E-18   0.99973
FLUX   31    17.68        1.695659E+16   2.0945E-18   2.0950E-18   0.99979
FLUX   32    18.02        1.663665E+16   4.0559E-18   4.0563E-18   0.99990
FLUX   33    18.17        1.649931E+16   5.4630E-18   5.4754E-18   0.99774
FLUX   34    18.61        1.610922E+16   1.2253E-17   1.2279E-17   0.99789
FLUX   35    19.10        1.569594E+16   2.8955E-17   2.8958E-17   0.99990
FLUX   36    19.39        1.546119E+16   4.7108E-17   4.7127E-17   0.99959
FLUX   37    19.84        1.511051E+16   9.8396E-17   9.8437E-17   0.99959
FLUX   38    20.18        1.485592E+16   1.6676E-16   1.6701E-16   0.99853
FLUX   39    20.50        1.462402E+16   2.7002E-16   2.7045E-16   0.99841
FLUX   40    21.05        1.424192E+16   5.9933E-16   5.9956E-16   0.99961
FLUX   41    21.62        1.386644E+16   1.2978E-15   1.3128E-15   0.98856
FLUX   42    21.98        1.363933E+16   2.1087E-15   2.1107E-15   0.99904
FLUX   43    22.30        1.344361E+16   3.1759E-15   3.1822E-15   0.99802
FLUX   44    22.68        1.321836E+16   5.3133E-15   5.5157E-15   0.96331
FLUX   45    23.00        1.303446E+16   1.5323E-12   2.5855E-12   0.59267
FLUX   46    23.40        1.281165E+16   3.2435E-12   3.8713E-12   0.83783
FLUX   47    24.00        1.249135E+16   5.3222E-12   6.9269E-12   0.76834
FLUX   48    24.65        1.216197E+16   9.2640E-12   1.2626E-11   0.73375
FLUX   49    25.24        1.187767E+16   1.5923E-11   2.1872E-11   0.72802
FLUX   50    25.68        1.167416E+16   2.3793E-11   3.2938E-11   0.72237
FLUX   51    26.00        1.153048E+16   4.5700E-11   7.1941E-11   0.63525
FLUX   52    26.40        1.135578E+16   9.8491E-11   1.7975E-10   0.54792
FLUX   53    26.85        1.116546E+16   1.5665E-10   2.4557E-10   0.63792
FLUX   54    27.35        1.096133E+16   2.1645E-10   3.4325E-10   0.63060
FLUX   55    27.85        1.076454E+16   2.6410E-10   4.7420E-10   0.55694
FLUX   56    28.40        1.055607E+16   5.8956E-10   8.0118E-10   0.73586
FLUX   57    29.00        1.033767E+16   8.7402E-10   1.1428E-09   0.76481
FLUX   58    29.60        1.012813E+16   1.1628E-09   1.6008E-09   0.72637
FLUX   59    30.10        9.959884E+15   2.8761E-09   5.9073E-09   0.48686
FLUX   60    30.80        9.733523E+15   7.4933E-09   2.3647E-08   0.31689
FLUX   61    31.80        9.427437E+15   1.7915E-08   3.6591E-08   0.48960
FLUX   62    32.80        9.140015E+15   2.6902E-08   5.5527E-08   0.48448
FLUX   63    33.80        8.869601E+15   5.5689E-08   8.2589E-08   0.67429
FLUX   64    34.80        8.614727E+15   9.1874E-08   1.2063E-07   0.76160
FLUX   65    35.70        8.397549E+15   2.1015E-07   4.7745E-07   0.44015
FLUX   66    36.60        8.191052E+15   5.2917E-07   1.2803E-06   0.41332
FLUX   67    37.50        7.994467E+15   6.1395E-07   1.4355E-06   0.42771
FLUX   68    38.50        7.786818E+15   9.2170E-07   1.9454E-06   0.47378
FLUX   69    39.50        7.589684E+15   2.1493E-06   5.7459E-06   0.37405
FLUX   70    40.50        7.402284E+15   3.0205E-06   6.0259E-06   0.50126
FLUX   71    41.40        7.241365E+15   3.8566E-06   8.6590E-06   0.44539
FLUX   72    42.20        7.104088E+15   4.6898E-06   1.0062E-05   0.46611
FLUX   73    43.00        6.971919E+15   5.0477E-06   1.0460E-05   0.48258
FLUX   74    44.10        6.798016E+15   6.5185E-06   1.1211E-05   0.58146
FLUX   75    45.10        6.647284E+15   6.9148E-06   1.2342E-05   0.56026
FLUX   76    46.00        6.517228E+15   6.6284E-06   1.3282E-05   0.49905
FLUX   77    47.00        6.378564E+15   8.3887E-06   1.4523E-05   0.57760
FLUX   78    48.00        6.245677E+15   1.0478E-05   1.5937E-05   0.65747
FLUX   79    49.00        6.118214E+15   9.8625E-06   1.7687E-05   0.55763
FLUX   80    50.00        5.995850E+15   1.3264E-05   1.9484E-05   0.68075
FLUX   81    50.60        5.924753E+15   1.5939E-05   2.8644E-04   0.05565
FLUX   82    51.20        5.855322E+15   9.8404E-05   3.1648E-04   0.31093
FLUX   83    52.00        5.765240E+15   9.6210E-05   3.1965E-04   0.30098
FLUX   84    53.00        5.656462E+15   8.9238E-05   3.2368E-04   0.27570
FLUX   85    54.00        5.551713E+15   8.2888E-05   3.2785E-04   0.25282
FLUX   86    55.00        5.450773E+15   9.1713E-05   3.3231E-04   0.27598
FLUX   87    56.00        5.353438E+15   1.4057E-04   3.3689E-04   0.41726
FLUX   88    57.00        5.259518E+15   1.7582E-04   3.4159E-04   0.51470
FLUX   89    58.00        5.168836E+15   1.6838E-04   3.4885E-04   0.48269
FLUX   90    59.00        5.081229E+15   1.7999E-04   3.5384E-04   0.50868
FLUX   91    60.00        4.996542E+15   1.1880E-04   3.5895E-04   0.33098
FLUX   92    61.00        4.914631E+15   1.6375E-04   3.6418E-04   0.44963
FLUX   93    62.00        4.835363E+15   2.3000E-04   3.6956E-04   0.62236
FLUX   94    63.00        4.758611E+15   2.2383E-04   3.7505E-04   0.59680
FLUX   95    64.00        4.684258E+15   2.3806E-04   3.8085E-04   0.62507
FLUX   96    65.00        4.612192E+15   2.1939E-04   3.8678E-04   0.56723
FLUX   97    65.80        4.556117E+15   1.5864E-04   3.9164E-04   0.40505
FLUX   98    66.50        4.508158E+15   2.3206E-04   3.9592E-04   0.58613
FLUX   99    67.50        4.441370E+15   2.9669E-04   4.0212E-04   0.73781
FLUX  100    68.50        4.376533E+15   2.0330E-04   4.0840E-04   0.49778
FLUX  101    69.50        4.313561E+15   3.1642E-04   4.1477E-04   0.76289
FLUX  102    70.50        4.252376E+15   2.1606E-04   4.2123E-04   0.51293
FLUX  103    71.60        4.187046E+15   3.7077E-04   4.2842E-04   0.86545
FLUX  104    72.60        4.129373E+15   3.7158E-04   4.3513E-04   0.85394
FLUX  105    73.50        4.078810E+15   3.7964E-04   4.4121E-04   0.86046
FLUX  106    74.50        4.024060E+15   3.3607E-04   4.4806E-04   0.75006
FLUX  107    75.50        3.970762E+15   3.5056E-04   4.5495E-04   0.77054
FLUX  108    76.50        3.918856E+15   3.4984E-04   4.6188E-04   0.75743
FLUX  109    77.50        3.868290E+15   3.9601E-04   4.6885E-04   0.84464
FLUX  110    78.50        3.819013E+15   3.9687E-04   4.7583E-04   0.83405
FLUX  111    79.50        3.770975E+15   4.3622E-04   4.8283E-04   0.90347
FLUX  112    80.50        3.724130E+15   4.1065E-04   4.8983E-04   0.83835
FLUX  113    81.50        3.678436E+15   4.1368E-04   4.9683E-04   0.83264
FLUX  114    82.50        3.633848E+15   4.6220E-04   5.0387E-04   0.91730
FLUX  115    83.50        3.590329E+15   3.3699E-04   5.1095E-04   0.65954
FLUX  116    84.50        3.547840E+15   4.4787E-04   5.1801E-04   0.86459
FLUX  117    85.50        3.506345E+15   4.4619E-04   5.2504E-04   0.84982
FLUX  118    86.50        3.465809E+15   4.7835E-04   5.3205E-04   0.89906
FLUX  119    87.50        3.426200E+15   4.9048E-04   5.3902E-04   0.90995
FLUX  120    88.50        3.387486E+15   5.0909E-04   5.4598E-04   0.93244
FLUX  121    89.50        3.349637E+15   5.1916E-04   5.5289E-04   0.93899
FLUX  122    90.50        3.312624E+15   5.0745E-04   5.5975E-04   0.90656
FLUX  123    91.50        3.276421E+15   5.3455E-04   3.5621E-03   0.15006
FLUX  124    92.50        3.241000E+15   1.2111E-03   3.5522E-03   0.34094
FLUX  125    93.50        3.206337E+15   1.8411E-03   3.5417E-03   0.51983
FLUX  126    94.50        3.172407E+15   2.1105E-03   3.5307E-03   0.59777
FLUX  127    95.50        3.139188E+15   2.2702E-03   3.5192E-03   0.64509
FLUX  128    96.50        3.106658E+15   2.4797E-03   3.5072E-03   0.70702
FLUX  129    97.50        3.074795E+15   1.0849E-03   3.4949E-03   0.31043
FLUX  130    98.50        3.043579E+15   1.9614E-03   3.4822E-03   0.56326
FLUX  131    99.50        3.012990E+15   1.8373E-03   3.4690E-03   0.52964
FLUX  132   100.50        2.983010E+15   1.9537E-03   3.4555E-03   0.56540
FLUX  133   101.50        2.953621E+15   2.1492E-03   3.4416E-03   0.62448
FLUX  134   102.50        2.924805E+15   1.9665E-03   3.4274E-03   0.57376
FLUX  135   103.50        2.896546E+15   2.2160E-03   3.4129E-03   0.64929
FLUX  136   104.50        2.868828E+15   2.5736E-03   3.3982E-03   0.75736
FLUX  137   105.50        2.841635E+15   2.4639E-03   3.3831E-03   0.72829
FLUX  138   106.50        2.814953E+15   2.1892E-03   3.3678E-03   0.65002
FLUX  139   107.50        2.788767E+15   2.2877E-03   3.3523E-03   0.68242
FLUX  140   108.50        2.763065E+15   2.1557E-03   3.3365E-03   0.64608
FLUX  141   109.50        2.737831E+15   2.2953E-03   3.3206E-03   0.69122
FLUX  142   110.50        2.713054E+15   2.2463E-03   3.3044E-03   0.67977
FLUX  143   111.50        2.688722E+15   2.2433E-03   3.2881E-03   0.68225
FLUX  144   112.50        2.664822E+15   1.8462E-03   3.2717E-03   0.56429
FLUX  145   113.50        2.641344E+15   2.2210E-03   3.2550E-03   0.68232
FLUX  146   114.50        2.618275E+15   2.2411E-03   3.2383E-03   0.69206
FLUX  147   115.50        2.595606E+15   2.1174E-03   3.2214E-03   0.65729
FLUX  148   116.50        2.573326E+15   2.0696E-03   3.2044E-03   0.64584
FLUX  149   117.50        2.551426E+15   1.3375E-03   3.1875E-03   0.41962
FLUX  150   118.50        2.529895E+15   1.9336E-03   3.1704E-03   0.60990
FLUX  151   119.50        2.508724E+15   1.9113E-03   3.1531E-03   0.60618
FLUX  152   120.50        2.487905E+15   1.8791E-03   3.1358E-03   0.59924
FLUX  153   121.50        2.467428E+15   1.6577E-03   3.1184E-03   0.53157
FLUX  154   122.50        2.447286E+15   1.8759E-03   3.1010E-03   0.60493
FLUX  155   123.50        2.427470E+15   2.0328E-03   3.0836E-03   0.65923
FLUX  156   124.50        2.407972E+15   1.9702E-03   3.0659E-03   0.64260
FLUX  157   125.50        2.388785E+15   1.9994E-03   3.0485E-03   0.65585
FLUX  158   126.50        2.369901E+15   2.1069E-03   3.0310E-03   0.69514
FLUX  159   127.50        2.351314E+15   2.2391E-03   3.0134E-03   0.74306
FLUX  160   128.50        2.333016E+15   2.2776E-03   2.9959E-03   0.76024
FLUX  161   129.50        2.315000E+15   2.1801E-03   2.9783E-03   0.73198
FLUX  162   130.50        2.297261E+15   2.1802E-03   2.9608E-03   0.73637
FLUX  163   131.50        2.279791E+15   2.3508E-03   2.9433E-03   0.79870
FLUX  164   132.50        2.262585E+15   2.3135E-03   2.9258E-03   0.79074
FLUX  165   133.50        2.245637E+15   2.2603E-03   2.9084E-03   0.77717
FLUX  166   134.50        2.228941E+15   2.3083E-03   2.8910E-03   0.79846
FLUX  167   135.50        2.212491E+15   2.2594E-03   2.8736E-03   0.78625
FLUX  168   136.50        2.196282E+15   2.2237E-03   2.8563E-03   0.77852
FLUX  169   137.50        2.180309E+15   2.1612E-03   2.8390E-03   0.76126
FLUX  170   138.50        2.164567E+15   2.1249E-03   2.8217E-03   0.75305
FLUX  171   139.50        2.149050E+15   1.6911E-03   2.8045E-03   0.60299
FLUX  172   140.50        2.133754E+15   1.7467E-03   2.7874E-03   0.62664
FLUX  173   141.50        2.118675E+15   2.1460E-03   2.7703E-03   0.77465
FLUX  174   142.50        2.103807E+15   1.9291E-03   2.7533E-03   0.70064
FLUX  175   143.50        2.089146E+15   2.1135E-03   2.7364E-03   0.77238
FLUX  176   144.20        2.079005E+15   2.0699E-03   2.7246E-03   0.75974
FLUX  177   144.70        2.071821E+15   2.0813E-03   2.7161E-03   0.76626
FLUX  178   145.50        2.060430E+15   1.9908E-03   2.7027E-03   0.73658
FLUX  179   146.50        2.046365E+15   1.9646E-03   2.6860E-03   0.73143
FLUX  180   147.50        2.032492E+15   2.0351E-03   2.6693E-03   0.76242
FLUX  181   148.50        2.018805E+15   2.0668E-03   2.6528E-03   0.77912
FLUX  182   149.50        2.005301E+15   2.0192E-03   2.6363E-03   0.76591
FLUX  183   150.50        1.991977E+15   1.9847E-03   2.6199E-03   0.75757
FLUX  184   151.20        1.982755E+15   1.9642E-03   2.6084E-03   0.75303
FLUX  185   151.70        1.976220E+15   2.0034E-03   2.6003E-03   0.77044
FLUX  186   152.50        1.965852E+15   1.9322E-03   2.5873E-03   0.74681
FLUX  187   153.50        1.953046E+15   1.6843E-03   2.5712E-03   0.65507
FLUX  188   154.50        1.940405E+15   1.3358E-03   2.5551E-03   0.52280
FLUX  189   155.50        1.927926E+15   1.3876E-03   2.5392E-03   0.54647
FLUX  190   156.50        1.915607E+15   1.6723E-03   2.5233E-03   0.66272
FLUX  191   157.50        1.903444E+15   1.7956E-03   2.5075E-03   0.71607
FLUX  192   158.50        1.891435E+15   1.8374E-03   2.4918E-03   0.73738
FLUX  193   159.50        1.879577E+15   1.8498E-03   2.4762E-03   0.74703
FLUX  194   160.50        1.867866E+15   1.7674E-03   2.4607E-03   0.71823
FLUX  195   161.50        1.856300E+15   1.6992E-03   2.4453E-03   0.69489
FLUX  196   162.50        1.844877E+15   1.7749E-03   2.4300E-03   0.73044
FLUX  197   163.50        1.833593E+15   1.8248E-03   2.4147E-03   0.75569
FLUX  198   164.50        1.822447E+15   1.8563E-03   2.3996E-03   0.77358
FLUX  199   165.50        1.811435E+15   1.8544E-03   2.3846E-03   0.77766
FLUX  200   166.50        1.800556E+15   1.8561E-03   2.3697E-03   0.78329
FLUX  201   167.20        1.793017E+15   1.6930E-03   2.3593E-03   0.71758
FLUX  202   167.70        1.787671E+15   2.0593E-03   2.3519E-03   0.87558
FLUX  203   168.50        1.779184E+15   1.9594E-03   2.3401E-03   0.83732
FLUX  204   169.50        1.768687E+15   1.9128E-03   2.3255E-03   0.82256
FLUX  205   170.50        1.758314E+15   1.9216E-03   2.3110E-03   0.83151
FLUX  206   171.50        1.748061E+15   1.8150E-03   2.2965E-03   0.79033
FLUX  207   172.50        1.737928E+15   1.7803E-03   2.2822E-03   0.78010
FLUX  208   173.50        1.727911E+15   1.8696E-03   2.2680E-03   0.82436
FLUX  209   174.50        1.718009E+15   1.8768E-03   2.2538E-03   0.83272
FLUX  210   175.50        1.708219E+15   1.8708E-03   2.2398E-03   0.83527
FLUX  211   176.50        1.698541E+15   1.8706E-03   2.2259E-03   0.84039
FLUX  212   177.50        1.688972E+15   1.8084E-03   2.2120E-03   0.81755
FLUX  213   178.50        1.679510E+15   1.8689E-03   2.1983E-03   0.85016
FLUX  214   179.50        1.670153E+15   1.8366E-03   2.1847E-03   0.84069
FLUX  215   180.50        1.660900E+15   1.8467E-03   2.1711E-03   0.85058
FLUX  216   181.50        1.651749E+15   1.8154E-03   2.1577E-03   0.84138
FLUX  217   182.50        1.642699E+15   1.7997E-03   2.1444E-03   0.83927
FLUX  218   183.50        1.633747E+15   1.8209E-03   2.1312E-03   0.85441
FLUX  219   184.50        1.624892E+15   1.7621E-03   2.1181E-03   0.83196
FLUX  220   185.50        1.616132E+15   1.8214E-03   2.1051E-03   0.86526
FLUX  221   186.50        1.607466E+15   1.8374E-03   2.0921E-03   0.87823
FLUX  222   187.50        1.598893E+15   1.8048E-03   2.0793E-03   0.86800
FLUX  223   188.50        1.590411E+15   1.7341E-03   2.0666E-03   0.83912
FLUX  224   189.50        1.582018E+15   1.7306E-03   2.0540E-03   0.84255
FLUX  225   190.50        1.573714E+15   1.7898E-03   2.0414E-03   0.87675
FLUX  226   191.50        1.565496E+15   1.7633E-03   2.0290E-03   0.86904
FLUX  227   192.50        1.557364E+15   1.6596E-03   2.0167E-03   0.82293
FLUX  228   193.50        1.549315E+15   1.7917E-03   2.0044E-03   0.89389
FLUX  229   194.50        1.541350E+15   1.8231E-03   1.9922E-03   0.91508
FLUX  230   195.50        1.533465E+15   1.6569E-03   1.9802E-03   0.83674
FLUX  231   196.70        1.524110E+15   1.7705E-03   1.9659E-03   0.90060
FLUX  232   197.60        1.517169E+15   1.8182E-03   1.9552E-03   0.92991
FLUX  233   198.40        1.511051E+15   1.7811E-03   1.9458E-03   0.91536
FLUX  234   199.50        1.502719E+15   1.7500E-03   1.9329E-03   0.90538
FLUX  235   200.50        1.495224E+15   1.8056E-03   1.9213E-03   0.93976
FLUX  236   201.50        1.487804E+15   1.8142E-03   1.9098E-03   0.94994
FLUX  237   202.50        1.480457E+15   1.8309E-03   1.8984E-03   0.96443
FLUX  238   203.50        1.473182E+15   1.7665E-03   1.8871E-03   0.93611
FLUX  239   204.50        1.465978E+15   1.7581E-03   1.8759E-03   0.93724
FLUX  240   205.50        1.458844E+15   1.4119E-03   1.9158E-03   0.73697
FLUX  241   206.50        1.451780E+15   1.3789E-03   1.9042E-03   0.72413
FLUX  242   207.40        1.445480E+15   1.4695E-03   1.8938E-03   0.77594
FLUX  243   207.80        1.442697E+15   1.4661E-03   1.8893E-03   0.77604
FLUX  244   208.50        1.437854E+15   1.6035E-03   1.8813E-03   0.85237
FLUX  245   209.50        1.430990E+15   1.6758E-03   1.8699E-03   0.89619
FLUX  246   210.50        1.424192E+15   1.7099E-03   1.8587E-03   0.91998
FLUX  247   211.50        1.417459E+15   1.7513E-03   1.8475E-03   0.94792
FLUX  248   212.50        1.410788E+15   1.7333E-03   1.8364E-03   0.94386
FLUX  249   213.50        1.404180E+15   1.7382E-03   1.8254E-03   0.95224
FLUX  250   214.50        1.397634E+15   1.7177E-03   1.8145E-03   0.94665
FLUX  251   215.50        1.391148E+15   1.7364E-03   1.8037E-03   0.96267
FLUX  252   216.50        1.384723E+15   1.6710E-03   1.7930E-03   0.93196
FLUX  253   217.50        1.378356E+15   1.7241E-03   1.7823E-03   0.96731
FLUX  254   218.50        1.372048E+15   1.6887E-03   1.7718E-03   0.95310
FLUX  255   219.50        1.365797E+15   1.7375E-03   1.7613E-03   0.98652
FLUX  256   220.50        1.359603E+15   1.7238E-03   1.7509E-03   0.98454
FLUX  257   221.50        1.353465E+15   1.6748E-03   1.7405E-03   0.96221
FLUX  258   222.50        1.347382E+15   1.6971E-03   1.7303E-03   0.98083
FLUX  259   223.50        1.341353E+15   1.6848E-03   1.7201E-03   0.97944
FLUX  260   224.50        1.335379E+15   1.6690E-03   1.7101E-03   0.97598
FLUX  261   225.50        1.329457E+15   1.6399E-03   1.7001E-03   0.96463
FLUX  262   226.50        1.323587E+15   1.6596E-03   1.6901E-03   0.98195
FLUX  263   227.50        1.317769E+15   1.6638E-03   1.6803E-03   0.99020
FLUX  264   228.50        1.312002E+15   1.6283E-03   1.6705E-03   0.97473
FLUX  265   229.50        1.306285E+15   1.4476E-03   1.6608E-03   0.87159
FLUX  266   230.50        1.300618E+15   1.5819E-03   1.6512E-03   0.95803
FLUX  267   231.50        1.295000E+15   1.5842E-03   1.6417E-03   0.96501
FLUX  268   232.50        1.289430E+15   1.6011E-03   1.6322E-03   0.98096
FLUX  269   233.50        1.283908E+15   1.5869E-03   1.6228E-03   0.97784
FLUX  270   234.50        1.278433E+15   1.5740E-03   1.6135E-03   0.97553
FLUX  271   235.50        1.273004E+15   1.5464E-03   1.6042E-03   0.96394
FLUX  272   236.50        1.267622E+15   1.5303E-03   1.5951E-03   0.95936
FLUX  273   237.50        1.262284E+15   1.5037E-03   1.5860E-03   0.94813
FLUX  274   238.50        1.256992E+15   1.4536E-03   1.5770E-03   0.92176
FLUX  275   239.50        1.251743E+15   1.4784E-03   1.5680E-03   0.94287
FLUX  276   240.50        1.246538E+15   1.4895E-03   1.5591E-03   0.95535
FLUX  277   241.50        1.241377E+15   1.4896E-03   1.5503E-03   0.96084
FLUX  278   242.50        1.236258E+15   1.4979E-03   1.5415E-03   0.97170
FLUX  279   243.50        1.231181E+15   1.4829E-03   1.5329E-03   0.96740
FLUX  280   244.50        1.226145E+15   1.4786E-03   1.5242E-03   0.97005
FLUX  281   245.50        1.221151E+15   1.4699E-03   1.5157E-03   0.96979
FLUX  282   246.50        1.216197E+15   1.4607E-03   1.5072E-03   0.96911
FLUX  283   247.50        1.211283E+15   1.4547E-03   1.4988E-03   0.97058
FLUX  284   248.50        1.206408E+15   1.3988E-03   1.4904E-03   0.93848
FLUX  285   249.50        1.201573E+15   9.9195E-04   1.4822E-03   0.66927
FLUX  286   250.50        1.196776E+15   1.3450E-03   1.4739E-03   0.91255
FLUX  287   251.30        1.192967E+15   1.3439E-03   1.4674E-03   0.91587
FLUX  288   251.80        1.190598E+15   1.3725E-03   1.4633E-03   0.93794
FLUX  289   252.50        1.187297E+15   1.4100E-03   1.4577E-03   0.96727
FLUX  290   253.50        1.182613E+15   1.4156E-03   1.4496E-03   0.97655
FLUX  291   254.50        1.177967E+15   1.3996E-03   1.4417E-03   0.97081
FLUX  292   255.50        1.173356E+15   1.3937E-03   1.4338E-03   0.97202
FLUX  293   256.50        1.168782E+15   1.3883E-03   1.4259E-03   0.97360
FLUX  294   257.50        1.164243E+15   1.3814E-03   1.4182E-03   0.97406
FLUX  295   258.50        1.159739E+15   1.3758E-03   1.4104E-03   0.97544
FLUX  296   259.50        1.155270E+15   1.3565E-03   1.4028E-03   0.96705
FLUX  297   260.50        1.150835E+15   1.3669E-03   1.3970E-03   0.97846
FLUX  298   261.50        1.146434E+15   1.3431E-03   1.3894E-03   0.96665
FLUX  299   262.50        1.142067E+15   1.3500E-03   1.3819E-03   0.97693
FLUX  300   263.50        1.137732E+15   1.3506E-03   1.3744E-03   0.98265
FLUX  301   264.50        1.133431E+15   1.3333E-03   1.3670E-03   0.97532
FLUX  302   265.50        1.129162E+15   1.3316E-03   1.3597E-03   0.97936
FLUX  303   266.50        1.124925E+15   1.3109E-03   1.3524E-03   0.96933
FLUX  304   267.50        1.120720E+15   1.2835E-03   1.3452E-03   0.95413
FLUX  305   268.50        1.116546E+15   1.3065E-03   1.3380E-03   0.97642
FLUX  306   269.50        1.112403E+15   1.2856E-03   1.3309E-03   0.96598
FLUX  307   270.50        1.108290E+15   1.2876E-03   1.3238E-03   0.97268
FLUX  308   271.50        1.104208E+15   1.2766E-03   1.3168E-03   0.96945
FLUX  309   272.50        1.100156E+15   1.2787E-03   1.3098E-03   0.97621
FLUX  310   273.50        1.096133E+15   1.2546E-03   1.3029E-03   0.96289
FLUX  311   274.50        1.092140E+15   1.2725E-03   1.2961E-03   0.98183
FLUX  312   275.50        1.088176E+15   1.2639E-03   1.2893E-03   0.98030
FLUX  313   276.50        1.084241E+15   1.2540E-03   1.2825E-03   0.97776
FLUX  314   277.50        1.080333E+15   1.2588E-03   1.2758E-03   0.98671
FLUX  315   278.50        1.076454E+15   1.2409E-03   1.2691E-03   0.97772
FLUX  316   279.50        1.072603E+15   1.2090E-03   1.2625E-03   0.95758
FLUX  317   280.50        1.068779E+15   1.2281E-03   1.2560E-03   0.97784
FLUX  318   281.50        1.064982E+15   1.2308E-03   1.2494E-03   0.98507
FLUX  319   282.50        1.061212E+15   1.2247E-03   1.2430E-03   0.98532
FLUX  320   283.50        1.057469E+15   1.2086E-03   1.2366E-03   0.97739
FLUX  321   284.50        1.053752E+15   1.2147E-03   1.2302E-03   0.98741
FLUX  322   285.50        1.050061E+15   1.2052E-03   1.2239E-03   0.98469
FLUX  323   286.50        1.046396E+15   1.1898E-03   1.2176E-03   0.97719
FLUX  324   287.50        1.042757E+15   1.1867E-03   1.2114E-03   0.97964
FLUX  325   288.50        1.039142E+15   1.1843E-03   1.2052E-03   0.98266
FLUX  326   289.50        1.035553E+15   1.1797E-03   1.1991E-03   0.98385
FLUX  327   291.00        1.030215E+15   1.1623E-03   1.1899E-03   0.97677
FLUX  328   293.00        1.023183E+15   1.1635E-03   1.1779E-03   0.98774
FLUX  329   295.00        1.016246E+15   1.1473E-03   1.1661E-03   0.98392
FLUX  330   297.00        1.009402E+15   1.1344E-03   1.1544E-03   0.98265
FLUX  331   299.00        1.002651E+15   1.1127E-03   1.1429E-03   0.97354
FLUX  332   301.00        9.959884E+14   1.0944E-03   1.1316E-03   0.96711
FLUX  333   303.00        9.894142E+14   1.0797E-03   1.1204E-03   0.96369
FLUX  334   305.00        9.829262E+14   1.0826E-03   1.1094E-03   0.97583
FLUX  335   307.00        9.765228E+14   1.0760E-03   1.0985E-03   0.97946
FLUX  336   309.00        9.702023E+14   1.0614E-03   1.0878E-03   0.97570
FLUX  337   311.00        9.639630E+14   1.0632E-03   1.0773E-03   0.98692
FLUX  338   313.00        9.578035E+14   1.0481E-03   1.0672E-03   0.98212
FLUX  339   315.00        9.517222E+14   1.0450E-03   1.0569E-03   0.98869
FLUX  340   317.00        9.457177E+14   1.0313E-03   1.0468E-03   0.98522
FLUX  341   319.00        9.397884E+14   1.0259E-03   1.0368E-03   0.98954
FLUX  342   321.00        9.339330E+14   1.0057E-03   1.0269E-03   0.97931
FLUX  343   323.00        9.281502E+14   1.0023E-03   1.0172E-03   0.98529
FLUX  344   325.00        9.224385E+14   1.0000E-03   1.0076E-03   0.99243
FLUX  345   327.00        9.167966E+14   9.7891E-04   9.9819E-04   0.98069
FLUX  346   329.00        9.112234E+14   9.7695E-04   9.8886E-04   0.98795
FLUX  347   331.00        9.057175E+14   9.6560E-04   9.7966E-04   0.98565
FLUX  348   333.00        9.002778E+14   9.5457E-04   9.7059E-04   0.98350
FLUX  349   335.00        8.949030E+14   9.3859E-04   9.6164E-04   0.97603
FLUX  350   337.00        8.895920E+14   9.3377E-04   9.5281E-04   0.98001
FLUX  351   339.00        8.843437E+14   9.3468E-04   9.4410E-04   0.99002
FLUX  352   341.00        8.791569E+14   9.2488E-04   9.3551E-04   0.98864
FLUX  353   343.00        8.740306E+14   9.2109E-04   9.2907E-04   0.99141
FLUX  354   345.00        8.689638E+14   9.0530E-04   9.2067E-04   0.98330
FLUX  355   347.00        8.639553E+14   9.0250E-04   9.1239E-04   0.98917
FLUX  356   349.00        8.590043E+14   8.9522E-04   9.0421E-04   0.99006
FLUX  357   351.00        8.541097E+14   8.8846E-04   8.9614E-04   0.99143
FLUX  358   353.00        8.492705E+14   8.8135E-04   8.8817E-04   0.99232
FLUX  359   355.00        8.444859E+14   8.7296E-04   8.8031E-04   0.99165
FLUX  360   357.00        8.397549E+14   8.6577E-04   8.7255E-04   0.99223
FLUX  361   359.00        8.350766E+14   8.5586E-04   8.6489E-04   0.98956
FLUX  362   361.00        8.304501E+14   8.4537E-04   8.5734E-04   0.98605
FLUX  363   363.00        8.258747E+14   8.4053E-04   8.4987E-04   0.98901
FLUX  364   364.00        8.236058E+14   8.3192E-04   8.4618E-04   0.98315
FLUX  365   365.00        8.213493E+14   7.8260E-04   9.2646E-04   0.84473
FLUX  366   367.00        8.168733E+14   7.7803E-04   9.1831E-04   0.84724
FLUX  367   369.00        8.124458E+14   7.7203E-04   9.1151E-04   0.84697
FLUX  368   371.00        8.080660E+14   7.5790E-04   9.0357E-04   0.83878
FLUX  369   373.00        8.037332E+14   7.5914E-04   8.9573E-04   0.84751
FLUX  370   375.00        7.994467E+14   7.7616E-04   8.8799E-04   0.87407
FLUX  371   377.00        7.952056E+14   7.7680E-04   8.8034E-04   0.88239
FLUX  372   379.00        7.910092E+14   8.0216E-04   8.7278E-04   0.91909
FLUX  373   381.00        7.868570E+14   8.2040E-04   8.6532E-04   0.94808
FLUX  374   383.00        7.827480E+14   7.6691E-04   8.5795E-04   0.89388
FLUX  375   385.00        7.786818E+14   8.2562E-04   8.5067E-04   0.97055
FLUX  376   387.00        7.746576E+14   8.0567E-04   8.4349E-04   0.95517
FLUX  377   389.00        7.706748E+14   7.4588E-04   8.3638E-04   0.89179
FLUX  378   391.00        7.667327E+14   8.1910E-04   8.2937E-04   0.98761
FLUX  379   393.00        7.628308E+14   7.9842E-04   8.2244E-04   0.97080
FLUX  380   395.00        7.589684E+14   7.8979E-04   8.1559E-04   0.96836
FLUX  381   397.00        7.551448E+14   7.1453E-04   8.0883E-04   0.88342
FLUX  382   399.00        7.513596E+14   7.8928E-04   8.0214E-04   0.98396
FLUX  383   401.00        7.476122E+14   7.8140E-04   7.9554E-04   0.98223
FLUX  384   403.00        7.439020E+14   7.6363E-04   7.8901E-04   0.96783
FLUX  385   405.00        7.402284E+14   7.6987E-04   7.8256E-04   0.98378
FLUX  386   407.00        7.365909E+14   7.4827E-04   7.7619E-04   0.96402
FLUX  387   409.00        7.329890E+14   7.2223E-04   7.6990E-04   0.93809
FLUX  388   411.00        7.294221E+14   6.8328E-04   7.6367E-04   0.89473
FLUX  389   413.00        7.258898E+14   7.3355E-04   7.5753E-04   0.96835
FLUX  390   415.00        7.223916E+14   7.3132E-04   7.5145E-04   0.97321
FLUX  391   417.00        7.189269E+14   7.3390E-04   7.4545E-04   0.98450
FLUX  392   419.00        7.154952E+14   7.2754E-04   7.3951E-04   0.98381
FLUX  393   421.00        7.120962E+14   7.1860E-04   7.3365E-04   0.97948
FLUX  394   423.00        7.087293E+14   7.1969E-04   7.2785E-04   0.98878
FLUX  395   425.00        7.053941E+14   7.0720E-04   7.2212E-04   0.97934
FLUX  396   427.00        7.020902E+14   6.9906E-04   7.1645E-04   0.97573
FLUX  397   429.00        6.988170E+14   6.9335E-04   7.1085E-04   0.97538
FLUX  398   431.00        6.955742E+14   6.8107E-04   7.0532E-04   0.96561
FLUX  399   433.00        6.923614E+14   6.5851E-04   6.9985E-04   0.94093
FLUX  400   435.00        6.891782E+14   6.2607E-04   6.9443E-04   0.90156
FLUX  401   437.00        6.860240E+14   6.6923E-04   6.8908E-04   0.97118
FLUX  402   439.00        6.828986E+14   6.6212E-04   6.8379E-04   0.96830
FLUX  403   441.00        6.798016E+14   6.5720E-04   6.7856E-04   0.96852
FLUX  404   443.00        6.767325E+14   6.6033E-04   6.7339E-04   0.98061
FLUX  405   445.00        6.736910E+14   6.5346E-04   6.6827E-04   0.97784
FLUX  406   447.00        6.706767E+14   6.4362E-04   6.6321E-04   0.97046
FLUX  407   449.00        6.676893E+14   6.4679E-04   6.5820E-04   0.98266
FLUX  408   451.00        6.647284E+14   6.3359E-04   6.5325E-04   0.96991
FLUX  409   453.00        6.617936E+14   6.3321E-04   6.4835E-04   0.97664
FLUX  410   455.00        6.588846E+14   6.2379E-04   6.4351E-04   0.96936
FLUX  411   457.00        6.560011E+14   6.2773E-04   6.3872E-04   0.98280
FLUX  412   459.00        6.531427E+14   6.2003E-04   6.3398E-04   0.97800
FLUX  413   461.00        6.503091E+14   6.1619E-04   6.2929E-04   0.97919
FLUX  414   463.00        6.475000E+14   6.0752E-04   6.2465E-04   0.97258
FLUX  415   465.00        6.447151E+14   5.7854E-04   6.2006E-04   0.93304
FLUX  416   467.00        6.419540E+14   5.9958E-04   6.1552E-04   0.97410
FLUX  417   469.00        6.392164E+14   5.9138E-04   6.1103E-04   0.96784
FLUX  418   471.00        6.365021E+14   5.9190E-04   6.0659E-04   0.97579
FLUX  419   473.00        6.338108E+14   5.9899E-04   6.0219E-04   0.99468
FLUX  420   475.00        6.311421E+14   5.9420E-04   5.9784E-04   0.99391
FLUX  421   477.00        6.284958E+14   5.9259E-04   5.9354E-04   0.99840
FLUX  422   479.00        6.258716E+14   5.8806E-04   5.8928E-04   0.99794
FLUX  423   481.00        6.232692E+14   5.8264E-04   5.8507E-04   0.99585
FLUX  424   483.00        6.206884E+14   5.7713E-04   5.8090E-04   0.99352
FLUX  425   485.00        6.181289E+14   5.6223E-04   5.7677E-04   0.97480
FLUX  426   487.00        6.155903E+14   5.2123E-04   5.7268E-04   0.91015
FLUX  427   489.00        6.130726E+14   5.6436E-04   5.6864E-04   0.99246
FLUX  428   491.00        6.105754E+14   5.6055E-04   5.6464E-04   0.99276
FLUX  429   493.00        6.080984E+14   5.5232E-04   5.6068E-04   0.98509
FLUX  430   495.00        6.056414E+14   5.5174E-04   5.5676E-04   0.99097
FLUX  431   497.00        6.032042E+14   5.5212E-04   5.5289E-04   0.99861
FLUX  432   499.00        6.007866E+14   5.4838E-04   5.4905E-04   0.99879
FLUX  433   501.00        5.983882E+14   5.3480E-04   5.4525E-04   0.98083
FLUX  434   503.00        5.960089E+14   5.3761E-04   5.4149E-04   0.99283
FLUX  435   505.00        5.936485E+14   5.3392E-04   5.3777E-04   0.99284
FLUX  436   507.00        5.913067E+14   5.3330E-04   5.3408E-04   0.99853
FLUX  437   509.00        5.889833E+14   5.2938E-04   5.3044E-04   0.99801
FLUX  438   511.00        5.866781E+14   5.2544E-04   5.2682E-04   0.99737
FLUX  439   513.00        5.843908E+14   5.2087E-04   5.2325E-04   0.99545
FLUX  440   515.00        5.821214E+14   5.1760E-04   5.1971E-04   0.99595
FLUX  441   517.00        5.798694E+14   5.1410E-04   5.1621E-04   0.99591
FLUX  442   519.00        5.776349E+14   5.1133E-04   5.1274E-04   0.99726
FLUX  443   521.00        5.754175E+14   5.0833E-04   5.0930E-04   0.99809
FLUX  444   523.00        5.732170E+14   5.0516E-04   5.0590E-04   0.99853
FLUX  445   525.00        5.710333E+14   4.9918E-04   5.0254E-04   0.99332
FLUX  446   527.00        5.688662E+14   4.9579E-04   4.9920E-04   0.99316
FLUX  447   529.00        5.667155E+14   4.9515E-04   4.9590E-04   0.99849
FLUX  448   531.00        5.645810E+14   4.9168E-04   4.9263E-04   0.99807
FLUX  449   533.00        5.624625E+14   4.8852E-04   4.8939E-04   0.99822
FLUX  450   535.00        5.603598E+14   4.8562E-04   4.8618E-04   0.99884
FLUX  451   537.00        5.582728E+14   4.8230E-04   4.8301E-04   0.99853
FLUX  452   539.00        5.562013E+14   4.7879E-04   4.7986E-04   0.99776
FLUX  453   541.00        5.541451E+14   4.7067E-04   4.7674E-04   0.98725
FLUX  454   543.00        5.521041E+14   4.7319E-04   4.7366E-04   0.99901
FLUX  455   545.00        5.500780E+14   4.7008E-04   4.7060E-04   0.99890
FLUX  456   547.00        5.480667E+14   4.6671E-04   4.6757E-04   0.99816
FLUX  457   549.00        5.460701E+14   4.6383E-04   4.6457E-04   0.99841
FLUX  458   551.00        5.440880E+14   4.6055E-04   4.6160E-04   0.99774
FLUX  459   553.00        5.421203E+14   4.5782E-04   4.5865E-04   0.99819
FLUX  460   555.00        5.401667E+14   4.5544E-04   4.5574E-04   0.99935
FLUX  461   557.00        5.382271E+14   4.5191E-04   4.5285E-04   0.99793
FLUX  462   559.00        5.363014E+14   4.4778E-04   4.4998E-04   0.99511
FLUX  463   561.00        5.343895E+14   4.4690E-04   4.4715E-04   0.99946
FLUX  464   563.00        5.324911E+14   4.4408E-04   4.4434E-04   0.99942
FLUX  465   565.00        5.306062E+14   4.4105E-04   4.4155E-04   0.99887
FLUX  466   567.00        5.287346E+14   4.3737E-04   4.3879E-04   0.99675
FLUX  467   569.00        5.268761E+14   4.2712E-04   4.3606E-04   0.97950
FLUX  468   571.00        5.250306E+14   4.1633E-04   4.3393E-04   0.95943
FLUX  469   573.00        5.231981E+14   4.1420E-04   4.3124E-04   0.96048
FLUX  470   575.00        5.213783E+14   4.1098E-04   4.2858E-04   0.95895
FLUX  471   577.00        5.195711E+14   4.0980E-04   4.2593E-04   0.96212
FLUX  472   579.00        5.177763E+14   4.0728E-04   4.2331E-04   0.96212
FLUX  473   581.00        5.159940E+14   4.0350E-04   4.2072E-04   0.95908
FLUX  474   583.00        5.142238E+14   4.0208E-04   4.1815E-04   0.96158
FLUX  475   585.00        5.124658E+14   4.0254E-04   4.1560E-04   0.96857
FLUX  476   587.00        5.107198E+14   3.9461E-04   4.1307E-04   0.95529
FLUX  477   589.00        5.089856E+14   3.9927E-04   4.1057E-04   0.97248
FLUX  478   591.00        5.072631E+14   3.9889E-04   4.0809E-04   0.97746
FLUX  479   593.00        5.055523E+14   3.9785E-04   4.0563E-04   0.98082
FLUX  480   595.00        5.038529E+14   3.9737E-04   4.0320E-04   0.98556
FLUX  481   597.00        5.021650E+14   3.9776E-04   4.0078E-04   0.99245
FLUX  482   599.00        5.004883E+14   3.9583E-04   3.9839E-04   0.99357
FLUX  483   601.00        4.988228E+14   3.9481E-04   3.9602E-04   0.99695
FLUX  484   603.00        4.971683E+14   3.9176E-04   3.9366E-04   0.99517
FLUX  485   605.00        4.955248E+14   3.8971E-04   3.9133E-04   0.99586
FLUX  486   607.00        4.938921E+14   3.8777E-04   3.8902E-04   0.99678
FLUX  487   609.00        4.922701E+14   3.8597E-04   3.8673E-04   0.99803
FLUX  488   611.00        4.906588E+14   3.8310E-04   3.8446E-04   0.99646
FLUX  489   613.00        4.890579E+14   3.8110E-04   3.8221E-04   0.99709
FLUX  490   615.00        4.874675E+14   3.7810E-04   3.7998E-04   0.99503
FLUX  491   617.00        4.858874E+14   3.7576E-04   3.7777E-04   0.99466
FLUX  492   619.00        4.843174E+14   3.7495E-04   3.7558E-04   0.99833
FLUX  493   621.00        4.827576E+14   3.7313E-04   3.7341E-04   0.99927
FLUX  494   623.00        4.812079E+14   3.7006E-04   3.7125E-04   0.99679
FLUX  495   625.00        4.796680E+14   3.6822E-04   3.6912E-04   0.99757
FLUX  496   627.00        4.781380E+14   3.6652E-04   3.6700E-04   0.99869
FLUX  497   629.00        4.766176E+14   3.6457E-04   3.6490E-04   0.99909
FLUX  498   631.00        4.751070E+14   3.6103E-04   3.6282E-04   0.99507
FLUX  499   633.00        4.736058E+14   3.6053E-04   3.6075E-04   0.99938
FLUX  500   635.00        4.721142E+14   3.5802E-04   3.5870E-04   0.99809
FLUX  501   637.00        4.706319E+14   3.5655E-04   3.5667E-04   0.99964
FLUX  502   639.00        4.691588E+14   3.5443E-04   3.5466E-04   0.99935
FLUX  503   641.00        4.676950E+14   3.5130E-04   3.5266E-04   0.99614
FLUX  504   643.00        4.662403E+14   3.5060E-04   3.5068E-04   0.99977
FLUX  505   645.00        4.647946E+14   3.4803E-04   3.4872E-04   0.99804
FLUX  506   647.00        4.633578E+14   3.4540E-04   3.4677E-04   0.99604
FLUX  507   649.00        4.619299E+14   3.4382E-04   3.4484E-04   0.99704
FLUX  508   651.00        4.605108E+14   3.4148E-04   3.4293E-04   0.99579
FLUX  509   653.00        4.591003E+14   3.3853E-04   3.4103E-04   0.99268
FLUX  510   655.00        4.576985E+14   3.3425E-04   3.3914E-04   0.98557
FLUX  511   657.00        4.563052E+14   3.0642E-04   3.3727E-04   0.90851
FLUX  512   659.00        4.549203E+14   3.3330E-04   3.3542E-04   0.99367
FLUX  513   661.00        4.535439E+14   3.3300E-04   3.3358E-04   0.99827
FLUX  514   663.00        4.521757E+14   3.3159E-04   3.3176E-04   0.99948
FLUX  515   665.00        4.508158E+14   3.2959E-04   3.3003E-04   0.99866
FLUX  516   667.00        4.494640E+14   3.2474E-04   3.2823E-04   0.98934
FLUX  517   669.00        4.481203E+14   3.2205E-04   3.2645E-04   0.98650
FLUX  518   671.00        4.467846E+14   3.2347E-04   3.2469E-04   0.99625
FLUX  519   673.00        4.454569E+14   3.2099E-04   3.2293E-04   0.99398
FLUX  520   675.00        4.441370E+14   3.1996E-04   3.2119E-04   0.99615
FLUX  521   677.00        4.428250E+14   3.1904E-04   3.1947E-04   0.99866
FLUX  522   679.00        4.415206E+14   3.1677E-04   3.1776E-04   0.99690
FLUX  523   681.00        4.402239E+14   3.1584E-04   3.1606E-04   0.99929
FLUX  524   683.00        4.389348E+14   3.1414E-04   3.1438E-04   0.99926
FLUX  525   685.00        4.376533E+14   3.1240E-04   3.1271E-04   0.99901
FLUX  526   687.00        4.363792E+14   3.1041E-04   3.1105E-04   0.99797
FLUX  527   689.00        4.351125E+14   3.0687E-04   3.0940E-04   0.99180
FLUX  528   691.00        4.338531E+14   3.0660E-04   3.0777E-04   0.99622
FLUX  529   693.00        4.326010E+14   3.0612E-04   3.0615E-04   0.99992
FLUX  530   695.00        4.313561E+14   3.0445E-04   3.0454E-04   0.99970
FLUX  531   697.00        4.301184E+14   3.0292E-04   3.0295E-04   0.99990
FLUX  532   699.00        4.288877E+14   3.0128E-04   3.0137E-04   0.99970
FLUX  533   701.00        4.276641E+14   2.9927E-04   2.9980E-04   0.99823
FLUX  534   703.00        4.264474E+14   2.9700E-04   2.9824E-04   0.99585
FLUX  535   705.00        4.252376E+14   2.9602E-04   2.9669E-04   0.99774
FLUX  536   707.00        4.240347E+14   2.9126E-04   2.9516E-04   0.98679
FLUX  537   709.00        4.228385E+14   2.9356E-04   2.9364E-04   0.99974
FLUX  538   711.00        4.216491E+14   2.9125E-04   2.9213E-04   0.99698
FLUX  539   713.00        4.204663E+14   2.8993E-04   2.9063E-04   0.99760
FLUX  540   715.00        4.192902E+14   2.8913E-04   2.8914E-04   0.99997
FLUX  541   717.00        4.181206E+14   2.8639E-04   2.8767E-04   0.99556
FLUX  542   719.00        4.169576E+14   2.8562E-04   2.8620E-04   0.99798
FLUX  543   721.00        4.158010E+14   2.8474E-04   2.8475E-04   0.99997
FLUX  544   723.00        4.146508E+14   2.8122E-04   2.8330E-04   0.99266
FLUX  545   725.00        4.135069E+14   2.8143E-04   2.8187E-04   0.99843
FLUX  546   727.00        4.123693E+14   2.8042E-04   2.8045E-04   0.99991
FLUX  547   729.00        4.112380E+14   2.7740E-04   2.7904E-04   0.99414
FLUX  548   731.00        4.101129E+14   2.7731E-04   2.7764E-04   0.99883
FLUX  549   733.00        4.089939E+14   2.7613E-04   2.7625E-04   0.99957
FLUX  550   735.00        4.078810E+14   2.7481E-04   2.7487E-04   0.99978
FLUX  551   737.00        4.067741E+14   2.7337E-04   2.7350E-04   0.99952
FLUX  552   739.00        4.056732E+14   2.7211E-04   2.7214E-04   0.99989
FLUX  553   741.00        4.045783E+14   2.7066E-04   2.7079E-04   0.99952
FLUX  554   743.00        4.034892E+14   2.6943E-04   2.6945E-04   0.99991
FLUX  555   745.00        4.024060E+14   2.6778E-04   2.6814E-04   0.99867
FLUX  556   747.00        4.013286E+14   2.6610E-04   2.6682E-04   0.99730
FLUX  557   749.00        4.002570E+14   2.6408E-04   2.6551E-04   0.99463
FLUX  558   751.00        3.991911E+14   2.6394E-04   2.6421E-04   0.99898
FLUX  559   753.00        3.981308E+14   2.6258E-04   2.6292E-04   0.99873
FLUX  560   755.00        3.970762E+14   2.6147E-04   2.6164E-04   0.99937
FLUX  561   757.00        3.960271E+14   2.6003E-04   2.6036E-04   0.99871
FLUX  562   759.00        3.949835E+14   2.5682E-04   2.5910E-04   0.99121
FLUX  563   761.00        3.939455E+14   2.5698E-04   2.5785E-04   0.99666
FLUX  564   763.00        3.929128E+14   2.5612E-04   2.5660E-04   0.99814
FLUX  565   765.00        3.918856E+14   2.5502E-04   2.5536E-04   0.99866
FLUX  566   767.00        3.908638E+14   2.5400E-04   2.5414E-04   0.99946
FLUX  567   769.00        3.898472E+14   2.5193E-04   2.5292E-04   0.99610
FLUX  568   771.00        3.888359E+14   2.5106E-04   2.5171E-04   0.99741
FLUX  569   773.00        3.878299E+14   2.4936E-04   2.5051E-04   0.99543
FLUX  570   775.00        3.868290E+14   2.4888E-04   2.4931E-04   0.99827
FLUX  571   777.00        3.858333E+14   2.4804E-04   2.4813E-04   0.99962
FLUX  572   779.00        3.848427E+14   2.4675E-04   2.4695E-04   0.99916
FLUX  573   781.00        3.838572E+14   2.4566E-04   2.4579E-04   0.99948
FLUX  574   783.00        3.828768E+14   2.4453E-04   2.4463E-04   0.99959
FLUX  575   785.00        3.819013E+14   2.4280E-04   2.4359E-04   0.99675
FLUX  576   787.00        3.809307E+14   2.4169E-04   2.4245E-04   0.99688
FLUX  577   789.00        3.799651E+14   2.4065E-04   2.4131E-04   0.99726
FLUX  578   791.00        3.790044E+14   2.3984E-04   2.4018E-04   0.99858
FLUX  579   793.00        3.780485E+14   2.3873E-04   2.3906E-04   0.99861
FLUX  580   795.00        3.770975E+14   2.3784E-04   2.3795E-04   0.99955
FLUX  581   797.00        3.761512E+14   2.3645E-04   2.3685E-04   0.99833
FLUX  582   799.00        3.752096E+14   2.3557E-04   2.3575E-04   0.99922
FLUX  583   801.00        3.742728E+14   2.3443E-04   2.3466E-04   0.99902
FLUX  584   803.00        3.733406E+14   2.3310E-04   2.3358E-04   0.99797
FLUX  585   805.00        3.724130E+14   2.3239E-04   2.3250E-04   0.99951
FLUX  586   807.00        3.714901E+14   2.3131E-04   2.3143E-04   0.99947
FLUX  587   809.00        3.705717E+14   2.3011E-04   2.3037E-04   0.99884
FLUX  588   811.00        3.696578E+14   2.2822E-04   2.2932E-04   0.99521
FLUX  589   813.00        3.687485E+14   2.2818E-04   2.2828E-04   0.99956
FLUX  590   815.00        3.678436E+14   2.2693E-04   2.2724E-04   0.99863
FLUX  591   817.00        3.669431E+14   2.2599E-04   2.2620E-04   0.99903
FLUX  592   819.00        3.660470E+14   2.2404E-04   2.2518E-04   0.99492
FLUX  593   821.00        3.651553E+14   2.1952E-04   2.2899E-04   0.95862
FLUX  594   823.00        3.642679E+14   2.1756E-04   2.2795E-04   0.95442
FLUX  595   825.00        3.633848E+14   2.1774E-04   2.2692E-04   0.95954
FLUX  596   827.00        3.625060E+14   2.1592E-04   2.2593E-04   0.95565
FLUX  597   829.00        3.616315E+14   2.1587E-04   2.2492E-04   0.95979
FLUX  598   831.00        3.607611E+14   2.1523E-04   2.2391E-04   0.96127
FLUX  599   833.00        3.598950E+14   2.1356E-04   2.2290E-04   0.95810
FLUX  600   835.00        3.590329E+14   2.1204E-04   2.2190E-04   0.95554
FLUX  601   837.00        3.581750E+14   2.1193E-04   2.2091E-04   0.95936
FLUX  602   839.00        3.573212E+14   2.1161E-04   2.1993E-04   0.96216
FLUX  603   841.00        3.564715E+14   2.1059E-04   2.1895E-04   0.96181
FLUX  604   843.00        3.556257E+14   2.0986E-04   2.1798E-04   0.96276
FLUX  605   845.00        3.547840E+14   2.0841E-04   2.1701E-04   0.96038
FLUX  606   847.00        3.539463E+14   2.0811E-04   2.1605E-04   0.96324
FLUX  607   849.00        3.531125E+14   2.0731E-04   2.1510E-04   0.96379
FLUX  608   851.00        3.522826E+14   2.0502E-04   2.1415E-04   0.95735
FLUX  609   853.00        3.514566E+14   2.0594E-04   2.1321E-04   0.96589
FLUX  610   855.00        3.506345E+14   2.0368E-04   2.1228E-04   0.95947
FLUX  611   857.00        3.498162E+14   2.0531E-04   2.1135E-04   0.97140
FLUX  612   859.00        3.490017E+14   2.0149E-04   2.1043E-04   0.95753
FLUX  613   861.00        3.481911E+14   2.0124E-04   2.0951E-04   0.96049
FLUX  614   863.00        3.473841E+14   2.0415E-04   2.0860E-04   0.97865
FLUX  615   865.00        3.465809E+14   2.0151E-04   2.0770E-04   0.97019
FLUX  616   867.00        3.457814E+14   1.9443E-04   2.0680E-04   0.94017
FLUX  617   869.00        3.449856E+14   2.0210E-04   2.0591E-04   0.98152
FLUX  618   871.00        3.441935E+14   2.0238E-04   2.0502E-04   0.98712
FLUX  619   873.00        3.434049E+14   1.9981E-04   2.0414E-04   0.97878
FLUX  620   875.00        3.426200E+14   1.8827E-04   2.0326E-04   0.92622
FLUX  621   877.00        3.418387E+14   1.9706E-04   2.0239E-04   0.97365
FLUX  622   879.00        3.410609E+14   2.0009E-04   2.0153E-04   0.99286
FLUX  623   881.00        3.402866E+14   1.9970E-04   2.0067E-04   0.99515
FLUX  624   883.00        3.395159E+14   1.9828E-04   1.9982E-04   0.99233
FLUX  625   885.00        3.387486E+14   1.9192E-04   1.9897E-04   0.96455
FLUX  626   887.00        3.379848E+14   1.8210E-04   1.9813E-04   0.91909
FLUX  627   889.00        3.372244E+14   1.9521E-04   1.9729E-04   0.98946
FLUX  628   891.00        3.364675E+14   1.9559E-04   1.9646E-04   0.99558
FLUX  629   893.00        3.357139E+14   1.9480E-04   1.9563E-04   0.99574
FLUX  630   895.00        3.349637E+14   1.9413E-04   1.9481E-04   0.99653
FLUX  631   897.00        3.342168E+14   1.9339E-04   1.9399E-04   0.99688
FLUX  632   899.00        3.334733E+14   1.9078E-04   1.9318E-04   0.98758
FLUX  633   901.00        3.327331E+14   1.7670E-04   1.9237E-04   0.91853
FLUX  634   903.00        3.319961E+14   1.8354E-04   1.9157E-04   0.95807
FLUX  635   905.00        3.312624E+14   1.8974E-04   1.9078E-04   0.99457
FLUX  636   907.00        3.305320E+14   1.8843E-04   1.8998E-04   0.99182
FLUX  637   909.00        3.298047E+14   1.8845E-04   1.8920E-04   0.99606
FLUX  638   911.00        3.290807E+14   1.8810E-04   1.8841E-04   0.99835
FLUX  639   913.00        3.283598E+14   1.8746E-04   1.8764E-04   0.99905
FLUX  640   915.00        3.276421E+14   1.8682E-04   1.8687E-04   0.99973
FLUX  641   917.00        3.269275E+14   1.8560E-04   1.8610E-04   0.99732
FLUX  642   919.00        3.262160E+14   1.8468E-04   1.8533E-04   0.99646
FLUX  643   921.00        3.255076E+14   1.8034E-04   1.8458E-04   0.97705
FLUX  644   923.00        3.248023E+14   1.6498E-04   1.8382E-04   0.89752
FLUX  645   925.00        3.241000E+14   1.7896E-04   1.8307E-04   0.97752
FLUX  646   927.00        3.234008E+14   1.8156E-04   1.8233E-04   0.99577
FLUX  647   929.00        3.227045E+14   1.8116E-04   1.8159E-04   0.99765
FLUX  648   931.00        3.220113E+14   1.8015E-04   1.8085E-04   0.99609
FLUX  649   933.00        3.213210E+14   1.7959E-04   1.8012E-04   0.99706
FLUX  650   935.00        3.206337E+14   1.7742E-04   1.7939E-04   0.98900
FLUX  651   937.00        3.199493E+14   1.7791E-04   1.7867E-04   0.99574
FLUX  652   939.00        3.192678E+14   1.7769E-04   1.7795E-04   0.99850
FLUX  653   941.00        3.185893E+14   1.7657E-04   1.7724E-04   0.99622
FLUX  654   943.00        3.179136E+14   1.7607E-04   1.7653E-04   0.99738
FLUX  655   945.00        3.172407E+14   1.7544E-04   1.7582E-04   0.99784
FLUX  656   947.00        3.165707E+14   1.7435E-04   1.7512E-04   0.99558
FLUX  657   949.00        3.159036E+14   1.7396E-04   1.7442E-04   0.99732
FLUX  658   951.00        3.152392E+14   1.7190E-04   1.7373E-04   0.98950
FLUX  659   953.00        3.145776E+14   1.6815E-04   1.7304E-04   0.97176
FLUX  660   955.00        3.139188E+14   1.5435E-04   1.7236E-04   0.89553
FLUX  661   957.00        3.132628E+14   1.6893E-04   1.7167E-04   0.98402
FLUX  662   959.00        3.126095E+14   1.7040E-04   1.7100E-04   0.99653
FLUX  663   961.00        3.119589E+14   1.6964E-04   1.7032E-04   0.99602
FLUX  664   963.00        3.113110E+14   1.6860E-04   1.6965E-04   0.99380
FLUX  665   965.00        3.106658E+14   1.6884E-04   1.6899E-04   0.99912
FLUX  666   967.00        3.100233E+14   1.6829E-04   1.6833E-04   0.99980
FLUX  667   969.00        3.093834E+14   1.6754E-04   1.6767E-04   0.99925
FLUX  668   971.00        3.087461E+14   1.6222E-04   1.6702E-04   0.97127
FLUX  669   973.00        3.081115E+14   1.6545E-04   1.6637E-04   0.99452
FLUX  670   975.00        3.074795E+14   1.6562E-04   1.6572E-04   0.99941
FLUX  671   977.00        3.068501E+14   1.6468E-04   1.6508E-04   0.99762
FLUX  672   979.00        3.062232E+14   1.6435E-04   1.6444E-04   0.99947
FLUX  673   981.00        3.055989E+14   1.6366E-04   1.6380E-04   0.99913
FLUX  674   983.00        3.049771E+14   1.6304E-04   1.6317E-04   0.99919
FLUX  675   985.00        3.043579E+14   1.6239E-04   1.6254E-04   0.99905
FLUX  676   987.00        3.037411E+14   1.6176E-04   1.6192E-04   0.99899
FLUX  677   989.00        3.031269E+14   1.6087E-04   1.6130E-04   0.99736
FLUX  678   991.00        3.025151E+14   1.5986E-04   1.6068E-04   0.99492
FLUX  679   993.00        3.019058E+14   1.6000E-04   1.6007E-04   0.99959
FLUX  680   995.00        3.012990E+14   1.5941E-04   1.5946E-04   0.99972
FLUX  681   997.00        3.006946E+14   1.5867E-04   1.5885E-04   0.99886
FLUX  682   999.00        3.000926E+14   1.5816E-04   1.5825E-04   0.99948
FLUX  683  1002.50        2.990449E+14   1.5294E-04   1.5720E-04   0.97292
FLUX  684  1007.50        2.975608E+14   1.4967E-04   1.5572E-04   0.96118
FLUX  685  1012.50        2.960914E+14   1.5225E-04   1.5426E-04   0.98696
FLUX  686  1017.50        2.946364E+14   1.5280E-04   1.5282E-04   0.99989
FLUX  687  1022.50        2.931956E+14   1.5127E-04   1.5140E-04   0.99912
FLUX  688  1027.50        2.917689E+14   1.4986E-04   1.5000E-04   0.99903
FLUX  689  1032.50        2.903559E+14   1.4810E-04   1.4862E-04   0.99649
FLUX  690  1037.50        2.889566E+14   1.4724E-04   1.4726E-04   0.99984
FLUX  691  1042.50        2.875707E+14   1.4571E-04   1.4592E-04   0.99858
FLUX  692  1047.50        2.861981E+14   1.4458E-04   1.4460E-04   0.99991
FLUX  693  1052.50        2.848385E+14   1.4321E-04   1.4329E-04   0.99947
FLUX  694  1057.50        2.834917E+14   1.4197E-04   1.4200E-04   0.99981
FLUX  695  1062.50        2.821576E+14   1.4069E-04   1.4073E-04   0.99974
FLUX  696  1067.50        2.808361E+14   1.3933E-04   1.3947E-04   0.99898
FLUX  697  1072.50        2.795268E+14   1.3822E-04   1.3824E-04   0.99989
FLUX  698  1077.50        2.782297E+14   1.3698E-04   1.3701E-04   0.99975
FLUX  699  1082.50        2.769446E+14   1.3460E-04   1.3581E-04   0.99112
FLUX  700  1087.50        2.756713E+14   1.3442E-04   1.3462E-04   0.99854
FLUX  701  1092.50        2.744096E+14   1.2597E-04   1.3344E-04   0.94403
FLUX  702  1097.50        2.731595E+14   1.3056E-04   1.3228E-04   0.98699
FLUX  703  1102.50        2.719206E+14   1.3068E-04   1.3114E-04   0.99649
FLUX  704  1107.50        2.706930E+14   1.2995E-04   1.3001E-04   0.99957
FLUX  705  1112.50        2.694764E+14   1.2884E-04   1.2889E-04   0.99959
FLUX  706  1117.50        2.682707E+14   1.2780E-04   1.2781E-04   0.99992
FLUX  707  1122.50        2.670757E+14   1.2666E-04   1.2672E-04   0.99952
FLUX  708  1127.50        2.658914E+14   1.2560E-04   1.2565E-04   0.99964
FLUX  709  1132.50        2.647174E+14   1.2443E-04   1.2459E-04   0.99875
FLUX  710  1137.50        2.635538E+14   1.2345E-04   1.2354E-04   0.99925
FLUX  711  1142.50        2.624004E+14   1.2242E-04   1.2251E-04   0.99930
FLUX  712  1147.50        2.612571E+14   1.2143E-04   1.2149E-04   0.99953
FLUX  713  1152.50        2.601236E+14   1.2047E-04   1.2048E-04   0.99993
FLUX  714  1157.50        2.590000E+14   1.1935E-04   1.1948E-04   0.99889
FLUX  715  1162.50        2.578860E+14   1.1793E-04   1.1850E-04   0.99524
FLUX  716  1167.50        2.567816E+14   1.1709E-04   1.1752E-04   0.99627
FLUX  717  1172.50        2.556866E+14   1.1656E-04   1.1656E-04   0.99997
FLUX  718  1177.50        2.546008E+14   1.1560E-04   1.1562E-04   0.99987
FLUX  719  1182.50        2.535243E+14   1.1456E-04   1.1468E-04   0.99892
FLUX  720  1187.50        2.524568E+14   1.1370E-04   1.1375E-04   0.99953
FLUX  721  1192.50        2.513983E+14   1.1279E-04   1.1284E-04   0.99955
FLUX  722  1197.50        2.503486E+14   1.1086E-04   1.1193E-04   0.99045
FLUX  723  1202.50        2.493077E+14   1.1103E-04   1.1104E-04   0.99993
FLUX  724  1207.50        2.482754E+14   1.1011E-04   1.1016E-04   0.99959
FLUX  725  1212.50        2.472515E+14   1.0915E-04   1.0929E-04   0.99881
FLUX  726  1217.50        2.462361E+14   1.0841E-04   1.0842E-04   0.99985
FLUX  727  1222.50        2.452290E+14   1.0754E-04   1.0757E-04   0.99976
FLUX  728  1227.50        2.442301E+14   1.0673E-04   1.0673E-04   0.99997
FLUX  729  1232.50        2.432394E+14   1.0586E-04   1.0590E-04   0.99963
FLUX  730  1237.50        2.422566E+14   1.0505E-04   1.0507E-04   0.99974
FLUX  731  1242.50        2.412817E+14   1.0426E-04   1.0426E-04   0.99997
FLUX  732  1247.50        2.403146E+14   1.0343E-04   1.0346E-04   0.99971
FLUX  733  1252.50        2.393553E+14   1.0244E-04   1.0266E-04   0.99779
FLUX  734  1257.50        2.384036E+14   1.0178E-04   1.0188E-04   0.99901
FLUX  735  1262.50        2.374594E+14   1.0106E-04   1.0110E-04   0.99957
FLUX  736  1267.50        2.365227E+14   1.0033E-04   1.0033E-04   0.99991
FLUX  737  1272.50        2.355933E+14   9.9560E-05   9.9575E-05   0.99985
FLUX  738  1277.50        2.346712E+14   9.7681E-05   9.8824E-05   0.98843
FLUX  739  1282.50        2.337563E+14   9.2557E-05   9.8082E-05   0.94366
FLUX  740  1287.50        2.328485E+14   9.7101E-05   9.7349E-05   0.99746
FLUX  741  1292.50        2.319478E+14   9.6614E-05   9.6623E-05   0.99991
FLUX  742  1297.50        2.310539E+14   9.5467E-05   9.5906E-05   0.99542
FLUX  743  1302.50        2.301670E+14   9.5103E-05   9.5196E-05   0.99902
FLUX  744  1307.50        2.292868E+14   9.4492E-05   9.4494E-05   0.99998
FLUX  745  1312.50        2.284133E+14   9.3799E-05   9.3800E-05   0.99999
FLUX  746  1317.50        2.275465E+14   9.3110E-05   9.3113E-05   0.99997
FLUX  747  1322.50        2.266862E+14   9.2432E-05   9.2434E-05   0.99998
FLUX  748  1327.50        2.258324E+14   9.1761E-05   9.1762E-05   0.99998
FLUX  749  1332.50        2.249850E+14   9.1065E-05   9.1098E-05   0.99964
FLUX  750  1337.50        2.241439E+14   9.0389E-05   9.0440E-05   0.99943
FLUX  751  1342.50        2.233091E+14   8.9703E-05   8.9790E-05   0.99903
FLUX  752  1347.50        2.224805E+14   8.9120E-05   8.9147E-05   0.99970
FLUX  753  1352.50        2.216580E+14   8.8438E-05   8.8510E-05   0.99919
FLUX  754  1357.50        2.208416E+14   8.7867E-05   8.7880E-05   0.99985
FLUX  755  1362.50        2.200312E+14   8.7176E-05   8.7257E-05   0.99906
FLUX  756  1367.50        2.192267E+14   8.6625E-05   8.6641E-05   0.99982
FLUX  757  1372.50        2.184281E+14   8.5912E-05   8.6031E-05   0.99862
FLUX  758  1377.50        2.176352E+14   8.5422E-05   8.5427E-05   0.99994
FLUX  759  1382.50        2.168481E+14   8.4827E-05   8.4830E-05   0.99997
FLUX  760  1387.50        2.160667E+14   8.4227E-05   8.4239E-05   0.99986
FLUX  761  1392.50        2.152908E+14   8.3575E-05   8.3654E-05   0.99905
FLUX  762  1397.50        2.145206E+14   8.3056E-05   8.3075E-05   0.99978
FLUX  763  1402.50        2.137558E+14   8.2433E-05   8.2502E-05   0.99917
FLUX  764  1407.50        2.129964E+14   8.1931E-05   8.1934E-05   0.99995
FLUX  765  1412.50        2.122425E+14   8.1349E-05   8.1373E-05   0.99971
FLUX  766  1417.50        2.114938E+14   8.0801E-05   8.0817E-05   0.99980
FLUX  767  1422.50        2.107504E+14   8.0265E-05   8.0267E-05   0.99997
FLUX  768  1427.50        2.100123E+14   7.9708E-05   7.9723E-05   0.99981
FLUX  769  1432.50        2.092792E+14   7.9172E-05   7.9184E-05   0.99985
FLUX  770  1437.50        2.085513E+14   7.8635E-05   7.8650E-05   0.99980
FLUX  771  1442.50        2.078284E+14   7.8120E-05   7.8122E-05   0.99998
FLUX  772  1447.50        2.071105E+14   7.7598E-05   7.7598E-05   0.99999
FLUX  773  1452.50        2.063976E+14   7.7067E-05   7.7081E-05   0.99982
FLUX  774  1457.00        2.057601E+14   7.6612E-05   7.6619E-05   0.99992
FLUX  775  1462.00        2.050564E+14   7.6115E-05   7.6618E-05   0.99344
FLUX  776  1467.50        2.042879E+14   7.5568E-05   7.6061E-05   0.99352
FLUX  777  1472.50        2.035942E+14   7.5064E-05   7.5559E-05   0.99345
FLUX  778  1477.50        2.029052E+14   7.4365E-05   7.5062E-05   0.99071
FLUX  779  1482.50        2.022209E+14   7.4093E-05   7.4570E-05   0.99360
FLUX  780  1487.50        2.015412E+14   7.3615E-05   7.4083E-05   0.99367
FLUX  781  1492.50        2.008660E+14   7.3139E-05   7.3601E-05   0.99372
FLUX  782  1497.50        2.001953E+14   7.2664E-05   7.3123E-05   0.99372
FLUX  783  1502.50        1.995291E+14   7.2181E-05   7.2650E-05   0.99354
FLUX  784  1507.50        1.988673E+14   7.1646E-05   7.2182E-05   0.99258
FLUX  785  1512.50        1.982099E+14   7.1270E-05   7.1717E-05   0.99376
FLUX  786  1517.50        1.975568E+14   7.0813E-05   7.1258E-05   0.99375
FLUX  787  1522.50        1.969080E+14   7.0364E-05   7.0802E-05   0.99381
FLUX  788  1527.50        1.962635E+14   6.9895E-05   7.0351E-05   0.99351
FLUX  789  1532.50        1.956232E+14   6.9441E-05   6.9904E-05   0.99337
FLUX  790  1537.50        1.949870E+14   6.9029E-05   6.9462E-05   0.99376
FLUX  791  1542.50        1.943549E+14   6.8511E-05   6.9023E-05   0.99257
FLUX  792  1547.50        1.937270E+14   6.8160E-05   6.8589E-05   0.99375
FLUX  793  1552.50        1.931031E+14   6.7719E-05   6.8159E-05   0.99355
FLUX  794  1557.50        1.924831E+14   6.7115E-05   6.7733E-05   0.99088
FLUX  795  1562.50        1.918672E+14   6.6992E-05   6.7310E-05   0.99528
FLUX  796  1567.50        1.912552E+14   6.6345E-05   6.6892E-05   0.99182
FLUX  797  1572.50        1.906471E+14   6.5753E-05   6.6477E-05   0.98910
FLUX  798  1577.50        1.900428E+14   6.5808E-05   6.6066E-05   0.99609
FLUX  799  1582.50        1.894423E+14   6.5372E-05   6.5659E-05   0.99562
FLUX  800  1587.50        1.888457E+14   6.4080E-05   6.5256E-05   0.98198
FLUX  801  1592.50        1.882527E+14   6.4411E-05   6.4856E-05   0.99313
FLUX  802  1597.50        1.876635E+14   6.4293E-05   6.4460E-05   0.99741
FLUX  803  1605.00        1.867866E+14   6.3519E-05   6.3873E-05   0.99446
FLUX  804  1615.00        1.856300E+14   6.2162E-05   6.3103E-05   0.98510
FLUX  805  1625.00        1.844877E+14   6.2337E-05   6.2346E-05   0.99986
FLUX  806  1635.00        1.833593E+14   6.1213E-05   6.1602E-05   0.99368
FLUX  807  1645.00        1.822447E+14   5.9706E-05   6.0872E-05   0.98085
FLUX  808  1655.00        1.811435E+14   6.0144E-05   6.0154E-05   0.99984
FLUX  809  1665.00        1.800556E+14   5.9438E-05   5.9449E-05   0.99982
FLUX  810  1675.00        1.789806E+14   5.8310E-05   5.8756E-05   0.99241
FLUX  811  1685.00        1.779184E+14   5.6786E-05   5.8075E-05   0.97781
FLUX  812  1695.00        1.768687E+14   5.7392E-05   5.7406E-05   0.99975
FLUX  813  1705.00        1.758314E+14   5.6499E-05   5.6748E-05   0.99560
FLUX  814  1715.00        1.748061E+14   5.6098E-05   5.6101E-05   0.99994
FLUX  815  1725.00        1.737928E+14   5.5453E-05   5.5466E-05   0.99978
FLUX  816  1735.00        1.727911E+14   5.3186E-05   5.4841E-05   0.96983
FLUX  817  1745.00        1.718009E+14   5.4101E-05   5.4226E-05   0.99769
FLUX  818  1755.00        1.708219E+14   5.3621E-05   5.3622E-05   0.99998
FLUX  819  1765.00        1.698541E+14   5.3027E-05   5.3027E-05   1.00000
FLUX  820  1775.00        1.688972E+14   5.2435E-05   5.2443E-05   0.99985
FLUX  821  1785.00        1.679510E+14   5.1836E-05   5.1868E-05   0.99940
FLUX  822  1795.00        1.670153E+14   5.1301E-05   5.1302E-05   0.99999
FLUX  823  1805.00        1.660900E+14   5.0740E-05   5.0745E-05   0.99991
FLUX  824  1815.00        1.651749E+14   4.8665E-05   5.0197E-05   0.96948
FLUX  825  1825.00        1.642699E+14   4.9423E-05   4.9658E-05   0.99526
FLUX  826  1835.00        1.633747E+14   4.9124E-05   4.9128E-05   0.99992
FLUX  827  1845.00        1.624892E+14   4.8594E-05   4.8606E-05   0.99975
FLUX  828  1855.00        1.616132E+14   4.8017E-05   4.8093E-05   0.99842
FLUX  829  1865.00        1.607466E+14   4.7127E-05   4.7587E-05   0.99032
FLUX  830  1875.00        1.598893E+14   4.5534E-05   4.7090E-05   0.96697
FLUX  831  1885.00        1.590411E+14   4.6574E-05   4.6600E-05   0.99946
FLUX  832  1895.00        1.582018E+14   4.6088E-05   4.6117E-05   0.99937
FLUX  833  1905.00        1.573714E+14   4.5513E-05   4.5642E-05   0.99716
FLUX  834  1915.00        1.565496E+14   4.5170E-05   4.5174E-05   0.99992
FLUX  835  1925.00        1.557364E+14   4.4713E-05   4.4713E-05   0.99999
FLUX  836  1935.00        1.549315E+14   4.4212E-05   4.4260E-05   0.99894
FLUX  837  1945.00        1.541350E+14   4.2232E-05   4.3813E-05   0.96393
FLUX  838  1955.00        1.533465E+14   4.3286E-05   4.3372E-05   0.99802
FLUX  839  1965.00        1.525662E+14   4.2938E-05   4.2938E-05   0.99998
FLUX  840  1975.00        1.517937E+14   4.2511E-05   4.2511E-05   0.99999
FLUX  841  1985.00        1.510290E+14   4.2085E-05   4.2090E-05   0.99988
FLUX  842  1995.00        1.502719E+14   4.1670E-05   4.1675E-05   0.99989
FLUX  843  2005.00        1.495224E+14   4.1265E-05   4.1266E-05   0.99998
FLUX  844  2015.00        1.487804E+14   4.0863E-05   4.0864E-05   0.99999
FLUX  845  2025.00        1.480457E+14   4.0466E-05   4.0467E-05   0.99999
FLUX  846  2035.00        1.473182E+14   4.0075E-05   4.0075E-05   1.00000
FLUX  847  2045.00        1.465978E+14   3.9680E-05   3.9690E-05   0.99976
FLUX  848  2055.00        1.458844E+14   3.9242E-05   3.9309E-05   0.99828
FLUX  849  2065.00        1.451780E+14   3.8934E-05   3.8935E-05   0.99999
FLUX  850  2075.00        1.444783E+14   3.8555E-05   3.8565E-05   0.99974
FLUX  851  2085.00        1.437854E+14   3.8200E-05   3.8201E-05   0.99998
FLUX  852  2095.00        1.430990E+14   3.7837E-05   3.7842E-05   0.99987
FLUX  853  2105.00        1.424192E+14   3.7479E-05   3.7488E-05   0.99977
FLUX  854  2115.00        1.417459E+14   3.7019E-05   3.7139E-05   0.99678
FLUX  855  2125.00        1.410788E+14   3.6794E-05   3.6794E-05   1.00000
FLUX  856  2135.00        1.404180E+14   3.6453E-05   3.6455E-05   0.99995
FLUX  857  2145.00        1.397634E+14   3.6111E-05   3.6120E-05   0.99977
FLUX  858  2155.00        1.391148E+14   3.5760E-05   3.5789E-05   0.99919
FLUX  859  2165.00        1.384723E+14   3.4106E-05   3.5463E-05   0.96173
FLUX  860  2175.00        1.378356E+14   3.5069E-05   3.5142E-05   0.99792
FLUX  861  2185.00        1.372048E+14   3.4808E-05   3.4825E-05   0.99952
FLUX  862  2195.00        1.365797E+14   3.4511E-05   3.4512E-05   0.99999
FLUX  863  2205.00        1.359603E+14   3.4203E-05   3.4203E-05   0.99999
FLUX  864  2215.00        1.353465E+14   3.3898E-05   3.3898E-05   0.99999
FLUX  865  2225.00        1.347382E+14   3.3591E-05   3.3598E-05   0.99980
FLUX  866  2235.00        1.341353E+14   3.3301E-05   3.3301E-05   0.99999
FLUX  867  2245.00        1.335379E+14   3.3008E-05   3.3008E-05   0.99998
FLUX  868  2255.00        1.329457E+14   3.2719E-05   3.2719E-05   0.99998
FLUX  869  2265.00        1.323587E+14   3.2434E-05   3.2434E-05   1.00000
FLUX  870  2275.00        1.317769E+14   3.2153E-05   3.2153E-05   1.00000
FLUX  871  2285.00        1.312002E+14   3.1875E-05   3.1960E-05   0.99732
FLUX  872  2295.00        1.306285E+14   3.1602E-05   3.1685E-05   0.99738
FLUX  873  2305.00        1.300618E+14   3.1327E-05   3.1413E-05   0.99726
FLUX  874  2315.00        1.295000E+14   3.1064E-05   3.1145E-05   0.99741
FLUX  875  2325.00        1.289430E+14   3.0802E-05   3.0880E-05   0.99746
FLUX  876  2335.00        1.283908E+14   3.0541E-05   3.0619E-05   0.99748
FLUX  877  2345.00        1.278433E+14   3.0285E-05   3.0360E-05   0.99751
FLUX  878  2355.00        1.273004E+14   3.0030E-05   3.0105E-05   0.99750
FLUX  879  2365.00        1.267622E+14   2.9780E-05   2.9854E-05   0.99752
FLUX  880  2375.00        1.262284E+14   2.9532E-05   2.9605E-05   0.99752
FLUX  881  2385.00        1.256992E+14   2.9289E-05   2.9359E-05   0.99759
FLUX  882  2395.00        1.251743E+14   2.9046E-05   2.9117E-05   0.99755
FLUX  883  2405.00        1.246538E+14   2.8806E-05   2.8877E-05   0.99752
FLUX  884  2415.00        1.241377E+14   2.8569E-05   2.8641E-05   0.99752
FLUX  885  2425.00        1.236258E+14   2.8321E-05   2.8407E-05   0.99697
FLUX  886  2435.00        1.231181E+14   2.8106E-05   2.8176E-05   0.99753
FLUX  887  2445.00        1.226145E+14   2.7875E-05   2.7948E-05   0.99740
FLUX  888  2455.00        1.221151E+14   2.7656E-05   2.7722E-05   0.99760
FLUX  889  2465.00        1.216197E+14   2.7425E-05   2.7499E-05   0.99728
FLUX  890  2475.00        1.211283E+14   2.7171E-05   2.7279E-05   0.99604
FLUX  891  2485.00        1.206408E+14   2.7014E-05   2.7062E-05   0.99825
FLUX  892  2495.00        1.201573E+14   2.6745E-05   2.6847E-05   0.99619
FLUX  893  2505.00        1.196776E+14   2.6604E-05   2.6634E-05   0.99886
FLUX  894  2515.00        1.192018E+14   2.6401E-05   2.6424E-05   0.99910
FLUX  895  2525.00        1.187297E+14   2.6085E-05   2.6217E-05   0.99498
FLUX  896  2535.00        1.182613E+14   2.5972E-05   2.6012E-05   0.99846
FLUX  897  2545.00        1.177967E+14   2.5809E-05   2.5809E-05   0.99997
FLUX  898  2555.00        1.173356E+14   2.5567E-05   2.5609E-05   0.99835
FLUX  899  2565.00        1.168782E+14   2.5226E-05   2.5411E-05   0.99270
FLUX  900  2575.00        1.164243E+14   2.5186E-05   2.5215E-05   0.99882
FLUX  901  2585.00        1.159739E+14   2.5021E-05   2.5022E-05   0.99997
FLUX  902  2595.00        1.155270E+14   2.4830E-05   2.4830E-05   0.99997
FLUX  903  2605.00        1.150835E+14   2.4551E-05   2.4641E-05   0.99635
FLUX  904  2615.00        1.146434E+14   2.4111E-05   2.4454E-05   0.98597
FLUX  905  2625.00        1.142067E+14   2.3291E-05   2.4269E-05   0.95969
FLUX  906  2635.00        1.137732E+14   2.4010E-05   2.4087E-05   0.99682
FLUX  907  2645.00        1.133431E+14   2.3904E-05   2.3906E-05   0.99991
FLUX  908  2655.00        1.129162E+14   2.3710E-05   2.3727E-05   0.99925
FLUX  909  2665.00        1.124925E+14   2.3497E-05   2.3550E-05   0.99775
FLUX  910  2675.00        1.120720E+14   2.2970E-05   2.3376E-05   0.98265
FLUX  911  2685.00        1.116546E+14   2.3139E-05   2.3203E-05   0.99724
FLUX  912  2695.00        1.112403E+14   2.3031E-05   2.3032E-05   0.99999
FLUX  913  2705.00        1.108290E+14   2.2863E-05   2.2863E-05   0.99999
FLUX  914  2715.00        1.104208E+14   2.2695E-05   2.2695E-05   1.00000
FLUX  915  2725.00        1.100156E+14   2.2530E-05   2.2530E-05   1.00000
FLUX  916  2735.00        1.096133E+14   2.2366E-05   2.2366E-05   0.99999
FLUX  917  2745.00        1.092140E+14   2.2185E-05   2.2204E-05   0.99913
FLUX  918  2755.00        1.088176E+14   2.1592E-05   2.2044E-05   0.97949
FLUX  919  2765.00        1.084241E+14   2.1716E-05   2.1886E-05   0.99226
FLUX  920  2775.00        1.080333E+14   2.1729E-05   2.1729E-05   0.99997
FLUX  921  2785.00        1.076454E+14   2.1573E-05   2.1574E-05   0.99995
FLUX  922  2795.00        1.072603E+14   2.1421E-05   2.1421E-05   1.00000
FLUX  923  2805.00        1.068779E+14   2.1264E-05   2.1269E-05   0.99979
FLUX  924  2815.00        1.064982E+14   2.1118E-05   2.1119E-05   0.99997
FLUX  925  2825.00        1.061212E+14   2.0970E-05   2.0970E-05   0.99998
FLUX  926  2835.00        1.057469E+14   2.0823E-05   2.0823E-05   1.00000
FLUX  927  2845.00        1.053752E+14   2.0677E-05   2.0677E-05   0.99999
FLUX  928  2855.00        1.050061E+14   2.0526E-05   2.0533E-05   0.99965
FLUX  929  2865.00        1.046396E+14   2.0278E-05   2.0391E-05   0.99446
FLUX  930  2875.00        1.042757E+14   1.9689E-05   2.0250E-05   0.97232
FLUX  931  2885.00        1.039142E+14   2.0082E-05   2.0110E-05   0.99858
FLUX  932  2895.00        1.035553E+14   1.9972E-05   1.9972E-05   0.99999
FLUX  933  2905.00        1.031988E+14   1.9835E-05   1.9835E-05   0.99999
FLUX  934  2915.00        1.028448E+14   1.9700E-05   1.9700E-05   1.00000
FLUX  935  2925.00        1.024932E+14   1.9566E-05   1.9566E-05   0.99999
FLUX  936  2935.00        1.021440E+14   1.9433E-05   1.9433E-05   0.99998
FLUX  937  2945.00        1.017971E+14   1.9301E-05   1.9302E-05   0.99992
FLUX  938  2955.00        1.014526E+14   1.9172E-05   1.9172E-05   0.99999
FLUX  939  2965.00        1.011105E+14   1.9043E-05   1.9043E-05   0.99999
FLUX  940  2975.00        1.007706E+14   1.8916E-05   1.8916E-05   1.00000
FLUX  941  2985.00        1.004330E+14   1.8790E-05   1.8790E-05   1.00000
FLUX  942  2995.00        1.000977E+14   1.8663E-05   1.8665E-05   0.99992
FLUX  943  3005.00        9.976456E+13   1.8541E-05   1.8541E-05   0.99999
FLUX  944  3015.00        9.943367E+13   1.8412E-05   1.8419E-05   0.99964
FLUX  945  3025.00        9.910496E+13   1.8285E-05   1.8297E-05   0.99933
FLUX  946  3035.00        9.877842E+13   1.7714E-05   1.8177E-05   0.97449
FLUX  947  3045.00        9.845402E+13   1.7815E-05   1.8058E-05   0.98649
FLUX  948  3055.00        9.813175E+13   1.7936E-05   1.7941E-05   0.99974
FLUX  949  3065.00        9.781158E+13   1.7819E-05   1.7824E-05   0.99969
FLUX  950  3075.00        9.749350E+13   1.7697E-05   1.7709E-05   0.99932
FLUX  951  3085.00        9.717747E+13   1.7582E-05   1.7594E-05   0.99928
FLUX  952  3095.00        9.686349E+13   1.7481E-05   1.7481E-05   0.99999
FLUX  953  3105.00        9.655153E+13   1.7367E-05   1.7369E-05   0.99991
FLUX  954  3115.00        9.624157E+13   1.7256E-05   1.7258E-05   0.99990
FLUX  955  3125.00        9.593360E+13   1.7144E-05   1.7148E-05   0.99981
FLUX  956  3135.00        9.562759E+13   1.7038E-05   1.7039E-05   0.99998
FLUX  957  3145.00        9.532353E+13   1.6929E-05   1.6931E-05   0.99994
FLUX  958  3155.00        9.502139E+13   1.6824E-05   1.6824E-05   1.00000
FLUX  959  3165.00        9.472117E+13   1.6717E-05   1.6718E-05   0.99997
FLUX  960  3175.00        9.442283E+13   1.6613E-05   1.6613E-05   1.00000
FLUX  961  3185.00        9.412637E+13   1.6509E-05   1.6509E-05   1.00000
FLUX  962  3195.00        9.383177E+13   1.6405E-05   1.6406E-05   1.00000
FLUX  963  3210.00        9.339330E+13   1.6253E-05   1.6253E-05   1.00000
FLUX  964  3230.00        9.281502E+13   1.6052E-05   1.6052E-05   1.00000
FLUX  965  3250.00        9.224385E+13   1.5855E-05   1.5856E-05   0.99999
FLUX  966  3270.00        9.167966E+13   1.5662E-05   1.5662E-05   0.99998
FLUX  967  3290.00        9.112234E+13   1.5131E-05   1.5493E-05   0.97667
FLUX  968  3310.00        9.057175E+13   1.5224E-05   1.5306E-05   0.99461
FLUX  969  3330.00        9.002778E+13   1.5112E-05   1.5123E-05   0.99929
FLUX  970  3350.00        8.949030E+13   1.4942E-05   1.4943E-05   0.99997
FLUX  971  3370.00        8.895920E+13   1.4766E-05   1.4766E-05   0.99997
FLUX  972  3390.00        8.843437E+13   1.4592E-05   1.4592E-05   0.99997
FLUX  973  3410.00        8.791569E+13   1.4421E-05   1.4422E-05   0.99997
FLUX  974  3430.00        8.740306E+13   1.4253E-05   1.4254E-05   0.99997
FLUX  975  3450.00        8.689638E+13   1.4088E-05   1.4089E-05   0.99997
FLUX  976  3470.00        8.639553E+13   1.3926E-05   1.3927E-05   0.99997
FLUX  977  3490.00        8.590043E+13   1.3767E-05   1.3768E-05   0.99997
FLUX  978  3510.00        8.541097E+13   1.3611E-05   1.3611E-05   0.99997
FLUX  979  3530.00        8.492705E+13   1.3457E-05   1.3457E-05   0.99997
FLUX  980  3550.00        8.444859E+13   1.3305E-05   1.3306E-05   0.99997
FLUX  981  3570.00        8.397549E+13   1.3156E-05   1.3157E-05   0.99991
FLUX  982  3590.00        8.350766E+13   1.3010E-05   1.3010E-05   0.99997
FLUX  983  3610.00        8.304501E+13   1.2866E-05   1.2866E-05   0.99997
FLUX  984  3630.00        8.258747E+13   1.2725E-05   1.2725E-05   0.99997
FLUX  985  3650.00        8.213493E+13   1.2581E-05   1.2586E-05   0.99960
FLUX  986  3670.00        8.168733E+13   1.2448E-05   1.2449E-05   0.99998
FLUX  987  3690.00        8.124458E+13   1.2300E-05   1.2314E-05   0.99885
FLUX  988  3710.00        8.080660E+13   1.2166E-05   1.2181E-05   0.99875
FLUX  989  3730.00        8.037332E+13   1.1915E-05   1.2051E-05   0.98871
FLUX  990  3750.00        7.994467E+13   1.1709E-05   1.1922E-05   0.98209
FLUX  991  3770.00        7.952056E+13   1.1794E-05   1.1796E-05   0.99990
FLUX  992  3790.00        7.910092E+13   1.1671E-05   1.1671E-05   0.99998
FLUX  993  3810.00        7.868570E+13   1.1529E-05   1.1549E-05   0.99829
FLUX  994  3830.00        7.827480E+13   1.1411E-05   1.1428E-05   0.99851
FLUX  995  3850.00        7.786818E+13   1.1309E-05   1.1309E-05   0.99998
FLUX  996  3870.00        7.746576E+13   1.1192E-05   1.1192E-05   0.99999
FLUX  997  3890.00        7.706748E+13   1.1073E-05   1.1077E-05   0.99957
FLUX  998  3910.00        7.667327E+13   1.0913E-05   1.0964E-05   0.99535
FLUX  999  3930.00        7.628308E+13   1.0852E-05   1.0852E-05   0.99997
FLUX 1000  3950.00        7.589684E+13   1.0742E-05   1.0742E-05   0.99999
FLUX 1001  3970.00        7.551448E+13   1.0634E-05   1.0634E-05   0.99999
FLUX 1002  3990.00        7.513596E+13   1.0527E-05   1.0527E-05   0.99998
FLUX 1003  4010.00        7.476122E+13   1.0386E-05   1.0422E-05   0.99649
FLUX 1004  4030.00        7.439020E+13   1.0246E-05   1.0319E-05   0.99292
FLUX 1005  4050.00        7.402284E+13   9.9913E-06   1.0217E-05   0.97794
FLUX 1006  4070.00        7.365909E+13   1.0114E-05   1.0116E-05   0.99979
FLUX 1007  4090.00        7.329890E+13   1.0017E-05   1.0017E-05   0.99999
FLUX 1008  4110.00        7.294221E+13   9.9193E-06   9.9194E-06   0.99999
FLUX 1009  4130.00        7.258898E+13   9.8167E-06   9.8232E-06   0.99934
FLUX 1010  4150.00        7.223916E+13   9.7240E-06   9.7283E-06   0.99955
FLUX 1011  4170.00        7.189269E+13   9.5229E-06   9.6348E-06   0.98838
FLUX 1012  4190.00        7.154952E+13   9.5354E-06   9.5427E-06   0.99924
FLUX 1013  4210.00        7.120962E+13   9.4518E-06   9.4518E-06   0.99999
FLUX 1014  4230.00        7.087293E+13   9.3622E-06   9.3622E-06   1.00000
FLUX 1015  4250.00        7.053941E+13   9.2707E-06   9.2739E-06   0.99965
FLUX 1016  4270.00        7.020902E+13   9.1869E-06   9.1869E-06   1.00000
FLUX 1017  4290.00        6.988170E+13   9.0894E-06   9.1010E-06   0.99872
FLUX 1018  4310.00        6.955742E+13   9.0163E-06   9.0163E-06   0.99999
FLUX 1019  4330.00        6.923614E+13   8.9328E-06   8.9328E-06   0.99999
FLUX 1020  4350.00        6.891782E+13   8.8503E-06   8.8505E-06   0.99997
FLUX 1021  4370.00        6.860240E+13   8.6481E-06   8.7693E-06   0.98619
FLUX 1022  4390.00        6.828986E+13   8.6570E-06   8.6891E-06   0.99630
FLUX 1023  4410.00        6.798016E+13   8.6100E-06   8.6101E-06   0.99999
FLUX 1024  4430.00        6.767325E+13   8.5321E-06   8.5322E-06   1.00000
FLUX 1025  4450.00        6.736910E+13   8.4552E-06   8.4552E-06   1.00000
FLUX 1026  4470.00        6.706767E+13   8.3853E-06   8.3854E-06   0.99999
FLUX 1027  4490.00        6.676893E+13   8.3104E-06   8.3105E-06   0.99998
FLUX 1028  4510.00        6.647284E+13   8.2359E-06   8.2365E-06   0.99992
FLUX 1029  4530.00        6.617936E+13   8.1633E-06   8.1635E-06   0.99997
FLUX 1030  4550.00        6.588846E+13   8.0914E-06   8.0915E-06   0.99998
FLUX 1031  4570.00        6.560011E+13   8.0203E-06   8.0204E-06   0.99999
FLUX 1032  4590.00        6.531427E+13   7.9502E-06   7.9503E-06   0.99999
FLUX 1033  4610.00        6.503091E+13   7.8789E-06   7.8810E-06   0.99974
FLUX 1034  4630.00        6.475000E+13   7.8075E-06   7.8127E-06   0.99934
FLUX 1035  4650.00        6.447151E+13   7.5202E-06   7.7452E-06   0.97095
FLUX 1036  4670.00        6.419540E+13   7.5128E-06   7.6786E-06   0.97841
FLUX 1037  4690.00        6.392164E+13   7.5872E-06   7.6128E-06   0.99664
FLUX 1038  4710.00        6.365021E+13   7.5477E-06   7.5479E-06   0.99997
FLUX 1039  4730.00        6.338108E+13   7.4837E-06   7.4838E-06   0.99999
FLUX 1040  4750.00        6.311421E+13   7.4198E-06   7.4205E-06   0.99990
FLUX 1041  4770.00        6.284958E+13   7.3579E-06   7.3580E-06   0.99998
FLUX 1042  4790.00        6.258716E+13   7.2963E-06   7.2963E-06   0.99999
FLUX 1043  4810.00        6.232692E+13   7.2353E-06   7.2354E-06   0.99999
FLUX 1044  4830.00        6.206884E+13   7.1751E-06   7.1752E-06   0.99999
FLUX 1045  4850.00        6.181289E+13   7.1157E-06   7.1157E-06   0.99999
FLUX 1046  4870.00        6.155903E+13   7.0570E-06   7.0570E-06   0.99999
FLUX 1047  4890.00        6.130726E+13   6.9990E-06   6.9990E-06   0.99999
FLUX 1048  4910.00        6.105754E+13   6.9417E-06   6.9417E-06   0.99999
FLUX 1049  4930.00        6.080984E+13   6.8851E-06   6.8851E-06   0.99999
FLUX 1050  4950.00        6.056414E+13   6.8292E-06   6.8292E-06   0.99999
FLUX 1051  4970.00        6.032042E+13   6.7739E-06   6.7740E-06   0.99999
FLUX 1052  4990.00        6.007866E+13   6.7193E-06   6.7194E-06   0.99999
FLUX 1053  5010.00        5.983882E+13   6.6654E-06   6.6655E-06   0.99998
FLUX 1054  5030.00        5.960089E+13   6.6120E-06   6.6122E-06   0.99998
FLUX 1055  5050.00        5.936485E+13   6.5595E-06   6.5595E-06   0.99999
FLUX 1056  5070.00        5.913067E+13   6.5074E-06   6.5075E-06   0.99999
FLUX 1057  5090.00        5.889833E+13   6.4559E-06   6.4561E-06   0.99998
FLUX 1058  5110.00        5.866781E+13   6.3915E-06   6.4052E-06   0.99786
FLUX 1059  5130.00        5.843908E+13   6.1999E-06   6.3550E-06   0.97559
FLUX 1060  5150.00        5.821214E+13   6.2967E-06   6.3053E-06   0.99863
FLUX 1061  5170.00        5.798694E+13   6.2561E-06   6.2563E-06   0.99997
FLUX 1062  5190.00        5.776349E+13   6.2077E-06   6.2078E-06   0.99999
FLUX 1063  5210.00        5.754175E+13   6.1597E-06   6.1598E-06   0.99999
FLUX 1064  5230.00        5.732170E+13   6.1123E-06   6.1124E-06   0.99999
FLUX 1065  5250.00        5.710333E+13   6.0654E-06   6.0655E-06   0.99998
FLUX 1066  5270.00        5.688662E+13   6.0190E-06   6.0192E-06   0.99997
FLUX 1067  5290.00        5.667155E+13   5.9733E-06   5.9734E-06   0.99999
FLUX 1068  5310.00        5.645810E+13   5.9281E-06   5.9281E-06   0.99999
FLUX 1069  5330.00        5.624625E+13   5.8833E-06   5.8833E-06   0.99999
FLUX 1070  5350.00        5.603598E+13   5.8390E-06   5.8391E-06   0.99999
FLUX 1071  5370.00        5.582728E+13   5.7915E-06   5.7953E-06   0.99934
FLUX 1072  5390.00        5.562013E+13   5.7484E-06   5.7520E-06   0.99937
FLUX 1073  5410.00        5.541451E+13   5.7091E-06   5.7092E-06   0.99999
FLUX 1074  5430.00        5.521041E+13   5.6668E-06   5.6668E-06   0.99999
FLUX 1075  5450.00        5.500780E+13   5.6249E-06   5.6250E-06   0.99999
FLUX 1076  5470.00        5.480667E+13   5.5835E-06   5.5835E-06   0.99999
FLUX 1077  5490.00        5.460701E+13   5.5425E-06   5.5426E-06   0.99999
FLUX 1078  5510.00        5.440880E+13   5.4997E-06   5.5021E-06   0.99958
FLUX 1079  5530.00        5.421203E+13   5.4497E-06   5.4620E-06   0.99775
FLUX 1080  5550.00        5.401667E+13   5.4222E-06   5.4223E-06   0.99998
FLUX 1081  5570.00        5.382271E+13   5.3831E-06   5.3831E-06   0.99999
FLUX 1082  5590.00        5.363014E+13   5.3443E-06   5.3443E-06   0.99999
FLUX 1083  5610.00        5.343895E+13   5.3059E-06   5.3059E-06   1.00000
FLUX 1084  5630.00        5.324911E+13   5.2679E-06   5.2679E-06   1.00000
FLUX 1085  5650.00        5.306062E+13   5.2303E-06   5.2303E-06   1.00000
FLUX 1086  5670.00        5.287346E+13   5.1931E-06   5.1931E-06   0.99999
FLUX 1087  5690.00        5.268761E+13   5.1562E-06   5.1563E-06   0.99997
FLUX 1088  5710.00        5.250306E+13   5.0962E-06   5.1199E-06   0.99535
FLUX 1089  5730.00        5.231981E+13   5.0817E-06   5.0839E-06   0.99956
FLUX 1090  5750.00        5.213783E+13   5.0482E-06   5.0483E-06   0.99999
FLUX 1091  5770.00        5.195711E+13   5.0130E-06   5.0130E-06   1.00000
FLUX 1092  5790.00        5.177763E+13   4.9779E-06   4.9781E-06   0.99997
FLUX 1093  5810.00        5.159940E+13   4.9435E-06   4.9435E-06   1.00000
FLUX 1094  5830.00        5.142238E+13   4.9093E-06   4.9093E-06   0.99999
FLUX 1095  5850.00        5.124658E+13   4.8776E-06   4.8777E-06   0.99999
FLUX 1096  5870.00        5.107198E+13   4.8440E-06   4.8441E-06   0.99998
FLUX 1097  5890.00        5.089856E+13   4.7973E-06   4.8110E-06   0.99717
FLUX 1098  5910.00        5.072631E+13   4.6393E-06   4.7781E-06   0.97096
FLUX 1099  5930.00        5.055523E+13   4.7325E-06   4.7456E-06   0.99724
FLUX 1100  5950.00        5.038529E+13   4.6779E-06   4.7134E-06   0.99247
FLUX 1101  5970.00        5.021650E+13   4.6656E-06   4.6816E-06   0.99659
FLUX 1102  5990.00        5.004883E+13   4.6499E-06   4.6500E-06   0.99998
FLUX 1103  6010.00        4.988228E+13   4.6187E-06   4.6188E-06   0.99999
FLUX 1104  6030.00        4.971683E+13   4.5878E-06   4.5879E-06   0.99997
FLUX 1105  6050.00        4.955248E+13   4.5572E-06   4.5573E-06   0.99998
FLUX 1106  6070.00        4.938921E+13   4.5269E-06   4.5270E-06   0.99999
FLUX 1107  6090.00        4.922701E+13   4.4969E-06   4.4970E-06   0.99999
FLUX 1108  6110.00        4.906588E+13   4.4672E-06   4.4673E-06   0.99999
FLUX 1109  6130.00        4.890579E+13   4.4378E-06   4.4378E-06   0.99999
FLUX 1110  6150.00        4.874675E+13   4.4087E-06   4.4087E-06   0.99999
FLUX 1111  6170.00        4.858874E+13   4.3798E-06   4.3799E-06   0.99999
FLUX 1112  6190.00        4.843174E+13   4.3513E-06   4.3513E-06   0.99999
FLUX 1113  6210.00        4.827576E+13   4.3230E-06   4.3230E-06   0.99999
FLUX 1114  6230.00        4.812079E+13   4.2949E-06   4.2950E-06   0.99999
FLUX 1115  6250.00        4.796680E+13   4.2671E-06   4.2672E-06   0.99998
FLUX 1116  6270.00        4.781380E+13   4.2337E-06   4.2397E-06   0.99857
FLUX 1117  6290.00        4.766176E+13   4.1556E-06   4.2125E-06   0.98649
FLUX 1118  6310.00        4.751070E+13   4.1748E-06   4.1855E-06   0.99744
FLUX 1119  6330.00        4.736058E+13   4.1588E-06   4.1588E-06   0.99998
FLUX 1120  6350.00        4.721142E+13   4.1323E-06   4.1324E-06   0.99999
FLUX 1121  6370.00        4.706319E+13   4.1061E-06   4.1062E-06   0.99999
FLUX 1122  6390.00        4.691588E+13   4.0802E-06   4.0802E-06   0.99999
FLUX 1123  6420.00        4.669665E+13   4.0417E-06   4.0417E-06   0.99999
FLUX 1124  6460.00        4.640751E+13   3.9912E-06   3.9912E-06   0.99999
FLUX 1125  6500.00        4.612192E+13   3.9417E-06   3.9417E-06   0.99999
FLUX 1126  6540.00        4.583983E+13   3.8930E-06   3.8930E-06   0.99999
FLUX 1127  6580.00        4.556117E+13   3.8453E-06   3.8453E-06   0.99999
FLUX 1128  6620.00        4.528588E+13   3.7983E-06   3.7984E-06   0.99999
FLUX 1129  6660.00        4.501389E+13   3.7523E-06   3.7523E-06   0.99999
FLUX 1130  6700.00        4.474515E+13   3.7071E-06   3.7071E-06   0.99999
FLUX 1131  6740.00        4.447960E+13   3.6587E-06   3.6627E-06   0.99889
FLUX 1132  6780.00        4.421718E+13   3.5793E-06   3.6191E-06   0.98901
FLUX 1133  6820.00        4.395784E+13   3.5762E-06   3.5762E-06   0.99998
FLUX 1134  6860.00        4.370153E+13   3.5341E-06   3.5341E-06   0.99999
FLUX 1135  6900.00        4.344819E+13   3.4927E-06   3.4928E-06   0.99999
FLUX 1136  6940.00        4.319777E+13   3.4520E-06   3.4521E-06   0.99998
FLUX 1137  6980.00        4.295021E+13   3.4121E-06   3.4121E-06   0.99999
FLUX 1138  7020.00        4.270548E+13   3.3728E-06   3.3729E-06   0.99999
FLUX 1139  7060.00        4.246353E+13   3.3342E-06   3.3343E-06   0.99999
FLUX 1140  7100.00        4.222430E+13   3.2963E-06   3.2963E-06   0.99998
FLUX 1141  7140.00        4.198775E+13   3.2590E-06   3.2590E-06   0.99999
FLUX 1142  7180.00        4.175383E+13   3.2223E-06   3.2223E-06   1.00000
FLUX 1143  7220.00        4.152251E+13   3.1862E-06   3.1863E-06   0.99999
FLUX 1144  7260.00        4.129373E+13   3.1507E-06   3.1508E-06   0.99998
FLUX 1145  7300.00        4.106747E+13   3.1159E-06   3.1159E-06   0.99999
FLUX 1146  7340.00        4.084366E+13   3.0816E-06   3.0816E-06   1.00000
FLUX 1147  7380.00        4.062229E+13   3.0478E-06   3.0478E-06   0.99999
FLUX 1148  7420.00        4.040330E+13   3.0101E-06   3.0146E-06   0.99848
FLUX 1149  7460.00        4.018666E+13   2.9226E-06   2.9820E-06   0.98009
FLUX 1150  7500.00        3.997233E+13   2.8662E-06   2.9499E-06   0.97165
FLUX 1151  7540.00        3.976028E+13   2.9120E-06   2.9182E-06   0.99788
FLUX 1152  7580.00        3.955046E+13   2.8871E-06   2.8871E-06   0.99999
FLUX 1153  7620.00        3.934285E+13   2.8565E-06   2.8565E-06   0.99999
FLUX 1154  7660.00        3.913740E+13   2.8263E-06   2.8264E-06   0.99999
FLUX 1155  7700.00        3.893409E+13   2.7967E-06   2.7967E-06   0.99999
FLUX 1156  7740.00        3.873288E+13   2.7674E-06   2.7675E-06   0.99998
FLUX 1157  7780.00        3.853374E+13   2.7340E-06   2.7387E-06   0.99828
FLUX 1158  7820.00        3.833664E+13   2.7103E-06   2.7104E-06   0.99998
FLUX 1159  7860.00        3.814154E+13   2.6825E-06   2.6825E-06   0.99999
FLUX 1160  7900.00        3.794842E+13   2.6550E-06   2.6550E-06   0.99999
FLUX 1161  7940.00        3.775724E+13   2.6280E-06   2.6280E-06   0.99999
FLUX 1162  7980.00        3.756798E+13   2.6013E-06   2.6014E-06   0.99999
FLUX 1163  8020.00        3.738061E+13   2.5751E-06   2.5751E-06   0.99999
FLUX 1164  8060.00        3.719510E+13   2.5493E-06   2.5493E-06   0.99999
FLUX 1165  8100.00        3.701142E+13   2.5238E-06   2.5238E-06   0.99999
FLUX 1166  8140.00        3.682955E+13   2.4922E-06   2.4987E-06   0.99738
FLUX 1167  8180.00        3.664945E+13   2.4714E-06   2.4740E-06   0.99896
FLUX 1168  8220.00        3.647111E+13   2.4496E-06   2.4497E-06   0.99999
FLUX 1169  8260.00        3.629449E+13   2.4256E-06   2.4257E-06   0.99999
FLUX 1170  8300.00        3.611958E+13   2.4020E-06   2.4020E-06   0.99999
FLUX 1171  8340.00        3.594634E+13   2.3787E-06   2.3787E-06   1.00000
FLUX 1172  8380.00        3.577476E+13   2.3557E-06   2.3557E-06   0.99999
FLUX 1173  8420.00        3.560481E+13   2.3331E-06   2.3331E-06   1.00000
FLUX 1174  8460.00        3.543647E+13   2.3107E-06   2.3107E-06   1.00000
FLUX 1175  8500.00        3.526971E+13   2.2887E-06   2.2887E-06   0.99999
FLUX 1176  8540.00        3.510451E+13   2.2670E-06   2.2670E-06   0.99999
FLUX 1177  8580.00        3.494085E+13   2.2456E-06   2.2456E-06   0.99999
FLUX 1178  8620.00        3.477871E+13   2.2245E-06   2.2245E-06   0.99997
FLUX 1179  8660.00        3.461807E+13   2.1901E-06   2.2037E-06   0.99380
FLUX 1180  8700.00        3.445891E+13   2.1818E-06   2.1832E-06   0.99935
FLUX 1181  8740.00        3.430120E+13   2.1420E-06   2.1630E-06   0.99028
FLUX 1182  8780.00        3.414493E+13   2.1224E-06   2.1430E-06   0.99036
FLUX 1183  8820.00        3.399008E+13   2.1233E-06   2.1233E-06   0.99999
FLUX 1184  8860.00        3.383663E+13   2.1039E-06   2.1039E-06   0.99999
FLUX 1185  8900.00        3.368455E+13   2.0848E-06   2.0848E-06   0.99999
FLUX 1186  8940.00        3.353384E+13   2.0659E-06   2.0659E-06   1.00000
FLUX 1187  8980.00        3.338447E+13   2.0472E-06   2.0473E-06   1.00000
FLUX 1188  9020.00        3.323642E+13   2.0289E-06   2.0289E-06   0.99999
FLUX 1189  9060.00        3.308968E+13   2.0107E-06   2.0107E-06   0.99999
FLUX 1190  9100.00        3.294423E+13   1.9928E-06   1.9928E-06   0.99999
FLUX 1191  9140.00        3.280005E+13   1.9751E-06   1.9752E-06   0.99999
FLUX 1192  9180.00        3.265714E+13   1.9577E-06   1.9577E-06   0.99999
FLUX 1193  9220.00        3.251546E+13   1.9405E-06   1.9405E-06   0.99999
FLUX 1194  9260.00        3.237500E+13   1.9235E-06   1.9235E-06   0.99998
FLUX 1195  9300.00        3.223575E+13   1.9067E-06   1.9068E-06   0.99999
FLUX 1196  9340.00        3.209770E+13   1.8902E-06   1.8902E-06   0.99997
FLUX 1197  9380.00        3.196082E+13   1.8564E-06   1.8739E-06   0.99067
FLUX 1198  9420.00        3.182511E+13   1.8533E-06   1.8578E-06   0.99763
FLUX 1199  9460.00        3.169054E+13   1.8418E-06   1.8418E-06   0.99999
FLUX 1200  9500.00        3.155711E+13   1.8261E-06   1.8261E-06   0.99998
FLUX 1201  9540.00        3.142479E+13   1.8106E-06   1.8106E-06   0.99998
FLUX 1202  9580.00        3.129358E+13   1.7953E-06   1.7953E-06   0.99999
FLUX 1203  9620.00        3.116346E+13   1.7801E-06   1.7801E-06   0.99999
FLUX 1204  9660.00        3.103442E+13   1.7652E-06   1.7652E-06   0.99999
FLUX 1205  9700.00        3.090644E+13   1.7504E-06   1.7504E-06   0.99999
FLUX 1206  9740.00        3.077952E+13   1.7359E-06   1.7359E-06   0.99999
FLUX 1207  9780.00        3.065363E+13   1.7215E-06   1.7215E-06   0.99999
FLUX 1208  9820.00        3.052877E+13   1.7072E-06   1.7073E-06   0.99998
FLUX 1209  9860.00        3.040492E+13   1.6932E-06   1.6932E-06   0.99998
FLUX 1210  9900.00        3.028207E+13   1.6793E-06   1.6793E-06   0.99999
FLUX 1211  9940.00        3.016021E+13   1.6656E-06   1.6656E-06   0.99999
FLUX 1212  9980.00        3.003933E+13   1.6521E-06   1.6521E-06   0.99999
FLUX 1213 10020.00        2.991941E+13   1.6387E-06   1.6387E-06   0.99999
FLUX 1214 20000.00        1.498963E+13   4.0076E-07   4.0076E-07   1.00000
FLUX 1215 40000.00        7.494813E+12   9.7144E-08   9.7144E-08   1.00000
FLUX 1216 60000.00        4.996542E+12   4.2356E-08   4.2356E-08   1.00000
FLUX 1217 80000.00        3.747406E+12   2.3491E-08   2.3491E-08   1.00000
FLUX 1218100000.00        2.997925E+12   1.4868E-08   1.4868E-08   1.00000
FLUX 1219120000.00        2.498271E+12   1.0232E-08   1.0232E-08   1.00000
FLUX 1220140000.00        2.141375E+12   7.4603E-09   7.4603E-09   1.00000
FLUX 1221160000.00        1.873703E+12   5.6745E-09   5.6745E-09   1.00000
FLUX
