TEFF  49000.  GRAVITY 4.50000 LTE 
TITLE  [+0.5] N(He)/Ntot=0.07813 VTURB=2.0  L/H=1.25 NOVER                      
FLUX    1     9.09        3.298047E+16   8.7503E-20   8.8584E-20   0.98779
FLUX    2     9.35        3.206337E+16   2.5392E-19   2.5458E-19   0.99739
FLUX    3     9.61        3.119589E+16   6.7635E-19   6.9428E-19   0.97417
FLUX    4     9.77        3.068501E+16   1.2532E-18   1.2563E-18   0.99747
FLUX    5     9.96        3.009965E+16   2.4773E-18   2.4836E-18   0.99748
FLUX    6    10.20        2.939142E+16   5.6669E-18   5.6804E-18   0.99762
FLUX    7    10.38        2.888174E+16   1.0301E-17   1.0325E-17   0.99765
FLUX    8    10.56        2.838944E+16   1.8371E-17   1.8415E-17   0.99763
FLUX    9    10.77        2.783589E+16   3.5275E-17   3.5355E-17   0.99774
FLUX   10    11.04        2.715512E+16   7.8876E-17   7.9074E-17   0.99750
FLUX   11    11.40        2.629759E+16   2.1811E-16   2.1866E-16   0.99747
FLUX   12    11.78        2.544928E+16   5.9194E-16   6.0059E-16   0.98560
FLUX   13    12.13        2.471496E+16   1.4421E-15   1.4443E-15   0.99847
FLUX   14    12.48        2.402183E+16   3.2760E-15   3.3139E-15   0.98857
FLUX   15    12.71        2.358714E+16   5.5752E-15   5.5843E-15   0.99837
FLUX   16    12.84        2.334833E+16   8.8782E-15   8.9010E-15   0.99745
FLUX   17    13.05        2.297261E+16   1.4106E-14   1.4410E-14   0.97893
FLUX   18    13.24        2.264294E+16   2.0968E-14   2.1356E-14   0.98186
FLUX   19    13.39        2.238928E+16   2.8708E-14   2.9018E-14   0.98931
FLUX   20    13.66        2.194674E+16   4.9635E-14   5.0735E-14   0.97832
FLUX   21    13.98        2.144438E+16   9.1422E-14   9.3003E-14   0.98300
FLUX   22    14.33        2.092062E+16   1.7071E-13   1.7394E-13   0.98145
FLUX   23    14.72        2.036634E+16   3.0984E-13   3.3767E-13   0.91758
FLUX   24    15.10        1.985381E+16   6.1018E-13   6.2380E-13   0.97817
FLUX   25    15.52        1.931653E+16   1.1712E-12   1.1875E-12   0.98630
FLUX   26    15.88        1.887862E+16   2.1118E-12   2.1773E-12   0.96992
FLUX   27    16.20        1.850571E+16   6.9337E-12   7.3717E-12   0.94058
FLUX   28    16.60        1.805979E+16   1.2188E-11   1.2548E-11   0.97127
FLUX   29    17.03        1.760379E+16   1.9731E-11   2.1639E-11   0.91184
FLUX   30    17.34        1.728907E+16   2.7962E-11   3.1722E-11   0.88145
FLUX   31    17.68        1.695659E+16   4.4035E-11   5.0930E-11   0.86462
FLUX   32    18.02        1.663665E+16   6.8004E-11   7.6332E-11   0.89090
FLUX   33    18.17        1.649931E+16   7.1657E-11   1.0204E-10   0.70227
FLUX   34    18.61        1.610922E+16   1.3831E-10   1.6351E-10   0.84592
FLUX   35    19.10        1.569594E+16   2.2664E-10   2.7465E-10   0.82522
FLUX   36    19.39        1.546119E+16   3.6672E-10   4.1913E-10   0.87494
FLUX   37    19.84        1.511051E+16   6.0156E-10   6.8663E-10   0.87610
FLUX   38    20.18        1.485592E+16   6.7111E-10   9.2044E-10   0.72912
FLUX   39    20.50        1.462402E+16   1.0639E-09   1.2003E-09   0.88638
FLUX   40    21.05        1.424192E+16   1.6828E-09   1.8590E-09   0.90526
FLUX   41    21.62        1.386644E+16   2.6650E-09   2.8568E-09   0.93287
FLUX   42    21.98        1.363933E+16   3.6562E-09   3.7617E-09   0.97193
FLUX   43    22.30        1.344361E+16   4.3095E-09   4.7180E-09   0.91342
FLUX   44    22.68        1.321836E+16   5.7193E-09   6.4550E-09   0.88603
FLUX   45    23.00        1.303446E+16   1.7684E-07   7.2130E-04   0.00025
FLUX   46    23.40        1.281165E+16   5.9327E-07   6.9174E-04   0.00086
FLUX   47    24.00        1.249135E+16   9.9056E-07   6.4529E-04   0.00154
FLUX   48    24.65        1.216197E+16   2.6556E-06   5.9851E-04   0.00444
FLUX   49    25.24        1.187767E+16   1.3110E-05   1.4594E-03   0.00898
FLUX   50    25.68        1.167416E+16   4.7695E-05   2.2377E-03   0.02131
FLUX   51    26.00        1.153048E+16   3.2716E-05   2.3339E-03   0.01402
FLUX   52    26.40        1.135578E+16   1.1977E-04   4.3467E-03   0.02755
FLUX   53    26.85        1.116546E+16   1.2909E-04   4.3161E-03   0.02991
FLUX   54    27.35        1.096133E+16   1.5931E-04   4.2801E-03   0.03722
FLUX   55    27.85        1.076454E+16   9.8207E-05   4.2414E-03   0.02315
FLUX   56    28.40        1.055607E+16   1.9337E-04   4.2323E-03   0.04569
FLUX   57    29.00        1.033767E+16   3.3576E-04   4.5995E-03   0.07300
FLUX   58    29.60        1.012813E+16   2.9259E-04   4.5540E-03   0.06425
FLUX   59    30.10        9.959884E+15   2.4788E-04   5.9736E-03   0.04150
FLUX   60    30.80        9.733523E+15   2.4890E-04   6.0728E-03   0.04099
FLUX   61    31.80        9.427437E+15   5.1868E-05   6.0868E-03   0.00852
FLUX   62    32.80        9.140015E+15   6.9819E-05   6.0973E-03   0.01145
FLUX   63    33.80        8.869601E+15   5.2727E-05   6.0969E-03   0.00865
FLUX   64    34.80        8.614727E+15   6.0438E-05   6.0978E-03   0.00991
FLUX   65    35.70        8.397549E+15   1.5629E-04   6.1951E-03   0.02523
FLUX   66    36.60        8.191052E+15   4.3348E-04   6.1967E-03   0.06995
FLUX   67    37.50        7.994467E+15   5.9985E-04   6.1872E-03   0.09695
FLUX   68    38.50        7.786818E+15   4.3708E-04   6.1735E-03   0.07080
FLUX   69    39.50        7.589684E+15   9.2971E-04   6.1590E-03   0.15095
FLUX   70    40.50        7.402284E+15   1.7971E-03   6.1350E-03   0.29292
FLUX   71    41.40        7.241365E+15   1.7791E-03   6.1136E-03   0.29101
FLUX   72    42.20        7.104088E+15   1.5334E-03   6.0913E-03   0.25173
FLUX   73    43.00        6.971919E+15   1.5641E-03   6.0671E-03   0.25781
FLUX   74    44.10        6.798016E+15   2.2202E-03   6.0312E-03   0.36812
FLUX   75    45.10        6.647284E+15   2.2626E-03   5.9966E-03   0.37732
FLUX   76    46.00        6.517228E+15   1.8055E-03   5.9649E-03   0.30269
FLUX   77    47.00        6.378564E+15   2.2182E-03   5.9298E-03   0.37407
FLUX   78    48.00        6.245677E+15   2.6433E-03   5.8938E-03   0.44849
FLUX   79    49.00        6.118214E+15   2.2893E-03   5.8575E-03   0.39084
FLUX   80    50.00        5.995850E+15   3.8375E-03   5.8206E-03   0.65929
FLUX   81    50.60        5.924753E+15   3.1454E-03   5.8370E-03   0.53887
FLUX   82    51.20        5.855322E+15   3.7644E-03   5.8149E-03   0.64737
FLUX   83    52.00        5.765240E+15   3.6626E-03   5.7854E-03   0.63308
FLUX   84    53.00        5.656462E+15   3.5616E-03   5.7487E-03   0.61955
FLUX   85    54.00        5.551713E+15   2.6217E-03   5.7126E-03   0.45893
FLUX   86    55.00        5.450773E+15   1.9870E-03   5.6786E-03   0.34991
FLUX   87    56.00        5.353438E+15   2.8529E-03   5.6451E-03   0.50538
FLUX   88    57.00        5.259518E+15   3.9923E-03   5.6120E-03   0.71138
FLUX   89    58.00        5.168836E+15   4.3118E-03   5.5794E-03   0.77280
FLUX   90    59.00        5.081229E+15   4.3259E-03   5.5474E-03   0.77982
FLUX   91    60.00        4.996542E+15   3.6175E-03   5.5158E-03   0.65583
FLUX   92    61.00        4.914631E+15   2.5678E-03   5.4848E-03   0.46817
FLUX   93    62.00        4.835363E+15   3.7814E-03   5.4544E-03   0.69327
FLUX   94    63.00        4.758611E+15   2.8962E-03   5.4245E-03   0.53390
FLUX   95    64.00        4.684258E+15   4.3015E-03   5.3965E-03   0.79708
FLUX   96    65.00        4.612192E+15   4.0583E-03   5.3692E-03   0.75586
FLUX   97    65.80        4.556117E+15   3.5817E-03   5.3475E-03   0.66979
FLUX   98    66.50        4.508158E+15   4.4985E-03   5.3288E-03   0.84420
FLUX   99    67.50        4.441370E+15   4.5359E-03   5.3023E-03   0.85545
FLUX  100    68.50        4.376533E+15   3.9549E-03   5.2762E-03   0.74957
FLUX  101    69.50        4.313561E+15   4.5394E-03   5.2504E-03   0.86458
FLUX  102    70.50        4.252376E+15   3.9300E-03   5.2249E-03   0.75217
FLUX  103    71.60        4.187046E+15   4.3064E-03   5.1971E-03   0.82861
FLUX  104    72.60        4.129373E+15   4.6402E-03   5.1721E-03   0.89717
FLUX  105    73.50        4.078810E+15   4.5739E-03   5.1502E-03   0.88811
FLUX  106    74.50        4.024060E+15   4.2752E-03   5.1264E-03   0.83397
FLUX  107    75.50        3.970762E+15   4.1251E-03   5.1026E-03   0.80843
FLUX  108    76.50        3.918856E+15   3.4087E-03   5.0790E-03   0.67114
FLUX  109    77.50        3.868290E+15   4.2605E-03   5.0555E-03   0.84275
FLUX  110    78.50        3.819013E+15   3.4682E-03   5.0321E-03   0.68922
FLUX  111    79.50        3.770975E+15   4.1857E-03   5.0089E-03   0.83566
FLUX  112    80.50        3.724130E+15   4.5191E-03   4.9857E-03   0.90642
FLUX  113    81.50        3.678436E+15   4.4585E-03   4.9626E-03   0.89843
FLUX  114    82.50        3.633848E+15   4.5174E-03   4.9397E-03   0.91451
FLUX  115    83.50        3.590329E+15   4.0618E-03   4.9171E-03   0.82606
FLUX  116    84.50        3.547840E+15   4.3931E-03   4.8944E-03   0.89757
FLUX  117    85.50        3.506345E+15   4.0382E-03   4.8718E-03   0.82889
FLUX  118    86.50        3.465809E+15   4.4478E-03   4.8492E-03   0.91723
FLUX  119    87.50        3.426200E+15   4.5150E-03   4.8265E-03   0.93545
FLUX  120    88.50        3.387486E+15   4.3563E-03   4.8040E-03   0.90680
FLUX  121    89.50        3.349637E+15   4.2524E-03   4.7815E-03   0.88934
FLUX  122    90.50        3.312624E+15   4.1595E-03   4.7590E-03   0.87403
FLUX  123    91.50        3.276421E+15   3.1837E-03   9.9852E-03   0.31885
FLUX  124    92.50        3.241000E+15   4.3976E-03   9.8909E-03   0.44461
FLUX  125    93.50        3.206337E+15   5.2428E-03   9.7971E-03   0.53514
FLUX  126    94.50        3.172407E+15   5.5890E-03   9.7039E-03   0.57595
FLUX  127    95.50        3.139188E+15   6.5748E-03   9.6113E-03   0.68407
FLUX  128    96.50        3.106658E+15   6.5491E-03   9.5193E-03   0.68799
FLUX  129    97.50        3.074795E+15   5.6638E-03   9.4280E-03   0.60075
FLUX  130    98.50        3.043579E+15   6.1410E-03   9.3375E-03   0.65767
FLUX  131    99.50        3.012990E+15   5.3632E-03   9.2476E-03   0.57996
FLUX  132   100.50        2.983010E+15   5.4695E-03   9.1585E-03   0.59721
FLUX  133   101.50        2.953621E+15   5.6044E-03   9.0701E-03   0.61789
FLUX  134   102.50        2.924805E+15   5.7025E-03   8.9826E-03   0.63484
FLUX  135   103.50        2.896546E+15   6.2194E-03   8.8958E-03   0.69914
FLUX  136   104.50        2.868828E+15   6.5142E-03   8.8099E-03   0.73942
FLUX  137   105.50        2.841635E+15   6.4604E-03   8.7248E-03   0.74047
FLUX  138   106.50        2.814953E+15   6.2767E-03   8.6405E-03   0.72643
FLUX  139   107.50        2.788767E+15   6.5944E-03   8.5571E-03   0.77064
FLUX  140   108.50        2.763065E+15   6.1322E-03   8.4745E-03   0.72361
FLUX  141   109.50        2.737831E+15   6.3954E-03   8.3927E-03   0.76202
FLUX  142   110.50        2.713054E+15   6.4426E-03   8.3118E-03   0.77512
FLUX  143   111.50        2.688722E+15   6.4762E-03   8.2318E-03   0.78673
FLUX  144   112.50        2.664822E+15   6.4234E-03   8.1526E-03   0.78789
FLUX  145   113.50        2.641344E+15   6.5628E-03   8.0743E-03   0.81279
FLUX  146   114.50        2.618275E+15   6.6272E-03   7.9968E-03   0.82872
FLUX  147   115.50        2.595606E+15   6.4683E-03   7.9202E-03   0.81667
FLUX  148   116.50        2.573326E+15   6.0443E-03   7.8445E-03   0.77052
FLUX  149   117.50        2.551426E+15   5.7904E-03   7.7696E-03   0.74527
FLUX  150   118.50        2.529895E+15   6.1847E-03   7.6956E-03   0.80367
FLUX  151   119.50        2.508724E+15   5.7298E-03   7.6224E-03   0.75171
FLUX  152   120.50        2.487905E+15   5.7544E-03   7.5500E-03   0.76216
FLUX  153   121.50        2.467428E+15   5.1809E-03   7.4786E-03   0.69277
FLUX  154   122.50        2.447286E+15   5.5884E-03   7.4079E-03   0.75439
FLUX  155   123.50        2.427470E+15   5.2201E-03   7.3381E-03   0.71137
FLUX  156   124.50        2.407972E+15   5.0354E-03   7.2690E-03   0.69273
FLUX  157   125.50        2.388785E+15   5.4902E-03   7.2008E-03   0.76244
FLUX  158   126.50        2.369901E+15   5.5675E-03   7.1334E-03   0.78047
FLUX  159   127.50        2.351314E+15   5.5802E-03   7.0668E-03   0.78964
FLUX  160   128.50        2.333016E+15   5.5607E-03   7.0010E-03   0.79427
FLUX  161   129.50        2.315000E+15   5.6403E-03   6.9360E-03   0.81319
FLUX  162   130.50        2.297261E+15   5.5096E-03   6.8718E-03   0.80178
FLUX  163   131.50        2.279791E+15   5.4472E-03   6.8083E-03   0.80007
FLUX  164   132.50        2.262585E+15   5.3575E-03   6.7457E-03   0.79421
FLUX  165   133.50        2.245637E+15   5.2896E-03   6.6838E-03   0.79140
FLUX  166   134.50        2.228941E+15   5.2389E-03   6.6226E-03   0.79106
FLUX  167   135.50        2.212491E+15   5.0586E-03   6.5622E-03   0.77087
FLUX  168   136.50        2.196282E+15   4.8063E-03   6.5025E-03   0.73915
FLUX  169   137.50        2.180309E+15   4.5605E-03   6.4435E-03   0.70776
FLUX  170   138.50        2.164567E+15   4.8172E-03   6.3852E-03   0.75443
FLUX  171   139.50        2.149050E+15   4.7614E-03   6.3277E-03   0.75247
FLUX  172   140.50        2.133754E+15   4.5061E-03   6.2708E-03   0.71858
FLUX  173   141.50        2.118675E+15   5.1470E-03   6.2146E-03   0.82821
FLUX  174   142.50        2.103807E+15   4.9207E-03   6.1591E-03   0.79894
FLUX  175   143.50        2.089146E+15   5.1192E-03   6.1042E-03   0.83864
FLUX  176   144.20        2.079005E+15   4.7565E-03   6.0662E-03   0.78410
FLUX  177   144.70        2.071821E+15   4.8067E-03   6.0393E-03   0.79591
FLUX  178   145.50        2.060430E+15   4.7318E-03   5.9965E-03   0.78910
FLUX  179   146.50        2.046365E+15   4.7150E-03   5.9436E-03   0.79329
FLUX  180   147.50        2.032492E+15   4.8132E-03   5.8913E-03   0.81700
FLUX  181   148.50        2.018805E+15   4.8722E-03   5.8397E-03   0.83433
FLUX  182   149.50        2.005301E+15   4.7469E-03   5.7887E-03   0.82003
FLUX  183   150.50        1.991977E+15   4.6501E-03   5.7383E-03   0.81036
FLUX  184   151.20        1.982755E+15   4.6385E-03   5.7033E-03   0.81330
FLUX  185   151.70        1.976220E+15   4.5238E-03   5.6786E-03   0.79664
FLUX  186   152.50        1.965852E+15   4.6451E-03   5.6393E-03   0.82371
FLUX  187   153.50        1.953046E+15   4.4219E-03   5.5907E-03   0.79094
FLUX  188   154.50        1.940405E+15   3.8247E-03   5.5426E-03   0.69005
FLUX  189   155.50        1.927926E+15   3.9356E-03   5.4952E-03   0.71619
FLUX  190   156.50        1.915607E+15   4.3816E-03   5.4483E-03   0.80422
FLUX  191   157.50        1.903444E+15   4.5022E-03   5.4019E-03   0.83344
FLUX  192   158.50        1.891435E+15   4.4230E-03   5.3561E-03   0.82579
FLUX  193   159.50        1.879577E+15   4.5520E-03   5.3108E-03   0.85712
FLUX  194   160.50        1.867866E+15   4.4248E-03   5.2661E-03   0.84023
FLUX  195   161.50        1.856300E+15   4.3843E-03   5.2219E-03   0.83960
FLUX  196   162.50        1.844877E+15   4.4824E-03   5.1783E-03   0.86562
FLUX  197   163.50        1.833593E+15   4.5403E-03   5.1351E-03   0.88417
FLUX  198   164.50        1.822447E+15   4.3189E-03   5.0924E-03   0.84809
FLUX  199   165.50        1.811435E+15   4.4653E-03   5.0503E-03   0.88418
FLUX  200   166.50        1.800556E+15   4.4414E-03   5.0086E-03   0.88676
FLUX  201   167.20        1.793017E+15   4.3099E-03   4.9797E-03   0.86549
FLUX  202   167.70        1.787671E+15   4.5322E-03   4.9592E-03   0.91390
FLUX  203   168.50        1.779184E+15   4.5237E-03   4.9267E-03   0.91819
FLUX  204   169.50        1.768687E+15   4.5711E-03   4.8865E-03   0.93546
FLUX  205   170.50        1.758314E+15   4.3934E-03   4.8467E-03   0.90649
FLUX  206   171.50        1.748061E+15   4.2306E-03   4.8073E-03   0.88003
FLUX  207   172.50        1.737928E+15   4.2236E-03   4.7684E-03   0.88574
FLUX  208   173.50        1.727911E+15   4.4272E-03   4.7300E-03   0.93599
FLUX  209   174.50        1.718009E+15   4.3944E-03   4.6920E-03   0.93658
FLUX  210   175.50        1.708219E+15   4.3731E-03   4.6544E-03   0.93956
FLUX  211   176.50        1.698541E+15   4.3026E-03   4.6173E-03   0.93184
FLUX  212   177.50        1.688972E+15   4.2254E-03   4.5805E-03   0.92246
FLUX  213   178.50        1.679510E+15   4.2341E-03   4.5442E-03   0.93175
FLUX  214   179.50        1.670153E+15   4.1592E-03   4.5083E-03   0.92255
FLUX  215   180.50        1.660900E+15   4.1490E-03   4.4728E-03   0.92760
FLUX  216   181.50        1.651749E+15   4.0054E-03   4.4377E-03   0.90258
FLUX  217   182.50        1.642699E+15   4.0471E-03   4.4030E-03   0.91917
FLUX  218   183.50        1.633747E+15   4.0432E-03   4.3687E-03   0.92549
FLUX  219   184.50        1.624892E+15   4.0837E-03   4.3348E-03   0.94209
FLUX  220   185.50        1.616132E+15   4.0544E-03   4.3012E-03   0.94263
FLUX  221   186.50        1.607466E+15   4.0746E-03   4.2680E-03   0.95468
FLUX  222   187.50        1.598893E+15   4.0257E-03   4.2352E-03   0.95054
FLUX  223   188.50        1.590411E+15   3.9859E-03   4.2027E-03   0.94840
FLUX  224   189.50        1.582018E+15   4.0134E-03   4.1706E-03   0.96232
FLUX  225   190.50        1.573714E+15   3.9989E-03   4.1388E-03   0.96618
FLUX  226   191.50        1.565496E+15   3.9892E-03   4.1074E-03   0.97121
FLUX  227   192.50        1.557364E+15   3.8407E-03   4.0764E-03   0.94219
FLUX  228   193.50        1.549315E+15   3.9270E-03   4.0456E-03   0.97068
FLUX  229   194.50        1.541350E+15   3.9122E-03   4.0152E-03   0.97434
FLUX  230   195.50        1.533465E+15   3.8463E-03   3.9851E-03   0.96516
FLUX  231   196.70        1.524110E+15   3.8414E-03   3.9495E-03   0.97263
FLUX  232   197.60        1.517169E+15   3.7819E-03   3.9230E-03   0.96403
FLUX  233   198.40        1.511051E+15   3.8305E-03   3.8998E-03   0.98225
FLUX  234   199.50        1.502719E+15   3.7763E-03   3.8681E-03   0.97629
FLUX  235   200.50        1.495224E+15   3.7753E-03   3.8396E-03   0.98327
FLUX  236   201.50        1.487804E+15   3.7546E-03   3.8114E-03   0.98509
FLUX  237   202.50        1.480457E+15   3.7408E-03   3.7835E-03   0.98872
FLUX  238   203.50        1.473182E+15   3.6669E-03   3.7559E-03   0.97631
FLUX  239   204.50        1.465978E+15   3.6357E-03   3.7286E-03   0.97509
FLUX  240   205.50        1.458844E+15   2.8033E-03   3.7887E-03   0.73990
FLUX  241   206.50        1.451780E+15   2.7311E-03   3.7612E-03   0.72613
FLUX  242   207.40        1.445480E+15   2.8359E-03   3.7368E-03   0.75892
FLUX  243   207.80        1.442697E+15   2.9244E-03   3.7260E-03   0.78486
FLUX  244   208.50        1.437854E+15   3.1606E-03   3.7072E-03   0.85255
FLUX  245   209.50        1.430990E+15   3.4607E-03   3.6806E-03   0.94026
FLUX  246   210.50        1.424192E+15   3.4437E-03   3.6542E-03   0.94238
FLUX  247   211.50        1.417459E+15   3.4675E-03   3.6282E-03   0.95572
FLUX  248   212.50        1.410788E+15   3.4346E-03   3.6024E-03   0.95343
FLUX  249   213.50        1.404180E+15   3.4443E-03   3.5768E-03   0.96295
FLUX  250   214.50        1.397634E+15   3.4034E-03   3.5516E-03   0.95829
FLUX  251   215.50        1.391148E+15   3.4080E-03   3.5265E-03   0.96638
FLUX  252   216.50        1.384723E+15   3.2652E-03   3.5018E-03   0.93245
FLUX  253   217.50        1.378356E+15   3.3731E-03   3.4773E-03   0.97005
FLUX  254   218.50        1.372048E+15   3.2933E-03   3.4530E-03   0.95373
FLUX  255   219.50        1.365797E+15   3.3433E-03   3.4290E-03   0.97501
FLUX  256   220.50        1.359603E+15   3.3215E-03   3.4052E-03   0.97542
FLUX  257   221.50        1.353465E+15   3.2103E-03   3.3817E-03   0.94931
FLUX  258   222.50        1.347382E+15   3.2914E-03   3.3584E-03   0.98006
FLUX  259   223.50        1.341353E+15   3.2660E-03   3.3353E-03   0.97921
FLUX  260   224.50        1.335379E+15   3.2430E-03   3.3125E-03   0.97901
FLUX  261   225.50        1.329457E+15   3.1487E-03   3.2899E-03   0.95709
FLUX  262   226.50        1.323587E+15   3.1947E-03   3.2675E-03   0.97773
FLUX  263   227.50        1.317769E+15   3.2054E-03   3.2453E-03   0.98771
FLUX  264   228.50        1.312002E+15   3.1423E-03   3.2234E-03   0.97485
FLUX  265   229.50        1.306285E+15   3.0909E-03   3.2016E-03   0.96540
FLUX  266   230.50        1.300618E+15   3.0287E-03   3.1801E-03   0.95239
FLUX  267   231.50        1.295000E+15   3.0575E-03   3.1588E-03   0.96793
FLUX  268   232.50        1.289430E+15   3.0878E-03   3.1377E-03   0.98409
FLUX  269   233.50        1.283908E+15   3.0613E-03   3.1168E-03   0.98218
FLUX  270   234.50        1.278433E+15   3.0165E-03   3.0961E-03   0.97428
FLUX  271   235.50        1.273004E+15   2.9717E-03   3.0756E-03   0.96622
FLUX  272   236.50        1.267622E+15   2.9487E-03   3.0553E-03   0.96510
FLUX  273   237.50        1.262284E+15   2.9168E-03   3.0352E-03   0.96100
FLUX  274   238.50        1.256992E+15   2.8022E-03   3.0153E-03   0.92933
FLUX  275   239.50        1.251743E+15   2.8695E-03   2.9956E-03   0.95791
FLUX  276   240.50        1.246538E+15   2.8239E-03   2.9761E-03   0.94887
FLUX  277   241.50        1.241377E+15   2.8327E-03   2.9567E-03   0.95807
FLUX  278   242.50        1.236258E+15   2.8575E-03   2.9375E-03   0.97274
FLUX  279   243.50        1.231181E+15   2.8230E-03   2.9185E-03   0.96726
FLUX  280   244.50        1.226145E+15   2.8113E-03   2.8997E-03   0.96951
FLUX  281   245.50        1.221151E+15   2.7618E-03   2.8811E-03   0.95859
FLUX  282   246.50        1.216197E+15   2.7582E-03   2.8626E-03   0.96354
FLUX  283   247.50        1.211283E+15   2.7824E-03   2.8443E-03   0.97823
FLUX  284   248.50        1.206408E+15   2.7256E-03   2.8262E-03   0.96441
FLUX  285   249.50        1.201573E+15   2.5789E-03   2.8082E-03   0.91833
FLUX  286   250.50        1.196776E+15   2.7195E-03   2.7904E-03   0.97456
FLUX  287   251.30        1.192967E+15   2.5594E-03   2.7763E-03   0.92188
FLUX  288   251.80        1.190598E+15   2.6431E-03   2.7676E-03   0.95501
FLUX  289   252.50        1.187297E+15   2.6489E-03   2.7554E-03   0.96135
FLUX  290   253.50        1.182613E+15   2.6746E-03   2.7381E-03   0.97684
FLUX  291   254.50        1.177967E+15   2.6823E-03   2.7209E-03   0.98578
FLUX  292   255.50        1.173356E+15   2.6623E-03   2.7040E-03   0.98459
FLUX  293   256.50        1.168782E+15   2.6552E-03   2.6871E-03   0.98811
FLUX  294   257.50        1.164243E+15   2.6227E-03   2.6705E-03   0.98211
FLUX  295   258.50        1.159739E+15   2.6094E-03   2.6539E-03   0.98323
FLUX  296   259.50        1.155270E+15   2.5280E-03   2.6376E-03   0.95844
FLUX  297   260.50        1.150835E+15   2.5918E-03   2.6214E-03   0.98872
FLUX  298   261.50        1.146434E+15   2.5282E-03   2.6053E-03   0.97042
FLUX  299   262.50        1.142067E+15   2.5643E-03   2.5894E-03   0.99030
FLUX  300   263.50        1.137732E+15   2.5494E-03   2.5736E-03   0.99061
FLUX  301   264.50        1.133431E+15   2.5177E-03   2.5579E-03   0.98427
FLUX  302   265.50        1.129162E+15   2.5119E-03   2.5424E-03   0.98800
FLUX  303   266.50        1.124925E+15   2.5054E-03   2.5270E-03   0.99143
FLUX  304   267.50        1.120720E+15   2.4596E-03   2.5118E-03   0.97921
FLUX  305   268.50        1.116546E+15   2.4691E-03   2.4967E-03   0.98893
FLUX  306   269.50        1.112403E+15   2.4387E-03   2.4817E-03   0.98267
FLUX  307   270.50        1.108290E+15   2.4544E-03   2.4669E-03   0.99495
FLUX  308   271.50        1.104208E+15   2.4380E-03   2.4522E-03   0.99423
FLUX  309   272.50        1.100156E+15   2.4195E-03   2.4376E-03   0.99257
FLUX  310   273.50        1.096133E+15   2.3432E-03   2.4232E-03   0.96700
FLUX  311   274.50        1.092140E+15   2.3937E-03   2.4088E-03   0.99373
FLUX  312   275.50        1.088176E+15   2.3644E-03   2.3946E-03   0.98738
FLUX  313   276.50        1.084241E+15   2.3593E-03   2.3806E-03   0.99105
FLUX  314   277.50        1.080333E+15   2.3359E-03   2.3666E-03   0.98704
FLUX  315   278.50        1.076454E+15   2.2923E-03   2.3528E-03   0.97432
FLUX  316   279.50        1.072603E+15   2.2893E-03   2.3390E-03   0.97875
FLUX  317   280.50        1.068779E+15   2.2878E-03   2.3254E-03   0.98381
FLUX  318   281.50        1.064982E+15   2.2706E-03   2.3120E-03   0.98212
FLUX  319   282.50        1.061212E+15   2.2509E-03   2.2986E-03   0.97924
FLUX  320   283.50        1.057469E+15   2.2556E-03   2.2853E-03   0.98699
FLUX  321   284.50        1.053752E+15   2.2450E-03   2.2722E-03   0.98805
FLUX  322   285.50        1.050061E+15   2.2221E-03   2.2592E-03   0.98360
FLUX  323   286.50        1.046396E+15   2.1527E-03   2.2462E-03   0.95835
FLUX  324   287.50        1.042757E+15   2.1226E-03   2.2334E-03   0.95036
FLUX  325   288.50        1.039142E+15   2.1623E-03   2.2207E-03   0.97370
FLUX  326   289.50        1.035553E+15   2.1466E-03   2.2081E-03   0.97211
FLUX  327   291.00        1.030215E+15   2.1497E-03   2.1894E-03   0.98184
FLUX  328   293.00        1.023183E+15   2.1442E-03   2.1649E-03   0.99045
FLUX  329   295.00        1.016246E+15   2.1176E-03   2.1407E-03   0.98920
FLUX  330   297.00        1.009402E+15   2.0927E-03   2.1169E-03   0.98856
FLUX  331   299.00        1.002651E+15   2.0615E-03   2.0936E-03   0.98470
FLUX  332   301.00        9.959884E+14   2.0404E-03   2.0706E-03   0.98543
FLUX  333   303.00        9.894142E+14   2.0031E-03   2.0479E-03   0.97814
FLUX  334   305.00        9.829262E+14   1.9903E-03   2.0256E-03   0.98253
FLUX  335   307.00        9.765228E+14   1.9399E-03   2.0037E-03   0.96815
FLUX  336   309.00        9.702023E+14   1.9528E-03   1.9821E-03   0.98521
FLUX  337   311.00        9.639630E+14   1.9293E-03   1.9609E-03   0.98387
FLUX  338   313.00        9.578035E+14   1.9096E-03   1.9400E-03   0.98432
FLUX  339   315.00        9.517222E+14   1.8989E-03   1.9194E-03   0.98931
FLUX  340   317.00        9.457177E+14   1.8791E-03   1.8992E-03   0.98940
FLUX  341   319.00        9.397884E+14   1.8630E-03   1.8793E-03   0.99133
FLUX  342   321.00        9.339330E+14   1.8110E-03   1.8596E-03   0.97383
FLUX  343   323.00        9.281502E+14   1.8321E-03   1.8403E-03   0.99556
FLUX  344   325.00        9.224385E+14   1.8132E-03   1.8213E-03   0.99558
FLUX  345   327.00        9.167966E+14   1.7767E-03   1.8025E-03   0.98569
FLUX  346   329.00        9.112234E+14   1.7720E-03   1.7841E-03   0.99321
FLUX  347   331.00        9.057175E+14   1.7516E-03   1.7659E-03   0.99190
FLUX  348   333.00        9.002778E+14   1.7310E-03   1.7480E-03   0.99030
FLUX  349   335.00        8.949030E+14   1.6968E-03   1.7304E-03   0.98059
FLUX  350   337.00        8.895920E+14   1.6912E-03   1.7130E-03   0.98727
FLUX  351   339.00        8.843437E+14   1.6662E-03   1.6959E-03   0.98248
FLUX  352   341.00        8.791569E+14   1.6469E-03   1.6790E-03   0.98088
FLUX  353   343.00        8.740306E+14   1.6502E-03   1.6624E-03   0.99264
FLUX  354   345.00        8.689638E+14   1.6196E-03   1.6461E-03   0.98392
FLUX  355   347.00        8.639553E+14   1.6111E-03   1.6299E-03   0.98845
FLUX  356   349.00        8.590043E+14   1.5942E-03   1.6140E-03   0.98770
FLUX  357   351.00        8.541097E+14   1.5886E-03   1.5984E-03   0.99388
FLUX  358   353.00        8.492705E+14   1.5659E-03   1.5829E-03   0.98922
FLUX  359   355.00        8.444859E+14   1.5554E-03   1.5677E-03   0.99214
FLUX  360   357.00        8.397549E+14   1.5363E-03   1.5527E-03   0.98946
FLUX  361   359.00        8.350766E+14   1.5241E-03   1.5379E-03   0.99103
FLUX  362   361.00        8.304501E+14   1.5112E-03   1.5233E-03   0.99205
FLUX  363   363.00        8.258747E+14   1.4906E-03   1.5089E-03   0.98786
FLUX  364   364.00        8.236058E+14   1.4646E-03   1.5018E-03   0.97521
FLUX  365   365.00        8.213493E+14   1.3190E-03   1.5584E-03   0.84638
FLUX  366   367.00        8.168733E+14   1.3082E-03   1.5437E-03   0.84742
FLUX  367   369.00        8.124458E+14   1.3013E-03   1.5292E-03   0.85095
FLUX  368   371.00        8.080660E+14   1.3008E-03   1.5149E-03   0.85870
FLUX  369   373.00        8.037332E+14   1.3174E-03   1.5007E-03   0.87784
FLUX  370   375.00        7.994467E+14   1.3420E-03   1.4868E-03   0.90259
FLUX  371   377.00        7.952056E+14   1.3605E-03   1.4731E-03   0.92361
FLUX  372   379.00        7.910092E+14   1.3823E-03   1.4595E-03   0.94712
FLUX  373   381.00        7.868570E+14   1.3954E-03   1.4461E-03   0.96490
FLUX  374   383.00        7.827480E+14   1.3455E-03   1.4329E-03   0.93899
FLUX  375   385.00        7.786818E+14   1.3927E-03   1.4199E-03   0.98085
FLUX  376   387.00        7.746576E+14   1.3904E-03   1.4071E-03   0.98814
FLUX  377   389.00        7.706748E+14   1.3020E-03   1.3944E-03   0.93372
FLUX  378   391.00        7.667327E+14   1.3699E-03   1.3819E-03   0.99131
FLUX  379   393.00        7.628308E+14   1.3434E-03   1.3696E-03   0.98088
FLUX  380   395.00        7.589684E+14   1.3434E-03   1.3574E-03   0.98967
FLUX  381   397.00        7.551448E+14   1.2470E-03   1.3454E-03   0.92683
FLUX  382   399.00        7.513596E+14   1.3242E-03   1.3335E-03   0.99304
FLUX  383   401.00        7.476122E+14   1.3150E-03   1.3218E-03   0.99485
FLUX  384   403.00        7.439020E+14   1.2844E-03   1.3103E-03   0.98027
FLUX  385   405.00        7.402284E+14   1.2901E-03   1.2989E-03   0.99328
FLUX  386   407.00        7.365909E+14   1.2806E-03   1.2876E-03   0.99459
FLUX  387   409.00        7.329890E+14   1.2444E-03   1.2765E-03   0.97490
FLUX  388   411.00        7.294221E+14   1.1862E-03   1.2655E-03   0.93737
FLUX  389   413.00        7.258898E+14   1.2445E-03   1.2547E-03   0.99187
FLUX  390   415.00        7.223916E+14   1.2387E-03   1.2440E-03   0.99576
FLUX  391   417.00        7.189269E+14   1.2275E-03   1.2334E-03   0.99523
FLUX  392   419.00        7.154952E+14   1.2151E-03   1.2230E-03   0.99355
FLUX  393   421.00        7.120962E+14   1.1904E-03   1.2127E-03   0.98163
FLUX  394   423.00        7.087293E+14   1.2003E-03   1.2025E-03   0.99818
FLUX  395   425.00        7.053941E+14   1.1901E-03   1.1924E-03   0.99806
FLUX  396   427.00        7.020902E+14   1.1803E-03   1.1825E-03   0.99815
FLUX  397   429.00        6.988170E+14   1.1705E-03   1.1727E-03   0.99816
FLUX  398   431.00        6.955742E+14   1.1562E-03   1.1630E-03   0.99414
FLUX  399   433.00        6.923614E+14   1.1191E-03   1.1535E-03   0.97019
FLUX  400   435.00        6.891782E+14   1.0793E-03   1.1440E-03   0.94346
FLUX  401   437.00        6.860240E+14   1.1217E-03   1.1347E-03   0.98858
FLUX  402   439.00        6.828986E+14   1.1100E-03   1.1255E-03   0.98625
FLUX  403   441.00        6.798016E+14   1.0965E-03   1.1163E-03   0.98224
FLUX  404   443.00        6.767325E+14   1.0983E-03   1.1073E-03   0.99183
FLUX  405   445.00        6.736910E+14   1.0871E-03   1.0984E-03   0.98964
FLUX  406   447.00        6.706767E+14   1.0822E-03   1.0897E-03   0.99313
FLUX  407   449.00        6.676893E+14   1.0754E-03   1.0810E-03   0.99485
FLUX  408   451.00        6.647284E+14   1.0628E-03   1.0724E-03   0.99102
FLUX  409   453.00        6.617936E+14   1.0535E-03   1.0639E-03   0.99020
FLUX  410   455.00        6.588846E+14   1.0292E-03   1.0555E-03   0.97502
FLUX  411   457.00        6.560011E+14   1.0385E-03   1.0472E-03   0.99161
FLUX  412   459.00        6.531427E+14   1.0307E-03   1.0391E-03   0.99192
FLUX  413   461.00        6.503091E+14   1.0250E-03   1.0310E-03   0.99416
FLUX  414   463.00        6.475000E+14   1.0099E-03   1.0230E-03   0.98724
FLUX  415   465.00        6.447151E+14   9.8952E-04   1.0151E-03   0.97483
FLUX  416   467.00        6.419540E+14   9.9593E-04   1.0072E-03   0.98876
FLUX  417   469.00        6.392164E+14   9.5826E-04   9.9952E-04   0.95872
FLUX  418   471.00        6.365021E+14   9.8570E-04   9.9188E-04   0.99376
FLUX  419   473.00        6.338108E+14   9.8078E-04   9.8433E-04   0.99639
FLUX  420   475.00        6.311421E+14   9.7356E-04   9.7687E-04   0.99662
FLUX  421   477.00        6.284958E+14   9.6644E-04   9.6948E-04   0.99686
FLUX  422   479.00        6.258716E+14   9.5365E-04   9.6218E-04   0.99113
FLUX  423   481.00        6.232692E+14   9.5176E-04   9.5497E-04   0.99665
FLUX  424   483.00        6.206884E+14   9.4385E-04   9.4783E-04   0.99581
FLUX  425   485.00        6.181289E+14   9.2528E-04   9.4077E-04   0.98354
FLUX  426   487.00        6.155903E+14   8.7649E-04   9.3378E-04   0.93864
FLUX  427   489.00        6.130726E+14   9.2237E-04   9.2687E-04   0.99514
FLUX  428   491.00        6.105754E+14   9.1637E-04   9.2004E-04   0.99601
FLUX  429   493.00        6.080984E+14   9.1070E-04   9.1328E-04   0.99718
FLUX  430   495.00        6.056414E+14   9.0479E-04   9.0660E-04   0.99801
FLUX  431   497.00        6.032042E+14   8.9783E-04   8.9998E-04   0.99761
FLUX  432   499.00        6.007866E+14   8.9245E-04   8.9344E-04   0.99889
FLUX  433   501.00        5.983882E+14   8.8380E-04   8.8697E-04   0.99643
FLUX  434   503.00        5.960089E+14   8.7887E-04   8.8057E-04   0.99808
FLUX  435   505.00        5.936485E+14   8.6983E-04   8.7423E-04   0.99497
FLUX  436   507.00        5.913067E+14   8.6514E-04   8.6796E-04   0.99674
FLUX  437   509.00        5.889833E+14   8.6011E-04   8.6176E-04   0.99808
FLUX  438   511.00        5.866781E+14   8.5108E-04   8.5563E-04   0.99469
FLUX  439   513.00        5.843908E+14   8.4327E-04   8.4956E-04   0.99260
FLUX  440   515.00        5.821214E+14   8.4008E-04   8.4355E-04   0.99588
FLUX  441   517.00        5.798694E+14   8.3739E-04   8.3761E-04   0.99974
FLUX  442   519.00        5.776349E+14   8.3113E-04   8.3173E-04   0.99928
FLUX  443   521.00        5.754175E+14   8.2322E-04   8.2591E-04   0.99675
FLUX  444   523.00        5.732170E+14   8.1958E-04   8.2015E-04   0.99931
FLUX  445   525.00        5.710333E+14   8.1197E-04   8.1445E-04   0.99695
FLUX  446   527.00        5.688662E+14   8.0673E-04   8.0881E-04   0.99743
FLUX  447   529.00        5.667155E+14   8.0263E-04   8.0322E-04   0.99926
FLUX  448   531.00        5.645810E+14   7.9709E-04   7.9770E-04   0.99924
FLUX  449   533.00        5.624625E+14   7.9128E-04   7.9223E-04   0.99880
FLUX  450   535.00        5.603598E+14   7.8670E-04   7.8681E-04   0.99986
FLUX  451   537.00        5.582728E+14   7.8055E-04   7.8145E-04   0.99884
FLUX  452   539.00        5.562013E+14   7.7548E-04   7.7615E-04   0.99914
FLUX  453   541.00        5.541451E+14   7.5611E-04   7.7089E-04   0.98083
FLUX  454   543.00        5.521041E+14   7.6550E-04   7.6569E-04   0.99975
FLUX  455   545.00        5.500780E+14   7.6031E-04   7.6055E-04   0.99969
FLUX  456   547.00        5.480667E+14   7.5414E-04   7.5545E-04   0.99827
FLUX  457   549.00        5.460701E+14   7.4997E-04   7.5041E-04   0.99942
FLUX  458   551.00        5.440880E+14   7.4391E-04   7.4541E-04   0.99798
FLUX  459   553.00        5.421203E+14   7.4021E-04   7.4047E-04   0.99965
FLUX  460   555.00        5.401667E+14   7.3541E-04   7.3557E-04   0.99979
FLUX  461   557.00        5.382271E+14   7.2840E-04   7.3072E-04   0.99682
FLUX  462   559.00        5.363014E+14   7.2204E-04   7.2592E-04   0.99466
FLUX  463   561.00        5.343895E+14   7.2078E-04   7.2117E-04   0.99947
FLUX  464   563.00        5.324911E+14   7.1595E-04   7.1646E-04   0.99929
FLUX  465   565.00        5.306062E+14   7.1115E-04   7.1180E-04   0.99909
FLUX  466   567.00        5.287346E+14   7.0621E-04   7.0718E-04   0.99863
FLUX  467   569.00        5.268761E+14   6.9021E-04   7.0261E-04   0.98235
FLUX  468   571.00        5.250306E+14   6.4532E-04   6.9997E-04   0.92193
FLUX  469   573.00        5.231981E+14   6.4138E-04   6.9547E-04   0.92223
FLUX  470   575.00        5.213783E+14   6.3689E-04   6.9101E-04   0.92168
FLUX  471   577.00        5.195711E+14   6.3422E-04   6.8659E-04   0.92371
FLUX  472   579.00        5.177763E+14   6.3118E-04   6.8222E-04   0.92518
FLUX  473   581.00        5.159940E+14   6.2087E-04   6.7789E-04   0.91589
FLUX  474   583.00        5.142238E+14   6.2754E-04   6.7360E-04   0.93163
FLUX  475   585.00        5.124658E+14   6.2754E-04   6.6935E-04   0.93754
FLUX  476   587.00        5.107198E+14   6.2605E-04   6.6514E-04   0.94124
FLUX  477   589.00        5.089856E+14   6.2777E-04   6.6097E-04   0.94978
FLUX  478   591.00        5.072631E+14   6.2840E-04   6.5683E-04   0.95671
FLUX  479   593.00        5.055523E+14   6.2967E-04   6.5274E-04   0.96465
FLUX  480   595.00        5.038529E+14   6.3211E-04   6.4869E-04   0.97445
FLUX  481   597.00        5.021650E+14   6.3368E-04   6.4467E-04   0.98296
FLUX  482   599.00        5.004883E+14   6.3495E-04   6.4068E-04   0.99105
FLUX  483   601.00        4.988228E+14   6.3249E-04   6.3674E-04   0.99333
FLUX  484   603.00        4.971683E+14   6.3009E-04   6.3283E-04   0.99568
FLUX  485   605.00        4.955248E+14   6.2658E-04   6.2896E-04   0.99622
FLUX  486   607.00        4.938921E+14   6.2258E-04   6.2512E-04   0.99594
FLUX  487   609.00        4.922701E+14   6.1995E-04   6.2132E-04   0.99779
FLUX  488   611.00        4.906588E+14   6.1514E-04   6.1755E-04   0.99610
FLUX  489   613.00        4.890579E+14   6.1163E-04   6.1381E-04   0.99644
FLUX  490   615.00        4.874675E+14   6.0899E-04   6.1011E-04   0.99817
FLUX  491   617.00        4.858874E+14   6.0315E-04   6.0644E-04   0.99458
FLUX  492   619.00        4.843174E+14   6.0232E-04   6.0280E-04   0.99920
FLUX  493   621.00        4.827576E+14   5.9862E-04   5.9920E-04   0.99903
FLUX  494   623.00        4.812079E+14   5.9196E-04   5.9563E-04   0.99385
FLUX  495   625.00        4.796680E+14   5.9110E-04   5.9209E-04   0.99833
FLUX  496   627.00        4.781380E+14   5.8793E-04   5.8858E-04   0.99890
FLUX  497   629.00        4.766176E+14   5.8484E-04   5.8510E-04   0.99956
FLUX  498   631.00        4.751070E+14   5.7700E-04   5.8165E-04   0.99201
FLUX  499   633.00        4.736058E+14   5.7780E-04   5.7823E-04   0.99925
FLUX  500   635.00        4.721142E+14   5.7457E-04   5.7484E-04   0.99952
FLUX  501   637.00        4.706319E+14   5.7135E-04   5.7148E-04   0.99977
FLUX  502   639.00        4.691588E+14   5.6675E-04   5.6815E-04   0.99753
FLUX  503   641.00        4.676950E+14   5.5937E-04   5.6485E-04   0.99030
FLUX  504   643.00        4.662403E+14   5.6146E-04   5.6158E-04   0.99979
FLUX  505   645.00        4.647946E+14   5.5789E-04   5.5833E-04   0.99920
FLUX  506   647.00        4.633578E+14   5.5456E-04   5.5512E-04   0.99899
FLUX  507   649.00        4.619299E+14   5.5178E-04   5.5193E-04   0.99973
FLUX  508   651.00        4.605108E+14   5.4802E-04   5.4877E-04   0.99865
FLUX  509   653.00        4.591003E+14   5.3879E-04   5.4563E-04   0.98747
FLUX  510   655.00        4.576985E+14   5.3732E-04   5.4252E-04   0.99042
FLUX  511   657.00        4.563052E+14   5.0292E-04   5.3944E-04   0.93231
FLUX  512   659.00        4.549203E+14   5.3540E-04   5.3638E-04   0.99818
FLUX  513   661.00        4.535439E+14   5.3334E-04   5.3335E-04   0.99998
FLUX  514   663.00        4.521757E+14   5.3033E-04   5.3034E-04   0.99998
FLUX  515   665.00        4.508158E+14   5.2733E-04   5.2737E-04   0.99993
FLUX  516   667.00        4.494640E+14   5.2271E-04   5.2441E-04   0.99676
FLUX  517   669.00        4.481203E+14   5.1399E-04   5.2148E-04   0.98563
FLUX  518   671.00        4.467846E+14   5.1757E-04   5.1857E-04   0.99807
FLUX  519   673.00        4.454569E+14   5.1544E-04   5.1569E-04   0.99951
FLUX  520   675.00        4.441370E+14   5.1253E-04   5.1283E-04   0.99941
FLUX  521   677.00        4.428250E+14   5.0977E-04   5.0999E-04   0.99956
FLUX  522   679.00        4.415206E+14   5.0715E-04   5.0718E-04   0.99993
FLUX  523   681.00        4.402239E+14   5.0429E-04   5.0439E-04   0.99980
FLUX  524   683.00        4.389348E+14   5.0159E-04   5.0163E-04   0.99993
FLUX  525   685.00        4.376533E+14   4.9876E-04   4.9888E-04   0.99975
FLUX  526   687.00        4.363792E+14   4.9601E-04   4.9616E-04   0.99968
FLUX  527   689.00        4.351125E+14   4.8561E-04   4.9346E-04   0.98408
FLUX  528   691.00        4.338531E+14   4.9038E-04   4.9079E-04   0.99918
FLUX  529   693.00        4.326010E+14   4.8812E-04   4.8813E-04   0.99998
FLUX  530   695.00        4.313561E+14   4.8544E-04   4.8550E-04   0.99988
FLUX  531   697.00        4.301184E+14   4.8279E-04   4.8288E-04   0.99980
FLUX  532   699.00        4.288877E+14   4.8018E-04   4.8029E-04   0.99976
FLUX  533   701.00        4.276641E+14   4.7728E-04   4.7772E-04   0.99908
FLUX  534   703.00        4.264474E+14   4.7399E-04   4.7517E-04   0.99751
FLUX  535   705.00        4.252376E+14   4.7147E-04   4.7264E-04   0.99753
FLUX  536   707.00        4.240347E+14   4.6929E-04   4.7013E-04   0.99822
FLUX  537   709.00        4.228385E+14   4.6740E-04   4.6764E-04   0.99949
FLUX  538   711.00        4.216491E+14   4.6314E-04   4.6517E-04   0.99564
FLUX  539   713.00        4.204663E+14   4.6113E-04   4.6272E-04   0.99657
FLUX  540   715.00        4.192902E+14   4.6000E-04   4.6028E-04   0.99938
FLUX  541   717.00        4.181206E+14   4.5178E-04   4.5787E-04   0.98670
FLUX  542   719.00        4.169576E+14   4.5236E-04   4.5548E-04   0.99316
FLUX  543   721.00        4.158010E+14   4.5187E-04   4.5310E-04   0.99729
FLUX  544   723.00        4.146508E+14   4.5048E-04   4.5074E-04   0.99941
FLUX  545   725.00        4.135069E+14   4.4836E-04   4.4841E-04   0.99989
FLUX  546   727.00        4.123693E+14   4.4605E-04   4.4608E-04   0.99991
FLUX  547   729.00        4.112380E+14   4.4366E-04   4.4378E-04   0.99972
FLUX  548   731.00        4.101129E+14   4.4080E-04   4.4150E-04   0.99841
FLUX  549   733.00        4.089939E+14   4.3887E-04   4.3923E-04   0.99918
FLUX  550   735.00        4.078810E+14   4.3697E-04   4.3698E-04   0.99997
FLUX  551   737.00        4.067741E+14   4.3443E-04   4.3474E-04   0.99928
FLUX  552   739.00        4.056732E+14   4.3132E-04   4.3253E-04   0.99721
FLUX  553   741.00        4.045783E+14   4.3000E-04   4.3033E-04   0.99924
FLUX  554   743.00        4.034892E+14   4.2809E-04   4.2814E-04   0.99987
FLUX  555   745.00        4.024060E+14   4.2528E-04   4.2598E-04   0.99836
FLUX  556   747.00        4.013286E+14   4.2357E-04   4.2383E-04   0.99939
FLUX  557   749.00        4.002570E+14   4.2090E-04   4.2169E-04   0.99813
FLUX  558   751.00        3.991911E+14   4.1920E-04   4.1958E-04   0.99912
FLUX  559   753.00        3.981308E+14   4.1729E-04   4.1747E-04   0.99956
FLUX  560   755.00        3.970762E+14   4.1515E-04   4.1539E-04   0.99944
FLUX  561   757.00        3.960271E+14   4.1296E-04   4.1331E-04   0.99915
FLUX  562   759.00        3.949835E+14   4.0358E-04   4.1126E-04   0.98133
FLUX  563   761.00        3.939455E+14   4.0842E-04   4.0922E-04   0.99804
FLUX  564   763.00        3.929128E+14   4.0694E-04   4.0719E-04   0.99938
FLUX  565   765.00        3.918856E+14   4.0497E-04   4.0518E-04   0.99949
FLUX  566   767.00        3.908638E+14   4.0241E-04   4.0319E-04   0.99808
FLUX  567   769.00        3.898472E+14   4.0020E-04   4.0120E-04   0.99749
FLUX  568   771.00        3.888359E+14   3.9802E-04   3.9924E-04   0.99696
FLUX  569   773.00        3.878299E+14   3.9616E-04   3.9729E-04   0.99716
FLUX  570   775.00        3.868290E+14   3.9467E-04   3.9535E-04   0.99828
FLUX  571   777.00        3.858333E+14   3.9335E-04   3.9342E-04   0.99981
FLUX  572   779.00        3.848427E+14   3.9109E-04   3.9151E-04   0.99893
FLUX  573   781.00        3.838572E+14   3.8953E-04   3.8962E-04   0.99977
FLUX  574   783.00        3.828768E+14   3.8758E-04   3.8773E-04   0.99961
FLUX  575   785.00        3.819013E+14   3.8453E-04   3.8587E-04   0.99654
FLUX  576   787.00        3.809307E+14   3.8355E-04   3.8401E-04   0.99881
FLUX  577   789.00        3.799651E+14   3.8195E-04   3.8217E-04   0.99943
FLUX  578   791.00        3.790044E+14   3.8025E-04   3.8034E-04   0.99977
FLUX  579   793.00        3.780485E+14   3.7851E-04   3.7852E-04   0.99999
FLUX  580   795.00        3.770975E+14   3.7635E-04   3.7671E-04   0.99904
FLUX  581   797.00        3.761512E+14   3.7430E-04   3.7492E-04   0.99833
FLUX  582   799.00        3.752096E+14   3.7313E-04   3.7314E-04   0.99997
FLUX  583   801.00        3.742728E+14   3.7133E-04   3.7138E-04   0.99986
FLUX  584   803.00        3.733406E+14   3.6919E-04   3.6962E-04   0.99882
FLUX  585   805.00        3.724130E+14   3.6762E-04   3.6788E-04   0.99930
FLUX  586   807.00        3.714901E+14   3.6614E-04   3.6615E-04   0.99997
FLUX  587   809.00        3.705717E+14   3.6440E-04   3.6443E-04   0.99990
FLUX  588   811.00        3.696578E+14   3.6272E-04   3.6273E-04   0.99997
FLUX  589   813.00        3.687485E+14   3.6103E-04   3.6103E-04   0.99999
FLUX  590   815.00        3.678436E+14   3.5935E-04   3.5935E-04   0.99999
FLUX  591   817.00        3.669431E+14   3.5716E-04   3.5768E-04   0.99854
FLUX  592   819.00        3.660470E+14   3.5407E-04   3.5602E-04   0.99450
FLUX  593   821.00        3.651553E+14   3.3590E-04   3.5748E-04   0.93963
FLUX  594   823.00        3.642679E+14   3.3184E-04   3.5582E-04   0.93260
FLUX  595   825.00        3.633848E+14   3.3247E-04   3.5418E-04   0.93871
FLUX  596   827.00        3.625060E+14   3.3146E-04   3.5255E-04   0.94018
FLUX  597   829.00        3.616315E+14   3.3007E-04   3.5093E-04   0.94056
FLUX  598   831.00        3.607611E+14   3.2868E-04   3.4932E-04   0.94092
FLUX  599   833.00        3.598950E+14   3.2672E-04   3.4773E-04   0.93960
FLUX  600   835.00        3.590329E+14   3.2574E-04   3.4614E-04   0.94107
FLUX  601   837.00        3.581750E+14   3.2457E-04   3.4456E-04   0.94199
FLUX  602   839.00        3.573212E+14   3.2334E-04   3.4300E-04   0.94267
FLUX  603   841.00        3.564715E+14   3.2241E-04   3.4144E-04   0.94424
FLUX  604   843.00        3.556257E+14   3.2138E-04   3.3990E-04   0.94551
FLUX  605   845.00        3.547840E+14   3.2038E-04   3.3837E-04   0.94685
FLUX  606   847.00        3.539463E+14   3.1945E-04   3.3684E-04   0.94838
FLUX  607   849.00        3.531125E+14   3.1875E-04   3.3533E-04   0.95057
FLUX  608   851.00        3.522826E+14   3.1754E-04   3.3383E-04   0.95121
FLUX  609   853.00        3.514566E+14   3.1728E-04   3.3233E-04   0.95471
FLUX  610   855.00        3.506345E+14   3.1597E-04   3.3085E-04   0.95504
FLUX  611   857.00        3.498162E+14   3.1579E-04   3.2937E-04   0.95875
FLUX  612   859.00        3.490017E+14   3.1468E-04   3.2791E-04   0.95966
FLUX  613   861.00        3.481911E+14   3.1387E-04   3.2646E-04   0.96144
FLUX  614   863.00        3.473841E+14   3.1444E-04   3.2501E-04   0.96747
FLUX  615   865.00        3.465809E+14   3.1342E-04   3.2358E-04   0.96862
FLUX  616   867.00        3.457814E+14   3.0981E-04   3.2215E-04   0.96171
FLUX  617   869.00        3.449856E+14   3.1293E-04   3.2073E-04   0.97568
FLUX  618   871.00        3.441935E+14   3.1290E-04   3.1932E-04   0.97988
FLUX  619   873.00        3.434049E+14   3.1197E-04   3.1793E-04   0.98126
FLUX  620   875.00        3.426200E+14   3.0524E-04   3.1654E-04   0.96432
FLUX  621   877.00        3.418387E+14   3.0986E-04   3.1516E-04   0.98318
FLUX  622   879.00        3.410609E+14   3.1097E-04   3.1379E-04   0.99103
FLUX  623   881.00        3.402866E+14   3.1056E-04   3.1242E-04   0.99404
FLUX  624   883.00        3.395159E+14   3.0952E-04   3.1107E-04   0.99501
FLUX  625   885.00        3.387486E+14   3.0465E-04   3.0972E-04   0.98362
FLUX  626   887.00        3.379848E+14   2.9649E-04   3.0839E-04   0.96141
FLUX  627   889.00        3.372244E+14   3.0493E-04   3.0706E-04   0.99308
FLUX  628   891.00        3.364675E+14   3.0478E-04   3.0574E-04   0.99685
FLUX  629   893.00        3.357139E+14   3.0320E-04   3.0443E-04   0.99596
FLUX  630   895.00        3.349637E+14   3.0260E-04   3.0313E-04   0.99827
FLUX  631   897.00        3.342168E+14   3.0146E-04   3.0183E-04   0.99875
FLUX  632   899.00        3.334733E+14   2.9886E-04   3.0055E-04   0.99439
FLUX  633   901.00        3.327331E+14   2.8643E-04   2.9927E-04   0.95710
FLUX  634   903.00        3.319961E+14   2.9112E-04   2.9800E-04   0.97691
FLUX  635   905.00        3.312624E+14   2.9569E-04   2.9674E-04   0.99646
FLUX  636   907.00        3.305320E+14   2.9527E-04   2.9549E-04   0.99927
FLUX  637   909.00        3.298047E+14   2.9410E-04   2.9424E-04   0.99953
FLUX  638   911.00        3.290807E+14   2.9194E-04   2.9300E-04   0.99636
FLUX  639   913.00        3.283598E+14   2.9155E-04   2.9177E-04   0.99926
FLUX  640   915.00        3.276421E+14   2.9052E-04   2.9055E-04   0.99990
FLUX  641   917.00        3.269275E+14   2.8903E-04   2.8933E-04   0.99894
FLUX  642   919.00        3.262160E+14   2.8755E-04   2.8813E-04   0.99798
FLUX  643   921.00        3.255076E+14   2.8410E-04   2.8693E-04   0.99014
FLUX  644   923.00        3.248023E+14   2.6868E-04   2.8573E-04   0.94031
FLUX  645   925.00        3.241000E+14   2.8089E-04   2.8455E-04   0.98714
FLUX  646   927.00        3.234008E+14   2.8277E-04   2.8337E-04   0.99789
FLUX  647   929.00        3.227045E+14   2.8208E-04   2.8220E-04   0.99958
FLUX  648   931.00        3.220113E+14   2.8096E-04   2.8104E-04   0.99974
FLUX  649   933.00        3.213210E+14   2.7956E-04   2.7988E-04   0.99885
FLUX  650   935.00        3.206337E+14   2.7185E-04   2.7873E-04   0.97529
FLUX  651   937.00        3.199493E+14   2.7571E-04   2.7759E-04   0.99321
FLUX  652   939.00        3.192678E+14   2.7619E-04   2.7646E-04   0.99904
FLUX  653   941.00        3.185893E+14   2.7506E-04   2.7533E-04   0.99904
FLUX  654   943.00        3.179136E+14   2.7408E-04   2.7421E-04   0.99953
FLUX  655   945.00        3.172407E+14   2.7289E-04   2.7309E-04   0.99926
FLUX  656   947.00        3.165707E+14   2.7195E-04   2.7198E-04   0.99989
FLUX  657   949.00        3.159036E+14   2.7050E-04   2.7088E-04   0.99857
FLUX  658   951.00        3.152392E+14   2.6919E-04   2.6979E-04   0.99778
FLUX  659   953.00        3.145776E+14   2.6506E-04   2.6870E-04   0.98644
FLUX  660   955.00        3.139188E+14   2.5007E-04   2.6762E-04   0.93444
FLUX  661   957.00        3.132628E+14   2.6404E-04   2.6654E-04   0.99061
FLUX  662   959.00        3.126095E+14   2.6514E-04   2.6547E-04   0.99874
FLUX  663   961.00        3.119589E+14   2.6438E-04   2.6441E-04   0.99986
FLUX  664   963.00        3.113110E+14   2.6322E-04   2.6336E-04   0.99949
FLUX  665   965.00        3.106658E+14   2.6230E-04   2.6231E-04   0.99997
FLUX  666   967.00        3.100233E+14   2.6126E-04   2.6126E-04   0.99999
FLUX  667   969.00        3.093834E+14   2.6022E-04   2.6023E-04   0.99998
FLUX  668   971.00        3.087461E+14   2.5815E-04   2.5919E-04   0.99598
FLUX  669   973.00        3.081115E+14   2.5797E-04   2.5817E-04   0.99922
FLUX  670   975.00        3.074795E+14   2.5670E-04   2.5715E-04   0.99824
FLUX  671   977.00        3.068501E+14   2.5376E-04   2.5614E-04   0.99073
FLUX  672   979.00        3.062232E+14   2.5511E-04   2.5513E-04   0.99991
FLUX  673   981.00        3.055989E+14   2.5412E-04   2.5413E-04   0.99997
FLUX  674   983.00        3.049771E+14   2.5293E-04   2.5313E-04   0.99920
FLUX  675   985.00        3.043579E+14   2.5214E-04   2.5214E-04   0.99998
FLUX  676   987.00        3.037411E+14   2.5116E-04   2.5116E-04   0.99999
FLUX  677   989.00        3.031269E+14   2.5018E-04   2.5018E-04   0.99998
FLUX  678   991.00        3.025151E+14   2.4914E-04   2.4921E-04   0.99970
FLUX  679   993.00        3.019058E+14   2.4824E-04   2.4824E-04   0.99998
FLUX  680   995.00        3.012990E+14   2.4728E-04   2.4728E-04   0.99999
FLUX  681   997.00        3.006946E+14   2.4632E-04   2.4633E-04   0.99998
FLUX  682   999.00        3.000926E+14   2.4537E-04   2.4538E-04   0.99997
FLUX  683  1002.50        2.990449E+14   2.4010E-04   2.4373E-04   0.98512
FLUX  684  1007.50        2.975608E+14   2.3546E-04   2.4140E-04   0.97538
FLUX  685  1012.50        2.960914E+14   2.3443E-04   2.3910E-04   0.98047
FLUX  686  1017.50        2.946364E+14   2.3679E-04   2.3684E-04   0.99980
FLUX  687  1022.50        2.931956E+14   2.3454E-04   2.3461E-04   0.99972
FLUX  688  1027.50        2.917689E+14   2.3220E-04   2.3241E-04   0.99909
FLUX  689  1032.50        2.903559E+14   2.3006E-04   2.3024E-04   0.99920
FLUX  690  1037.50        2.889566E+14   2.2806E-04   2.2810E-04   0.99982
FLUX  691  1042.50        2.875707E+14   2.2450E-04   2.2599E-04   0.99340
FLUX  692  1047.50        2.861981E+14   2.2390E-04   2.2391E-04   0.99997
FLUX  693  1052.50        2.848385E+14   2.2183E-04   2.2186E-04   0.99990
FLUX  694  1057.50        2.834917E+14   2.1982E-04   2.1983E-04   0.99994
FLUX  695  1062.50        2.821576E+14   2.1783E-04   2.1783E-04   0.99998
FLUX  696  1067.50        2.808361E+14   2.1586E-04   2.1586E-04   0.99998
FLUX  697  1072.50        2.795268E+14   2.1391E-04   2.1392E-04   0.99998
FLUX  698  1077.50        2.782297E+14   2.1199E-04   2.1200E-04   0.99998
FLUX  699  1082.50        2.769446E+14   2.0991E-04   2.1010E-04   0.99907
FLUX  700  1087.50        2.756713E+14   2.0819E-04   2.0824E-04   0.99977
FLUX  701  1092.50        2.744096E+14   1.9901E-04   2.0639E-04   0.96422
FLUX  702  1097.50        2.731595E+14   2.0321E-04   2.0457E-04   0.99334
FLUX  703  1102.50        2.719206E+14   2.0277E-04   2.0278E-04   0.99998
FLUX  704  1107.50        2.706930E+14   2.0100E-04   2.0100E-04   0.99998
FLUX  705  1112.50        2.694764E+14   1.9925E-04   1.9925E-04   0.99998
FLUX  706  1117.50        2.682707E+14   1.9767E-04   1.9767E-04   0.99999
FLUX  707  1122.50        2.670757E+14   1.9593E-04   1.9596E-04   0.99983
FLUX  708  1127.50        2.658914E+14   1.9421E-04   1.9428E-04   0.99967
FLUX  709  1132.50        2.647174E+14   1.9253E-04   1.9261E-04   0.99957
FLUX  710  1137.50        2.635538E+14   1.9095E-04   1.9097E-04   0.99990
FLUX  711  1142.50        2.624004E+14   1.8934E-04   1.8935E-04   0.99993
FLUX  712  1147.50        2.612571E+14   1.8775E-04   1.8775E-04   0.99998
FLUX  713  1152.50        2.601236E+14   1.8616E-04   1.8617E-04   0.99999
FLUX  714  1157.50        2.590000E+14   1.8449E-04   1.8461E-04   0.99937
FLUX  715  1162.50        2.578860E+14   1.8074E-04   1.8306E-04   0.98732
FLUX  716  1167.50        2.567816E+14   1.7988E-04   1.8154E-04   0.99082
FLUX  717  1172.50        2.556866E+14   1.7999E-04   1.8004E-04   0.99977
FLUX  718  1177.50        2.546008E+14   1.7855E-04   1.7855E-04   0.99998
FLUX  719  1182.50        2.535243E+14   1.7692E-04   1.7708E-04   0.99909
FLUX  720  1187.50        2.524568E+14   1.7561E-04   1.7564E-04   0.99983
FLUX  721  1192.50        2.513983E+14   1.7418E-04   1.7420E-04   0.99985
FLUX  722  1197.50        2.503486E+14   1.7263E-04   1.7279E-04   0.99908
FLUX  723  1202.50        2.493077E+14   1.7139E-04   1.7139E-04   0.99999
FLUX  724  1207.50        2.482754E+14   1.6995E-04   1.7001E-04   0.99966
FLUX  725  1212.50        2.472515E+14   1.6853E-04   1.6865E-04   0.99930
FLUX  726  1217.50        2.462361E+14   1.6729E-04   1.6730E-04   0.99993
FLUX  727  1222.50        2.452290E+14   1.6593E-04   1.6597E-04   0.99978
FLUX  728  1227.50        2.442301E+14   1.6465E-04   1.6465E-04   0.99999
FLUX  729  1232.50        2.432394E+14   1.6333E-04   1.6335E-04   0.99990
FLUX  730  1237.50        2.422566E+14   1.6206E-04   1.6206E-04   0.99999
FLUX  731  1242.50        2.412817E+14   1.6079E-04   1.6079E-04   0.99998
FLUX  732  1247.50        2.403146E+14   1.5954E-04   1.5954E-04   0.99999
FLUX  733  1252.50        2.393553E+14   1.5829E-04   1.5830E-04   0.99998
FLUX  734  1257.50        2.384036E+14   1.5706E-04   1.5707E-04   0.99992
FLUX  735  1262.50        2.374594E+14   1.5586E-04   1.5586E-04   0.99998
FLUX  736  1267.50        2.365227E+14   1.5466E-04   1.5466E-04   0.99999
FLUX  737  1272.50        2.355933E+14   1.5346E-04   1.5348E-04   0.99990
FLUX  738  1277.50        2.346712E+14   1.5189E-04   1.5230E-04   0.99728
FLUX  739  1282.50        2.337563E+14   1.4492E-04   1.5115E-04   0.95880
FLUX  740  1287.50        2.328485E+14   1.4981E-04   1.5000E-04   0.99875
FLUX  741  1292.50        2.319478E+14   1.4886E-04   1.4887E-04   0.99997
FLUX  742  1297.50        2.310539E+14   1.4774E-04   1.4775E-04   0.99997
FLUX  743  1302.50        2.301670E+14   1.4664E-04   1.4664E-04   0.99999
FLUX  744  1307.50        2.292868E+14   1.4555E-04   1.4555E-04   1.00000
FLUX  745  1312.50        2.284133E+14   1.4446E-04   1.4446E-04   0.99995
FLUX  746  1317.50        2.275465E+14   1.4338E-04   1.4339E-04   0.99994
FLUX  747  1322.50        2.266862E+14   1.4233E-04   1.4233E-04   1.00000
FLUX  748  1327.50        2.258324E+14   1.4129E-04   1.4129E-04   1.00000
FLUX  749  1332.50        2.249850E+14   1.4025E-04   1.4025E-04   1.00000
FLUX  750  1337.50        2.241439E+14   1.3922E-04   1.3923E-04   0.99998
FLUX  751  1342.50        2.233091E+14   1.3820E-04   1.3821E-04   0.99989
FLUX  752  1347.50        2.224805E+14   1.3721E-04   1.3721E-04   0.99999
FLUX  753  1352.50        2.216580E+14   1.3622E-04   1.3622E-04   0.99999
FLUX  754  1357.50        2.208416E+14   1.3524E-04   1.3524E-04   1.00000
FLUX  755  1362.50        2.200312E+14   1.3427E-04   1.3427E-04   0.99999
FLUX  756  1367.50        2.192267E+14   1.3330E-04   1.3331E-04   0.99998
FLUX  757  1372.50        2.184281E+14   1.3235E-04   1.3236E-04   0.99994
FLUX  758  1377.50        2.176352E+14   1.3141E-04   1.3142E-04   0.99996
FLUX  759  1382.50        2.168481E+14   1.3049E-04   1.3049E-04   1.00000
FLUX  760  1387.50        2.160667E+14   1.2956E-04   1.2957E-04   0.99998
FLUX  761  1392.50        2.152908E+14   1.2865E-04   1.2865E-04   0.99998
FLUX  762  1397.50        2.145206E+14   1.2775E-04   1.2775E-04   1.00000
FLUX  763  1402.50        2.137558E+14   1.2686E-04   1.2686E-04   0.99999
FLUX  764  1407.50        2.129964E+14   1.2598E-04   1.2598E-04   1.00000
FLUX  765  1412.50        2.122425E+14   1.2510E-04   1.2510E-04   1.00000
FLUX  766  1417.50        2.114938E+14   1.2421E-04   1.2424E-04   0.99978
FLUX  767  1422.50        2.107504E+14   1.2338E-04   1.2338E-04   1.00000
FLUX  768  1427.50        2.100123E+14   1.2254E-04   1.2254E-04   1.00000
FLUX  769  1432.50        2.092792E+14   1.2158E-04   1.2170E-04   0.99900
FLUX  770  1437.50        2.085513E+14   1.2079E-04   1.2087E-04   0.99935
FLUX  771  1442.50        2.078284E+14   1.2005E-04   1.2005E-04   0.99999
FLUX  772  1447.50        2.071105E+14   1.1923E-04   1.1923E-04   0.99999
FLUX  773  1452.50        2.063976E+14   1.1843E-04   1.1843E-04   1.00000
FLUX  774  1457.00        2.057601E+14   1.1771E-04   1.1771E-04   0.99999
FLUX  775  1462.00        2.050564E+14   1.1697E-04   1.1726E-04   0.99753
FLUX  776  1467.50        2.042879E+14   1.1610E-04   1.1639E-04   0.99751
FLUX  777  1472.50        2.035942E+14   1.1527E-04   1.1562E-04   0.99703
FLUX  778  1477.50        2.029052E+14   1.1323E-04   1.1485E-04   0.98587
FLUX  779  1482.50        2.022209E+14   1.1380E-04   1.1409E-04   0.99747
FLUX  780  1487.50        2.015412E+14   1.1306E-04   1.1333E-04   0.99762
FLUX  781  1492.50        2.008660E+14   1.1233E-04   1.1259E-04   0.99767
FLUX  782  1497.50        2.001953E+14   1.1159E-04   1.1185E-04   0.99769
FLUX  783  1502.50        1.995291E+14   1.1086E-04   1.1112E-04   0.99771
FLUX  784  1507.50        1.988673E+14   1.1014E-04   1.1039E-04   0.99769
FLUX  785  1512.50        1.982099E+14   1.0943E-04   1.0968E-04   0.99772
FLUX  786  1517.50        1.975568E+14   1.0872E-04   1.0896E-04   0.99772
FLUX  787  1522.50        1.969080E+14   1.0802E-04   1.0826E-04   0.99775
FLUX  788  1527.50        1.962635E+14   1.0732E-04   1.0756E-04   0.99768
FLUX  789  1532.50        1.956232E+14   1.0662E-04   1.0687E-04   0.99763
FLUX  790  1537.50        1.949870E+14   1.0595E-04   1.0619E-04   0.99772
FLUX  791  1542.50        1.943549E+14   1.0524E-04   1.0551E-04   0.99738
FLUX  792  1547.50        1.937270E+14   1.0460E-04   1.0484E-04   0.99769
FLUX  793  1552.50        1.931031E+14   1.0393E-04   1.0418E-04   0.99760
FLUX  794  1557.50        1.924831E+14   1.0320E-04   1.0352E-04   0.99696
FLUX  795  1562.50        1.918672E+14   1.0280E-04   1.0287E-04   0.99938
FLUX  796  1567.50        1.912552E+14   1.0192E-04   1.0222E-04   0.99705
FLUX  797  1572.50        1.906471E+14   1.0121E-04   1.0158E-04   0.99635
FLUX  798  1577.50        1.900428E+14   1.0093E-04   1.0095E-04   0.99980
FLUX  799  1582.50        1.894423E+14   1.0023E-04   1.0032E-04   0.99909
FLUX  800  1587.50        1.888457E+14   9.9103E-05   9.9698E-05   0.99403
FLUX  801  1592.50        1.882527E+14   9.8838E-05   9.9082E-05   0.99754
FLUX  802  1597.50        1.876635E+14   9.8468E-05   9.8471E-05   0.99997
FLUX  803  1605.00        1.867866E+14   9.7387E-05   9.7565E-05   0.99817
FLUX  804  1615.00        1.856300E+14   9.5865E-05   9.6376E-05   0.99469
FLUX  805  1625.00        1.844877E+14   9.5208E-05   9.5209E-05   0.99998
FLUX  806  1635.00        1.833593E+14   9.3810E-05   9.4063E-05   0.99730
FLUX  807  1645.00        1.822447E+14   9.2178E-05   9.2937E-05   0.99182
FLUX  808  1655.00        1.811435E+14   9.1806E-05   9.1832E-05   0.99972
FLUX  809  1665.00        1.800556E+14   9.0712E-05   9.0745E-05   0.99963
FLUX  810  1675.00        1.789806E+14   8.9333E-05   8.9678E-05   0.99616
FLUX  811  1685.00        1.779184E+14   8.7688E-05   8.8630E-05   0.98938
FLUX  812  1695.00        1.768687E+14   8.7581E-05   8.7599E-05   0.99979
FLUX  813  1705.00        1.758314E+14   8.6557E-05   8.6587E-05   0.99965
FLUX  814  1715.00        1.748061E+14   8.5583E-05   8.5591E-05   0.99991
FLUX  815  1725.00        1.737928E+14   8.4605E-05   8.4613E-05   0.99991
FLUX  816  1735.00        1.727911E+14   8.2280E-05   8.3651E-05   0.98361
FLUX  817  1745.00        1.718009E+14   8.2604E-05   8.2705E-05   0.99878
FLUX  818  1755.00        1.708219E+14   8.1774E-05   8.1775E-05   0.99999
FLUX  819  1765.00        1.698541E+14   8.0860E-05   8.0861E-05   0.99999
FLUX  820  1775.00        1.688972E+14   7.9955E-05   7.9961E-05   0.99992
FLUX  821  1785.00        1.679510E+14   7.9077E-05   7.9077E-05   1.00000
FLUX  822  1795.00        1.670153E+14   7.8207E-05   7.8207E-05   1.00000
FLUX  823  1805.00        1.660900E+14   7.7349E-05   7.7351E-05   0.99998
FLUX  824  1815.00        1.651749E+14   7.5107E-05   7.6509E-05   0.98167
FLUX  825  1825.00        1.642699E+14   7.5492E-05   7.5680E-05   0.99751
FLUX  826  1835.00        1.633747E+14   7.4865E-05   7.4865E-05   0.99999
FLUX  827  1845.00        1.624892E+14   7.4062E-05   7.4063E-05   0.99999
FLUX  828  1855.00        1.616132E+14   7.3281E-05   7.3293E-05   0.99984
FLUX  829  1865.00        1.607466E+14   7.1542E-05   7.2516E-05   0.98657
FLUX  830  1875.00        1.598893E+14   6.9895E-05   7.1751E-05   0.97414
FLUX  831  1885.00        1.590411E+14   7.0991E-05   7.0997E-05   0.99991
FLUX  832  1895.00        1.582018E+14   7.0255E-05   7.0256E-05   0.99999
FLUX  833  1905.00        1.573714E+14   6.9519E-05   6.9526E-05   0.99990
FLUX  834  1915.00        1.565496E+14   6.8806E-05   6.8807E-05   0.99997
FLUX  835  1925.00        1.557364E+14   6.8099E-05   6.8100E-05   0.99999
FLUX  836  1935.00        1.549315E+14   6.7374E-05   6.7403E-05   0.99956
FLUX  837  1945.00        1.541350E+14   6.5186E-05   6.6717E-05   0.97706
FLUX  838  1955.00        1.533465E+14   6.6008E-05   6.6040E-05   0.99951
FLUX  839  1965.00        1.525662E+14   6.5374E-05   6.5374E-05   0.99999
FLUX  840  1975.00        1.517937E+14   6.4718E-05   6.4718E-05   1.00000
FLUX  841  1985.00        1.510290E+14   6.4070E-05   6.4072E-05   0.99996
FLUX  842  1995.00        1.502719E+14   6.3431E-05   6.3436E-05   0.99993
FLUX  843  2005.00        1.495224E+14   6.2808E-05   6.2808E-05   1.00000
FLUX  844  2015.00        1.487804E+14   6.2190E-05   6.2190E-05   1.00000
FLUX  845  2025.00        1.480457E+14   6.1581E-05   6.1581E-05   1.00000
FLUX  846  2035.00        1.473182E+14   6.0981E-05   6.0981E-05   1.00000
FLUX  847  2045.00        1.465978E+14   6.0382E-05   6.0390E-05   0.99988
FLUX  848  2055.00        1.458844E+14   5.9801E-05   5.9807E-05   0.99991
FLUX  849  2065.00        1.451780E+14   5.9230E-05   5.9232E-05   0.99997
FLUX  850  2075.00        1.444783E+14   5.8492E-05   5.8666E-05   0.99704
FLUX  851  2085.00        1.437854E+14   5.8086E-05   5.8107E-05   0.99963
FLUX  852  2095.00        1.430990E+14   5.7557E-05   5.7557E-05   1.00000
FLUX  853  2105.00        1.424192E+14   5.7014E-05   5.7014E-05   1.00000
FLUX  854  2115.00        1.417459E+14   5.6474E-05   5.6479E-05   0.99992
FLUX  855  2125.00        1.410788E+14   5.5951E-05   5.5951E-05   1.00000
FLUX  856  2135.00        1.404180E+14   5.5430E-05   5.5431E-05   0.99999
FLUX  857  2145.00        1.397634E+14   5.4917E-05   5.4917E-05   0.99999
FLUX  858  2155.00        1.391148E+14   5.4400E-05   5.4411E-05   0.99980
FLUX  859  2165.00        1.384723E+14   5.2521E-05   5.3912E-05   0.97420
FLUX  860  2175.00        1.378356E+14   5.3357E-05   5.3419E-05   0.99883
FLUX  861  2185.00        1.372048E+14   5.2933E-05   5.2933E-05   0.99999
FLUX  862  2195.00        1.365797E+14   5.2453E-05   5.2454E-05   0.99999
FLUX  863  2205.00        1.359603E+14   5.1981E-05   5.1981E-05   1.00000
FLUX  864  2215.00        1.353465E+14   5.1514E-05   5.1515E-05   1.00000
FLUX  865  2225.00        1.347382E+14   5.1054E-05   5.1054E-05   1.00000
FLUX  866  2235.00        1.341353E+14   5.0600E-05   5.0600E-05   1.00000
FLUX  867  2245.00        1.335379E+14   5.0151E-05   5.0152E-05   0.99998
FLUX  868  2255.00        1.329457E+14   4.9709E-05   4.9709E-05   0.99999
FLUX  869  2265.00        1.323587E+14   4.9273E-05   4.9273E-05   1.00000
FLUX  870  2275.00        1.317769E+14   4.8842E-05   4.8842E-05   1.00000
FLUX  871  2285.00        1.312002E+14   4.8467E-05   4.8468E-05   0.99998
FLUX  872  2295.00        1.306285E+14   4.8046E-05   4.8048E-05   0.99998
FLUX  873  2305.00        1.300618E+14   4.7629E-05   4.7633E-05   0.99993
FLUX  874  2315.00        1.295000E+14   4.7218E-05   4.7223E-05   0.99989
FLUX  875  2325.00        1.289430E+14   4.6818E-05   4.6819E-05   0.99998
FLUX  876  2335.00        1.283908E+14   4.6419E-05   4.6420E-05   0.99998
FLUX  877  2345.00        1.278433E+14   4.6022E-05   4.6026E-05   0.99992
FLUX  878  2355.00        1.273004E+14   4.5632E-05   4.5636E-05   0.99991
FLUX  879  2365.00        1.267622E+14   4.5251E-05   4.5252E-05   0.99998
FLUX  880  2375.00        1.262284E+14   4.4869E-05   4.4872E-05   0.99993
FLUX  881  2385.00        1.256992E+14   4.4497E-05   4.4498E-05   0.99998
FLUX  882  2395.00        1.251743E+14   4.4123E-05   4.4127E-05   0.99990
FLUX  883  2405.00        1.246538E+14   4.3758E-05   4.3762E-05   0.99992
FLUX  884  2415.00        1.241377E+14   4.3400E-05   4.3401E-05   0.99998
FLUX  885  2425.00        1.236258E+14   4.3032E-05   4.3044E-05   0.99971
FLUX  886  2435.00        1.231181E+14   4.2688E-05   4.2692E-05   0.99992
FLUX  887  2445.00        1.226145E+14   4.2343E-05   4.2343E-05   0.99998
FLUX  888  2455.00        1.221151E+14   4.1999E-05   4.1999E-05   0.99998
FLUX  889  2465.00        1.216197E+14   4.1656E-05   4.1660E-05   0.99991
FLUX  890  2475.00        1.211283E+14   4.1319E-05   4.1324E-05   0.99989
FLUX  891  2485.00        1.206408E+14   4.0989E-05   4.0992E-05   0.99993
FLUX  892  2495.00        1.201573E+14   4.0660E-05   4.0664E-05   0.99988
FLUX  893  2505.00        1.196776E+14   4.0340E-05   4.0341E-05   0.99998
FLUX  894  2515.00        1.192018E+14   4.0020E-05   4.0021E-05   0.99998
FLUX  895  2525.00        1.187297E+14   3.9669E-05   3.9704E-05   0.99911
FLUX  896  2535.00        1.182613E+14   3.9391E-05   3.9392E-05   0.99998
FLUX  897  2545.00        1.177967E+14   3.9082E-05   3.9083E-05   0.99999
FLUX  898  2555.00        1.173356E+14   3.8776E-05   3.8778E-05   0.99997
FLUX  899  2565.00        1.168782E+14   3.8389E-05   3.8476E-05   0.99775
FLUX  900  2575.00        1.164243E+14   3.8177E-05   3.8178E-05   0.99998
FLUX  901  2585.00        1.159739E+14   3.7882E-05   3.7883E-05   0.99999
FLUX  902  2595.00        1.155270E+14   3.7591E-05   3.7591E-05   0.99999
FLUX  903  2605.00        1.150835E+14   3.7264E-05   3.7303E-05   0.99896
FLUX  904  2615.00        1.146434E+14   3.6832E-05   3.7018E-05   0.99496
FLUX  905  2625.00        1.142067E+14   3.5646E-05   3.6737E-05   0.97032
FLUX  906  2635.00        1.137732E+14   3.6402E-05   3.6458E-05   0.99846
FLUX  907  2645.00        1.133431E+14   3.6180E-05   3.6183E-05   0.99993
FLUX  908  2655.00        1.129162E+14   3.5910E-05   3.5911E-05   0.99998
FLUX  909  2665.00        1.124925E+14   3.5619E-05   3.5641E-05   0.99936
FLUX  910  2675.00        1.120720E+14   3.5131E-05   3.5375E-05   0.99310
FLUX  911  2685.00        1.116546E+14   3.5088E-05   3.5112E-05   0.99931
FLUX  912  2695.00        1.112403E+14   3.4851E-05   3.4851E-05   0.99999
FLUX  913  2705.00        1.108290E+14   3.4594E-05   3.4594E-05   1.00000
FLUX  914  2715.00        1.104208E+14   3.4339E-05   3.4339E-05   1.00000
FLUX  915  2725.00        1.100156E+14   3.4087E-05   3.4087E-05   0.99999
FLUX  916  2735.00        1.096133E+14   3.3838E-05   3.3838E-05   0.99998
FLUX  917  2745.00        1.092140E+14   3.3588E-05   3.3592E-05   0.99990
FLUX  918  2755.00        1.088176E+14   3.3033E-05   3.3348E-05   0.99057
FLUX  919  2765.00        1.084241E+14   3.2993E-05   3.3107E-05   0.99657
FLUX  920  2775.00        1.080333E+14   3.2867E-05   3.2868E-05   0.99998
FLUX  921  2785.00        1.076454E+14   3.2631E-05   3.2632E-05   0.99998
FLUX  922  2795.00        1.072603E+14   3.2399E-05   3.2399E-05   1.00000
FLUX  923  2805.00        1.068779E+14   3.2167E-05   3.2168E-05   0.99999
FLUX  924  2815.00        1.064982E+14   3.1939E-05   3.1939E-05   1.00000
FLUX  925  2825.00        1.061212E+14   3.1713E-05   3.1713E-05   0.99999
FLUX  926  2835.00        1.057469E+14   3.1489E-05   3.1489E-05   1.00000
FLUX  927  2845.00        1.053752E+14   3.1267E-05   3.1268E-05   1.00000
FLUX  928  2855.00        1.050061E+14   3.1048E-05   3.1048E-05   0.99999
FLUX  929  2865.00        1.046396E+14   3.0737E-05   3.0832E-05   0.99692
FLUX  930  2875.00        1.042757E+14   3.0178E-05   3.0617E-05   0.98566
FLUX  931  2885.00        1.039142E+14   3.0385E-05   3.0405E-05   0.99937
FLUX  932  2895.00        1.035553E+14   3.0194E-05   3.0194E-05   0.99999
FLUX  933  2905.00        1.031988E+14   2.9986E-05   2.9986E-05   1.00000
FLUX  934  2915.00        1.028448E+14   2.9780E-05   2.9780E-05   1.00000
FLUX  935  2925.00        1.024932E+14   2.9576E-05   2.9576E-05   1.00000
FLUX  936  2935.00        1.021440E+14   2.9374E-05   2.9375E-05   0.99999
FLUX  937  2945.00        1.017971E+14   2.9175E-05   2.9175E-05   0.99999
FLUX  938  2955.00        1.014526E+14   2.8977E-05   2.8977E-05   1.00000
FLUX  939  2965.00        1.011105E+14   2.8781E-05   2.8781E-05   1.00000
FLUX  940  2975.00        1.007706E+14   2.8587E-05   2.8587E-05   1.00000
FLUX  941  2985.00        1.004330E+14   2.8396E-05   2.8396E-05   1.00000
FLUX  942  2995.00        1.000977E+14   2.8206E-05   2.8206E-05   1.00000
FLUX  943  3005.00        9.976456E+13   2.8017E-05   2.8017E-05   1.00000
FLUX  944  3015.00        9.943367E+13   2.7831E-05   2.7831E-05   0.99999
FLUX  945  3025.00        9.910496E+13   2.7644E-05   2.7647E-05   0.99990
FLUX  946  3035.00        9.877842E+13   2.7049E-05   2.7464E-05   0.98487
FLUX  947  3045.00        9.845402E+13   2.7070E-05   2.7283E-05   0.99219
FLUX  948  3055.00        9.813175E+13   2.7103E-05   2.7104E-05   0.99997
FLUX  949  3065.00        9.781158E+13   2.6927E-05   2.6927E-05   0.99999
FLUX  950  3075.00        9.749350E+13   2.6751E-05   2.6751E-05   1.00000
FLUX  951  3085.00        9.717747E+13   2.6575E-05   2.6577E-05   0.99992
FLUX  952  3095.00        9.686349E+13   2.6405E-05   2.6405E-05   1.00000
FLUX  953  3105.00        9.655153E+13   2.6235E-05   2.6235E-05   1.00000
FLUX  954  3115.00        9.624157E+13   2.6066E-05   2.6066E-05   1.00000
FLUX  955  3125.00        9.593360E+13   2.5898E-05   2.5898E-05   1.00000
FLUX  956  3135.00        9.562759E+13   2.5733E-05   2.5733E-05   1.00000
FLUX  957  3145.00        9.532353E+13   2.5569E-05   2.5569E-05   1.00000
FLUX  958  3155.00        9.502139E+13   2.5406E-05   2.5406E-05   1.00000
FLUX  959  3165.00        9.472117E+13   2.5245E-05   2.5245E-05   1.00000
FLUX  960  3175.00        9.442283E+13   2.5085E-05   2.5085E-05   1.00000
FLUX  961  3185.00        9.412637E+13   2.4927E-05   2.4927E-05   1.00000
FLUX  962  3195.00        9.383177E+13   2.4771E-05   2.4771E-05   1.00000
FLUX  963  3210.00        9.339330E+13   2.4539E-05   2.4539E-05   1.00000
FLUX  964  3230.00        9.281502E+13   2.4234E-05   2.4234E-05   1.00000
FLUX  965  3250.00        9.224385E+13   2.3935E-05   2.3935E-05   1.00000
FLUX  966  3270.00        9.167966E+13   2.3642E-05   2.3642E-05   0.99999
FLUX  967  3290.00        9.112234E+13   2.3016E-05   2.3367E-05   0.98499
FLUX  968  3310.00        9.057175E+13   2.3026E-05   2.3084E-05   0.99751
FLUX  969  3330.00        9.002778E+13   2.2805E-05   2.2806E-05   0.99998
FLUX  970  3350.00        8.949030E+13   2.2532E-05   2.2532E-05   0.99999
FLUX  971  3370.00        8.895920E+13   2.2264E-05   2.2264E-05   0.99999
FLUX  972  3390.00        8.843437E+13   2.2000E-05   2.2001E-05   0.99999
FLUX  973  3410.00        8.791569E+13   2.1742E-05   2.1742E-05   0.99999
FLUX  974  3430.00        8.740306E+13   2.1487E-05   2.1487E-05   0.99999
FLUX  975  3450.00        8.689638E+13   2.1237E-05   2.1237E-05   0.99999
FLUX  976  3470.00        8.639553E+13   2.0991E-05   2.0992E-05   0.99999
FLUX  977  3490.00        8.590043E+13   2.0750E-05   2.0750E-05   0.99999
FLUX  978  3510.00        8.541097E+13   2.0513E-05   2.0513E-05   0.99999
FLUX  979  3530.00        8.492705E+13   2.0279E-05   2.0279E-05   0.99999
FLUX  980  3550.00        8.444859E+13   2.0050E-05   2.0050E-05   0.99999
FLUX  981  3570.00        8.397549E+13   1.9824E-05   1.9824E-05   0.99999
FLUX  982  3590.00        8.350766E+13   1.9602E-05   1.9603E-05   0.99999
FLUX  983  3610.00        8.304501E+13   1.9384E-05   1.9384E-05   0.99999
FLUX  984  3630.00        8.258747E+13   1.9170E-05   1.9170E-05   0.99999
FLUX  985  3650.00        8.213493E+13   1.8959E-05   1.8959E-05   0.99999
FLUX  986  3670.00        8.168733E+13   1.8751E-05   1.8751E-05   0.99999
FLUX  987  3690.00        8.124458E+13   1.8547E-05   1.8547E-05   0.99998
FLUX  988  3710.00        8.080660E+13   1.8344E-05   1.8346E-05   0.99991
FLUX  989  3730.00        8.037332E+13   1.8022E-05   1.8148E-05   0.99305
FLUX  990  3750.00        7.994467E+13   1.7734E-05   1.7953E-05   0.98780
FLUX  991  3770.00        7.952056E+13   1.7762E-05   1.7762E-05   0.99998
FLUX  992  3790.00        7.910092E+13   1.7573E-05   1.7573E-05   0.99999
FLUX  993  3810.00        7.868570E+13   1.7384E-05   1.7388E-05   0.99979
FLUX  994  3830.00        7.827480E+13   1.7203E-05   1.7205E-05   0.99990
FLUX  995  3850.00        7.786818E+13   1.7025E-05   1.7025E-05   0.99999
FLUX  996  3870.00        7.746576E+13   1.6848E-05   1.6848E-05   0.99999
FLUX  997  3890.00        7.706748E+13   1.6673E-05   1.6674E-05   0.99998
FLUX  998  3910.00        7.667327E+13   1.6481E-05   1.6502E-05   0.99875
FLUX  999  3930.00        7.628308E+13   1.6333E-05   1.6333E-05   0.99999
FLUX 1000  3950.00        7.589684E+13   1.6166E-05   1.6166E-05   0.99999
FLUX 1001  3970.00        7.551448E+13   1.6002E-05   1.6002E-05   1.00000
FLUX 1002  3990.00        7.513596E+13   1.5840E-05   1.5841E-05   0.99999
FLUX 1003  4010.00        7.476122E+13   1.5663E-05   1.5681E-05   0.99883
FLUX 1004  4030.00        7.439020E+13   1.5495E-05   1.5525E-05   0.99806
FLUX 1005  4050.00        7.402284E+13   1.5114E-05   1.5370E-05   0.98331
FLUX 1006  4070.00        7.365909E+13   1.5218E-05   1.5218E-05   0.99997
FLUX 1007  4090.00        7.329890E+13   1.5068E-05   1.5068E-05   1.00000
FLUX 1008  4110.00        7.294221E+13   1.4920E-05   1.4920E-05   1.00000
FLUX 1009  4130.00        7.258898E+13   1.4774E-05   1.4775E-05   0.99998
FLUX 1010  4150.00        7.223916E+13   1.4631E-05   1.4631E-05   0.99997
FLUX 1011  4170.00        7.189269E+13   1.4415E-05   1.4489E-05   0.99486
FLUX 1012  4190.00        7.154952E+13   1.4350E-05   1.4350E-05   0.99997
FLUX 1013  4210.00        7.120962E+13   1.4212E-05   1.4213E-05   1.00000
FLUX 1014  4230.00        7.087293E+13   1.4077E-05   1.4077E-05   1.00000
FLUX 1015  4250.00        7.053941E+13   1.3943E-05   1.3943E-05   0.99999
FLUX 1016  4270.00        7.020902E+13   1.3812E-05   1.3812E-05   1.00000
FLUX 1017  4290.00        6.988170E+13   1.3681E-05   1.3682E-05   0.99997
FLUX 1018  4310.00        6.955742E+13   1.3554E-05   1.3554E-05   0.99999
FLUX 1019  4330.00        6.923614E+13   1.3427E-05   1.3427E-05   1.00000
FLUX 1020  4350.00        6.891782E+13   1.3303E-05   1.3303E-05   0.99998
FLUX 1021  4370.00        6.860240E+13   1.3092E-05   1.3180E-05   0.99331
FLUX 1022  4390.00        6.828986E+13   1.3035E-05   1.3059E-05   0.99818
FLUX 1023  4410.00        6.798016E+13   1.2939E-05   1.2939E-05   0.99999
FLUX 1024  4430.00        6.767325E+13   1.2821E-05   1.2821E-05   1.00000
FLUX 1025  4450.00        6.736910E+13   1.2705E-05   1.2705E-05   1.00000
FLUX 1026  4470.00        6.706767E+13   1.2594E-05   1.2595E-05   0.99999
FLUX 1027  4490.00        6.676893E+13   1.2481E-05   1.2481E-05   0.99999
FLUX 1028  4510.00        6.647284E+13   1.2369E-05   1.2370E-05   0.99998
FLUX 1029  4530.00        6.617936E+13   1.2259E-05   1.2259E-05   0.99999
FLUX 1030  4550.00        6.588846E+13   1.2150E-05   1.2150E-05   0.99999
FLUX 1031  4570.00        6.560011E+13   1.2043E-05   1.2043E-05   0.99999
FLUX 1032  4590.00        6.531427E+13   1.1937E-05   1.1937E-05   0.99999
FLUX 1033  4610.00        6.503091E+13   1.1832E-05   1.1833E-05   0.99999
FLUX 1034  4630.00        6.475000E+13   1.1729E-05   1.1729E-05   0.99997
FLUX 1035  4650.00        6.447151E+13   1.1372E-05   1.1627E-05   0.97804
FLUX 1036  4670.00        6.419540E+13   1.1384E-05   1.1527E-05   0.98757
FLUX 1037  4690.00        6.392164E+13   1.1414E-05   1.1427E-05   0.99879
FLUX 1038  4710.00        6.365021E+13   1.1329E-05   1.1329E-05   0.99999
FLUX 1039  4730.00        6.338108E+13   1.1233E-05   1.1233E-05   0.99999
FLUX 1040  4750.00        6.311421E+13   1.1137E-05   1.1137E-05   0.99998
FLUX 1041  4770.00        6.284958E+13   1.1043E-05   1.1043E-05   0.99999
FLUX 1042  4790.00        6.258716E+13   1.0950E-05   1.0950E-05   1.00000
FLUX 1043  4810.00        6.232692E+13   1.0857E-05   1.0858E-05   1.00000
FLUX 1044  4830.00        6.206884E+13   1.0767E-05   1.0767E-05   1.00000
FLUX 1045  4850.00        6.181289E+13   1.0677E-05   1.0677E-05   1.00000
FLUX 1046  4870.00        6.155903E+13   1.0588E-05   1.0588E-05   1.00000
FLUX 1047  4890.00        6.130726E+13   1.0501E-05   1.0501E-05   1.00000
FLUX 1048  4910.00        6.105754E+13   1.0414E-05   1.0414E-05   1.00000
FLUX 1049  4930.00        6.080984E+13   1.0329E-05   1.0329E-05   0.99998
FLUX 1050  4950.00        6.056414E+13   1.0244E-05   1.0244E-05   0.99999
FLUX 1051  4970.00        6.032042E+13   1.0160E-05   1.0161E-05   0.99994
FLUX 1052  4990.00        6.007866E+13   1.0079E-05   1.0079E-05   1.00000
FLUX 1053  5010.00        5.983882E+13   9.9972E-06   9.9974E-06   0.99998
FLUX 1054  5030.00        5.960089E+13   9.9168E-06   9.9170E-06   0.99999
FLUX 1055  5050.00        5.936485E+13   9.8375E-06   9.8375E-06   1.00000
FLUX 1056  5070.00        5.913067E+13   9.7589E-06   9.7590E-06   0.99999
FLUX 1057  5090.00        5.889833E+13   9.6813E-06   9.6814E-06   0.99999
FLUX 1058  5110.00        5.866781E+13   9.5943E-06   9.6048E-06   0.99891
FLUX 1059  5130.00        5.843908E+13   9.3825E-06   9.5290E-06   0.98462
FLUX 1060  5150.00        5.821214E+13   9.4498E-06   9.4541E-06   0.99954
FLUX 1061  5170.00        5.798694E+13   9.3799E-06   9.3801E-06   0.99999
FLUX 1062  5190.00        5.776349E+13   9.3068E-06   9.3069E-06   0.99999
FLUX 1063  5210.00        5.754175E+13   9.2346E-06   9.2346E-06   0.99999
FLUX 1064  5230.00        5.732170E+13   9.1631E-06   9.1631E-06   1.00000
FLUX 1065  5250.00        5.710333E+13   9.0924E-06   9.0925E-06   0.99999
FLUX 1066  5270.00        5.688662E+13   9.0225E-06   9.0226E-06   0.99999
FLUX 1067  5290.00        5.667155E+13   8.9535E-06   8.9536E-06   0.99999
FLUX 1068  5310.00        5.645810E+13   8.8852E-06   8.8853E-06   1.00000
FLUX 1069  5330.00        5.624625E+13   8.8177E-06   8.8178E-06   1.00000
FLUX 1070  5350.00        5.603598E+13   8.7510E-06   8.7510E-06   0.99999
FLUX 1071  5370.00        5.582728E+13   8.6849E-06   8.6850E-06   0.99998
FLUX 1072  5390.00        5.562013E+13   8.6196E-06   8.6198E-06   0.99998
FLUX 1073  5410.00        5.541451E+13   8.5552E-06   8.5553E-06   0.99999
FLUX 1074  5430.00        5.521041E+13   8.4914E-06   8.4915E-06   1.00000
FLUX 1075  5450.00        5.500780E+13   8.4283E-06   8.4284E-06   1.00000
FLUX 1076  5470.00        5.480667E+13   8.3659E-06   8.3660E-06   1.00000
FLUX 1077  5490.00        5.460701E+13   8.3042E-06   8.3042E-06   1.00000
FLUX 1078  5510.00        5.440880E+13   8.2431E-06   8.2432E-06   0.99998
FLUX 1079  5530.00        5.421203E+13   8.1826E-06   8.1828E-06   0.99997
FLUX 1080  5550.00        5.401667E+13   8.1230E-06   8.1231E-06   0.99999
FLUX 1081  5570.00        5.382271E+13   8.0640E-06   8.0640E-06   1.00000
FLUX 1082  5590.00        5.363014E+13   8.0055E-06   8.0056E-06   1.00000
FLUX 1083  5610.00        5.343895E+13   7.9477E-06   7.9477E-06   1.00000
FLUX 1084  5630.00        5.324911E+13   7.8905E-06   7.8905E-06   1.00000
FLUX 1085  5650.00        5.306062E+13   7.8339E-06   7.8339E-06   1.00000
FLUX 1086  5670.00        5.287346E+13   7.7779E-06   7.7780E-06   1.00000
FLUX 1087  5690.00        5.268761E+13   7.7224E-06   7.7226E-06   0.99998
FLUX 1088  5710.00        5.250306E+13   7.6584E-06   7.6677E-06   0.99878
FLUX 1089  5730.00        5.231981E+13   7.6134E-06   7.6135E-06   0.99998
FLUX 1090  5750.00        5.213783E+13   7.5598E-06   7.5598E-06   1.00000
FLUX 1091  5770.00        5.195711E+13   7.5067E-06   7.5067E-06   1.00000
FLUX 1092  5790.00        5.177763E+13   7.4542E-06   7.4542E-06   1.00000
FLUX 1093  5810.00        5.159940E+13   7.4022E-06   7.4022E-06   1.00000
FLUX 1094  5830.00        5.142238E+13   7.3507E-06   7.3507E-06   0.99999
FLUX 1095  5850.00        5.124658E+13   7.3012E-06   7.3013E-06   0.99999
FLUX 1096  5870.00        5.107198E+13   7.2508E-06   7.2509E-06   0.99999
FLUX 1097  5890.00        5.089856E+13   7.1893E-06   7.2009E-06   0.99838
FLUX 1098  5910.00        5.072631E+13   7.0041E-06   7.1515E-06   0.97938
FLUX 1099  5930.00        5.055523E+13   7.0973E-06   7.1026E-06   0.99925
FLUX 1100  5950.00        5.038529E+13   7.0328E-06   7.0542E-06   0.99695
FLUX 1101  5970.00        5.021650E+13   6.9988E-06   7.0063E-06   0.99892
FLUX 1102  5990.00        5.004883E+13   6.9588E-06   6.9589E-06   0.99999
FLUX 1103  6010.00        4.988228E+13   6.9119E-06   6.9120E-06   0.99999
FLUX 1104  6030.00        4.971683E+13   6.8654E-06   6.8655E-06   0.99999
FLUX 1105  6050.00        4.955248E+13   6.8194E-06   6.8194E-06   0.99999
FLUX 1106  6070.00        4.938921E+13   6.7739E-06   6.7739E-06   1.00000
FLUX 1107  6090.00        4.922701E+13   6.7287E-06   6.7288E-06   1.00000
FLUX 1108  6110.00        4.906588E+13   6.6841E-06   6.6841E-06   1.00000
FLUX 1109  6130.00        4.890579E+13   6.6398E-06   6.6399E-06   1.00000
FLUX 1110  6150.00        4.874675E+13   6.5960E-06   6.5961E-06   1.00000
FLUX 1111  6170.00        4.858874E+13   6.5527E-06   6.5527E-06   1.00000
FLUX 1112  6190.00        4.843174E+13   6.5097E-06   6.5098E-06   1.00000
FLUX 1113  6210.00        4.827576E+13   6.4672E-06   6.4672E-06   1.00000
FLUX 1114  6230.00        4.812079E+13   6.4251E-06   6.4251E-06   0.99999
FLUX 1115  6250.00        4.796680E+13   6.3833E-06   6.3834E-06   0.99999
FLUX 1116  6270.00        4.781380E+13   6.3396E-06   6.3421E-06   0.99961
FLUX 1117  6290.00        4.766176E+13   6.2615E-06   6.3012E-06   0.99370
FLUX 1118  6310.00        4.751070E+13   6.2546E-06   6.2607E-06   0.99903
FLUX 1119  6330.00        4.736058E+13   6.2205E-06   6.2205E-06   0.99999
FLUX 1120  6350.00        4.721142E+13   6.1807E-06   6.1808E-06   0.99999
FLUX 1121  6370.00        4.706319E+13   6.1414E-06   6.1414E-06   1.00000
FLUX 1122  6390.00        4.691588E+13   6.1024E-06   6.1024E-06   1.00000
FLUX 1123  6420.00        4.669665E+13   6.0445E-06   6.0445E-06   1.00000
FLUX 1124  6460.00        4.640751E+13   5.9687E-06   5.9687E-06   1.00000
FLUX 1125  6500.00        4.612192E+13   5.8942E-06   5.8942E-06   1.00000
FLUX 1126  6540.00        4.583983E+13   5.8212E-06   5.8212E-06   1.00000
FLUX 1127  6580.00        4.556117E+13   5.7494E-06   5.7494E-06   1.00000
FLUX 1128  6620.00        4.528588E+13   5.6790E-06   5.6790E-06   1.00000
FLUX 1129  6660.00        4.501389E+13   5.6098E-06   5.6098E-06   1.00000
FLUX 1130  6700.00        4.474515E+13   5.5419E-06   5.5419E-06   0.99999
FLUX 1131  6740.00        4.447960E+13   5.4729E-06   5.4753E-06   0.99956
FLUX 1132  6780.00        4.421718E+13   5.3791E-06   5.4098E-06   0.99434
FLUX 1133  6820.00        4.395784E+13   5.3453E-06   5.3454E-06   0.99999
FLUX 1134  6860.00        4.370153E+13   5.2822E-06   5.2822E-06   1.00000
FLUX 1135  6900.00        4.344819E+13   5.2201E-06   5.2201E-06   1.00000
FLUX 1136  6940.00        4.319777E+13   5.1590E-06   5.1591E-06   0.99999
FLUX 1137  6980.00        4.295021E+13   5.0991E-06   5.0991E-06   1.00000
FLUX 1138  7020.00        4.270548E+13   5.0402E-06   5.0402E-06   1.00000
FLUX 1139  7060.00        4.246353E+13   4.9822E-06   4.9822E-06   1.00000
FLUX 1140  7100.00        4.222430E+13   4.9252E-06   4.9253E-06   0.99999
FLUX 1141  7140.00        4.198775E+13   4.8693E-06   4.8693E-06   1.00000
FLUX 1142  7180.00        4.175383E+13   4.8142E-06   4.8142E-06   1.00000
FLUX 1143  7220.00        4.152251E+13   4.7601E-06   4.7601E-06   1.00000
FLUX 1144  7260.00        4.129373E+13   4.7068E-06   4.7069E-06   0.99999
FLUX 1145  7300.00        4.106747E+13   4.6545E-06   4.6545E-06   0.99999
FLUX 1146  7340.00        4.084366E+13   4.6030E-06   4.6030E-06   1.00000
FLUX 1147  7380.00        4.062229E+13   4.5524E-06   4.5524E-06   0.99999
FLUX 1148  7420.00        4.040330E+13   4.5021E-06   4.5026E-06   0.99990
FLUX 1149  7460.00        4.018666E+13   4.3792E-06   4.4536E-06   0.98329
FLUX 1150  7500.00        3.997233E+13   4.3136E-06   4.4054E-06   0.97915
FLUX 1151  7540.00        3.976028E+13   4.3529E-06   4.3580E-06   0.99884
FLUX 1152  7580.00        3.955046E+13   4.3112E-06   4.3113E-06   0.99999
FLUX 1153  7620.00        3.934285E+13   4.2653E-06   4.2653E-06   0.99999
FLUX 1154  7660.00        3.913740E+13   4.2201E-06   4.2201E-06   1.00000
FLUX 1155  7700.00        3.893409E+13   4.1756E-06   4.1756E-06   1.00000
FLUX 1156  7740.00        3.873288E+13   4.1318E-06   4.1318E-06   0.99999
FLUX 1157  7780.00        3.853374E+13   4.0885E-06   4.0887E-06   0.99997
FLUX 1158  7820.00        3.833664E+13   4.0462E-06   4.0462E-06   0.99999
FLUX 1159  7860.00        3.814154E+13   4.0044E-06   4.0044E-06   1.00000
FLUX 1160  7900.00        3.794842E+13   3.9632E-06   3.9632E-06   1.00000
FLUX 1161  7940.00        3.775724E+13   3.9227E-06   3.9227E-06   1.00000
FLUX 1162  7980.00        3.756798E+13   3.8827E-06   3.8827E-06   1.00000
FLUX 1163  8020.00        3.738061E+13   3.8434E-06   3.8434E-06   0.99999
FLUX 1164  8060.00        3.719510E+13   3.8046E-06   3.8047E-06   1.00000
FLUX 1165  8100.00        3.701142E+13   3.7665E-06   3.7665E-06   0.99999
FLUX 1166  8140.00        3.682955E+13   3.7254E-06   3.7289E-06   0.99907
FLUX 1167  8180.00        3.664945E+13   3.6917E-06   3.6918E-06   0.99997
FLUX 1168  8220.00        3.647111E+13   3.6553E-06   3.6553E-06   0.99999
FLUX 1169  8260.00        3.629449E+13   3.6193E-06   3.6194E-06   1.00000
FLUX 1170  8300.00        3.611958E+13   3.5839E-06   3.5839E-06   1.00000
FLUX 1171  8340.00        3.594634E+13   3.5490E-06   3.5490E-06   1.00000
FLUX 1172  8380.00        3.577476E+13   3.5145E-06   3.5145E-06   1.00000
FLUX 1173  8420.00        3.560481E+13   3.4806E-06   3.4806E-06   1.00000
FLUX 1174  8460.00        3.543647E+13   3.4471E-06   3.4472E-06   1.00000
FLUX 1175  8500.00        3.526971E+13   3.4142E-06   3.4142E-06   1.00000
FLUX 1176  8540.00        3.510451E+13   3.3817E-06   3.3817E-06   1.00000
FLUX 1177  8580.00        3.494085E+13   3.3496E-06   3.3496E-06   1.00000
FLUX 1178  8620.00        3.477871E+13   3.3180E-06   3.3180E-06   0.99999
FLUX 1179  8660.00        3.461807E+13   3.2787E-06   3.2869E-06   0.99752
FLUX 1180  8700.00        3.445891E+13   3.2561E-06   3.2562E-06   0.99997
FLUX 1181  8740.00        3.430120E+13   3.2053E-06   3.2259E-06   0.99363
FLUX 1182  8780.00        3.414493E+13   3.1754E-06   3.1960E-06   0.99355
FLUX 1183  8820.00        3.399008E+13   3.1665E-06   3.1665E-06   0.99999
FLUX 1184  8860.00        3.383663E+13   3.1374E-06   3.1374E-06   1.00000
FLUX 1185  8900.00        3.368455E+13   3.1087E-06   3.1087E-06   1.00000
FLUX 1186  8940.00        3.353384E+13   3.0804E-06   3.0804E-06   1.00000
FLUX 1187  8980.00        3.338447E+13   3.0525E-06   3.0525E-06   1.00000
FLUX 1188  9020.00        3.323642E+13   3.0250E-06   3.0250E-06   1.00000
FLUX 1189  9060.00        3.308968E+13   2.9978E-06   2.9978E-06   1.00000
FLUX 1190  9100.00        3.294423E+13   2.9710E-06   2.9710E-06   1.00000
FLUX 1191  9140.00        3.280005E+13   2.9446E-06   2.9446E-06   1.00000
FLUX 1192  9180.00        3.265714E+13   2.9185E-06   2.9185E-06   1.00000
FLUX 1193  9220.00        3.251546E+13   2.8927E-06   2.8927E-06   1.00000
FLUX 1194  9260.00        3.237500E+13   2.8673E-06   2.8673E-06   0.99999
FLUX 1195  9300.00        3.223575E+13   2.8422E-06   2.8422E-06   0.99999
FLUX 1196  9340.00        3.209770E+13   2.8174E-06   2.8174E-06   0.99998
FLUX 1197  9380.00        3.196082E+13   2.7804E-06   2.7930E-06   0.99551
FLUX 1198  9420.00        3.182511E+13   2.7659E-06   2.7688E-06   0.99894
FLUX 1199  9460.00        3.169054E+13   2.7450E-06   2.7450E-06   0.99999
FLUX 1200  9500.00        3.155711E+13   2.7215E-06   2.7215E-06   0.99999
FLUX 1201  9540.00        3.142479E+13   2.6983E-06   2.6983E-06   0.99999
FLUX 1202  9580.00        3.129358E+13   2.6753E-06   2.6753E-06   1.00000
FLUX 1203  9620.00        3.116346E+13   2.6527E-06   2.6527E-06   1.00000
FLUX 1204  9660.00        3.103442E+13   2.6303E-06   2.6304E-06   1.00000
FLUX 1205  9700.00        3.090644E+13   2.6083E-06   2.6083E-06   1.00000
FLUX 1206  9740.00        3.077952E+13   2.5865E-06   2.5865E-06   0.99999
FLUX 1207  9780.00        3.065363E+13   2.5649E-06   2.5649E-06   1.00000
FLUX 1208  9820.00        3.052877E+13   2.5437E-06   2.5437E-06   0.99999
FLUX 1209  9860.00        3.040492E+13   2.5226E-06   2.5227E-06   0.99999
FLUX 1210  9900.00        3.028207E+13   2.5019E-06   2.5019E-06   1.00000
FLUX 1211  9940.00        3.016021E+13   2.4814E-06   2.4814E-06   1.00000
FLUX 1212  9980.00        3.003933E+13   2.4612E-06   2.4612E-06   1.00000
FLUX 1213 10020.00        2.991941E+13   2.4412E-06   2.4412E-06   1.00000
FLUX 1214 20000.00        1.498963E+13   5.9392E-07   5.9392E-07   1.00000
FLUX 1215 40000.00        7.494813E+12   1.4345E-07   1.4345E-07   1.00000
FLUX 1216 60000.00        4.996542E+12   6.2476E-08   6.2476E-08   1.00000
FLUX 1217 80000.00        3.747406E+12   3.4650E-08   3.4650E-08   1.00000
FLUX 1218100000.00        2.997925E+12   2.1938E-08   2.1938E-08   1.00000
FLUX 1219120000.00        2.498271E+12   1.5102E-08   1.5102E-08   1.00000
FLUX 1220140000.00        2.141375E+12   1.1014E-08   1.1014E-08   1.00000
FLUX 1221160000.00        1.873703E+12   8.3786E-09   8.3786E-09   1.00000
FLUX
