         0.01   1.42303e-21 6 1.06618714901069e-05 1.51721396318554e-26 0.0103858646046067 
    0.0110668   2.97321e-19 5 1.24817840474644e-05 3.71109727170153e-24 0.0115990379167051 
    0.0122474   2.28181e-17 6 1.52588887825155e-05 3.4817928417783e-22 0.012694960446071 
     0.013554   1.57049e-15 6 1.87053763819387e-05 2.93765646955124e-20 0.0140472791133893 
        0.015   4.81108e-14 5 1.91273617639915e-05 9.20232755559778e-19 0.0153161995029533 
    0.0161185    7.2495e-13 4 1.87380627012279e-05 1.35841614926408e-17 0.0165013426301315 
    0.0173205   7.14387e-12 4 2.16118297517976e-05 1.54392066277642e-16 0.0176282412462643 
    0.0186121   6.73302e-11 5 2.49687032089518e-05 1.6811468791599e-15 0.0189329748532506 
         0.02   7.09165e-10 6 3.55396824338641e-05 2.52034821239097e-14 0.0205899323908433 
    0.0221336   1.31493e-06 6 4.98809279652599e-05 6.5589962837526e-11 0.0231994833637124 
    0.0244949   2.54871e-05 6 6.1079195833439e-05 1.55673254887043e-09 0.0250324025789735 
    0.0271081   0.000427582 7 7.48304511872754e-05 3.19961613780004e-08 0.0277501913355743 
         0.03    0.00545658 5 7.6589920437116e-05 4.17918687834209e-07 0.0307439266853817 
    0.0322371     0.0310389 3 7.49100168751417e-05 2.32512792224865e-06 0.0327397487358777 
     0.034641      0.135149 4 8.64530802006712e-05 1.16840210308064e-05 0.0353348286950905 
    0.0372242      0.612794 4 9.98431100326717e-05 6.11832442664557e-05 0.0376112849866804 
         0.04       2.19692 3 0.000101140274658185 0.000222196965995281 0.0402281949191428 
    0.0422949       3.42552 4 9.99909099000678e-05 0.000342520618671003 0.0424511664454977 
    0.0447214       3.94904 4 0.000111568255345704 0.000440587063725302 0.0447123748201574 
    0.0472871       4.28971 3 0.000125015470912756 0.000536280112079614 0.0474511432629787 
         0.05        7.2729 4 0.000125771513960104 0.000914723376517459 0.0503502490970468 
    0.0523318       22.6668 4 0.000125049125386806 0.0028344573754895 0.0523530373610915 
    0.0547723       21.0956 4 0.000136759417475234 0.00288501530032947 0.0548882174133809 
    0.0573266        33.174 3 0.000150010342580168 0.00497644938217453 0.0574375413119714 
         0.06        29.052 5 0.000216016521850477 0.00627570515810602 0.0605347838690454 
    0.0644742       34.1816 6 0.000299640022938474 0.010242175771628 0.0645159150123749 
     0.069282       35.9124 6 0.000345943033057163 0.012423628332184 0.0694462231628088 
    0.0744484       40.3319 6 0.000399486287869691 0.0161120266091057 0.0744656901601552 
         0.08       39.3199 6 0.000404414778050581 0.0159015346655218 0.0797953012094518 
    0.0845897       36.4485 6 0.000399732533537747 0.014569648451406 0.084729352639906 
    0.0894427       39.5448 6 0.000446866202391426 0.0176712183276275 0.0896320179631889 
    0.0945742       101.898 6 0.00049957032365118 0.0509052424650427 0.094873984591792 
          0.1       91.9477 6 0.000503492407234358 0.0462949763136359 0.0998909362115824 
     0.104664       100.811 6 0.000499790150153293 0.0503841811647951 0.104748361320282 
     0.109545       88.4165 6 0.000547438846618139 0.0484026421904283 0.109555237694655 
     0.114653       75.6114 6 0.000599640193603462 0.0453396333296473 0.114609116562265 
         0.12       60.4044 7 0.000736191522916727 0.0444692003045586 0.120394914657087 
     0.126885       62.4034 9 0.000899285358025619 0.0561184921850538 0.127035977425679 
     0.134164       59.0415 8 0.00100556179781495 0.0593699057747597 0.134206473267755 
     0.141861        46.855 10 0.0011241235385528 0.052670784920376 0.141967529093581 
         0.15       39.1971 12 0.00145659758375067 0.0570944376379396 0.150422931005768 
     0.161185       32.5493 12 0.00187254014416479 0.0609499635814152 0.161401915886585 
     0.173205       29.5188 15 0.00216233638545751 0.0638296145732048 0.173304043598364 
     0.186121       24.4936 14 0.00249682904871282 0.0611563767625718 0.186230505417094 
          0.2       20.9007 14 0.0025276742462051 0.052830234516642 0.199257047107753 
     0.211474        17.248 14 0.00249798647087639 0.0430853810771702 0.211773645224427 
     0.223607       15.5719 13 0.00279301850233687 0.0434925894569111 0.22363058853193 
     0.236435       12.7744 14 0.00312254837338258 0.039888575980379 0.236454904998652 
         0.25       10.4419 15 0.00314692308707586 0.0328600013446934 0.249385386169392 
     0.261659       9.20985 13 0.00312336406193427 0.0287657096003341 0.261680815171318 
     0.273861       7.89259 13 0.00342148777546342 0.0270044045239018 0.273890735873173 
     0.286633        6.7899 13 0.00374822583826753 0.0254500660138097 0.286668601168271 
          0.3       5.75834 7 0.00410552576188512 0.023641031715411 0.299978672094717 
     0.313991       4.94532 9 0.00449792338954018 0.0222436753589508 0.314037172771458 
     0.328634       4.21229 8 0.00492713758140304 0.0207545122255202 0.328653425235606 
     0.343959       3.60002 9 0.00539724144502778 0.0194301801347131 0.343991334529485 
         0.36       2.99579 11 0.0062315403166951 0.0186683879750766 0.360284156762641 
     0.378521       2.54133 10 0.00719571463664601 0.0182866525761685 0.378788252799581 
     0.397995       2.25358 11 0.00795490255464937 0.0179269901948409 0.398061326387057 
     0.418471       1.89005 12 0.00879420364923584 0.0166214466044989 0.418572918071219 
         0.44       1.55817 12 0.0103117819652346 0.0160674704289627 0.440705098898484 
     0.465243       1.28709 14 0.012090617883819 0.0155616795865676 0.465322296519696 
     0.491935       1.05552 15 0.0135178722000817 0.0142683468452215 0.491997312154703 
     0.520158      0.866121 16 0.0151128246466378 0.0130895330398522 0.520171559450081 
         0.55       0.69959 17 0.0176407467603308 0.0123412929511148 0.550658894713405 
      0.58418      0.543756 18 0.0206066447762673 0.0112049911673257 0.584332486841859 
     0.620484      0.445958 20 0.0232470525581663 0.0103672123141732 0.620524587400646 
     0.659044      0.352521 21 0.0262260953470199 0.00924524078359775 0.659077213107707 
          0.7      0.285095 20 0.0264618832320159 0.00754414707000913 0.697969550488011 
     0.734815      0.234325 19 0.0262343140602596 0.00614736594722113 0.734831082378153 
     0.771362      0.194325 19 0.028909336781675 0.0056178189561698 0.771394876046463 
     0.809727      0.160458 21 0.0318563828545383 0.00511162371645185 0.809650319028034 
         0.85      0.132208 20 0.0320481901627819 0.00423703955601891 0.848373472863403 
     0.885246      0.114034 19 0.0318618455862336 0.00363331876700756 0.885263306530197 
     0.921954     0.0986157 20 0.0345586802615109 0.00340802847244217 0.921957108512189 
     0.960185     0.0842093 20 0.0374849632601845 0.00315658090235507 0.960234488295893 
            1     0.0723706 317 0.0376461367621117 0.00272447360783238 0.99850028855825 
      1.03556     0.0633533 725 0.0374885604737304 0.00237502457015525 1.0355694844543 
      1.07238     0.0551393 750 0.0402020020570234 0.00221671047110135 1.07234201902153 
      1.11051     0.0479398 778 0.0431118446798024 0.00206677254187224 1.11062715269523 
         1.15     0.0422233 753 0.0432521604493654 0.00182624950579919 1.14876266326267 
      1.18579     0.0372838 729 0.0431148753839645 0.00160748800735476 1.18579213039443 
       1.2227     0.0331088 750 0.0458405578766622 0.00151772777839404 1.22271122525732 
      1.26076     0.0292854 774 0.0487385548333441 0.00142732656697802 1.26072818574854 
          1.3     0.0249866 1295 0.0849451323190789 0.0021224865632704 1.31206933899076 
      1.39018     0.0199548 1867 0.129854093359699 0.00259121173069508 1.39021090651886 
      1.48661     0.0153232 1997 0.148493837021643 0.0022754033454343 1.48664152179551 
      1.58973     0.0117475 1686 0.169809199935207 0.00199483464096738 1.58973995938345 
          1.7    0.00926121 905 0.152752219998048 0.0014146710702336 1.68885487173977 
      1.77049    0.00771503 721 0.127447416736207 0.000983260195454178 1.77056796905712 
      1.84391    0.00651802 750 0.138236134330147 0.00090102583027319 1.84389024149689 
      1.92037     0.0055747 781 0.149938137656048 0.000835859992260562 1.9202815133879 
            2    0.00484975 641 0.127356301153364 0.000617645721177059 1.99164224020832 
      2.04823     0.0043387 489 0.0999858098723715 0.000433808674391261 2.04822760189321 
      2.09762    0.00394561 501 0.104866001319348 0.000413760285618262 2.09761154001893 
       2.1482    0.00356525 513 0.109984390045217 0.000392121485772114 2.14808121005634 
          2.2    0.00317645 837 0.185442463295924 0.000589047955145851 2.21516484941148 
      2.31557    0.00266184 1187 0.274819982296366 0.000731526976113895 2.31558175900258 
      2.43721    0.00217088 1250 0.304452013301073 0.00066092936518774 2.43721900482182 
      2.56524    0.00176499 1315 0.337279069226118 0.000595293854108073 2.56505622827622 
          2.7    0.00147991 1035 0.277586697300329 0.000410804711502957 2.68336675015373 
      2.77206    0.00129837 731 0.202464886487269 0.000262874130845687 2.77212013891689 
      2.84605    0.00116838 751 0.213416728984594 0.000249351031369316 2.84593860260355 
      2.92201    0.00105592 771 0.224960984238723 0.000237541294575222 2.92201554234395 
            3   0.000935366 980 0.294763966593354 0.0002757120606363 3.00906595535272 
      3.11787   0.000814458 1203 0.37486085282748 0.00030530849438772 3.11787523518417 
      3.24037   0.000695987 730 0.404896000124263 0.000281802170309883 3.24021100179874 
      3.36768   0.000598717 650 0.437337662545492 0.000261841623804486 3.36772751081368 
          3.5   0.000516249 629 0.439050054212156 0.000226659105093599 3.49549555700378 
      3.61881    0.00044936 605 0.437378169343105 0.000196540415081618 3.61880888671477 
      3.74166   0.000391243 625 0.467576927452484 0.000182936212785623 3.74166093263435 
      3.86867   0.000343538 647 0.499860764596995 0.000171721324185965 3.86866127279512 
            4   0.000300745 628 0.5013530953211 0.000150779550147265 3.99587479290326 
      4.11953   0.000266784 608 0.499891660710675 0.000133363052836118 4.11947805670486 
      4.24264   0.000237489 626 0.530215169618854 0.00012592047518199 4.24264401622991 
      4.36943   0.000210597 644 0.562378116260632 0.000118435091048375 4.36941096638999 
          4.5   0.000188301 628 0.563700811706971 0.000106145648474177 4.49651218123445 
      4.62011   0.000167607 609 0.562402460354146 9.42627752641989e-05 4.61981246306326 
      4.74342   0.000151857 626 0.592824249732507 9.00242290572581e-05 4.7434512207684 
      4.87002   0.000136716 643 0.624891621514956 8.54326579686322e-05 4.87001427316761 
            5   0.000123307 627 0.626079489176662 7.71996896315955e-05 4.99685740693438 
      5.12057   0.000111287 611 0.624911309648252 6.95446584730336e-05 5.12052626948405 
      5.24404    0.00010157 626 0.655412510807671 6.6570070760592e-05 5.24403974081423 
       5.3705   9.22804e-05 641 0.687402440032565 6.34337915018243e-05 5.37049127153405 
          5.5   8.40081e-05 627 0.688480516175885 5.7837959740594e-05 5.49713210110536 
      5.62095    7.6845e-05 612 0.68741868514517 5.28246867122448e-05 5.62094659799691 
      5.74456   7.03517e-05 626 0.717985403966741 5.05114885891042e-05 5.74458402561598 
      5.87089   6.42028e-05 640 0.749911294416897 4.81463921394413e-05 5.8706960780303 
            6   5.91283e-05 627 0.750898224018675 4.43993165977795e-05 5.99745643490814 
      6.12127   5.45558e-05 613 0.749924933022883 4.09127912585024e-05 6.12126845494283 
        6.245   5.02141e-05 626 0.78054661783497 3.9194442421737e-05 6.24488757166384 
      6.37122   4.64285e-05 550 0.812418679261579 3.77193968177064e-05 6.37123123941771 
          6.5   4.29105e-05 314 0.813328706754037 3.49003528460751e-05 6.4975850486139 
      6.62155   3.97673e-05 307 0.812430302747168 3.230819080755e-05 6.62154316068202 
      6.74537   3.67819e-05 314 0.843098747717441 3.10107681349259e-05 6.7452604697396 
      6.87151   3.42504e-05 319 0.874924933961998 2.99665256355521e-05 6.87150818560357 
            7   3.18336e-05 314 0.875769207586832 2.78788581625772e-05 6.99775791968721 
      7.12178    2.9659e-05 308 0.874934933781325 2.59497180785573e-05 7.12177994102051 
      7.24569   2.76687e-05 313 0.905643684669164 2.5057983424135e-05 7.24568313881077 
      7.37175   2.57896e-05 319 0.937430286236626 2.4175916966091e-05 7.37169897918703 
          7.5   2.37375e-05 314 0.938217705672175 2.22709097374076e-05 7.49808396260196 
      7.62199   2.25623e-05 309 0.937438973663836 2.11507751596725e-05 7.62199025110625 
      7.74597   2.11333e-05 313 0.968182847542785 2.04608652303351e-05 7.74594574540914 
      7.87196   1.98129e-05 318 0.999934907830811 1.98115608219675e-05 7.87195502765335 
            8   1.85846e-05 314 1.0006726813639 1.85971191276323e-05 7.99803917085293 
      8.12217   1.74496e-05 309 0.999942582190992 1.7448616301591e-05 8.12214582351901 
      8.24621   1.64299e-05 313 1.03071719853244 1.69346037058656e-05 8.24621165663822 
      8.37214   1.54581e-05 319 1.06243900277518 1.64233001621905e-05 8.37213940775215 
          8.5    1.4555e-05 313 1.06313294848204 1.54739004831425e-05 8.4981542867811 
      8.62233   1.37035e-05 310 1.06244576450221 1.45591963948274e-05 8.62226505094985 
      8.74643   1.28808e-05 313 1.09324769327914 1.40819273129952e-05 8.7463631100619 
      8.87231   1.22328e-05 318 1.12494257507114 1.37612324507016e-05 8.87230937410573 
            9   1.15895e-05 284 1.01647389603371 1.17804085174741e-05 8.99231171862931 
      9.09838   1.10545e-05 248 0.899973425067623 9.94874441676528e-06 9.09837263575197 
      9.19783   1.05802e-05 251 0.919755408193451 9.73117064461572e-06 9.19782267306351 
      9.29836   1.01254e-05 253 0.93997221236961 9.51755887549073e-06 9.29835566374105 
          9.4   9.70453e-06 175 0.651779293231496 6.32521216101991e-06 9.38378265357209 
      9.43728    9.5267e-06 94 0.352498600737101 3.35814860398429e-06 9.43728327749497 
       9.4747   9.38763e-06 95 0.355299991635666 3.33542499417981e-06 9.474703337995 
      9.51228   9.23908e-06 95 0.358123590960152 3.30873369840369e-06 9.51227646850748 
         9.55   9.09344e-06 95 0.358140197181007 3.25672759750937e-06 9.5498526985185 
      9.58728    8.9514e-06 95 0.358123625122092 3.20570702930413e-06 9.58728030436323 
      9.62471   8.81181e-06 94 0.360925183196414 3.18040440150347e-06 9.62470764717177 
      9.66228   8.67439e-06 95 0.363748613137981 3.15529889212242e-06 9.6622799575371 
          9.7   8.53966e-06 95 0.36376496317515 3.10642757576458e-06 9.69985488934355 
      9.73728   8.40806e-06 95 0.363748647015565 3.05842146279557e-06 9.73728369533993 
      9.77471   8.27901e-06 94 0.366550371256823 3.03467420302237e-06 9.77471210921144 
      9.81228   8.15169e-06 95 0.369373635144171 3.01101813275085e-06 9.81228325545372 
         9.85   8.02678e-06 95 0.36938973530295 2.96500990184629e-06 9.84985704220601 
      9.88729   7.90507e-06 95 0.369373665784079 2.91992509621708e-06 9.88728701130229 
      9.92472   7.78561e-06 94 0.372175556622773 2.89761254604337e-06 9.92471651962411 
      9.96229   7.66791e-06 95 0.374998656844768 2.87545476756797e-06 9.96228669924298 
           10   7.46623e-06 99 0.804462322303824 6.00629936794664e-06 10.0280780900728 
      10.1227   7.18943e-06 3 1.24994368204564 8.98637701801008e-06 10.1220158666823 
       10.247    6.8497e-06 3 1.2805288979176 8.77124182071159e-06 10.2441030659268 
      10.3727   6.51472e-06 2 1.31242456341624 8.550081777581e-06 10.372126202577 
         10.5   6.19755e-06 3 1.31338999133482 8.13979463344524e-06 10.5010136607925 
      10.6228   5.91788e-06 3 1.31239451175087 7.7665954578065e-06 10.6216856493857 
      10.7471    5.6537e-06 2 1.34282745327402 7.59193909275714e-06 10.7425766821717 
      10.8728   5.37673e-06 3 1.37553578387628 7.3958836779146e-06 10.8769772761654 
           11   5.17584e-06 2 1.10594820710366 5.72420953776762e-06 10.980051857202 
      11.0742   4.99926e-06 2 0.825065739133663 4.12471410210499e-06 11.0749570788036 
       11.149   4.86535e-06 2 0.836237739208614 4.06859118087746e-06 11.1496227815579 
      11.2242   4.73504e-06 2 0.847560956806538 4.01323097434277e-06 11.2247935605326 
         11.3   4.60837e-06 2 0.847700153181396 3.90651621072064e-06 11.3003734310207 
      11.3743   4.48688e-06 2 0.847606721142144 3.80311350099131e-06 11.3753306583232 
       11.449   4.37008e-06 2 0.858768829328891 3.75289055775497e-06 11.4498210889503 
      11.5243   4.25632e-06 2 0.870077686798229 3.70332739480122e-06 11.5248063085845 
         11.6   4.14098e-06 2 1.01229691872336 4.19190123736698e-06 11.6034459108728 
      11.6987    4.0132e-06 3 1.15954490125396 4.65348232802973e-06 11.6938587971681 
      11.7983   3.86498e-06 2 1.18035911813387 4.56206785666981e-06 11.8033071040682 
      11.8987   3.73928e-06 2 1.20019601269944 4.48786748637179e-06 11.9002532753315 
           12   3.61364e-06 2 1.34645602643099 4.86560623319358e-06 12.0013672604031 
      12.1231    3.4675e-06 3 1.50022884798264 5.2020360891951e-06 12.1245809498935 
      12.2474   3.33105e-06 2 1.53074768585098 5.09900299085282e-06 12.2457318424235 
      12.3731   3.19455e-06 3 1.5625597111599 4.99167871734891e-06 12.3731698030034 
         12.5     3.067e-06 2 1.56299566395953 4.7937046755567e-06 12.4986797124201 
      12.6232   2.94993e-06 3 1.56211012831599 4.60811407563432e-06 12.6196506780532 
      12.7475   2.82884e-06 2 1.59395095087414 4.50902995022418e-06 12.7513198752177 
      12.8732   2.72838e-06 2 1.62412802008123 4.4312343380294e-06 12.865992084295 
           13   2.61282e-06 3 1.62620957358606 4.2489961697705e-06 13.0045610642576 
      13.1232    2.5198e-06 2 1.62486346344298 4.09433888118808e-06 13.1217667826689 
      13.2476   2.42794e-06 3 1.65541726207533 4.01924556582769e-06 13.2429710210838 
      13.3732   2.33017e-06 2 1.68819718009276 3.93378088600211e-06 13.3784309254094 
         13.5   2.24963e-06 2 1.68755415952354 3.79636805172471e-06 13.4954166469621 
      13.6233   2.16751e-06 3 1.68716866728106 3.65695416529084e-06 13.6202317132684 
      13.7477    2.0845e-06 2 1.71911462489138 3.58349721615503e-06 13.7525514370635 
      13.8733   2.01359e-06 2 1.7497481543194 3.52326984800672e-06 13.8708672306841 
           14   1.94401e-06 3 1.74962543915853 3.40129211894474e-06 13.9921945519903 
      14.1234   1.86868e-06 2 1.75083790487648 3.27175025849753e-06 14.129783945464 
      14.2478    1.8065e-06 2 1.78113150113252 3.21762071238183e-06 14.2485716728482 
      14.3734   1.74639e-06 2 1.811940395246 3.1643501673987e-06 14.368475501189 
         14.5   1.68515e-06 3 1.81259369484402 3.05448923703645e-06 14.4960402289313 
      14.6234   1.62437e-06 2 1.81317679667986 2.94527113539366e-06 14.6284680142228 
      14.7479   1.57154e-06 2 1.84364694150851 2.89736057463172e-06 14.7486427454609 
      14.8734   1.52041e-06 2 1.87462233521904 2.85020387742296e-06 14.8698976747594 
           15   1.45595e-06 3 2.78515246037592 4.05505653876434e-06 15.0300382574624 
       15.244   1.37652e-06 3 3.74898630761633 5.160553322476e-06 15.2401019860976 
      15.4919   1.28804e-06 4 3.87314095584405 4.98877680698492e-06 15.4928205392092 
      15.7439   1.20669e-06 3 4.00023510975984 4.82706336603112e-06 15.7450366756091 
           16   1.13288e-06 3 4.00213805450649 4.53394107818009e-06 15.9930407178192 
      16.2443   1.06489e-06 4 3.99888379594402 4.25836232769055e-06 16.2401178975542 
      16.4924   9.99761e-07 3 4.12387991649744 4.12289571235829e-06 16.4958258274207 
      16.7443   9.40843e-07 3 4.25032008810315 3.99888360818677e-06 16.7456261241282 
           17   8.86133e-07 3 4.25265466083909 3.76841612842538e-06 16.9958077006533 
      17.2447   8.35808e-07 3 4.24977753519079 3.55199903261025e-06 17.2436137421325 
      17.4929   7.88977e-07 3 4.37291591682793 3.45013025835407e-06 17.4915395240985 
      17.7446   7.44769e-07 3 4.49962040451963 3.35117882737923e-06 17.7430446378848 
           18   7.03451e-07 3 4.50239273541936 3.16721081898078e-06 17.9955709457637 
       18.245   6.65442e-07 3 4.49998969521556 2.99448060281766e-06 18.2447493702839 
      18.4932   6.30101e-07 3 4.6232717556642 2.91312794030308e-06 18.4928738806295 
      18.7449   5.96637e-07 3 4.74993034308824 2.83398367755316e-06 18.7443804210961 
           19   5.65333e-07 3 4.75241392338453 2.68669864654238e-06 18.9961366469268 
      19.2452   5.36538e-07 3 4.7496999309767 2.54839282207934e-06 19.2436050328256 
      19.4936   5.09611e-07 3 4.8726993746359 2.48317986086813e-06 19.4905305683168 
      19.7452   4.84033e-07 3 4.99887280297112 2.41961779795214e-06 19.7407187847446 
           20   4.53806e-07 3 7.39326763314761 3.35510606846962e-06 20.057800851828 
      20.4823   4.17061e-07 5 9.99807646400015 4.16981063728462e-06 20.4801390889577 
      20.9762   3.78487e-07 4 10.4877506478566 3.96947532039726e-06 20.9773848322653 
       21.482   3.44123e-07 5 10.9963080958064 3.78408587213996e-06 21.4767938030566 
           22   3.15955e-07 3 8.37890147422556 2.6473556231501e-06 21.9357166851005 
      22.2458   2.98884e-07 3 5.49852522409608 1.6434215488215e-06 22.2393239597864 
      22.4944   2.85331e-07 2 5.62407194363579 1.60472343355414e-06 22.4960331032013 
      22.7458   2.72791e-07 3 5.75050137918891 1.56868362230617e-06 22.74714051783 
           23   2.61426e-07 2 5.74975894167429 1.50313887952499e-06 22.9878678230993 
       23.246   2.49491e-07 3 5.7523034238247 1.43515051891867e-06 23.2548480150009 
      23.4947   2.39924e-07 3 5.87027616501899 1.40841957717205e-06 23.4807849771487 
       23.746   2.28785e-07 2 6.00319259389799 1.37344228693068e-06 23.7583158484912 
           24   2.20164e-07 3 5.99894747818611 1.32075466941605e-06 23.9848937924208 
      24.2462   2.10334e-07 2 6.00284990486749 1.26260440337253e-06 24.2572724245305 
      24.4949   2.02686e-07 2 6.12019895399792 1.2404782249446e-06 24.4803822437929 
      24.7462   1.93618e-07 3 6.25333040731132 1.21075592583806e-06 24.7588985533518 
           25   1.86567e-07 2 6.24936762988959 1.16592594953278e-06 24.9869455154369 
      25.2463   1.78735e-07 3 6.2518600922407 1.11742898086897e-06 25.2531438781839 
      25.4951   1.72034e-07 2 6.37336807766759 1.09643724611325e-06 25.4928335098846 
      25.7463   1.65431e-07 3 6.4987535051137 1.07509332385841e-06 25.7405941956317 
           26   1.58742e-07 2 6.50372758895232 1.03241186310594e-06 26.0046370268298 
      26.2465   1.53175e-07 2 6.49734757632532 9.95232806432151e-07 26.2351051720809 
      26.4953   1.47059e-07 3 6.62534773327472 9.74317976566e-07 26.5006193657223 
      26.7465   1.41624e-07 2 6.75070036281739 9.56059570037087e-07 26.7484681854217 
           27   1.36706e-07 2 6.74828070573551 9.22531838381402e-07 26.9832243015667 
      27.2466   1.31248e-07 3 6.75258655537889 8.86264155983431e-07 27.2563341852204 
      27.4955   1.26645e-07 2 6.87468253390536 8.70641154524325e-07 27.4978696918739 
      27.7466   1.22324e-07 2 6.99722998727047 8.55931287607292e-07 27.7348442408993 
           28   1.16694e-07 3 10.3907611376326 1.21253982567442e-06 28.0594916851389 
      28.4871   1.09755e-07 4 13.9998216296884 1.53654991833619e-06 28.4873009644353 
      28.9828   1.02392e-07 3 14.4899287466699 1.48365193187048e-06 28.9805729193415 
       29.487   9.54707e-08 4 14.9993136885243 1.43199545526208e-06 29.4861771452009 
           30   8.71135e-08 5 25.5170405371125 2.2228799542577e-06 30.1595918822964 
      31.1787   7.61599e-08 6 37.4841999878684 2.85479112711239e-06 31.1754847419195 
      32.4037   6.51292e-08 7 40.493134287248 2.63728637569229e-06 32.4046658823967 
      33.6768   5.57758e-08 6 43.7278528872747 2.43895781678694e-06 33.670646489392 
           35   4.79344e-08 7 43.9086920134467 2.1047356292982e-06 34.9564514933572 
      36.1881   4.16922e-08 5 43.734283847931 1.82337957430132e-06 36.1837869693026 
      37.4166   3.63975e-08 6 46.762688989294 1.70204610211872e-06 37.4190328432143 
      38.6867   3.18059e-08 6 49.9892603023718 1.5899517520031e-06 38.6869358522023 
           40   2.79195e-08 7 50.1295346977687 1.39959089657892e-06 39.9543045413233 
      41.1953    2.4677e-08 8 49.9871733533585 1.23353566753668e-06 41.1929055797221 
      42.4264   2.18988e-08 9 53.0227366742275 1.16113545612877e-06 42.4266313825748 
      43.6943   1.94379e-08 8 56.2395294188725 1.09318082878256e-06 43.69465351962 
           45   1.73116e-08 8 56.369800822974 9.75852113181857e-07 44.9638299695388 
      46.2011   1.55135e-08 7 56.2392508231545 8.72467752991351e-07 46.1993182679324 
      47.4342   1.39424e-08 8 59.2837802587984 8.26558911307551e-07 47.4342678984219 
      48.7002   1.25344e-08 7 62.4882015543071 7.83251291672013e-07 48.6984685220458 
           50   1.12972e-08 7 62.6050497943019 7.07260422812941e-07 49.9655423871048 
      51.2057   1.02293e-08 7 62.4934703784537 6.39265054207137e-07 51.2069085428272 
      52.4404   9.28927e-09 7 65.5431163045365 6.08847696062672e-07 52.4409771558258 
       53.705   8.43561e-09 7 68.7415478437042 5.79876689412875e-07 53.7048445289107 
           55   7.67742e-09 7 68.8469366276903 5.28567113764139e-07 54.9694304229066 
      56.2095   7.01459e-09 6 68.7436185199283 4.82208396585118e-07 56.2098034848729 
      57.4456     6.426e-09 6 71.7930616844706 4.61342185973039e-07 57.4402617445925 
      58.7089   5.88083e-09 7 74.9966801761025 4.41042685485649e-07 58.7122779108053 
           60   5.39715e-09 7 75.087193988332 4.0525670638733e-07 59.9707862395678 
      61.2127   4.96767e-09 8 74.99261147583 3.72538250027463e-07 61.212087150427 
        62.45   4.58106e-09 8 78.0547189759195 3.57573507447865e-07 62.4492743954586 
      63.7122   4.22454e-09 8 81.2418561744516 3.43209858669238e-07 63.7114713036208 
           65   3.90223e-09 8 81.3298865501766 3.17367954556715e-07 64.972911869955 
      66.2155   3.61364e-09 7 81.2466708929798 2.93596309922097e-07 66.2178269838531 
      67.4537   3.35366e-09 7 84.3063606302366 2.82734555035881e-07 67.4502401038321 
      68.7151   3.11025e-09 8 87.4960707815523 2.7213428394967e-07 68.7172125906248 
           70   2.88969e-09 7 87.577209140912 2.53070898601566e-07 69.9770640159193 
      71.2178   2.69132e-09 7 87.4936849505446 2.35473877475925e-07 71.2171839277592 
      72.4569   2.50978e-09 7 90.5645677173219 2.27297355899627e-07 72.4562065456219 
      73.7175   2.34049e-09 7 93.7432333294911 2.19404753089738e-07 73.7167854852528 
           75   2.18511e-09 7 93.8217864079546 2.05010905886093e-07 74.9782761626735 
      76.2199    2.0451e-09 6 93.738554602786 1.91704339909034e-07 76.2149365539428 
      77.4597   1.91486e-09 7 96.8241047045903 1.85404157141328e-07 77.4636779767105 
      78.7196   1.79433e-09 7 99.9917135871343 1.79418475404313e-07 78.7173530171387 
           80   1.68243e-09 7 100.066895283499 1.68355737672303e-07 79.9794842480997 
      81.2217   1.58077e-09 8 99.9930269696295 1.58066336499331e-07 81.2201937694832 
      82.4621   1.48674e-09 7 103.069158422726 1.532369817985e-07 82.4596762644027 
      83.7214   1.39794e-09 8 106.2467679355 1.48526582266946e-07 83.723304204751 
           85   1.31596e-09 8 106.314618095975 1.39906304946647e-07 84.9820854688276 
      86.2233   1.24101e-09 7 106.243429924535 1.31849219317925e-07 86.2218599198691 
      87.4643   1.17119e-09 8 109.324573367273 1.28040062542308e-07 87.4636010171606 
      88.7231   1.10526e-09 7 112.496087353895 1.24337694593972e-07 88.7239686378171 
           90   1.04408e-09 7 112.55795409215 1.17519365527239e-07 89.9806048320468 
      91.2248   9.87658e-10 7 112.494096412983 1.11105658833501e-07 91.2236753605879 
      92.4662   9.35053e-10 7 115.576531921764 1.08070199422849e-07 92.4650270928508 
      93.7245    8.8525e-10 7 118.743424991802 1.05117659613924e-07 93.7232770808183 
           95   8.38599e-10 7 118.80862178829 9.96327756350622e-08 94.9847647158847 
      96.2261   7.95577e-10 7 118.748358886339 9.44734496054934e-08 96.2281405497436 
      97.4679   7.55395e-10 7 121.830256191935 9.20299219388414e-08 97.4675426321659 
      98.7259   7.17241e-10 7 124.992053293441 8.96493961370957e-08 98.7230504567204 
          100   6.81295e-10 7 125.05474288804 8.51991564880651e-08 99.9846535443257 
      101.227   6.48135e-10 8 124.992243701266 8.10118254769988e-08 101.224335283661 
       102.47   6.16782e-10 7 128.08480827581 7.90004102185347e-08 102.471304993903 
      103.727   5.87088e-10 8 131.246109407196 7.705307861347e-08 103.727343940885 
          105   5.59196e-10 7 131.297508682421 7.34210034361012e-08 104.98175933345 
      106.228   5.33046e-10 8 131.249084496034 6.99617415917191e-08 106.230743689994 
      107.471   5.08583e-10 7 134.333808598862 6.83198420197814e-08 107.470215526015 
      108.728   4.85211e-10 8 137.493132403476 6.67132033520357e-08 108.725942317033 
          110   4.58078e-10 10 203.532100483583 9.32336252102496e-08 110.279872505783 
      112.419    4.2376e-10 13 274.966884894901 1.16520045716261e-07 112.418169904487 
      114.891   3.88028e-10 13 287.193296742129 1.11439001359679e-07 114.890324855698 
      117.418   3.55308e-10 13 299.963346820779 1.06579513476669e-07 117.416851921331 
          120    3.2591e-10 13 300.362180704224 9.78909786180791e-08 119.948382548527 
      122.425   3.00029e-10 14 299.97016026259 8.9999621295993e-08 122.424972408483 
        124.9   2.76675e-10 14 312.218828819317 8.63831880974242e-08 124.899449128733 
      127.424   2.55139e-10 14 324.967646184023 8.2912072732066e-08 127.423940878916 
          130   2.35649e-10 13 325.327329551668 7.66631871858132e-08 129.949653350888 
      132.431   2.18281e-10 13 324.971767787722 7.09351141989912e-08 132.430442804269 
      134.907   2.02503e-10 13 337.239111499777 6.82920880984914e-08 134.906855791442 
       137.43   1.87865e-10 14 349.970377828637 6.57470745167573e-08 137.429890594806 
          140   1.74506e-10 13 350.311712192839 6.11316192832313e-08 139.956432231556 
      142.436   1.62532e-10 14 349.973959661482 5.68820078881969e-08 142.435195495769 
      144.914   1.51567e-10 14 362.257195727859 5.49062577465501e-08 144.91316379354 
      147.435   1.41342e-10 14 374.971534238483 5.29991295409943e-08 147.434249236736 
          150   1.24557e-10 35 1046.10534426283 1.30299310066846e-07 152.075631784109 
      161.185   1.07413e-10 21 695.44724011074 7.47001396852369e-08 157.764544722336 
      173.205             0 0 0 0 0 
      186.121             0 0 0 0 0 
          200             0 0 0 0 0 
      211.474             0 0 0 0 0 
      223.607             0 0 0 0 0 
      236.435             0 0 0 0 0 
          250             0 0 0 0 0 
      261.659             0 0 0 0 0 
      273.861             0 0 0 0 0 
      286.633             0 0 0 0 0 
          300             0 0 0 0 0 
      322.371             0 0 0 0 0 
       346.41             0 0 0 0 0 
      372.242             0 0 0 0 0 
          400             0 0 0 0 0 
      422.949             0 0 0 0 0 
      447.214             0 0 0 0 0 
      472.871             0 0 0 0 0 
          500             0 0 0 0 0 
      543.879             0 0 0 0 0 
      591.608             0 0 0 0 0 
      643.526             0 0 0 0 0 
          700             0 0 0 0 0 
      765.286             0 0 0 0 0 
       836.66             0 0 0 0 0 
      914.691             0 0 0 0 0 
         1000             0 0 0 0 0 
      1106.68             0 0 0 0 0 
      1224.74             0 0 0 0 0 
       1355.4             0 0 0 0 0 
         1500             0 0 0 0 0 
      1660.02             0 0 0 0 0 
      1837.12             0 0 0 0 0 
       2033.1             0 0 0 0 0 
         2250             0 0 0 0 0 
      2485.41             0 0 0 0 0 
      2745.45             0 0 0 0 0 
       3032.7             0 0 0 0 0 
         3350             0 0 0 0 0 
      3702.76             0 0 0 0 0 
      4092.68             0 0 0 0 0 
      4523.65             0 0 0 0 0 
         5000             0 0 0 0 0 
      5514.87             0 0 0 0 0 
      6082.76             0 0 0 0 0 
      6709.13             0 0 0 0 0 
         7400             0 0 0 0 0 
      8170.94             0 0 0 0 0 
      9022.19             0 0 0 0 0 
      9962.14             0 0 0 0 0 
        11000             0 0 0 0 0 
      11469.1             0 0 0 0 0 
      11958.3             0 0 0 0 0 
      12468.3             0 0 0 0 0 
        13000             0 0 0 0 0 
      13692.7             0 0 0 0 0 
      14422.2             0 0 0 0 0 
      15190.6             0 0 0 0 0 
        16000             0 0 0 0 0 
      17706.9             0 0 0 0 0 
      19595.9             0 0 0 0 0 
      21686.4             0 0 0 0 0 
        24000             0 0 0 0 0 
      26560.4             0 0 0 0 0 
      29393.9             0 0 0 0 0 
      32529.7             0 0 0 0 0 
        36000             0 0 0 0 0 
