         0.01   4.88593e-43 6 1.06618714901069e-05 5.20931116887076e-48 0.00998281551989304 
    0.0110668   3.95543e-43 5 1.24817840474644e-05 4.93708677640092e-48 0.0110951085931565 
    0.0122474   3.24151e-43 6 1.52588887825155e-05 4.94618186541471e-48 0.0122561777768572 
     0.013554   2.64148e-43 6 1.87053763819387e-05 4.94098949369823e-48 0.0135779441191329 
        0.015   2.19247e-43 5 1.91273617639915e-05 4.19362137729992e-48 0.0149049052085242 
    0.0161185   1.87011e-43 4 1.87380627012279e-05 3.50421532450058e-48 0.0161400482039256 
    0.0173205   1.62326e-43 4 2.16118297517976e-05 3.5081591469809e-48 0.0173241130585505 
    0.0186121   1.40423e-43 5 2.49687032089518e-05 3.50618832692475e-48 0.0186264349809097 
         0.02   1.19742e-43 6 3.55396824338641e-05 4.25559145227289e-48 0.0201690468669848 
    0.0221336   9.90525e-44 6 4.98809279652599e-05 4.94083292322879e-48 0.022173392530832 
    0.0244949   8.09118e-44 6 6.1079195833439e-05 4.94202685406327e-48 0.0245329643279241 
    0.0271081   6.13119e-29 7 7.48304511872754e-05 4.58799793427793e-33 0.028532608073039 
         0.03   5.17542e-26 5 7.6589920437116e-05 3.96385187593383e-30 0.031415286879253 
    0.0322371   5.54157e-24 3 7.49100168751417e-05 4.15118800258213e-28 0.0334656200334958 
     0.034641   3.99324e-22 4 8.64530802006712e-05 3.45227772069967e-26 0.0358753691457788 
    0.0372242   2.16321e-20 4 9.98431100326717e-05 2.15981857339799e-24 0.0384188981883542 
         0.04   6.61517e-19 3 0.000101140274658185 6.69060599182314e-23 0.0407858645057954 
    0.0422949   1.28117e-17 4 9.99909099000678e-05 1.28105554538885e-21 0.043293665647408 
    0.0447214   1.42003e-16 4 0.000111568255345704 1.5843030527898e-20 0.0453944393264468 
    0.0472871   1.84954e-15 3 0.000125015470912756 2.31221601381524e-19 0.0481191499488641 
         0.05   1.54607e-14 4 0.000125771513960104 1.94451099476187e-18 0.0504330175020496 
    0.0523318   1.16089e-13 4 0.000125049125386806 1.45167678107307e-17 0.052973114884353 
    0.0547723   5.93018e-13 4 0.000136759417475234 8.11007901182011e-17 0.0552928331711427 
    0.0573266     3.102e-12 3 0.000150010342580168 4.65332575683509e-16 0.0579109442822653 
         0.06   1.88996e-11 5 0.000216016521850477 4.08262252384337e-15 0.0612054441871666 
    0.0644742   1.56149e-10 6 0.000299640022938474 4.67884410563148e-14 0.0655306925873212 
     0.069282   1.23561e-09 6 0.000345943033057163 4.27451849227093e-13 0.070333193619987 
    0.0744484   8.30241e-09 6 0.000399486287869691 3.31669924602513e-12 0.0754698514495721 
         0.08   4.22755e-08 6 0.000404414778050581 1.70968301963867e-11 0.0804919556669486 
    0.0845897   1.61871e-07 6 0.000399732533537747 6.47049982751011e-11 0.0852603229564909 
    0.0894427    1.9036e-06 6 0.000446866202391426 8.50656491900727e-10 0.091644744178372 
    0.0945742   7.28686e-05 6 0.00049957032365118 3.64030013290706e-08 0.0955613222216749 
          0.1   0.000253264 6 0.000503492407234358 1.27516514690898e-07 0.100074805480483 
     0.104664   0.000799347 6 0.000499790150153293 3.99505970210417e-07 0.105707060333896 
     0.109545     0.0870017 6 0.000547438846618139 4.76281246461428e-05 0.111657521538866 
     0.114653      0.333594 6 0.000599640193603462 0.000200036630629691 0.114282738406804 
         0.12     0.0190398 7 0.000736191522916727 1.40169657064136e-05 0.117933471077023 
     0.126885      0.411368 9 0.000899285358025619 0.000369937567588148 0.128685324158989 
     0.134164       1.27965 8 0.00100556179781495 0.00128676845948329 0.134528109004309 
     0.141861       1.52243 10 0.0011241235385528 0.00171139444256991 0.142203731330644 
         0.15       1.63518 12 0.00145659758375067 0.00238179620408688 0.150790849111737 
     0.161185       1.50374 12 0.00187254014416479 0.00281581822005336 0.161424949575498 
     0.173205       1.45068 15 0.00216233638545751 0.00313685977016677 0.173499973961149 
     0.186121       1.36247 14 0.00249682904871282 0.0034018479468056 0.186345789293801 
          0.2       1.27478 14 0.0025276742462051 0.0032222274240393 0.199336793515321 
     0.211474        1.1706 14 0.00249798647087639 0.00292415141519725 0.2115859714465 
     0.223607       1.06386 13 0.00279301850233687 0.00297137855624891 0.223762587490517 
     0.236435      0.953297 14 0.00312254837338258 0.00297671474029722 0.236549688680462 
         0.25      0.896387 15 0.00314692308707586 0.00282086111518689 0.249490270000705 
     0.261659      0.901424 13 0.00312336406193427 0.00281547399020612 0.26186470078481 
     0.273861      0.862252 13 0.00342148777546342 0.00295018598124577 0.273942704870097 
     0.286633      0.844772 13 0.00374822583826753 0.00316639537441035 0.286837045521072 
          0.3      0.828288 7 0.00410552576188512 0.00340055946615591 0.300163785270055 
     0.313991      0.792538 9 0.00449792338954018 0.00356477395692412 0.31415803387838 
     0.328634      0.758149 8 0.00492713758140304 0.00373550317584409 0.32882261937048 
     0.343959      0.724282 9 0.00539724144502778 0.00390912553570988 0.344149019941455 
         0.36      0.690873 11 0.0062315403166951 0.00430520056532952 0.360591820285062 
     0.378521       1.10018 10 0.00719571463664601 0.00791659491951624 0.380384451831049 
     0.397995       1.62581 11 0.00795490255464937 0.0129331246532991 0.398633820002336 
     0.418471        1.5527 12 0.00879420364923584 0.0136547494643575 0.419137646027618 
         0.44       1.33586 12 0.0103117819652346 0.0137751207041241 0.441252008787043 
     0.465243       1.23445 14 0.012090617883819 0.014925207140156 0.465367636640278 
     0.491935       0.98104 15 0.0135178722000817 0.0132615726139058 0.492460523783169 
     0.520158      0.888652 16 0.0151128246466378 0.0134300422850812 0.520274166706819 
         0.55      0.750065 17 0.0176407467603308 0.0132317015602532 0.550771361552631 
      0.58418      0.626984 18 0.0206066447762673 0.0129200294347561 0.584354077392498 
     0.620484      0.521418 20 0.0232470525581663 0.0121214227492472 0.62065116143584 
     0.659044      0.418236 21 0.0262260953470199 0.0109687000113032 0.65931536103231 
          0.7      0.362416 20 0.0264618832320159 0.0095902052914232 0.69809398045294 
     0.734815      0.308452 19 0.0262343140602596 0.00809203423463783 0.734927200271375 
     0.771362      0.264403 19 0.028909336781675 0.00764372755378542 0.771486369842978 
     0.809727      0.226888 21 0.0318563828545383 0.00722784344797839 0.809873959921186 
         0.85      0.194449 20 0.0320481901627819 0.00623173863210674 0.848333545778572 
     0.885246      0.180018 19 0.0318618455862336 0.00573571976775359 0.8854453708194 
     0.921954      0.169749 20 0.0345586802615109 0.00586629892138688 0.922141617082424 
     0.960185      0.149564 20 0.0374849632601845 0.00560639177199296 0.96048317226133 
            1      0.130958 317 0.0376461367621117 0.00493004409888592 0.99836443213642 
      1.03556      0.119727 725 0.0374885604737304 0.00448838786995604 1.03561545829787 
      1.07238       0.10476 750 0.0402020020570234 0.00421158080906028 1.07226160934893 
      1.11051     0.0910642 778 0.0431118446798024 0.00392594752826371 1.11100327891965 
         1.15     0.0832396 753 0.0432521604493654 0.00360029135191401 1.14881937258882 
      1.18579     0.0743968 729 0.0431148753839645 0.00320760885162162 1.18584211101888 
       1.2227     0.0668097 750 0.0458405578766622 0.00306259598328318 1.22274589019433 
      1.26076     0.0592876 774 0.0487385548333441 0.00288959341509204 1.26063299589805 
          1.3     0.0511405 1295 0.0849451323190789 0.00434413938907985 1.31249392069789 
      1.39018     0.0421782 1867 0.129854093359699 0.00547701501322861 1.39038991936173 
      1.48661      0.033185 1997 0.148493837021643 0.00492776087714391 1.4868522375402 
      1.58973     0.0259338 1686 0.169809199935207 0.00440379988811154 1.58998304682792 
          1.7      0.021249 905 0.152752219998048 0.00324582723024346 1.68902610781129 
      1.77049     0.0181589 721 0.127447416736207 0.00231431078450319 1.77086710610737 
      1.84391      0.015259 750 0.138236134330147 0.00210934817858939 1.84402750605913 
      1.92037     0.0133115 781 0.149938137656048 0.00199590419825338 1.92010173855064 
            2     0.0118495 641 0.127356301153364 0.00150911281489801 1.99169784910099 
      2.04823     0.0106767 489 0.0999858098723715 0.00106751767366515 2.04825096147558 
      2.09762    0.00976168 501 0.104866001319348 0.00102366791725443 2.09764043569974 
       2.1482    0.00871221 513 0.109984390045217 0.000958207584661972 2.14784520768532 
          2.2    0.00792979 837 0.185442463295924 0.00147051949811285 2.21528989856579 
      2.31557    0.00672488 1187 0.274819982296366 0.00184813267016454 2.31570288668639 
      2.43721    0.00554151 1250 0.304452013301073 0.00168712236712105 2.43729102055549 
      2.56524    0.00451435 1315 0.337279069226118 0.00152259516291252 2.56483943677428 
          2.7    0.00384911 1035 0.277586697300329 0.00106846249302294 2.68362380171201 
      2.77206    0.00339346 731 0.202464886487269 0.000687056731395847 2.77235069465171 
      2.84605    0.00307407 751 0.213416728984594 0.000656057184704972 2.84565440548983 
      2.92201    0.00282044 771 0.224960984238723 0.000634488328840392 2.92209848959538 
            3    0.00248943 980 0.294763966593354 0.000733794081589545 3.00881537966324 
      3.11787    0.00220122 1203 0.37486085282748 0.000825150546894098 3.11794953595369 
      3.24037    0.00188133 730 0.404896000124263 0.000761741721844817 3.23998090763156 
      3.36768    0.00162886 650 0.437337662545492 0.000712363679853168 3.36790762784385 
          3.5    0.00141646 629 0.439050054212156 0.000621898509394266 3.49555662727273 
      3.61881    0.00123948 605 0.437378169343105 0.000542123057135279 3.6188585374249 
      3.74166     0.0010778 625 0.467576927452484 0.000503953924072676 3.74173070593939 
      3.86867   0.000956214 647 0.499860764596995 0.00047797375346028 3.86869085261593 
            4   0.000838711 628 0.5013530953211 0.00042049028186573 3.99564597936447 
      4.11953   0.000749203 608 0.499891660710675 0.000374520170859507 4.11937437182657 
      4.24264   0.000673843 626 0.530215169618854 0.000357281549683839 4.24277840009256 
      4.36943   0.000596174 644 0.562378116260632 0.000335275116929982 4.36940271718364 
          4.5   0.000538688 628 0.563700811706971 0.00030365864504361 4.49653148385522 
      4.62011   0.000476181 609 0.562402460354146 0.000267805353360303 4.61949570268813 
      4.74342   0.000436189 626 0.592824249732507 0.000258583518932175 4.74359135339056 
      4.87002   0.000394922 643 0.624891621514956 0.000246783199328913 4.87004867597784 
            5   0.000357228 627 0.626079489176662 0.000223652975489206 4.99688352143163 
      5.12057   0.000320854 611 0.624911309648252 0.00020050555446758 5.12049281345742 
      5.24404   0.000295785 626 0.655412510807671 0.000193860893250592 5.24406600813807 
       5.3705   0.000269535 641 0.687402440032565 0.000185279252436447 5.37051939392165 
          5.5   0.000246028 627 0.688480516175885 0.000169385728179628 5.4970853436096 
      5.62095    0.00022615 612 0.68741868514517 0.000155459431355821 5.62096127126177 
      5.74456   0.000206849 626 0.717985403966741 0.000148514268331025 5.74472104272684 
      5.87089   0.000188519 640 0.749911294416897 0.000141372249173587 5.87049902687367 
            6   0.000174282 627 0.750898224018675 0.000130868106130204 5.99765187035522 
      6.12127   0.000161956 613 0.749924933022883 0.00012145466972012 6.12129167577487 
        6.245   0.000148621 626 0.78054661783497 0.000116005801502757 6.24470963832344 
      6.37122   0.000138319 550 0.812418679261579 0.000112373321136162 6.37133929305044 
          6.5   0.000128436 314 0.813328706754037 0.000104460717538961 6.49760436763077 
      6.62155   0.000119213 307 0.812430302747168 9.68523745899221e-05 6.62155201433394 
      6.74537   0.000109602 314 0.843098747717441 9.24053991870297e-05 6.74512497719096 
      6.87151   0.000102904 319 0.874924933961998 9.00334759471101e-05 6.87157443778729 
            7   9.59229e-05 314 0.875769207586832 8.40063428574686e-05 6.99778454093254 
      7.12178   8.94847e-05 308 0.874934933781325 7.82932565052358e-05 7.12181318207282 
      7.24569   8.35722e-05 313 0.905643684669164 7.56866740519628e-05 7.24567534439334 
      7.37175   7.79627e-05 319 0.937430286236626 7.30845612019536e-05 7.37165442099853 
          7.5   7.11327e-05 314 0.938217705672175 6.6737917948242e-05 7.498160858316 
      7.62199   6.84012e-05 309 0.937438973663836 6.41219610142632e-05 7.62204852797332 
      7.74597   6.41057e-05 313 0.968182847542785 6.20660399862057e-05 7.74590545315094 
      7.87196   6.03361e-05 318 0.999934907830811 6.03321787949546e-05 7.87200442927912 
            8     5.672e-05 314 1.0006726813639 5.67581493311698e-05 7.99805375081869 
      8.12217   5.31333e-05 309 0.999942582190992 5.31302599266828e-05 8.12208841719931 
      8.24621    5.0237e-05 313 1.03071719853244 5.17801474302961e-05 8.24626492795785 
      8.37214   4.73718e-05 319 1.06243900277518 5.03296068969213e-05 8.37215335124391 
          8.5   4.46626e-05 313 1.06313294848204 4.74822672052027e-05 8.49816765257617 
      8.62233   4.19093e-05 310 1.06244576450221 4.45263429892221e-05 8.62214908881065 
      8.74643   3.92994e-05 313 1.09324769327914 4.29639592579753e-05 8.74636323018994 
      8.87231   3.76582e-05 318 1.12494257507114 4.23633534053056e-05 8.87234857423956 
            9   3.57379e-05 284 1.01647389603371 3.63266505379339e-05 8.99232174017322 
      9.09838   3.41221e-05 248 0.899973425067623 3.07089455514222e-05 9.09838008283589 
      9.19783   3.26823e-05 251 0.919755408193451 3.00597344920142e-05 9.19782259741084 
      9.29836   3.12443e-05 253 0.93997221236961 2.93687737273575e-05 9.29834364544617 
          9.4   2.97521e-05 175 0.651779293231496 1.93918008800341e-05 9.38378033725456 
      9.43728   2.93494e-05 94 0.352498600737101 1.03456113189881e-05 9.43729751831605 
       9.4747   2.90105e-05 95 0.355299991635666 1.03074221421083e-05 9.47470638965592 
      9.51228   2.85736e-05 95 0.358123590960152 1.02328920836327e-05 9.51227830362616 
         9.55   2.81494e-05 95 0.358140197181007 1.00814205561146e-05 9.54985781812869 
      9.58728    2.7749e-05 95 0.358123625122092 9.9375659064288e-06 9.58728235017776 
      9.62471   2.73271e-05 94 0.360925183196414 9.86305238452344e-06 9.62470867087344 
      9.66228   2.69097e-05 95 0.363748613137981 9.78838382581598e-06 9.66228097326562 
          9.7   2.65003e-05 95 0.36376496317515 9.63986406194201e-06 9.69985588088104 
      9.73728      2.61e-05 95 0.363748647015565 9.49385361140802e-06 9.73728463961436 
      9.77471   2.57049e-05 94 0.366550371256823 9.4221249656784e-06 9.77471184196687 
      9.81228   2.52916e-05 95 0.369373635144171 9.34205862324151e-06 9.81228036515728 
         9.85   2.48873e-05 95 0.36938973530295 9.1931175688565e-06 9.8498562836059 
      9.88729    2.4549e-05 95 0.369373665784079 9.06775004450272e-06 9.88729458490777 
      9.92472    2.4205e-05 94 0.372175556622773 9.00852336692646e-06 9.92471750508316 
      9.96229   2.38463e-05 95 0.374998656844768 8.94232840750655e-06 9.96228761209696 
           10    2.3231e-05 99 0.804462322303824 1.86884469478239e-05 10.0280879760497 
      10.1227    2.2384e-05 3 1.24994368204564 2.79786992322385e-05 10.1220378251121 
       10.247   2.13433e-05 3 1.2805288979176 2.73306794686009e-05 10.2441225364047 
      10.3727   2.03163e-05 2 1.31242456341624 2.66635835255348e-05 10.3721426828906 
         10.5    1.9343e-05 3 1.31338999133482 2.5404956709715e-05 10.5010331680995 
      10.6228   1.84842e-05 3 1.31239451175087 2.42586024658881e-05 10.6217076812969 
      10.7471   1.76724e-05 2 1.34282745327402 2.37309375339478e-05 10.7425935368355 
      10.8728   1.68205e-05 3 1.37553578387628 2.31372360028065e-05 10.8769949074506 
           11   1.62022e-05 2 1.10594820710366 1.79188230592436e-05 10.9800672460284 
      11.0742   1.56584e-05 2 0.825065739133663 1.2919228612922e-05 11.0749662943432 
       11.149   1.52458e-05 2 0.836237739208614 1.27491404208658e-05 11.1496329936371 
      11.2242   1.48441e-05 2 0.847560956806538 1.25812887916254e-05 11.224804726324 
         11.3   1.44535e-05 2 0.847700153181396 1.22522114070192e-05 11.3003855436463 
      11.3743   1.40786e-05 2 0.847606721142144 1.19331509210674e-05 11.3753440496895 
       11.449   1.37181e-05 2 0.858768829328891 1.1780678573166e-05 11.449835912119 
      11.5243   1.33668e-05 2 0.870077686798229 1.16301441355138e-05 11.5248223536277 
         11.6   1.30105e-05 2 1.01229691872336 1.31704467255119e-05 11.6034623509249 
      11.6987   1.26155e-05 3 1.15954490125396 1.46282309662936e-05 11.6938742274073 
      11.7983   1.21571e-05 2 1.18035911813387 1.43497602449193e-05 11.8033225631398 
      11.8987   1.17681e-05 2 1.20019601269944 1.41240491653249e-05 11.9002717021372 
           12   1.13791e-05 2 1.34645602643099 1.53214762512488e-05 12.0013858568909 
      12.1231   1.09263e-05 3 1.50022884798264 1.63920051887511e-05 12.1246026829224 
      12.2474   1.05033e-05 2 1.53074768585098 1.60779731132463e-05 12.2457512698619 
      12.3731   1.00799e-05 3 1.5625597111599 1.57504052893516e-05 12.3731922892518 
         12.5    9.6839e-06 2 1.56299566395953 1.51358924324917e-05 12.4986995639082 
      12.6232   9.32023e-06 3 1.56211012831599 1.4559224989942e-05 12.6196719993341 
      12.7475   8.94382e-06 2 1.59395095087414 1.42560129030824e-05 12.7513395658086 
      12.8732   8.63134e-06 2 1.62412802008123 1.40183970837257e-05 12.866011250268 
           13   8.27167e-06 3 1.62620957358606 1.34514619956763e-05 13.0045808201861 
      13.1232   7.98196e-06 2 1.62486346344298 1.29695872308473e-05 13.1217876062364 
      13.2476   7.69565e-06 3 1.65541726207533 1.27395053132624e-05 13.2429919712621 
      13.3732   7.39076e-06 2 1.68819718009276 1.24770594086427e-05 13.3784509194553 
         13.5   7.13944e-06 2 1.68755415952354 1.20481931741069e-05 13.4954377629246 
      13.6233   6.88305e-06 3 1.68716866728106 1.16128582796708e-05 13.6202526656614 
      13.7477   6.62371e-06 2 1.71911462489138 1.13869136480563e-05 13.7525718437898 
      13.8733   6.40202e-06 2 1.7497481543194 1.12019169762231e-05 13.870889123928 
           14   6.18439e-06 3 1.74962543915853 1.0820368001023e-05 13.9922143269712 
      14.1234    5.9486e-06 2 1.75083790487648 1.04150408233147e-05 14.1298032064279 
      14.2478   5.75389e-06 2 1.78113150113252 1.02484342373907e-05 14.24859417443 
      14.3734   5.56552e-06 2 1.811940395246 1.00843831684734e-05 14.3684972027824 
         14.5   5.37351e-06 3 1.81259369484402 9.73999649963218e-06 14.496060732461 
      14.6234   5.18284e-06 2 1.81317679667986 9.39741132075116e-06 14.6284883951215 
      14.7479     5.017e-06 2 1.84364694150851 9.24957655809418e-06 14.7486659856091 
      14.8734   4.85644e-06 2 1.87462233521904 9.10399071432115e-06 14.8699206178586 
           15   4.65386e-06 3 2.78515246037592 1.29617062788766e-05 15.0300697498768 
       15.244   4.40401e-06 3 3.74898630761633 1.65105850844001e-05 15.2401402025368 
      15.4919   4.12546e-06 4 3.87314095584405 1.59784797116198e-05 15.492859035749 
      15.7439   3.86906e-06 3 4.00023510975984 1.54771479538256e-05 15.7450772499351 
           16   3.63616e-06 3 4.00213805450649 1.4552425090854e-05 15.9930805245179 
      16.2443   3.42142e-06 4 3.99888379594402 1.36818599418689e-05 16.2401521012607 
      16.4924   3.21551e-06 3 4.12387991649744 1.32603889554644e-05 16.4958605209094 
      16.7443   3.02904e-06 3 4.25032008810315 1.28743960136308e-05 16.7456664767224 
           17   2.85572e-06 3 4.25265466083909 1.21443816704396e-05 16.9958497527598 
      17.2447   2.69613e-06 3 4.24977753519079 1.14579685987149e-05 17.2436555905208 
      17.4929   2.54748e-06 3 4.37291591682793 1.11399372280709e-05 17.4915813623419 
      17.7446   2.40703e-06 3 4.49962040451963 1.08307204735803e-05 17.7430859713673 
           18   2.27563e-06 3 4.50239273541936 1.02457805601429e-05 17.995611043118 
       18.245   2.15464e-06 3 4.49998969521556 9.69587282202715e-06 18.2447894671649 
      18.4932   2.04205e-06 3 4.6232717556642 9.44094003318347e-06 18.4929155627772 
      18.7449   1.93533e-06 3 4.74993034308824 9.19270479374498e-06 18.7444234761668 
           19   1.83542e-06 3 4.75241392338453 8.72268926212857e-06 18.9961802277367 
      19.2452   1.74343e-06 3 4.7496999309767 8.28079037983932e-06 19.2436482079643 
      19.4936   1.65734e-06 3 4.8726993746359 8.07573397870914e-06 19.4905714436581 
      19.7452    1.5755e-06 3 4.99887280297112 7.87570019313447e-06 19.740754302053 
           20   1.47854e-06 3 7.39326763314761 1.09312551995021e-05 20.0578433815201 
      20.4823   1.36013e-06 5 9.99807646400015 1.35986618995382e-05 20.4801979445371 
      20.9762   1.23565e-06 4 10.4877506478566 1.29592173972385e-05 20.9774445410544 
       21.482   1.12465e-06 5 10.9963080958064 1.23669762307749e-05 21.4768538079856 
           22   1.03357e-06 3 8.37890147422556 8.66015358704616e-06 21.9357555385178 
      22.2458   9.78325e-07 3 5.49852522409608 5.37934383193458e-06 22.2393523210888 
      22.4944   9.34442e-07 2 5.62407194363579 5.25537147966395e-06 22.4960572255781 
      22.7458   8.93817e-07 3 5.75050137918891 5.13989302212556e-06 22.7471708315703 
           23   8.56984e-07 2 5.74975894167429 4.92745080628136e-06 22.9878920975664 
       23.246   8.18282e-07 3 5.7523034238247 4.70700697781385e-06 23.2548744962309 
      23.4947   7.87243e-07 3 5.87027616501899 4.62133244723322e-06 23.4808092143071 
       23.746   7.51089e-07 2 6.00319259389799 4.50893253968517e-06 23.7583401820744 
           24   7.23094e-07 3 5.99894747818611 4.33780245249525e-06 23.9849199204005 
      24.2462   6.91157e-07 2 6.00284990486749 4.14891177023162e-06 24.2572972448504 
      24.4949   6.66298e-07 2 6.12019895399792 4.07787424165608e-06 24.4804070690824 
      24.7462    6.3681e-07 3 6.25333040731132 3.98218062433105e-06 24.7589240167043 
           25   6.13871e-07 2 6.24936762988959 3.83630696237996e-06 24.9869715547239 
      25.2463   5.88381e-07 3 6.2518600922407 3.67847721749351e-06 25.2531720315045 
      25.4951   5.66561e-07 2 6.37336807766759 3.61089918226517e-06 25.492860879993 
      25.7463   5.45049e-07 3 6.4987535051137 3.54213850483669e-06 25.7406238100299 
           26   5.23249e-07 2 6.50372758895232 3.40306741283054e-06 26.004664170224 
      26.2465     5.051e-07 2 6.49734757632532 3.28181115924719e-06 26.2351320077379 
      26.4953    4.8515e-07 3 6.62534773327472 3.21429060549256e-06 26.5006479917318 
      26.7465   4.67414e-07 2 6.75070036281739 3.1553689029716e-06 26.7484967710871 
           27    4.5136e-07 2 6.74828070573551 3.04590424066291e-06 26.9832507088382 
      27.2466   4.33534e-07 3 6.75258655537889 2.92747782641735e-06 27.2563610723307 
      27.4955   4.18493e-07 2 6.87468253390536 2.87700701082088e-06 27.4978989869595 
      27.7466   4.04372e-07 2 6.99722998727047 2.82948415178118e-06 27.7348722169054 
           28   3.85961e-07 3 10.3907611376326 4.01042400972591e-06 28.0595277214264 
      28.4871   3.63255e-07 4 13.9998216296884 5.08551152294962e-06 28.4873554533657 
      28.9828   3.39146e-07 3 14.4899287466699 4.91420608337392e-06 28.9806257044401 
       29.487   3.16466e-07 4 14.9993136885243 4.74677674934019e-06 29.4862336577034 
           30   2.89055e-07 5 25.5170405371125 7.37583656157445e-06 30.1597039175405 
      31.1787   2.53084e-07 6 37.4841999878684 9.48663923455148e-06 31.1756788426188 
      32.4037   2.16803e-07 7 40.493134287248 8.779023631944e-06 32.4048697617763 
      33.6768   1.85986e-07 6 43.7278528872747 8.13274973710637e-06 33.670854289087 
           35   1.60106e-07 7 43.9086920134467 7.03005233979787e-06 34.9566380898887 
      36.1881   1.39472e-07 5 43.734283847931 6.09969755655691e-06 36.1839557273378 
      37.4166   1.21942e-07 6 46.762688989294 5.70235634305727e-06 37.4192083559295 
      38.6867   1.06718e-07 6 49.9892603023718 5.3347488159766e-06 38.6871271733958 
           40   9.38093e-08 7 50.1295346977687 4.70261900333492e-06 39.9544564311192 
      41.1953   8.30033e-08 8 49.9871733533585 4.14910003194468e-06 41.193011516603 
      42.4264   7.37307e-08 9 53.0227366742275 3.90940286941377e-06 42.4267396839486 
      43.6943   6.55092e-08 8 56.2395294188725 3.68420685350108e-06 43.6947668633053 
           45   5.83986e-08 8 56.369800822974 3.29191602156394e-06 44.9639363998874 
      46.2011     5.238e-08 7 56.2392508231545 2.94581099512532e-06 46.199415544109 
      47.4342   4.71166e-08 8 59.2837802587984 2.79324821109069e-06 47.4343681644724 
      48.7002   4.23953e-08 7 62.4882015543071 2.64920733679163e-06 48.6985710790666 
           50   3.82433e-08 7 62.6050497943019 2.39422221863154e-06 49.96563620256 
      51.2057   3.46565e-08 7 62.4934703784537 2.16580733635842e-06 51.2069952151966 
      52.4404   3.14966e-08 7 65.5431163045365 2.06438526668692e-06 52.4410686345501 
       53.705   2.86247e-08 7 68.7415478437042 1.96770949644546e-06 53.7049400506077 
           55   2.60721e-08 7 68.8469366276903 1.79498554445058e-06 54.9695208268699 
      56.2095   2.38388e-08 6 68.7436185199283 1.63876708925309e-06 56.2098883032176 
      57.4456   2.18542e-08 6 71.7930616844706 1.56898124973116e-06 57.4403464852251 
      58.7089   2.00147e-08 7 74.9966801761025 1.50103532045703e-06 58.7123642726991 
           60   1.83812e-08 7 75.087193988332 1.38019408761479e-06 59.9708617820136 
      61.2127   1.69283e-08 8 74.99261147583 1.2694994201639e-06 61.2121490378238 
        62.45   1.56195e-08 8 78.0547189759195 1.21917383498142e-06 62.4493374703779 
      63.7122   1.44118e-08 8 81.2418561744516 1.17084314299809e-06 63.7115355317103 
           65   1.33194e-08 8 81.3298865501766 1.08326795459118e-06 64.9729716142873 
      66.2155   1.23408e-08 7 81.2466708929798 1.00265101628867e-06 66.2178837351851 
      67.4537   1.14588e-08 7 84.3063606302366 9.66046513614795e-07 67.4502979850654 
      68.7151   1.06325e-08 8 87.4960707815523 9.30302880598236e-07 68.7172715218582 
           70   9.88346e-09 7 87.577209140912 8.65565649091123e-07 69.9771215738832 
      71.2178   9.20944e-09 7 87.4936849505446 8.05768102225524e-07 71.2172390279356 
      72.4569   8.59229e-09 7 90.5645677173219 7.78157382022414e-07 72.4562626173442 
      73.7175    8.0165e-09 7 93.7432333294911 7.5149277928042e-07 73.7168425449919 
           75    7.4878e-09 7 93.8217864079546 7.02519094975327e-07 74.978330960377 
      76.2199   7.01116e-09 6 93.738554602786 6.57216177649433e-07 76.2149869285198 
      77.4597   6.56759e-09 7 96.8241047045903 6.35901142044542e-07 77.4637291891474 
      78.7196   6.15694e-09 7 99.9917135871343 6.15642764136696e-07 78.7174066735848 
           80   5.77545e-09 7 100.066895283499 5.7793117974136e-07 79.9795308787392 
      81.2217   5.42849e-09 8 99.9930269696295 5.42811250745119e-07 81.2202339638303 
      82.4621   5.10739e-09 7 103.069158422726 5.26414867864154e-07 82.4597158668988 
      83.7214   4.80406e-09 8 106.2467679355 5.10416242679482e-07 83.7233444420731 
           85   4.52395e-09 8 106.314618095975 4.80961608778607e-07 84.9821254044796 
      86.2233   4.26773e-09 7 106.243429924535 4.53418267277466e-07 86.221898174501 
      87.4643   4.02899e-09 8 109.324573367273 4.40467390057801e-07 87.4636395784893 
      88.7231   3.80347e-09 7 112.496087353895 4.27875295321175e-07 88.724007945747 
           90   3.59411e-09 7 112.55795409215 4.04545962132998e-07 89.9806427840279 
      91.2248   3.40099e-09 7 112.494096412983 3.82591330061101e-07 91.2237112585632 
      92.4662   3.22087e-09 7 115.576531921764 3.72257377650083e-07 92.4650630137861 
      93.7245    3.0503e-09 7 118.743424991802 3.62202513836119e-07 93.7233129466414 
           95   2.89046e-09 7 118.80862178829 3.43411574303529e-07 94.9847994375148 
      96.2261   2.74301e-09 7 118.748358886339 3.25728424001434e-07 96.2281753488234 
      97.4679   2.60526e-09 7 121.830256191935 3.17399321005134e-07 97.4675787856297 
      98.7259   2.47442e-09 7 124.992053293441 3.09282524588235e-07 98.7230863711348 
          100    2.3511e-09 7 125.05474288804 2.94016220163754e-07 99.9846852997803 
      101.227   2.23724e-09 8 124.992243701266 2.79637926502247e-07 101.224363010581 
       102.47   2.12955e-09 7 128.08480827581 2.72763135968118e-07 102.471332895398 
      103.727   2.02753e-09 8 131.246109407196 2.66105871531938e-07 103.727372989004 
          105   1.93168e-09 7 131.297508682421 2.53624659723383e-07 104.981786883968 
      106.228   1.84179e-09 8 131.249084496034 2.41733450516268e-07 106.230770344232 
      107.471   1.75768e-09 7 134.333808598862 2.36116291794529e-07 107.470242996881 
      108.728   1.67731e-09 8 137.493132403476 2.30618426510226e-07 108.725969728336 
          110   1.58397e-09 10 203.532100483583 3.22389350530906e-07 110.279927411002 
      112.419   1.46588e-09 13 274.966884894901 4.03068766645225e-07 112.418263152519 
      114.891   1.34287e-09 13 287.193296742129 3.85663719013228e-07 114.890419833708 
      117.418   1.23018e-09 13 299.963346820779 3.69010208307609e-07 117.41694858412 
          120   1.12888e-09 13 300.362180704224 3.39073883804564e-07 119.948468993769 
      122.425   1.03963e-09 14 299.97016026259 3.11857890293891e-07 122.425048999213 
        124.9   9.59057e-10 14 312.218828819317 2.99435666162345e-07 124.899527268288 
      127.424   8.84729e-10 14 324.967646184023 2.87508254552913e-07 127.424020594726 
          130   8.17437e-10 13 325.327329551668 2.65934475333417e-07 129.949728248897 
      132.431   7.57448e-10 13 324.971767787722 2.46149296692267e-07 132.430512894803 
      134.907   7.02937e-10 13 337.239111499777 2.37057790503849e-07 134.906927087401 
       137.43   6.52342e-10 14 349.970377828637 2.28300469591485e-07 137.429963220229 
          140   6.06156e-10 13 350.311712192839 2.12343515818325e-07 139.956498952303 
      142.436   5.64731e-10 14 349.973959661482 1.9764104115579e-07 142.435256325946 
      144.914   5.26784e-10 14 362.257195727859 1.90831198109111e-07 144.913225611747 
      147.435   4.91387e-10 14 374.971534238483 1.84255978197975e-07 147.434311997668 
          150   4.33256e-10 35 1046.10534426283 4.53231051924078e-07 152.076066065828 
      161.185   3.73854e-10 21 695.44724011074 2.59995704574519e-07 157.764717271187 
      173.205             0 0 0 0 0 
      186.121             0 0 0 0 0 
          200             0 0 0 0 0 
      211.474             0 0 0 0 0 
      223.607             0 0 0 0 0 
      236.435             0 0 0 0 0 
          250             0 0 0 0 0 
      261.659             0 0 0 0 0 
      273.861             0 0 0 0 0 
      286.633             0 0 0 0 0 
          300             0 0 0 0 0 
      322.371             0 0 0 0 0 
       346.41             0 0 0 0 0 
      372.242             0 0 0 0 0 
          400             0 0 0 0 0 
      422.949             0 0 0 0 0 
      447.214             0 0 0 0 0 
      472.871             0 0 0 0 0 
          500             0 0 0 0 0 
      543.879             0 0 0 0 0 
      591.608             0 0 0 0 0 
      643.526             0 0 0 0 0 
          700             0 0 0 0 0 
      765.286             0 0 0 0 0 
       836.66             0 0 0 0 0 
      914.691             0 0 0 0 0 
         1000             0 0 0 0 0 
      1106.68             0 0 0 0 0 
      1224.74             0 0 0 0 0 
       1355.4             0 0 0 0 0 
         1500             0 0 0 0 0 
      1660.02             0 0 0 0 0 
      1837.12             0 0 0 0 0 
       2033.1             0 0 0 0 0 
         2250             0 0 0 0 0 
      2485.41             0 0 0 0 0 
      2745.45             0 0 0 0 0 
       3032.7             0 0 0 0 0 
         3350             0 0 0 0 0 
      3702.76             0 0 0 0 0 
      4092.68             0 0 0 0 0 
      4523.65             0 0 0 0 0 
         5000             0 0 0 0 0 
      5514.87             0 0 0 0 0 
      6082.76             0 0 0 0 0 
      6709.13             0 0 0 0 0 
         7400             0 0 0 0 0 
      8170.94             0 0 0 0 0 
      9022.19             0 0 0 0 0 
      9962.14             0 0 0 0 0 
        11000             0 0 0 0 0 
      11469.1             0 0 0 0 0 
      11958.3             0 0 0 0 0 
      12468.3             0 0 0 0 0 
        13000             0 0 0 0 0 
      13692.7             0 0 0 0 0 
      14422.2             0 0 0 0 0 
      15190.6             0 0 0 0 0 
        16000             0 0 0 0 0 
      17706.9             0 0 0 0 0 
      19595.9             0 0 0 0 0 
      21686.4             0 0 0 0 0 
        24000             0 0 0 0 0 
      26560.4             0 0 0 0 0 
      29393.9             0 0 0 0 0 
      32529.7             0 0 0 0 0 
        36000             0 0 0 0 0 
