         0.01             0 6 1.06618714901069e-05 0 0 
    0.0110668             0 5 1.24817840474644e-05 0 0 
    0.0122474             0 6 1.52588887825155e-05 0 0 
     0.013554             0 6 1.87053763819387e-05 0 0 
        0.015             0 5 1.91273617639915e-05 0 0 
    0.0161185             0 4 1.87380627012279e-05 0 0 
    0.0173205             0 4 2.16118297517976e-05 0 0 
    0.0186121             0 5 2.49687032089518e-05 0 0 
         0.02             0 6 3.55396824338641e-05 0 0 
    0.0221336             0 6 4.98809279652599e-05 0 0 
    0.0244949             0 6 6.1079195833439e-05 0 0 
    0.0271081             0 7 7.48304511872754e-05 0 0 
         0.03             0 5 7.6589920437116e-05 0 0 
    0.0322371             0 3 7.49100168751417e-05 0 0 
     0.034641             0 4 8.64530802006712e-05 0 0 
    0.0372242             0 4 9.98431100326717e-05 0 0 
         0.04             0 3 0.000101140274658185 0 0 
    0.0422949             0 4 9.99909099000678e-05 0 0 
    0.0447214             0 4 0.000111568255345704 0 0 
    0.0472871             0 3 0.000125015470912756 0 0 
         0.05             0 4 0.000125771513960104 0 0 
    0.0523318   1.50653e-42 4 0.000125049125386806 1.88390289072812e-46 0.054 
    0.0547723   1.47164e-40 4 0.000136759417475234 2.01260407110838e-44 0.0558982603742618 
    0.0573266    1.0922e-38 3 0.000150010342580168 1.63840773437875e-42 0.0585142418771182 
         0.06   1.48704e-36 5 0.000216016521850477 3.21224141329124e-40 0.0620499574005197 
    0.0644742   4.09833e-34 6 0.000299640022938474 1.22802480707585e-37 0.0665063494095931 
     0.069282   8.95299e-32 6 0.000345943033057163 3.09722504705761e-35 0.0713417668875415 
    0.0744484   1.26476e-29 6 0.000399486287869691 5.05255445946669e-33 0.0764412818964828 
         0.08    8.3584e-28 6 0.000404414778050581 3.3802614956422e-31 0.0813483294863972 
    0.0845897   2.73157e-26 6 0.000399732533537747 1.09189815503562e-29 0.086034052796223 
    0.0894427   9.53635e-21 6 0.000446866202391426 4.26147430102301e-24 0.0922249841092497 
    0.0945742   2.91956e-19 6 0.00049957032365118 1.45852449366923e-22 0.0954685796407737 
          0.1   1.89178e-18 6 0.000503492407234358 9.52497679274224e-22 0.10056438224547 
     0.104664   2.35402e-17 6 0.000499790150153293 1.17651658344373e-20 0.105901009724551 
     0.109545   4.06065e-16 6 0.000547438846618139 2.22295998363804e-19 0.11081175264308 
     0.114653   6.33069e-15 6 0.000599640193603462 3.79613432253761e-18 0.115687008340678 
         0.12   1.30706e-14 7 0.000736191522916727 9.62249081106707e-18 0.120747980433706 
     0.126885   5.92409e-13 9 0.000899285358025619 5.32744552681774e-16 0.128498261466641 
     0.134164   4.31766e-12 8 0.00100556179781495 4.3416733589672e-15 0.135370806571089 
     0.141861    2.5383e-11 10 0.0011241235385528 2.85335908654279e-14 0.143311627911804 
         0.15   2.83939e-10 12 0.00145659758375067 4.13584744772261e-13 0.153013376274386 
     0.161185   2.19901e-09 12 0.00187254014416479 4.11773912576719e-12 0.162967334649841 
     0.173205   3.19132e-08 15 0.00216233638545751 6.90070071012347e-11 0.175907624582255 
     0.186121   2.62221e-07 14 0.00249682904871282 6.54721762861915e-10 0.18850844687944 
          0.2   1.56035e-06 14 0.0025276742462051 3.94405058831047e-09 0.200976002908188 
     0.211474   6.42968e-06 14 0.00249798647087639 1.60612645486639e-08 0.212847972229774 
     0.223607   2.20136e-05 13 0.00279301850233687 6.14843072120866e-08 0.225328732794059 
     0.236435   8.20646e-05 14 0.00312254837338258 2.56250787691885e-07 0.238189959700031 
         0.25   0.000337677 15 0.00314692308707586 1.06264290388047e-06 0.251117313128807 
     0.261659    0.00167096 13 0.00312336406193427 5.21900120872654e-06 0.263785712144601 
     0.273861    0.00331284 13 0.00342148777546342 1.13348419829371e-05 0.274782750080461 
     0.286633    0.00658119 13 0.00374822583826753 2.46677777658186e-05 0.288957007945783 
          0.3     0.0169229 7 0.00410552576188512 6.94774062754825e-05 0.301078610717294 
     0.313991     0.0469342 9 0.00449792338954018 0.000211106474951448 0.315667813772468 
     0.328634      0.118744 8 0.00492713758140304 0.000585067984665434 0.329240162250224 
     0.343959      0.125632 9 0.00539724144502778 0.000678068170702769 0.345586606514208 
         0.36      0.238576 11 0.0062315403166951 0.00148669722548725 0.361565722512436 
     0.378521      0.231627 10 0.00719571463664601 0.0016667239765392 0.379032168632182 
     0.397995      0.405875 11 0.00795490255464937 0.00322869357356767 0.400336970278772 
     0.418471      0.498923 12 0.00879420364923584 0.00438762640140105 0.418613378235592 
         0.44      0.827835 12 0.0103117819652346 0.00853645826904621 0.442194085971373 
     0.465243       1.12262 14 0.012090617883819 0.0135732170570462 0.465780454087764 
     0.491935       1.14031 15 0.0135178722000817 0.0154145434508018 0.491851060180318 
     0.520158       1.11419 16 0.0151128246466378 0.0168386276659495 0.522612701992698 
         0.55       1.55803 17 0.0176407467603308 0.0274847744592742 0.551639740351816 
      0.58418       1.71957 18 0.0206066447762673 0.0354344962730163 0.584994912898561 
     0.620484       1.79584 20 0.0232470525581663 0.0417479129685595 0.621322555828632 
     0.659044       1.85795 21 0.0262260953470199 0.0487268253934829 0.659959015589476 
          0.7       1.88239 20 0.0264618832320159 0.049811485620788 0.698567502807422 
     0.734815         1.876 19 0.0262343140602596 0.0492156864122795 0.735430170048775 
     0.771362       1.86766 19 0.028909336781675 0.0539927490742145 0.77192577442627 
     0.809727       1.83016 21 0.0318563828545383 0.0583021898261048 0.810284605826126 
         0.85       1.74708 20 0.0320481901627819 0.055990839727877 0.848736648339855 
     0.885246       1.72039 19 0.0318618455862336 0.0548149036132111 0.88569081968168 
     0.921954       1.67348 20 0.0345586802615109 0.0578331540151465 0.92233798649214 
     0.960185       1.60294 20 0.0374849632601845 0.0600860982230025 0.960539181618276 
            1       1.55367 317 0.0376461367621117 0.0584895257416695 0.998919091887007 
      1.03556       1.49124 725 0.0374885604737304 0.0559044713568372 1.03585889434871 
      1.07238       1.42891 750 0.0402020020570234 0.0574450705358281 1.07267542133227 
      1.11051       1.36716 778 0.0431118446798024 0.0589407744375807 1.11081524020632 
         1.15       1.30743 753 0.0432521604493654 0.0565491712395637 1.14905154355561 
      1.18579        1.2547 729 0.0431148753839645 0.0540962508451115 1.18602366699115 
       1.2227       1.21665 750 0.0458405578766622 0.0557721105416923 1.22298036527857 
      1.26076       1.17097 774 0.0487385548333441 0.0570715914423777 1.26102765504998 
          1.3        1.1096 1295 0.0849451323190789 0.0942554768000865 1.31267036859551 
      1.39018       1.03272 1867 0.129854093359699 0.134103475042777 1.39162437893854 
      1.48661      0.968345 1997 0.148493837021643 0.143793231192312 1.4884885205782 
      1.58973      0.936047 1686 0.169809199935207 0.15894944332219 1.59170562025654 
          1.7      0.833148 905 0.152752219998048 0.127265247822905 1.68914135507617 
      1.77049      0.712686 721 0.127447416736207 0.0908300240975751 1.77062283866164 
      1.84391      0.617513 750 0.138236134330147 0.085362561545732 1.84402252874261 
      1.92037      0.540731 781 0.149938137656048 0.0810761642678672 1.92053510698424 
            2      0.478541 641 0.127356301153364 0.0609451932799869 1.99180970699726 
      2.04823      0.438482 489 0.0999858098723715 0.043842009648203 2.04828978142069 
      2.09762      0.405747 501 0.104866001319348 0.0425490229313732 2.09769160545715 
       2.1482      0.377059 513 0.109984390045217 0.0414705533546141 2.14828469141583 
          2.2      0.340749 837 0.185442463295924 0.0631893521780289 2.21536792758705 
      2.31557      0.284012 1187 0.274819982296366 0.0780520635644884 2.31522680441813 
      2.43721      0.228682 1250 0.304452013301073 0.0696227306268356 2.43716080275731 
      2.56524       0.18948 1315 0.337279069226118 0.0639076170822872 2.56600990558185 
          2.7      0.165045 1035 0.277586697300329 0.045814335008616 2.68340550826467 
      2.77206       0.14603 731 0.202464886487269 0.0295658710448952 2.77198796400124 
      2.84605      0.132499 751 0.213416728984594 0.0282774750873235 2.84619039231531 
      2.92201      0.120177 771 0.224960984238723 0.0270351221536123 2.92199548010783 
            3      0.108206 980 0.294763966593354 0.0318951927647421 3.0093776247383 
      3.11787      0.096191 1203 0.37486085282748 0.0360582287443678 3.11814824919071 
      3.24037     0.0851599 730 0.404896000124263 0.0344809120396488 3.24069577305316 
      3.36768     0.0753275 650 0.437337662545492 0.03294356522879 3.36803120765785 
          3.5     0.0665115 629 0.439050054212156 0.0292018994054105 3.49575666485472 
      3.61881     0.0589636 605 0.437378169343105 0.0257893774958112 3.61902724490566 
      3.74166     0.0524275 625 0.467576927452484 0.0245139125364581 3.74183994722486 
      3.86867     0.0464958 647 0.499860764596995 0.0232414485837267 3.86881266940015 
            4     0.0412971 628 0.5013530953211 0.0207044268531737 3.99610728348226 
      4.11953     0.0367594 608 0.499891660710675 0.0183757052102193 4.11962475393973 
      4.24264     0.0327223 626 0.530215169618854 0.017349852847249 4.24238067319849 
      4.36943     0.0271955 644 0.562378116260632 0.0152941693789475 4.3686413566952 
          4.5     0.0232269 628 0.563700811706971 0.0130930274159252 4.49633425384909 
      4.62011     0.0210643 609 0.562402460354146 0.0118466231488704 4.62044304878745 
      4.74342     0.0195179 626 0.592824249732507 0.0115707049215995 4.7436223797622 
      4.87002     0.0178315 643 0.624891621514956 0.011142726114902 4.87011070011989 
            5     0.0162087 627 0.626079489176662 0.0101479531964154 4.99692866747076 
      5.12057     0.0149035 611 0.624911309648252 0.00931335744572974 5.12072209137119 
      5.24404     0.0137334 626 0.655412510807671 0.00900105149506837 5.24418839004608 
       5.3705     0.0126656 641 0.687402440032565 0.00870634299347352 5.37063458496895 
          5.5     0.0117326 627 0.688480516175885 0.0080776834387307 5.49732537939124 
      5.62095     0.0108951 612 0.68741868514517 0.00748948547974451 5.6210798937491 
      5.74456     0.0101283 626 0.717985403966741 0.00727198270508039 5.74475357591273 
      5.87089    0.00940959 640 0.749911294416897 0.00705636042649273 5.87104111631087 
            6    0.00875328 627 0.750898224018675 0.00657282234964938 5.99746669256409 
      6.12127    0.00815321 613 0.749924933022883 0.00611429896331258 6.12138794117038 
        6.245    0.00759417 626 0.78054661783497 0.00592760610669096 6.24504818967548 
      6.37122    0.00703019 550 0.812418679261579 0.00571145641965177 6.37118926365646 
          6.5    0.00639411 314 0.813328706754037 0.00520051574148305 6.49746038588478 
      6.62155    0.00585614 307 0.812430302747168 0.00475770203612636 6.62157069681575 
      6.74537    0.00544332 314 0.843098747717441 0.00458925270182045 6.74532841199013 
      6.87151    0.00507533 319 0.874924933961998 0.00444053482502384 6.87160311847708 
            7    0.00474718 314 0.875769207586832 0.00415743774474176 6.99778497910482 
      7.12178     0.0044501 308 0.874934933781325 0.00389355173334449 7.12189394057775 
      7.24569    0.00416603 313 0.905643684669164 0.00377293848454109 7.24577257534985 
      7.37175    0.00390736 319 0.937430286236626 0.00366288162502705 7.37176784812916 
          7.5    0.00366913 314 0.938217705672175 0.00344243988875828 7.49792886110621 
      7.62199    0.00340889 309 0.937438973663836 0.00319562484571951 7.62196082345578 
      7.74597    0.00318283 313 0.968182847542785 0.00308155991814206 7.74589213831203 
      7.87196    0.00296938 318 0.999934907830811 0.00296919137355821 7.87192370673659 
            8    0.00278911 314 1.0006726813639 0.00279098493123121 7.99807677552111 
      8.12217    0.00263147 309 0.999942582190992 0.00263132249183087 8.12227045709774 
      8.24621    0.00249285 313 1.03071719853244 0.00256942694017683 8.24628861674841 
      8.37214    0.00234951 319 1.06243900277518 0.00249620872862327 8.37225120265097 
          8.5    0.00222321 313 1.06313294848204 0.00236357252681451 8.49819499931125 
      8.62233    0.00210991 310 1.06244576450221 0.00224166695852666 8.62238793592588 
      8.74643    0.00199909 313 1.09324769327914 0.00218549523325003 8.74640618781657 
      8.87231    0.00189623 318 1.12494257507114 0.0021331494732087 8.87239300619944 
            9    0.00180591 284 1.01647389603371 0.00183566110761417 8.99239218690023 
      9.09838    0.00173002 248 0.899973425067623 0.00155696944125207 9.09836714840838 
      9.19783    0.00166031 251 0.919755408193451 0.00152708242329661 9.19784882328962 
      9.29836    0.00159466 253 0.93997221236961 0.00149893823305581 9.29840012452147 
          9.4    0.00153898 175 0.651779293231496 0.00100307762295569 9.38379184619982 
      9.43728    0.00150412 94 0.352498600737101 0.000530200625847249 9.43726765833374 
       9.4747    0.00148067 95 0.355299991635666 0.000526082930176166 9.47471813965875 
      9.51228    0.00146549 95 0.358123590960152 0.000524827489942558 9.51229780371977 
         9.55    0.00144559 95 0.358140197181007 0.000517724107562652 9.54983109884679 
      9.58728    0.00141532 95 0.358123625122092 0.000506858768813331 9.58728488201746 
      9.62471    0.00139652 94 0.360925183196414 0.0005040400718055 9.62470514361283 
      9.66228    0.00137275 95 0.363748613137981 0.000499334671766508 9.66228445920201 
          9.7    0.00135632 95 0.36376496317515 0.000493380541323964 9.69986592457508 
      9.73728    0.00133827 95 0.363748647015565 0.000486792437343681 9.73728383866984 
      9.77471    0.00131497 94 0.366550371256823 0.000482003348629064 9.77470817647454 
      9.81228    0.00129805 95 0.369373635144171 0.000479466102720215 9.8122947479647 
         9.85    0.00128026 95 0.36938973530295 0.000472913122839336 9.84985488570926 
      9.88729    0.00125003 95 0.369373665784079 0.000461728900881453 9.88725081481502 
      9.92472    0.00123285 94 0.372175556622773 0.000458836360396119 9.92474526747351 
      9.96229    0.00122006 95 0.374998656844768 0.00045752111674537 9.96229172973244 
           10    0.00118979 99 0.804462322303824 0.000957138040200075 10.0280972159772 
      10.1227    0.00114706 3 1.24994368204564 0.00143375521176196 10.1220565321374 
       10.247    0.00109447 3 1.2805288979176 0.00140149989372707 10.2441391242363 
      10.3727    0.00104254 2 1.31242456341624 0.00136825457443115 10.3721567228598 
         10.5   0.000993292 3 1.31338999133482 0.00130458022397427 10.5010497865447 
      10.6228   0.000949806 3 1.31239451175087 0.00124652019200537 10.621726450969 
      10.7471   0.000908671 2 1.34282745327402 0.00122018892273486 10.7426078952552 
      10.8728   0.000865482 3 1.37553578387628 0.00119050079511517 10.8770099283348 
           11   0.000834113 2 1.10594820710366 0.000922486211912285 10.9800803549706 
      11.0742   0.000806511 2 0.825065739133663 0.000665424686669645 11.0749741451454 
       11.149   0.000785559 2 0.836237739208614 0.000656914134128211 11.1496416931101 
      11.2242   0.000765151 2 0.847560956806538 0.000648512294328294 11.2248142380333 
         11.3   0.000745299 2 0.847700153181396 0.000631789977927461 11.3003958617736 
      11.3743   0.000726243 2 0.847606721142144 0.000615568091225738 11.3753554569864 
       11.449   0.000707906 2 0.858768829328891 0.000607927675137526 11.4498485390745 
      11.5243   0.000690032 2 0.870077686798229 0.000600381586784492 11.524836021548 
         11.6   0.000671896 2 1.01229691872336 0.000680158539017962 11.6034763553869 
      11.6987   0.000651786 3 1.15954490125396 0.000755774998080449 11.693887371865 
      11.7983   0.000628435 2 1.18035911813387 0.000741779221186097 11.8033357344085 
      11.8987   0.000608609 2 1.20019601269944 0.000730450089387833 11.9002874011157 
           12   0.000588773 2 1.34645602643099 0.000792757203379517 12.0014016989594 
      12.1231   0.000565673 3 1.50022884798264 0.000848639121543631 12.1246211978805 
      12.2474   0.000544081 2 1.53074768585098 0.000832850448560157 12.2457678203737 
      12.3731   0.000522451 3 1.5625597111599 0.000816361011578313 12.3732114458459 
         12.5   0.000502214 2 1.56299566395953 0.000784959068134974 12.4987164759746 
      12.6232   0.000483618 3 1.56211012831599 0.000755464931385243 12.6196901632058 
      12.7475    0.00046436 2 1.59395095087414 0.000740166866361163 12.7513563415246 
      12.8732   0.000448363 2 1.62412802008123 0.000728199358331013 12.8660275770803 
           13   0.000429941 3 1.62620957358606 0.000699173728898412 13.0045976516413 
      13.1232   0.000415093 2 1.62486346344298 0.000674469947215176 13.1218053461522 
      13.2476   0.000400413 3 1.65541726207533 0.000662850105015885 13.2430098187081 
      13.3732   0.000384771 2 1.68819718009276 0.00064956933908304 13.3784679540409 
         13.5   0.000371871 2 1.68755415952354 0.000627551664945648 13.495455751468 
      13.6233   0.000358703 3 1.68716866728106 0.000605192166243202 13.6202705151463 
      13.7477   0.000345377 2 1.71911462489138 0.000593742558094401 13.7525892300273 
      13.8733   0.000333979 2 1.7497481543194 0.000584379998422431 13.8709077748604 
           14   0.000322786 3 1.74962543915853 0.000564754125847014 13.9922311726347 
      14.1234   0.000310651 2 1.75083790487648 0.000543900204779625 14.129819616867 
      14.2478   0.000300625 2 1.78113150113252 0.000535453543375887 14.2486133445228 
      14.3734   0.000290922 2 1.811940395246 0.000527132621701757 14.3685156897247 
         14.5   0.000281026 3 1.81259369484402 0.000509385916439918 14.4960781994797 
      14.6234   0.000271194 2 1.81317679667986 0.00049172264997179 14.628505759683 
      14.7479   0.000262638 2 1.84364694150851 0.00048421159467275 14.7486857849946 
      14.8734   0.000254351 2 1.87462233521904 0.000476811456104433 14.8699401626716 
           15   0.000243889 3 2.78515246037592 0.000679267182980331 15.0300965782734 
       15.244   0.000230977 3 3.74898630761633 0.000865929415691812 15.2401727580215 
      15.4919   0.000216569 4 3.87314095584405 0.000838803640440317 15.4928918326471 
      15.7439   0.000203295 3 4.00023510975984 0.000813229743085752 15.7451118175256 
           16   0.000191227 3 4.00213805450649 0.000765318813199274 15.993114435027 
      16.2443    0.00018009 4 3.99888379594402 0.000720160959478498 16.2401812379678 
      16.4924   0.000169402 3 4.12387991649744 0.000698594626457206 16.4958900797049 
      16.7443   0.000159714 3 4.25032008810315 0.000678837368783999 16.7457008561541 
           17   0.000150702 3 4.25265466083909 0.00064088380282547 16.9958855785011 
      17.2447   0.000142397 3 4.24977753519079 0.000605156661284512 17.2436912416572 
      17.4929   0.000134655 3 4.37291591682793 0.000588835953082185 17.4916170041617 
      17.7446   0.000127334 3 4.49962040451963 0.000572954761071772 17.7431211825976 
           18   0.000120479 3 4.50239273541936 0.000542445238593168 17.9956452011492 
       18.245   0.000114163 3 4.49998969521556 0.000513731568309369 18.2448236250043 
      18.4932    0.00010828 3 4.6232717556642 0.000500607171302822 18.4929510713533 
      18.7449     0.0001027 3 4.74993034308824 0.000487817793802877 18.7444601546768 
           19   9.74718e-05 3 4.75241392338453 0.00046322620558347 18.9962173548 
      19.2452   9.26546e-05 3 4.7496999309767 0.000440081492081952 19.2436849905278 
      19.4936   8.81429e-05 3 4.8726993746359 0.000429494068364026 19.4906062678081 
      19.7452   8.38506e-05 3 4.99887280297112 0.000419158554267909 19.7407845609455 
           20   7.87498e-05 3 7.39326763314761 0.000582218216916549 20.0578688227311 
      20.4823   7.24762e-05 5 9.99807646400015 0.000724622116237032 20.4802241415091 
      20.9762   6.58748e-05 4 10.4877506478566 0.00069087825991292 20.9774711184599 
       21.482    5.9985e-05 5 10.9963080958064 0.000659613651002199 21.476880515978 
           22   5.51502e-05 3 8.37890147422556 0.000462098471691796 21.935772833089 
      22.2458   5.22169e-05 3 5.49852522409608 0.00028711579852027 22.2393649449968 
      22.4944   4.98861e-05 2 5.62407194363579 0.000280563014104229 22.4960679627167 
      22.7458   4.77278e-05 3 5.75050137918891 0.000274458697266276 22.7471843244264 
           23   4.57706e-05 2 5.74975894167429 0.000263169905624119 22.9879029021151 
       23.246   4.37136e-05 3 5.7523034238247 0.000251454008765412 23.2548862833658 
      23.4947   4.20636e-05 3 5.87027616501899 0.00024692468585306 23.4808200021397 
       23.746   4.01412e-05 2 6.00319259389799 0.000240975335440954 23.7583510135058 
           24   3.86523e-05 3 5.99894747818611 0.000231873253642168 23.9849315499653 
      24.2462   3.69535e-05 2 6.00284990486749 0.000221826123711159 24.2573082929427 
      24.4949   3.56308e-05 2 6.12019895399792 0.000218067754701167 24.4804181186361 
      24.7462   3.40616e-05 3 6.25333040731132 0.00021299840665575 24.7589353510096 
           25   3.28407e-05 2 6.24936762988959 0.000205233377511742 24.9869831447202 
      25.2463   3.14836e-05 3 6.2518600922407 0.000196831362132679 25.25318456292 
      25.4951   3.03217e-05 2 6.37336807766759 0.000193251663867684 25.4928730626184 
      25.7463   2.91761e-05 3 6.4987535051137 0.000189608152098592 25.7406369915766 
           26   2.80148e-05 2 6.50372758895232 0.000182200781357284 26.0046762522859 
      26.2465   2.70479e-05 2 6.49734757632532 0.000175739559649624 26.2351439521196 
      26.4953   2.59848e-05 3 6.62534773327472 0.000172158358445393 26.500660733546 
      26.7465   2.50394e-05 2 6.75070036281739 0.000169033807744473 26.7485094949456 
           27   2.41837e-05 2 6.74828070573551 0.000163198142249339 26.9832624624337 
      27.2466   2.32332e-05 3 6.75258655537889 0.00015688434864743 27.2563730403369 
      27.4955   2.24311e-05 2 6.87468253390536 0.000154206674569333 27.4979120266295 
      27.7466   2.16779e-05 2 6.99722998727047 0.00015168536741636 27.7348846688033 
           28   2.06957e-05 3 10.3907611376326 0.000215043971605202 28.0595437611193 
      28.4871   1.94841e-05 4 13.9998216296884 0.000272773609441376 28.4873797069439 
      28.9828   1.81971e-05 3 14.4899287466699 0.000263675305530007 28.9806491994643 
       29.487   1.69861e-05 4 14.9993136885243 0.000254779440351555 29.4862588119359 
           30   1.55218e-05 5 25.5170405371125 0.000396069932444642 30.1597537862612 
      31.1787   1.35991e-05 6 37.4841999878684 0.000509752181309092 31.1757652384435 
      32.4037   1.16586e-05 7 40.493134287248 0.00047209255163696 32.4049605120057 
      33.6768    1.0009e-05 6 43.7278528872747 0.000437672826389544 33.6709467811823 
           35   8.62272e-06 7 43.9086920134467 0.000378612297651254 34.9567211476363 
      36.1881   7.51659e-06 5 43.734283847931 0.000328732597336547 36.1840308426436 
      37.4166   6.57627e-06 6 46.762688989294 0.000307523955063953 37.419286479538 
      38.6867   5.75904e-06 6 49.9892603023718 0.000287889986019412 38.6872123326902 
           40   5.06553e-06 7 50.1295346977687 0.000253932498277972 39.9545186316636 
      41.1953   4.48377e-06 8 49.9871733533585 0.000224130785590423 41.1930481064762 
      42.4264   3.98422e-06 9 53.0227366742275 0.000211254003135219 42.4267770908522 
      43.6943   3.54114e-06 8 56.2395294188725 0.000199152210653422 43.694806011867 
           45   3.15781e-06 8 56.369800822974 0.000178005093958879 44.963973160424 
      46.2011   2.83324e-06 7 56.2392508231545 0.000159339527514899 46.1994491427353 
      47.4342   2.54932e-06 8 59.2837802587984 0.000151133069145501 47.4344027959453 
      48.7002   2.29456e-06 7 62.4882015543071 0.000143382736525055 48.6986065016762 
           50   2.07045e-06 7 62.6050497943019 0.00012962037127676 49.9656686057082 
      51.2057   1.87679e-06 7 62.4934703784537 0.000117287251526449 51.2070251514834 
      52.4404   1.70613e-06 7 65.5431163045365 0.00011182535576877 52.4411002308476 
       53.705   1.55099e-06 7 68.7415478437042 0.000106617642355838 53.7049730432989 
           55   1.41306e-06 7 68.8469366276903 9.72847848611592e-05 54.9695520518734 
      56.2095   1.29235e-06 6 68.7436185199283 8.88407663135587e-05 56.2099175991185 
      57.4456   1.18505e-06 6 71.7930616844706 8.50786558430501e-05 57.4403757538837 
      58.7089   1.08558e-06 7 74.9966801761025 8.14146986908553e-05 58.7123941019099 
           60   9.97222e-07 7 75.087193988332 7.48786315059737e-05 59.9708903610816 
      61.2127   9.18619e-07 8 74.99261147583 6.88896470078863e-05 61.2121753764706 
        62.45   8.47792e-07 8 78.0547189759195 6.61741936847568e-05 62.4493643144272 
      63.7122   7.82426e-07 8 81.2418561744516 6.35657702711539e-05 63.7115628665418 
           65   7.23286e-07 8 81.3298865501766 5.88247406826108e-05 64.9729970407785 
      66.2155   6.70293e-07 7 81.2466708929798 5.44590761140961e-05 66.2179078880861 
      67.4537   6.22518e-07 7 84.3063606302366 5.24822098474247e-05 67.4503226186002 
      68.7151   5.77756e-07 8 87.4960707815523 5.05513671252197e-05 68.7172966024881 
           70   5.37167e-07 7 87.577209140912 4.70436246785062e-05 69.9771460699616 
      71.2178   5.00637e-07 7 87.4936849505446 4.38026119724568e-05 71.21726247798 
      72.4569   4.67183e-07 7 90.5645677173219 4.23101857819902e-05 72.4562864808688 
      73.7175   4.35963e-07 7 93.7432333294911 4.08686089377125e-05 73.7168668290067 
           75   4.07292e-07 7 93.8217864079546 3.82128395583164e-05 74.9783542817057 
      76.2199   3.81438e-07 6 93.738554602786 3.5755468151542e-05 76.2150083672916 
      77.4597   3.57374e-07 7 96.8241047045903 3.46024080482181e-05 77.463750984746 
      78.7196   3.35091e-07 7 99.9917135871343 3.3506339886672e-05 78.7174295091718 
           80   3.14387e-07 7 100.066895283499 3.14596850907763e-05 79.9795513891386 
      81.2217    2.9555e-07 8 99.9930269696295 2.95529042960235e-05 81.2202523888114 
      82.4621   2.78113e-07 7 103.069158422726 2.86649093722585e-05 82.4597340205508 
      83.7214   2.61639e-07 8 106.2467679355 2.77983042382886e-05 83.7233628868033 
           85   2.46423e-07 8 106.314618095975 2.61983707750825e-05 84.9821437109003 
      86.2233   2.32503e-07 7 106.243429924535 2.47019294740628e-05 86.2219157103083 
      87.4643   2.19531e-07 8 109.324573367273 2.40000833508634e-05 87.463657254903 
      88.7231   2.07275e-07 7 112.496087353895 2.33175740301146e-05 88.7240259644352 
           90   1.95895e-07 7 112.55795409215 2.20495660462031e-05 89.9806601810824 
      91.2248   1.85397e-07 7 112.494096412983 2.08560332507896e-05 91.2237277140776 
      92.4662   1.75604e-07 7 115.576531921764 2.02956679658111e-05 92.4650794798269 
      93.7245   1.66328e-07 7 118.743424991802 1.97503567855418e-05 93.7233293874237 
           95   1.57635e-07 7 118.80862178829 1.87284216450363e-05 94.984815353841 
      96.2261   1.49615e-07 7 118.748358886339 1.77665441585706e-05 96.2281913006575 
      97.4679   1.42121e-07 7 121.830256191935 1.73146361763928e-05 97.4675953582868 
      98.7259   1.35002e-07 7 124.992053293441 1.68741864077107e-05 98.7231028341914 
          100   1.28292e-07 7 125.05474288804 1.60434640104467e-05 99.9847006239388 
      101.227   1.22095e-07 8 124.992243701266 1.52608680241471e-05 101.224377223541 
       102.47   1.16232e-07 7 128.08480827581 1.48875949744996e-05 102.471347197894 
      103.727   1.10678e-07 8 131.246109407196 1.45260908877017e-05 103.727387879249 
          105   1.05459e-07 7 131.297508682421 1.38465147363103e-05 104.981801006494 
      106.228   1.00564e-07 8 131.249084496034 1.31989553010602e-05 106.230784007385 
      107.471   9.59834e-08 7 134.333808598862 1.2893818111806e-05 107.470257078607 
      108.728   9.16055e-08 8 137.493132403476 1.25951239169276e-05 108.725983779512 
          110   8.65208e-08 10 203.532100483583 1.76097693758153e-05 110.279955555796 
      112.419   8.00865e-08 13 274.966884894901 2.20211232887842e-05 112.418310952072 
      114.891   7.33827e-08 13 287.193296742129 2.10750239705243e-05 114.890468520056 
      117.418   6.72401e-08 13 299.963346820779 2.01695702006912e-05 117.416998134091 
          120   6.17168e-08 13 300.362180704224 1.85374016042479e-05 119.948514085117 
      122.425   5.68487e-08 14 299.97016026259 1.70529040342518e-05 122.425089818157 
        124.9    5.2453e-08 14 312.218828819317 1.637681626605e-05 124.899568912676 
      127.424   4.83972e-08 14 324.967646184023 1.57275329233622e-05 127.424063079177 
          130   4.47247e-08 13 325.327329551668 1.45501561563459e-05 129.94976816566 
      132.431   4.14501e-08 13 324.971767787722 1.34701153999989e-05 132.430550249462 
      134.907    3.8474e-08 13 337.239111499777 1.29749302966554e-05 134.906965084491 
       137.43   3.57112e-08 14 349.970377828637 1.24978612692646e-05 137.430001925864 
          140   3.31886e-08 13 350.311712192839 1.16263565816889e-05 139.956533850839 
      142.436   3.09252e-08 14 349.973959661482 1.08230131853661e-05 142.435287424735 
      144.914   2.88514e-08 14 362.257195727859 1.04516413581151e-05 144.913257215655 
      147.435   2.69167e-08 14 374.971534238483 1.00930117022836e-05 147.434344083535 
          150   2.37388e-08 35 1046.10534426283 2.48332592911746e-05 152.076288088922 
      161.185   2.04905e-08 21 695.44724011074 1.42500650533017e-05 157.764805485086 
      173.205             0 0 0 0 0 
      186.121             0 0 0 0 0 
          200             0 0 0 0 0 
      211.474             0 0 0 0 0 
      223.607             0 0 0 0 0 
      236.435             0 0 0 0 0 
          250             0 0 0 0 0 
      261.659             0 0 0 0 0 
      273.861             0 0 0 0 0 
      286.633             0 0 0 0 0 
          300             0 0 0 0 0 
      322.371             0 0 0 0 0 
       346.41             0 0 0 0 0 
      372.242             0 0 0 0 0 
          400             0 0 0 0 0 
      422.949             0 0 0 0 0 
      447.214             0 0 0 0 0 
      472.871             0 0 0 0 0 
          500             0 0 0 0 0 
      543.879             0 0 0 0 0 
      591.608             0 0 0 0 0 
      643.526             0 0 0 0 0 
          700             0 0 0 0 0 
      765.286             0 0 0 0 0 
       836.66             0 0 0 0 0 
      914.691             0 0 0 0 0 
         1000             0 0 0 0 0 
      1106.68             0 0 0 0 0 
      1224.74             0 0 0 0 0 
       1355.4             0 0 0 0 0 
         1500             0 0 0 0 0 
      1660.02             0 0 0 0 0 
      1837.12             0 0 0 0 0 
       2033.1             0 0 0 0 0 
         2250             0 0 0 0 0 
      2485.41             0 0 0 0 0 
      2745.45             0 0 0 0 0 
       3032.7             0 0 0 0 0 
         3350             0 0 0 0 0 
      3702.76             0 0 0 0 0 
      4092.68             0 0 0 0 0 
      4523.65             0 0 0 0 0 
         5000             0 0 0 0 0 
      5514.87             0 0 0 0 0 
      6082.76             0 0 0 0 0 
      6709.13             0 0 0 0 0 
         7400             0 0 0 0 0 
      8170.94             0 0 0 0 0 
      9022.19             0 0 0 0 0 
      9962.14             0 0 0 0 0 
        11000             0 0 0 0 0 
      11469.1             0 0 0 0 0 
      11958.3             0 0 0 0 0 
      12468.3             0 0 0 0 0 
        13000             0 0 0 0 0 
      13692.7             0 0 0 0 0 
      14422.2             0 0 0 0 0 
      15190.6             0 0 0 0 0 
        16000             0 0 0 0 0 
      17706.9             0 0 0 0 0 
      19595.9             0 0 0 0 0 
      21686.4             0 0 0 0 0 
        24000             0 0 0 0 0 
      26560.4             0 0 0 0 0 
      29393.9             0 0 0 0 0 
      32529.7             0 0 0 0 0 
        36000             0 0 0 0 0 
