         0.01   2.85166e-23 6 1.06618714901069e-05 3.04040363404221e-28 0.0104019822042115 
    0.0110668   9.43562e-21 5 1.24817840474644e-05 1.17773335502664e-25 0.011619293967874 
    0.0122474   9.77063e-19 6 1.52588887825155e-05 1.49088909629451e-23 0.0127114497393643 
     0.013554   9.01254e-17 6 1.87053763819387e-05 1.68582930416936e-21 0.0140669261516467 
        0.015   3.51588e-15 5 1.91273617639915e-05 6.72494354681657e-20 0.0153381897184427 
    0.0161185   6.57095e-14 4 1.87380627012279e-05 1.23126966336441e-18 0.0165279422186566 
    0.0173205   7.78816e-13 4 2.16118297517976e-05 1.68316294251155e-17 0.0176471863830851 
    0.0186121   8.91946e-12 5 2.49687032089518e-05 2.22707269286012e-16 0.0189553039837012 
         0.02   1.19966e-10 6 3.55396824338641e-05 4.26356367637518e-15 0.0206264095130827 
    0.0221336   1.11015e-06 6 4.98809279652599e-05 5.53751796413562e-11 0.0232269628361993 
    0.0244949    2.6213e-05 6 6.1079195833439e-05 1.60107065213725e-09 0.025021933738693 
    0.0271081   0.000290813 7 7.48304511872754e-05 2.17616504714127e-08 0.0277511265210184 
         0.03    0.00195274 5 7.6589920437116e-05 1.4955984670868e-07 0.0305253943295778 
    0.0322371    0.00905654 3 7.49100168751417e-05 6.78425285868389e-07 0.032694570342266 
     0.034641     0.0275379 4 8.64530802006712e-05 2.38073556686455e-06 0.0351015201497899 
    0.0372242     0.0768234 4 9.98431100326717e-05 7.67028675441481e-06 0.0375476455651139 
         0.04      0.158816 3 0.000101140274658185 1.60626972007814e-05 0.0401049932941476 
    0.0422949       0.25923 4 9.99909099000678e-05 2.59205940123359e-05 0.0425276791378571 
    0.0447214      0.384462 4 0.000111568255345704 4.28937100250748e-05 0.0448350341908505 
    0.0472871      0.563889 3 0.000125015470912756 7.04948425457305e-05 0.0475076118890433 
         0.05       2.28374 4 0.000125771513960104 0.000287229997049745 0.0506886346853757 
    0.0523318       9.88731 4 0.000125049125386806 0.00123639954308093 0.0523684022823544 
    0.0547723       9.98123 4 0.000136759417475234 0.00136502682653067 0.0548695534452779 
    0.0573266       11.9596 3 0.000150010342580168 0.00179405759655403 0.057394852989649 
         0.06       12.0218 5 0.000216016521850477 0.00259689815149195 0.0605373893282274 
    0.0644742       13.3551 6 0.000299640022938474 0.00400173059643145 0.0645859703427091 
     0.069282       14.0114 6 0.000345943033057163 0.00484716028980336 0.0694507616017587 
    0.0744484       15.4288 6 0.000399486287869691 0.00616360277193187 0.0745803653765061 
         0.08       16.0056 6 0.000404414778050581 0.00647288934576115 0.0797926729539784 
    0.0845897       15.8388 6 0.000399732533537747 0.00633128964099702 0.0847209267065805 
    0.0894427       19.1371 6 0.000446866202391426 0.00855170883692011 0.0899180894082454 
    0.0945742       98.7979 6 0.00049957032365118 0.0493565226572541 0.0950124989469653 
          0.1        105.56 6 0.000503492407234358 0.0531485852306465 0.0998666706516709 
     0.104664       108.396 6 0.000499790150153293 0.0541752234344175 0.1047774216264 
     0.109545       99.1553 6 0.000547438846618139 0.0542814782293368 0.1095707496405 
     0.114653       86.1771 6 0.000599640193603462 0.0516752695607449 0.114628003349548 
         0.12       70.3118 7 0.000736191522916727 0.0517629308251642 0.12035770886201 
     0.126885       69.7416 9 0.000899285358025619 0.0627176383442825 0.126962118912076 
     0.134164       62.3537 8 0.00100556179781495 0.0627004528053912 0.134218010526679 
     0.141861       50.8304 10 0.0011241235385528 0.0571396135863173 0.141938195653859 
         0.15       42.6359 12 0.00145659758375067 0.0621033193213187 0.150524515663566 
     0.161185       34.6051 12 0.00187254014416479 0.0647994864423507 0.161318901549913 
     0.173205       29.9343 15 0.00216233638545751 0.0647280930001707 0.173303565886996 
     0.186121       24.3477 14 0.00249682904871282 0.0607920082224022 0.186173115795226 
          0.2       20.0876 14 0.0025276742462051 0.0507749529852865 0.199242252806728 
     0.211474       16.5362 14 0.00249798647087639 0.0413072481981062 0.211709726582512 
     0.223607       14.6275 13 0.00279301850233687 0.0408548167202615 0.223645465366985 
     0.236435       12.2154 14 0.00312254837338258 0.0381433271580747 0.236479085455313 
         0.25       10.1319 15 0.00314692308707586 0.0318842225939875 0.249389065039117 
     0.261659       8.77013 13 0.00312336406193427 0.0273923014522998 0.261682753008348 
     0.273861       7.50336 13 0.00342148777546342 0.0256726634190853 0.273888032682919 
     0.286633       6.44582 13 0.00374822583826753 0.0241603796863003 0.286672593608903 
          0.3       5.50626 7 0.00410552576188512 0.0226061108298306 0.300001474447427 
     0.313991       4.70483 9 0.00449792338954018 0.0211619534855695 0.314027765895723 
     0.328634       4.02123 8 0.00492713758140304 0.0198131760115257 0.328665859426532 
     0.343959       3.43143 9 0.00539724144502778 0.0185202443216068 0.34397885050965 
         0.36       2.89424 11 0.0062315403166951 0.0180356031689613 0.360368275735693 
     0.378521       2.49198 10 0.00719571463664601 0.0179315751986723 0.378785920257854 
     0.397995       2.24253 11 0.00795490255464937 0.0178390854887138 0.398091670256908 
     0.418471       1.89494 12 0.00879420364923584 0.0166644522254516 0.418585966225455 
         0.44        1.5684 12 0.0103117819652346 0.0161730232985554 0.440723535303944 
     0.465243       1.30014 14 0.012090617883819 0.0157194584357195 0.465278198688309 
     0.491935         1.053 15 0.0135178722000817 0.0142343339614526 0.492014078972406 
     0.520158      0.866326 16 0.0151128246466378 0.0130926333974553 0.52017541710502 
         0.55      0.700387 17 0.0176407467603308 0.0123553578387582 0.550659395296642 
      0.58418      0.555682 18 0.0206066447762673 0.011450733205558 0.584259816236562 
     0.620484      0.447531 20 0.0232470525581663 0.010403767311142 0.620521194277044 
     0.659044      0.354059 21 0.0262260953470199 0.00928557386247572 0.659085613555391 
          0.7      0.286743 20 0.0264618832320159 0.00758775280747621 0.697974096430109 
     0.734815      0.235913 19 0.0262343140602596 0.00618902090636715 0.734836935442575 
     0.771362       0.19616 19 0.028909336781675 0.00567086288433063 0.771395503716441 
     0.809727      0.162683 21 0.0318563828545383 0.00518248610516815 0.80972460436396 
         0.85      0.135287 20 0.0320481901627819 0.00433569023395651 0.848321581198028 
     0.885246      0.115513 19 0.0318618455862336 0.00368046130631755 0.885258657824084 
     0.921954      0.100304 20 0.0345586802615109 0.00346638886681212 0.92197719405476 
     0.960185     0.0858243 20 0.0374849632601845 0.00321712215128403 0.960257030705813 
            1     0.0738187 317 0.0376461367621117 0.00277898785972893 0.998509936089588 
      1.03556     0.0646677 725 0.0374885604737304 0.00242430060212312 1.03557247214004 
      1.07238     0.0562907 750 0.0402020020570234 0.00226299851008079 1.07234151800796 
      1.11051     0.0489494 778 0.0431118446798024 0.00211029735815242 1.11063964218297 
         1.15     0.0432205 753 0.0432521604493654 0.00186937910277309 1.14877664575586 
      1.18579     0.0381744 729 0.0431148753839645 0.0016458859795681 1.18579342712802 
       1.2227     0.0339078 750 0.0458405578766622 0.00155435084655384 1.22271162926524 
      1.26076     0.0300049 774 0.0487385548333441 0.00146239318404168 1.26072656752133 
          1.3     0.0256175 1295 0.0849451323190789 0.00217608078650078 1.31208515950317 
      1.39018     0.0204965 1867 0.129854093359699 0.00266155346541301 1.39022148708847 
      1.48661     0.0157602 1997 0.148493837021643 0.00234029204261561 1.48665081723598 
      1.58973     0.0120982 1686 0.169809199935207 0.00205438756505114 1.58975545772201 
          1.7    0.00955811 905 0.152752219998048 0.00146002312706969 1.68886416237911 
      1.77049    0.00797362 721 0.127447416736207 0.00101621785575426 1.77058037022838 
      1.84391    0.00674671 750 0.138236134330147 0.000932638972559719 1.84391754519384 
      1.92037    0.00577175 781 0.149938137656048 0.000865405331942173 1.92028049158561 
            2     0.0050261 641 0.127356301153364 0.000640105843583973 1.99164609139335 
      2.04823    0.00449915 489 0.0999858098723715 0.000449851396199161 2.04823029186418 
      2.09762    0.00409392 501 0.104866001319348 0.0004293133162227 2.09761333711444 
       2.1482    0.00370075 513 0.109984390045217 0.000407024791499784 2.14808337219812 
          2.2    0.00329928 837 0.185442463295924 0.000611825899876959 2.21517287429879 
      2.31557    0.00276734 1187 0.274819982296366 0.000760521505324725 2.31559234647213 
      2.43721    0.00225911 1250 0.304452013301073 0.000687790037279634 2.43722281164817 
      2.56524    0.00183905 1315 0.337279069226118 0.00062027141628197 2.56507891216979 
          2.7    0.00154344 1035 0.277586697300329 0.000428438685464313 2.68337643806212 
      2.77206    0.00135518 731 0.202464886487269 0.00027437557898731 2.77212390297647 
      2.84605    0.00122021 751 0.213416728984594 0.00026041327114284 2.84594336264827 
      2.92201    0.00110336 771 0.224960984238723 0.0002482122718367 2.92202056602384 
            3   0.000978132 980 0.294763966593354 0.000288318163306291 3.00907446826785 
      3.11787   0.000852287 1203 0.37486085282748 0.000319488876609568 3.11787920213787 
      3.24037   0.000728995 730 0.404896000124263 0.000295167017125786 3.24023106274854 
      3.36768   0.000627435 650 0.437337662545492 0.000274400767058648 3.36773838564434 
          3.5   0.000541453 629 0.439050054212156 0.000237725088896757 3.49550339661791 
      3.61881   0.000471658 605 0.437378169343105 0.000206292906927228 3.61881714097706 
      3.74166   0.000411089 625 0.467576927452484 0.000192215546314268 3.74166872476558 
      3.86867   0.000361117 647 0.499860764596995 0.000180508290078845 3.86866892843206 
            4   0.000316451 628 0.5013530953211 0.000158653637456833 3.99590108107903 
      4.11953    0.00028084 608 0.499891660710675 0.000140389724326532 4.11948934338026 
      4.24264   0.000250114 626 0.530215169618854 0.000132613982444149 4.24265067039362 
      4.36943   0.000221977 644 0.562378116260632 0.00012483501860692 4.36941798008701 
          4.5   0.000198548 628 0.563700811706971 0.000111921766599186 4.49651827177312 
      4.62011   0.000176999 609 0.562402460354146 9.95448619980858e-05 4.61985474965176 
      4.74342   0.000160308 626 0.592824249732507 9.50346426096685e-05 4.7434551401455 
      4.87002     0.0001444 643 0.624891621514956 9.02345325180638e-05 4.87002028081207 
            5   0.000130309 627 0.626079489176662 8.15836597035037e-05 4.996862989726 
      5.12057   0.000117732 611 0.624911309648252 7.35723240624315e-05 5.12053666296423 
      5.24404   0.000107447 626 0.655412510807671 7.04222392498048e-05 5.24404488897694 
       5.3705   9.76802e-05 641 0.687402440032565 6.71455775555763e-05 5.37049760525065 
          5.5   8.89728e-05 627 0.688480516175885 6.12560305437294e-05 5.49714093294286 
      5.62095   8.14169e-05 612 0.68741868514517 5.59674967996551e-05 5.62095164611075 
      5.74456   7.45855e-05 626 0.717985403966741 5.35512682782679e-05 5.74458458559211 
      5.87089   6.81386e-05 640 0.749911294416897 5.10979044896957e-05 5.87073072253258 
            6   6.27507e-05 627 0.750898224018675 4.71193576519796e-05 5.99745140577442 
      6.12127    5.7911e-05 613 0.749924933022883 4.3428937114728e-05 6.12127317358372 
        6.245   5.33456e-05 626 0.78054661783497 4.16387326458896e-05 6.24490868979604 
      6.37122   4.93295e-05 550 0.812418679261579 4.00762452422618e-05 6.37123418850597 
          6.5   4.56089e-05 314 0.813328706754037 3.70950183889712e-05 6.49758922823709 
      6.62155   4.22853e-05 307 0.812430302747168 3.43538409079423e-05 6.62154716480717 
      6.74537   3.91457e-05 314 0.843098747717441 3.30037298580081e-05 6.74528069771415 
      6.87151   3.64485e-05 319 0.874924933961998 3.18897113502289e-05 6.87151109492542 
            7   3.38897e-05 314 0.875769207586832 2.9679598295228e-05 6.9977618078482 
      7.12178   3.15867e-05 308 0.874934933781325 2.76362717413922e-05 7.12178371056313 
      7.24569   2.94771e-05 313 0.905643684669164 2.66957043653797e-05 7.24568659020243 
      7.37175   2.74889e-05 319 0.937430286236626 2.57689584209647e-05 7.3717093172253 
          7.5   2.53716e-05 314 0.938217705672175 2.38041255326282e-05 7.49805920735367 
      7.62199   2.40635e-05 309 0.937438973663836 2.25580311907057e-05 7.62199312384217 
      7.74597   2.25512e-05 313 0.968182847542785 2.18337261623539e-05 7.74595541452401 
      7.87196   2.11453e-05 318 0.999934907830811 2.11439542917947e-05 7.87195794610625 
            8   1.98413e-05 314 1.0006726813639 1.98546333390313e-05 7.9980422052181 
      8.12217   1.86391e-05 309 0.999942582190992 1.86380582639963e-05 8.12215379401277 
      8.24621   1.75519e-05 313 1.03071719853244 1.80910817725129e-05 8.24621398050649 
      8.37214   1.65185e-05 319 1.06243900277518 1.75499170258888e-05 8.37214252333692 
          8.5   1.55582e-05 313 1.06313294848204 1.65404139194118e-05 8.49815757717169 
      8.62233   1.46574e-05 310 1.06244576450221 1.55726766742696e-05 8.62228034202014 
      8.74643   1.37902e-05 313 1.09324769327914 1.50761274187247e-05 8.74637606466088 
      8.87231    1.3088e-05 318 1.12494257507114 1.47232034904682e-05 8.87231159318382 
            9   1.24025e-05 284 1.01647389603371 1.26067680369479e-05 8.99231404126213 
      9.09838   1.18328e-05 248 0.899973425067623 1.06492480237788e-05 9.09837470785449 
      9.19783   1.13276e-05 251 0.919755408193451 1.04186534147706e-05 9.19782452740261 
      9.29836   1.08433e-05 253 0.93997221236961 1.01923976256844e-05 9.29835850532619 
          9.4   1.04055e-05 175 0.651779293231496 6.78210731274456e-06 9.38378339814059 
      9.43728    1.0208e-05 94 0.352498600737101 3.59829733604465e-06 9.43728227875878 
       9.4747   1.00572e-05 95 0.355299991635666 3.57332731164003e-06 9.47470344220108 
      9.51228   9.89872e-06 95 0.358123590960152 3.54496687990038e-06 9.51227680708018 
         9.55   9.74352e-06 95 0.358140197181007 3.48954464994148e-06 9.54985280314927 
      9.58728   9.59168e-06 95 0.358123625122092 3.43500735538402e-06 9.58728051906453 
      9.62471   9.44289e-06 94 0.360925183196414 3.40817638475662e-06 9.62470793540384 
      9.66228   9.29646e-06 95 0.363748613137981 3.38157283409976e-06 9.66228017959058 
          9.7   9.15259e-06 95 0.36376496317515 3.32939175216418e-06 9.69985507391764 
      9.73728   9.01214e-06 95 0.363748647015565 3.27815310233862e-06 9.73728391489721 
      9.77471    8.8745e-06 94 0.366550371256823 3.25295019512613e-06 9.77471236245526 
      9.81228   8.73876e-06 95 0.369373635144171 3.2278686466486e-06 9.81228353631323 
         9.85   8.60568e-06 95 0.36938973530295 3.17885141926566e-06 9.84985733831488 
      9.88729   8.47581e-06 95 0.369373665784079 3.13074136513797e-06 9.88728720085094 
      9.92472   8.34827e-06 94 0.372175556622773 3.10702062997224e-06 9.92471673280613 
      9.96229   8.22269e-06 95 0.374998656844768 3.08349625046437e-06 9.96228695636609 
           10   8.00754e-06 99 0.804462322303824 6.44176477135217e-06 10.0280806594613 
      10.1227   7.71192e-06 3 1.24994368204564 9.63947105463386e-06 10.1220213957037 
       10.247   7.34899e-06 3 1.2805288979176 9.41059082948516e-06 10.2441079684509 
      10.3727   6.99104e-06 2 1.31242456341624 9.17521915253931e-06 10.3721303522472 
         10.5   6.65205e-06 3 1.31338999133482 8.73674089720605e-06 10.5010185726811 
      10.6228    6.3531e-06 3 1.31239451175087 8.33776797717688e-06 10.6216911969039 
      10.7471   6.07063e-06 2 1.34282745327402 8.15181278255601e-06 10.7425809261574 
      10.8728   5.77444e-06 3 1.37553578387628 7.94295321564613e-06 10.8769817156004 
           11   5.55957e-06 2 1.10594820710366 6.14859778061368e-06 10.9800557321795 
      11.0742   5.37067e-06 2 0.825065739133663 4.43115614832156e-06 11.0749593992518 
       11.149   5.22741e-06 2 0.836237739208614 4.37135557529599e-06 11.1496253529668 
      11.2242   5.08797e-06 2 0.847560956806538 4.31236106264734e-06 11.2247963721123 
         11.3   4.95242e-06 2 0.847700153181396 4.19816407688467e-06 11.3003764810344 
      11.3743   4.82239e-06 2 0.847606721142144 4.08749425882351e-06 11.3753340303444 
       11.449   4.69737e-06 2 0.858768829328891 4.03395683706294e-06 11.4498248215083 
      11.5243   4.57559e-06 2 0.870077686798229 3.98111698122013e-06 11.5248103488026 
         11.6   4.45211e-06 2 1.01229691872336 4.50685249959773e-06 11.6034500505495 
      11.6987   4.31528e-06 3 1.15954490125396 5.00376429364934e-06 11.6938626825451 
      11.7983   4.15656e-06 2 1.18035911813387 4.90623436345821e-06 11.8033109964365 
      11.8987   4.02192e-06 2 1.20019601269944 4.82709749754828e-06 11.9002579150306 
           12   3.88734e-06 2 1.34645602643099 5.23413064267206e-06 12.0013719430025 
      12.1231   3.73076e-06 3 1.50022884798264 5.59699934931198e-06 12.1245864221651 
      12.2474   3.58456e-06 2 1.53074768585098 5.48705743548016e-06 12.2457367341885 
      12.3731   3.43827e-06 3 1.5625597111599 5.3724968567859e-06 12.3731754649383 
         12.5   3.30154e-06 2 1.56299566395953 5.16029175811473e-06 12.4986847109235 
      12.6232   3.17603e-06 3 1.56211012831599 4.96130895395687e-06 12.6196560466854 
      12.7475   3.04619e-06 2 1.59395095087414 4.85547464847604e-06 12.7513248331217 
      12.8732   2.93845e-06 2 1.62412802008123 4.77241743024715e-06 12.8659969103378 
           13    2.8145e-06 3 1.62620957358606 4.57696907798792e-06 13.0045660386042 
      13.1232   2.71471e-06 2 1.62486346344298 4.41103693782001e-06 13.121772025972 
      13.2476   2.61614e-06 3 1.65541726207533 4.33080212167397e-06 13.2429762963067 
      13.3732   2.51122e-06 2 1.68819718009276 4.2394352564369e-06 13.3784359596804 
         13.5   2.42478e-06 2 1.68755415952354 4.09194216345417e-06 13.4954219639451 
      13.6233   2.33663e-06 3 1.68716866728106 3.94228185189729e-06 13.6202369890308 
      13.7477   2.24751e-06 2 1.71911462489138 3.86371926710007e-06 13.752556575236 
      13.8733   2.17136e-06 2 1.7497481543194 3.79932736056058e-06 13.8708727433588 
           14   2.09664e-06 3 1.74962543915853 3.66832754799321e-06 13.9921995313758 
      14.1234   2.01572e-06 2 1.75083790487648 3.52919382668677e-06 14.1297887951024 
      14.2478   1.94892e-06 2 1.78113150113252 3.47129168279054e-06 14.2485773385919 
      14.3734   1.88433e-06 2 1.811940395246 3.41430067220018e-06 14.3684809656927 
         14.5   1.81853e-06 3 1.81259369484402 3.29624994015608e-06 14.4960453916802 
      14.6234   1.75321e-06 2 1.81317679667986 3.1788715327865e-06 14.6284731458531 
      14.7479   1.69641e-06 2 1.84364694150851 3.12758955251326e-06 14.7486485971615 
      14.8734   1.64145e-06 2 1.87462233521904 3.07710773968618e-06 14.8699034518446 
           15   1.57215e-06 3 2.78515246037592 4.37866368784085e-06 15.0300461872013 
       15.244   1.48672e-06 3 3.74898630761633 5.57367828471746e-06 15.2401116090675 
      15.4919   1.39154e-06 4 3.87314095584405 5.38963497102273e-06 15.4928302323743 
      15.7439   1.30401e-06 3 4.00023510975984 5.21633835233608e-06 15.7450468918824 
           16   1.22456e-06 3 4.00213805450649 4.90086035991561e-06 15.9930507411802 
      16.2443   1.15136e-06 4 3.99888379594402 4.60416226830632e-06 16.2401265101639 
      16.4924   1.08123e-06 3 4.12387991649744 4.45886184856995e-06 16.4958345627784 
      16.7443   1.01777e-06 3 4.25032008810315 4.32583306867358e-06 16.7456362844822 
           17   9.58821e-07 3 4.25265466083909 4.07753529622117e-06 16.9958182891215 
      17.2447   9.04588e-07 3 4.24977753519079 3.84429780845743e-06 17.243624279431 
      17.4929   8.54107e-07 3 4.37291591682793 3.73493917656536e-06 17.491550058923 
      17.7446   8.06443e-07 3 4.49962040451963 3.62868700333445e-06 17.7430550456811 
           18   7.61883e-07 3 4.50239273541936 3.43029677529314e-06 17.9955810423218 
       18.245   7.20883e-07 3 4.49998969521556 3.24396584301357e-06 18.2447594666976 
      18.4932   6.82752e-07 3 4.6232717556642 3.1565494435166e-06 18.4928843761812 
      18.7449   6.46638e-07 3 4.74993034308824 3.07148681484706e-06 18.7443912623069 
           19   6.12848e-07 3 4.75241392338453 2.91250935149719e-06 18.9961476204372 
      19.2452   5.81758e-07 3 4.7496999309767 2.76317830302901e-06 19.2436159040583 
      19.4936    5.5268e-07 3 4.8726993746359 2.69304418270256e-06 19.4905408603706 
      19.7452   5.25053e-07 3 4.99887280297112 2.62467103651356e-06 19.7407277277436 
           20   4.92381e-07 3 7.39326763314761 3.64030229553414e-06 20.0578105560923 
      20.4823   4.52607e-07 5 9.99807646400015 4.52520098412441e-06 20.4801516784712 
      20.9762   4.10839e-07 4 10.4877506478566 4.30877968637262e-06 20.977397604111 
       21.482   3.73622e-07 5 10.9963080958064 4.10846785398364e-06 21.4768066385689 
           22   3.43109e-07 3 8.37890147422556 2.87487562910347e-06 21.9357249958697 
      22.2458   3.24614e-07 3 5.49852522409608 1.78489581359909e-06 22.2393300263841 
      22.4944   3.09928e-07 2 5.62407194363579 1.7430577160704e-06 22.4960382630705 
      22.7458   2.96338e-07 3 5.75050137918891 1.70409196962436e-06 22.7471470020889 
           23   2.84021e-07 2 5.74975894167429 1.63305387904936e-06 22.9878730155761 
       23.246   2.71085e-07 3 5.7523034238247 1.55936152783825e-06 23.2548536794262 
      23.4947   2.60713e-07 3 5.87027616501899 1.53045858141945e-06 23.4807901616737 
       23.746   2.48637e-07 2 6.00319259389799 1.49261825181974e-06 23.7583210534643 
           24    2.3929e-07 3 5.99894747818611 1.43548913190472e-06 23.9848993813719 
      24.2462   2.28631e-07 2 6.00284990486749 1.37243555239875e-06 24.2572777336161 
      24.4949   2.20336e-07 2 6.12019895399792 1.34850274262161e-06 24.4803875541378 
      24.7462   2.10501e-07 3 6.25333040731132 1.3163345496396e-06 24.7589039999867 
           25   2.02854e-07 2 6.24936762988959 1.26770652819756e-06 24.98695108544 
      25.2463   1.94358e-07 3 6.2518600922407 1.21509910712868e-06 25.253149900272 
      25.4951   1.87088e-07 2 6.37336807766759 1.1923802954807e-06 25.492839364486 
      25.7463   1.79923e-07 3 6.4987535051137 1.16927683202551e-06 25.740600530305 
           26   1.72665e-07 2 6.50372758895232 1.12296587849396e-06 26.0046428328448 
      26.2465   1.66624e-07 2 6.49734757632532 1.08261716258338e-06 26.2351109124534 
      26.4953   1.59987e-07 3 6.62534773327472 1.0599680191516e-06 26.5006254889205 
      26.7465   1.54087e-07 2 6.75070036281739 1.04019716578124e-06 26.7484742999896 
           27   1.48749e-07 2 6.74828070573551 1.00380273582239e-06 26.983229950334 
      27.2466   1.42824e-07 3 6.75258655537889 9.64432917549086e-07 27.2563399364103 
      27.4955   1.37826e-07 2 6.87468253390536 9.47511901165485e-07 27.4978759581789 
      27.7466   1.33136e-07 2 6.99722998727047 9.31579724367775e-07 27.7348502252141 
           28   1.27022e-07 3 10.3907611376326 1.31985268942341e-06 28.0594993935596 
      28.4871   1.19486e-07 4 13.9998216296884 1.67278045003951e-06 28.4873126198405 
      28.9828   1.11488e-07 3 14.4899287466699 1.61545775808766e-06 28.9805842103321 
       29.487   1.03969e-07 4 14.9993136885243 1.55947010807954e-06 29.4861892334717 
           30   9.48888e-08 5 25.5170405371125 2.42128067044914e-06 30.1596158469123 
      31.1787   8.29837e-08 6 37.4841999878684 3.11057696558413e-06 31.1755262609495 
      32.4037    7.0991e-08 7 40.493134287248 2.87464699566165e-06 32.4047094926522 
      33.6768   6.08181e-08 6 43.7278528872747 2.65944311695991e-06 33.670690939031 
           35   5.22865e-08 7 43.9086920134467 2.29582969683137e-06 34.9564914066653 
      36.1881   4.54926e-08 5 43.734283847931 1.98958530311809e-06 36.1838230674967 
      37.4166    3.9728e-08 6 46.762688989294 1.85778830612159e-06 37.4190703858109 
      38.6867   3.47273e-08 6 49.9892603023718 1.73599010875643e-06 38.6869767765138 
           40    3.0493e-08 7 50.1295346977687 1.52859743946294e-06 39.9543354343492 
      41.1953   2.69571e-08 8 49.9871733533585 1.34750962255322e-06 41.1929251139361 
      42.4264   2.39265e-08 9 53.0227366742275 1.26864900157729e-06 42.4266513526756 
      43.6943   2.12416e-08 8 56.2395294188725 1.19461749302701e-06 43.6946744194717 
           45   1.89213e-08 8 56.369800822974 1.06658869833806e-06 44.9638495946736 
      46.2011   1.69588e-08 7 56.2392508231545 9.53749685964229e-07 46.1993362051246 
      47.4342   1.52438e-08 8 59.2837802587984 9.03709707095883e-07 47.4342863868781 
      48.7002   1.37065e-08 7 62.4882015543071 8.56497620662767e-07 48.6984874329932 
           50   1.23556e-08 7 62.6050497943019 7.73522006276225e-07 49.9655596862125 
      51.2057   1.11894e-08 7 62.4934703784537 6.99261330718932e-07 51.2069245246858 
      52.4404   1.01626e-08 7 65.5431163045365 6.66086304935263e-07 52.4409940239746 
       53.705      9.23e-09 7 68.7415478437042 6.34484155296111e-07 53.7048621425698 
           55   8.40161e-09 7 68.8469366276903 5.78425100967883e-07 54.9694470929006 
      56.2095    7.6773e-09 6 68.7436185199283 5.27765589960658e-07 56.2098191248649 
      57.4456   7.03404e-09 6 71.7930616844706 5.04994938081502e-07 57.4402773703847 
      58.7089   6.43814e-09 7 74.9966801761025 4.82839391212682e-07 58.7122938353621 
           60    5.9094e-09 7 75.087193988332 4.43719943274334e-07 59.9708016791208 
      61.2127   5.43986e-09 8 74.99261147583 4.07949314093883e-07 61.212101574544 
        62.45   5.01715e-09 8 78.0547189759195 3.91612275535787e-07 62.4492890963505 
      63.7122   4.62729e-09 8 81.2418561744516 3.75929443770613e-07 63.711486273281 
           65   4.27478e-09 8 81.3298865501766 3.47667557628431e-07 64.9729257946135 
      66.2155   3.95912e-09 7 81.2466708929798 3.21665475080809e-07 66.217840210873 
      67.4537   3.67472e-09 7 84.3063606302366 3.09801851535155e-07 67.4502535942694 
      68.7151   3.40841e-09 8 87.4960707815523 2.98222296136032e-07 68.7172263257195 
           70   3.16708e-09 7 87.577209140912 2.77363663184799e-07 69.9770774309756 
      71.2178      2.95e-09 7 87.4936849505446 2.58106491843446e-07 71.2171967699854 
      72.4569   2.75131e-09 7 90.5645677173219 2.49171590412802e-07 72.4562196142866 
      73.7175   2.56601e-09 7 93.7432333294911 2.40545989226853e-07 73.7167987841948 
           75   2.39592e-09 7 93.8217864079546 2.24789604792632e-07 74.9782889343982 
      76.2199   2.24263e-09 6 93.738554602786 2.10221283575765e-07 76.214948294803 
      77.4597   2.10003e-09 7 96.8241047045903 2.0333370964849e-07 77.4636899127797 
      78.7196   1.96806e-09 7 99.9917135871343 1.96789402321145e-07 78.7173655228802 
           80   1.84551e-09 7 100.066895283499 1.84674512964973e-07 79.9794961857408 
      81.2217   1.73418e-09 8 99.9930269696295 1.7340562273619e-07 81.220205258103 
      82.4621   1.63118e-09 7 103.069158422726 1.68124772704283e-07 82.4596875838636 
      83.7214   1.53391e-09 8 106.2467679355 1.62973436560003e-07 83.723315705639 
           85   1.44411e-09 8 106.314618095975 1.53530125283405e-07 84.9820968834978 
      86.2233   1.36199e-09 7 106.243429924535 1.44702580406363e-07 86.2218708540705 
      87.4643   1.28549e-09 8 109.324573367273 1.40535630096181e-07 87.4636120390188 
      88.7231   1.21324e-09 7 112.496087353895 1.36485104607205e-07 88.7239798730633 
           90   1.14619e-09 7 112.55795409215 1.29012874710743e-07 89.9806156797481 
      91.2248   1.08435e-09 7 112.494096412983 1.21983181340999e-07 91.2236856211962 
      92.4662   1.02669e-09 7 115.576531921764 1.1866135203392e-07 92.4650373600212 
      93.7245   9.72096e-10 7 118.743424991802 1.15429970760975e-07 93.7232873322346 
           95   9.20951e-10 7 118.80862178829 1.09416865181301e-07 94.9847746402482 
      96.2261    8.7378e-10 7 118.748358886339 1.03759980169978e-07 96.2281504962427 
      97.4679    8.2972e-10 7 121.830256191935 1.01084977629922e-07 97.4675529657912 
      98.7259    7.8788e-10 7 124.992053293441 9.84787207790805e-08 98.7230607220253 
          100   7.48459e-10 7 125.05474288804 9.35983020828662e-08 99.9846637446364 
      101.227   7.12094e-10 8 124.992243701266 8.9006251661616e-08 101.224345409231 
       102.47   6.77709e-10 7 128.08480827581 8.68042774304137e-08 102.471315183212 
      103.727   6.45141e-10 8 131.246109407196 8.46722819604186e-08 103.727354548934 
          105   6.14546e-10 7 131.297508682421 8.06882971679439e-08 104.981769394603 
      106.228   5.85859e-10 8 131.249084496034 7.68934210246888e-08 106.230753423816 
      107.471    5.5902e-10 7 134.333808598862 7.50953464173432e-08 107.470225558071 
      108.728   5.33377e-10 8 137.493132403476 7.3335730208994e-08 108.725952327342 
          110   5.03604e-10 10 203.532100483583 1.02499648613297e-07 110.279892556544 
      112.419   4.65942e-10 13 274.966884894901 1.28118744361312e-07 112.418203957615 
      114.891   4.26722e-10 13 287.193296742129 1.22551814873309e-07 114.890359540595 
      117.418   3.90804e-10 13 299.963346820779 1.17226764213705e-07 117.416887221492 
          120   3.58525e-10 13 300.362180704224 1.07687370921605e-07 119.948415653132 
      122.425   3.30104e-10 14 299.97016026259 9.90212478776482e-08 122.425003449698 
        124.9   3.04454e-10 14 312.218828819317 9.50563373292722e-08 124.899480797666 
      127.424   2.80798e-10 14 324.967646184023 9.12501853191338e-08 127.423973186684 
          130   2.59385e-10 13 325.327329551668 8.43850990550897e-08 129.949683706079 
      132.431   2.40301e-10 13 324.971767787722 7.80909631028532e-08 132.430471211044 
      134.907   2.22962e-10 13 337.239111499777 7.51915917618455e-08 134.906884686759 
       137.43   2.06873e-10 14 349.970377828637 7.23993566810159e-08 137.429920028935 
          140   1.92189e-10 13 350.311712192839 6.73259950948611e-08 139.956460798739 
      142.436   1.79025e-10 14 349.973959661482 6.26541223819913e-08 142.435223202557 
      144.914   1.66969e-10 14 362.257195727859 6.04858316977799e-08 144.913191950353 
      147.435   1.55725e-10 14 374.971534238483 5.83925751973563e-08 147.43427782294 
          150   1.37264e-10 35 1046.10534426283 1.43593025814146e-07 152.075829589372 
      161.185   1.18405e-10 21 695.44724011074 8.23444548249495e-08 157.764623314449 
      173.205             0 0 0 0 0 
      186.121             0 0 0 0 0 
          200             0 0 0 0 0 
      211.474             0 0 0 0 0 
      223.607             0 0 0 0 0 
      236.435             0 0 0 0 0 
          250             0 0 0 0 0 
      261.659             0 0 0 0 0 
      273.861             0 0 0 0 0 
      286.633             0 0 0 0 0 
          300             0 0 0 0 0 
      322.371             0 0 0 0 0 
       346.41             0 0 0 0 0 
      372.242             0 0 0 0 0 
          400             0 0 0 0 0 
      422.949             0 0 0 0 0 
      447.214             0 0 0 0 0 
      472.871             0 0 0 0 0 
          500             0 0 0 0 0 
      543.879             0 0 0 0 0 
      591.608             0 0 0 0 0 
      643.526             0 0 0 0 0 
          700             0 0 0 0 0 
      765.286             0 0 0 0 0 
       836.66             0 0 0 0 0 
      914.691             0 0 0 0 0 
         1000             0 0 0 0 0 
      1106.68             0 0 0 0 0 
      1224.74             0 0 0 0 0 
       1355.4             0 0 0 0 0 
         1500             0 0 0 0 0 
      1660.02             0 0 0 0 0 
      1837.12             0 0 0 0 0 
       2033.1             0 0 0 0 0 
         2250             0 0 0 0 0 
      2485.41             0 0 0 0 0 
      2745.45             0 0 0 0 0 
       3032.7             0 0 0 0 0 
         3350             0 0 0 0 0 
      3702.76             0 0 0 0 0 
      4092.68             0 0 0 0 0 
      4523.65             0 0 0 0 0 
         5000             0 0 0 0 0 
      5514.87             0 0 0 0 0 
      6082.76             0 0 0 0 0 
      6709.13             0 0 0 0 0 
         7400             0 0 0 0 0 
      8170.94             0 0 0 0 0 
      9022.19             0 0 0 0 0 
      9962.14             0 0 0 0 0 
        11000             0 0 0 0 0 
      11469.1             0 0 0 0 0 
      11958.3             0 0 0 0 0 
      12468.3             0 0 0 0 0 
        13000             0 0 0 0 0 
      13692.7             0 0 0 0 0 
      14422.2             0 0 0 0 0 
      15190.6             0 0 0 0 0 
        16000             0 0 0 0 0 
      17706.9             0 0 0 0 0 
      19595.9             0 0 0 0 0 
      21686.4             0 0 0 0 0 
        24000             0 0 0 0 0 
      26560.4             0 0 0 0 0 
      29393.9             0 0 0 0 0 
      32529.7             0 0 0 0 0 
        36000             0 0 0 0 0 
