4000.0 4.75e-07 0
4500.0 1.76e-07 0
5000.0 9.05e-07 0
5500.0 4.81e-07 0
6000.0 4.3e-07 0
6500.0 5.19e-07 0
6880.0 0.00752 0
6890.0 0.0118 0
6900.0 0.017 0
6910.0 0.0252 0
6920.0 0.0354 0
6930.0 0.0487 0
6940.0 0.0656 0
6950.0 0.0854 0
6960.0 0.11 0
6970.0 0.136 0
6980.0 0.166 0
6990.0 0.2 0
7000.0 0.206 0
7010.0 0.249 0
7020.0 0.283 0
7030.0 0.329 0
7040.0 0.369 0
7050.0 0.409 0
7060.0 0.446 0
7070.0 0.488 0
7080.0 0.527 0
7090.0 0.562 0
7100.0 0.587 0
7110.0 0.622 0
7120.0 0.64 0
7130.0 0.669 0
7140.0 0.685 0
7150.0 0.717 0
7160.0 0.723 0
7170.0 0.74 0
7180.0 0.766 0
7190.0 0.782 0
7200.0 0.811 0
7210.0 0.822 0
7220.0 0.836 0
7230.0 0.847 0
7240.0 0.868 0
7250.0 0.871 0
7260.0 0.901 0
7270.0 0.896 0
7280.0 0.898 0
7290.0 0.903 0
7300.0 0.906 0
7310.0 0.904 0
7320.0 0.918 0
7330.0 0.908 0
7340.0 0.927 0
7350.0 0.923 0
7360.0 0.92 0
7370.0 0.933 0
7380.0 0.913 0
7390.0 0.954 0
7400.0 0.939 0
7410.0 0.938 0
7420.0 0.937 0
7430.0 0.947 0
7440.0 0.959 0
7450.0 0.954 0
7460.0 0.981 0
7470.0 0.934 0
7480.0 0.944 0
7490.0 0.973 0
7500.0 0.952 0
7510.0 0.929 0
7520.0 0.959 0
7530.0 0.938 0
7540.0 0.935 0
7550.0 0.931 0
7560.0 0.91 0
7570.0 0.921 0
7580.0 0.94 0
7590.0 0.926 0
7600.0 0.915 0
7610.0 0.947 0
7620.0 0.903 0
7630.0 0.952 0
7640.0 0.958 0
7650.0 0.965 0
7660.0 0.984 0
7670.0 0.975 0
7680.0 0.972 0
7690.0 0.974 0
7700.0 0.95 0
7710.0 0.962 0
7720.0 0.943 0
7730.0 0.956 0
7740.0 0.93 0
7750.0 0.936 0
7760.0 0.944 0
7770.0 0.926 0
7780.0 0.919 0
7790.0 0.907 0
7800.0 0.923 0
7810.0 0.923 0
7820.0 0.927 0
7830.0 0.934 0
7840.0 0.94 0
7850.0 0.947 0
7860.0 0.949 0
7870.0 0.969 0
7880.0 0.961 0
7890.0 0.963 0
7900.0 0.969 0
7910.0 0.969 0
7920.0 0.98 0
7930.0 0.964 0
7940.0 0.964 0
7950.0 0.978 0
7960.0 0.944 0
7970.0 0.967 0
7980.0 0.961 0
7990.0 0.978 0
8000.0 0.958 0
8010.0 0.964 0
8020.0 0.959 0
8030.0 0.945 0
8040.0 0.971 0
8050.0 0.956 0
8060.0 0.967 0
8070.0 0.955 0
8080.0 0.956 0
8090.0 0.967 0
8100.0 0.95 0
8110.0 0.967 0
8120.0 0.971 0
8130.0 0.986 0
8140.0 0.96 0
8150.0 0.946 0
8160.0 0.97 0
8170.0 0.962 0
8180.0 0.949 0
8190.0 0.959 0
8200.0 0.95 0
8210.0 0.969 0
8220.0 0.955 0
8230.0 0.949 0
8240.0 0.956 0
8250.0 0.958 0
8260.0 0.962 0
8270.0 0.952 0
8280.0 0.967 0
8290.0 0.962 0
8300.0 0.955 0
8310.0 0.946 0
8320.0 0.954 0
8330.0 0.955 0
8340.0 0.951 0
8350.0 0.953 0
8360.0 0.953 0
8370.0 0.951 0
8380.0 0.956 0
8390.0 0.943 0
8400.0 0.961 0
8410.0 0.948 0
8420.0 0.956 0
8430.0 0.962 0
8440.0 0.962 0
8450.0 0.965 0
8460.0 0.942 0
8470.0 0.959 0
8480.0 0.962 0
8490.0 0.958 0
8500.0 0.947 0
8510.0 0.956 0
8520.0 0.951 0
8530.0 0.981 0
8540.0 0.947 0
8550.0 0.963 0
8560.0 0.981 0
8570.0 0.991 0
8580.0 0.951 0
8590.0 0.983 0
8600.0 0.961 0
8610.0 0.963 0
8620.0 0.961 0
8630.0 0.974 0
8640.0 0.975 0
8650.0 0.959 0
8660.0 0.97 0
8670.0 0.97 0
8680.0 0.956 0
8690.0 0.964 0
8700.0 0.959 0
8710.0 0.95 0
8720.0 0.966 0
8730.0 0.952 0
8740.0 0.954 0
8750.0 0.956 0
8760.0 0.944 0
8770.0 0.959 0
8780.0 0.96 0
8790.0 0.959 0
8800.0 0.957 0
8810.0 0.966 0
8820.0 0.965 0
8830.0 0.967 0
8840.0 0.968 0
8850.0 0.975 0
8860.0 0.97 0
8870.0 0.969 0
8880.0 0.962 0
8890.0 0.964 0
8900.0 0.961 0
8910.0 0.968 0
8920.0 0.942 0
8930.0 0.942 0
8940.0 0.954 0
8950.0 0.948 0
8960.0 0.94 0
8970.0 0.926 0
8980.0 0.937 0
8990.0 0.935 0
9000.0 0.941 0
9010.0 0.95 0
9020.0 0.95 0
9030.0 0.947 0
9040.0 0.944 0
9050.0 0.945 0
9060.0 0.936 0
9070.0 0.94 0
9080.0 0.951 0
9090.0 0.931 0
9100.0 0.935 0
9110.0 0.923 0
9120.0 0.946 0
9130.0 0.939 0
9140.0 0.926 0
9150.0 0.932 0
9160.0 0.939 0
9170.0 0.932 0
9180.0 0.937 0
9190.0 0.937 0
9200.0 0.942 0
9210.0 0.951 0
9220.0 0.946 0
9230.0 0.95 0
9240.0 0.948 0
9250.0 0.945 0
9260.0 0.956 0
9270.0 0.961 0
9280.0 0.956 0
9290.0 0.95 0
9300.0 0.956 0
9310.0 0.952 0
9320.0 0.957 0
9330.0 0.949 0
9340.0 0.947 0
9350.0 0.949 0
9360.0 0.945 0
9370.0 0.943 0
9380.0 0.941 0
9390.0 0.935 0
9400.0 0.936 0
9410.0 0.928 0
9420.0 0.898 0
9430.0 0.914 0
9440.0 0.908 0
9450.0 0.899 0
9460.0 0.892 0
9470.0 0.881 0
9480.0 0.882 0
9490.0 0.874 0
9500.0 0.879 0
9510.0 0.885 0
9520.0 0.896 0
9530.0 0.902 0
9540.0 0.903 0
9550.0 0.87 0
9560.0 0.804 0
9570.0 0.692 0
9580.0 0.553 0
9590.0 0.403 0
9600.0 0.276 0
9610.0 0.177 0
9620.0 0.11 0
9630.0 0.0688 0
9640.0 0.044 0
9650.0 0.0289 0
9660.0 0.0191 0
9670.0 0.0132 0
9680.0 0.00934 0
9690.0 0.00666 0
9700.0 0.00486 0
9710.0 0.00371 0
9720.0 0.00406 0
9760.0 0.00233 0
9800.0 0.000906 0
9820.0 0.000519 0
9840.0 0.000618 0
9880.0 0.000783 0
9920.0 0.000335 0
9960.0 0.000165 0
10000.0 4.81e-05 0
10040.0 4.43e-05 0
10080.0 3.47e-05 0
10120.0 3.34e-05 0
10160.0 2.19e-05 0
10200.0 2.35e-05 0
10210.0 1.92e-05 0
10240.0 2.44e-05 0
10280.0 1.22e-05 0
10320.0 1.96e-05 0
10360.0 1.14e-05 0
10400.0 1.55e-05 0
10440.0 1.24e-05 0
10480.0 1.7e-05 0
10600.0 9.16e-06 0
