TEFF  12750.  GRAVITY 4.00000 LTE 
TITLE   [0.0] VTURB=2  L/H=1.25 NOVER NEW ODF                     
FLUX    1     9.09        3.298047E+16   0.0000E+00   0.0000E+00   1.00000
FLUX    2     9.35        3.206337E+16   0.0000E+00   0.0000E+00   1.00000
FLUX    3     9.61        3.119589E+16   0.0000E+00   0.0000E+00   1.00000
FLUX    4     9.77        3.068500E+16   0.0000E+00   0.0000E+00   1.00000
FLUX    5     9.96        3.009965E+16   0.0000E+00   0.0000E+00   1.00000
FLUX    6    10.20        2.939142E+16   0.0000E+00   0.0000E+00   1.00000
FLUX    7    10.38        2.888174E+16   0.0000E+00   0.0000E+00   1.00000
FLUX    8    10.56        2.838944E+16   0.0000E+00   0.0000E+00   1.00000
FLUX    9    10.77        2.783588E+16   0.0000E+00   0.0000E+00   1.00000
FLUX   10    11.04        2.715512E+16   0.0000E+00   0.0000E+00   1.00000
FLUX   11    11.40        2.629759E+16   0.0000E+00   0.0000E+00   1.00000
FLUX   12    11.78        2.544928E+16   0.0000E+00   0.0000E+00   1.00000
FLUX   13    12.13        2.471496E+16   0.0000E+00   0.0000E+00   1.00000
FLUX   14    12.48        2.402184E+16   0.0000E+00   0.0000E+00   1.00000
FLUX   15    12.71        2.358714E+16   0.0000E+00   0.0000E+00   1.00000
FLUX   16    12.84        2.334832E+16   0.0000E+00   0.0000E+00   1.00000
FLUX   17    13.05        2.297261E+16   0.0000E+00   0.0000E+00   1.00000
FLUX   18    13.24        2.264294E+16   0.0000E+00   0.0000E+00   1.00000
FLUX   19    13.39        2.238928E+16   0.0000E+00   0.0000E+00   1.00000
FLUX   20    13.66        2.194674E+16   0.0000E+00   0.0000E+00   1.00000
FLUX   21    13.98        2.144439E+16   0.0000E+00   0.0000E+00   1.00000
FLUX   22    14.33        2.092062E+16   0.0000E+00   0.0000E+00   1.00000
FLUX   23    14.72        2.036634E+16   0.0000E+00   0.0000E+00   1.00000
FLUX   24    15.10        1.985381E+16   0.0000E+00   0.0000E+00   1.00000
FLUX   25    15.52        1.931653E+16   0.0000E+00   0.0000E+00   1.00000
FLUX   26    15.88        1.887862E+16   0.0000E+00   0.0000E+00   1.00000
FLUX   27    16.20        1.850571E+16   0.0000E+00   0.0000E+00   1.00000
FLUX   28    16.60        1.805979E+16   0.0000E+00   0.0000E+00   1.00000
FLUX   29    17.03        1.760379E+16   0.0000E+00   0.0000E+00   1.00000
FLUX   30    17.34        1.728907E+16   0.0000E+00   0.0000E+00   1.00000
FLUX   31    17.68        1.695659E+16   0.0000E+00   0.0000E+00   1.00000
FLUX   32    18.02        1.663665E+16   0.0000E+00   0.0000E+00   1.00000
FLUX   33    18.17        1.649931E+16   0.0000E+00   0.0000E+00   1.00000
FLUX   34    18.61        1.610921E+16   0.0000E+00   0.0000E+00   1.00000
FLUX   35    19.10        1.569594E+16   0.0000E+00   0.0000E+00   1.00000
FLUX   36    19.39        1.546119E+16   0.0000E+00   0.0000E+00   1.00000
FLUX   37    19.84        1.511051E+16   0.0000E+00   0.0000E+00   1.00000
FLUX   38    20.18        1.485592E+16   0.0000E+00   0.0000E+00   1.00000
FLUX   39    20.50        1.462402E+16   0.0000E+00   0.0000E+00   1.00000
FLUX   40    21.05        1.424192E+16   9.5132E-38   9.5474E-38   0.99642
FLUX   41    21.62        1.386644E+16   7.5839E-37   7.6099E-37   0.99658
FLUX   42    21.98        1.363933E+16   2.5378E-36   2.5463E-36   0.99666
FLUX   43    22.30        1.344361E+16   7.1067E-36   7.1299E-36   0.99675
FLUX   44    22.68        1.321836E+16   2.3451E-35   2.3525E-35   0.99685
FLUX   45    23.00        1.303446E+16   6.2692E-35   6.2914E-35   0.99647
FLUX   46    23.40        1.281165E+16   2.0466E-34   2.0529E-34   0.99693
FLUX   47    24.00        1.249135E+16   1.1310E-33   1.1343E-33   0.99709
FLUX   48    24.65        1.216197E+16   6.6405E-33   6.6591E-33   0.99721
FLUX   49    25.24        1.187767E+16   3.0881E-32   3.0965E-32   0.99729
FLUX   50    25.68        1.167416E+16   9.3295E-32   9.3546E-32   0.99732
FLUX   51    26.00        1.153048E+16   2.0422E-31   2.0474E-31   0.99746
FLUX   52    26.40        1.135578E+16   5.3093E-31   5.3228E-31   0.99746
FLUX   53    26.85        1.116546E+16   1.4990E-30   1.5026E-30   0.99760
FLUX   54    27.35        1.096133E+16   4.5762E-30   4.5870E-30   0.99765
FLUX   55    27.85        1.076454E+16   1.3570E-29   1.3601E-29   0.99772
FLUX   56    28.40        1.055607E+16   4.2963E-29   4.3055E-29   0.99786
FLUX   57    29.00        1.033767E+16   1.4417E-28   1.4447E-28   0.99792
FLUX   58    29.60        1.012812E+16   4.6111E-28   4.6116E-28   0.99989
FLUX   59    30.10        9.959883E+15   1.1812E-27   1.1820E-27   0.99932
FLUX   60    30.80        9.733523E+15   4.2018E-27   4.2023E-27   0.99988
FLUX   61    31.80        9.427437E+15   2.3531E-26   2.3532E-26   0.99996
FLUX   62    32.80        9.140016E+15   1.1978E-25   1.1979E-25   0.99992
FLUX   63    33.80        8.869601E+15   5.5672E-25   5.5673E-25   0.99998
FLUX   64    34.80        8.614727E+15   2.3889E-24   2.3892E-24   0.99987
FLUX   65    35.70        8.397549E+15   8.4117E-24   8.4152E-24   0.99958
FLUX   66    36.60        8.191052E+15   2.7601E-23   2.7608E-23   0.99975
FLUX   67    37.50        7.994466E+15   8.5477E-23   8.5661E-23   0.99785
FLUX   68    38.50        7.786818E+15   2.8417E-22   2.8445E-22   0.99902
FLUX   69    39.50        7.589683E+15   8.8842E-22   8.9042E-22   0.99775
FLUX   70    40.50        7.402284E+15   2.6414E-21   2.6428E-21   0.99947
FLUX   71    41.40        7.241364E+15   6.7374E-21   6.7410E-21   0.99947
FLUX   72    42.20        7.104087E+15   1.4978E-20   1.5001E-20   0.99847
FLUX   73    43.00        6.971918E+15   3.2258E-20   3.2426E-20   0.99482
FLUX   74    44.10        6.798016E+15   8.9460E-20   8.9542E-20   0.99908
FLUX   75    45.10        6.647284E+15   2.1591E-19   2.1606E-19   0.99931
FLUX   76    46.00        6.517228E+15   4.6208E-19   4.6235E-19   0.99942
FLUX   77    47.00        6.378564E+15   1.0403E-18   1.0412E-18   0.99914
FLUX   78    48.00        6.245677E+15   2.2647E-18   2.2662E-18   0.99934
FLUX   79    49.00        6.118214E+15   4.7838E-18   4.7846E-18   0.99983
FLUX   80    50.00        5.995850E+15   9.7899E-18   9.7906E-18   0.99993
FLUX   81    50.60        5.924753E+15   1.3376E-16   2.1033E-16   0.63595
FLUX   82    51.20        5.855322E+15   2.9629E-16   3.0687E-16   0.96552
FLUX   83    52.00        5.765240E+15   4.6147E-16   4.7652E-16   0.96842
FLUX   84    53.00        5.656462E+15   7.9103E-16   8.1153E-16   0.97474
FLUX   85    54.00        5.551713E+15   1.2901E-15   1.3567E-15   0.95091
FLUX   86    55.00        5.450773E+15   2.2014E-15   2.2297E-15   0.98731
FLUX   87    56.00        5.353437E+15   3.5624E-15   3.6033E-15   0.98865
FLUX   88    57.00        5.259518E+15   5.7248E-15   5.7310E-15   0.99892
FLUX   89    58.00        5.168836E+15   8.5859E-15   9.0677E-15   0.94687
FLUX   90    59.00        5.081229E+15   1.3786E-14   1.3988E-14   0.98556
FLUX   91    60.00        4.996542E+15   2.1010E-14   2.1284E-14   0.98713
FLUX   92    61.00        4.914631E+15   3.1944E-14   3.1965E-14   0.99934
FLUX   93    62.00        4.835363E+15   4.7146E-14   4.7413E-14   0.99437
FLUX   94    63.00        4.758611E+15   6.9414E-14   6.9496E-14   0.99882
FLUX   95    64.00        4.684258E+15   9.9450E-14   1.0076E-13   0.98700
FLUX   96    65.00        4.612193E+15   1.4408E-13   1.4451E-13   0.99702
FLUX   97    65.80        4.556117E+15   1.9121E-13   1.9139E-13   0.99906
FLUX   98    66.50        4.508158E+15   2.4178E-13   2.4343E-13   0.99322
FLUX   99    67.50        4.441370E+15   3.3689E-13   3.4040E-13   0.98969
FLUX  100    68.50        4.376533E+15   4.6742E-13   4.7153E-13   0.99128
FLUX  101    69.50        4.313561E+15   6.4641E-13   6.4732E-13   0.99859
FLUX  102    70.50        4.252376E+15   8.7661E-13   8.8092E-13   0.99511
FLUX  103    71.60        4.187046E+15   1.2183E-12   1.2246E-12   0.99486
FLUX  104    72.60        4.129373E+15   1.6353E-12   1.6383E-12   0.99817
FLUX  105    73.50        4.078809E+15   2.1035E-12   2.1153E-12   0.99442
FLUX  106    74.50        4.024060E+15   2.7801E-12   2.7905E-12   0.99627
FLUX  107    75.50        3.970761E+15   3.6432E-12   3.6547E-12   0.99685
FLUX  108    76.50        3.918856E+15   4.7277E-12   4.7558E-12   0.99409
FLUX  109    77.50        3.868290E+15   6.1321E-12   6.1452E-12   0.99787
FLUX  110    78.50        3.819013E+15   7.8877E-12   7.8900E-12   0.99971
FLUX  111    79.50        3.770975E+15   9.9971E-12   1.0068E-11   0.99296
FLUX  112    80.50        3.724130E+15   1.2722E-11   1.2770E-11   0.99624
FLUX  113    81.50        3.678435E+15   1.6051E-11   1.6104E-11   0.99671
FLUX  114    82.50        3.633848E+15   2.0122E-11   2.0198E-11   0.99624
FLUX  115    83.50        3.590329E+15   2.4897E-11   2.5199E-11   0.98802
FLUX  116    84.50        3.547840E+15   3.1161E-11   3.1273E-11   0.99642
FLUX  117    85.50        3.506345E+15   3.8392E-11   3.8619E-11   0.99412
FLUX  118    86.50        3.465809E+15   4.7368E-11   4.7454E-11   0.99819
FLUX  119    87.50        3.426200E+15   5.7725E-11   5.8037E-11   0.99462
FLUX  120    88.50        3.387486E+15   7.0639E-11   7.0662E-11   0.99967
FLUX  121    89.50        3.349637E+15   8.5589E-11   8.5655E-11   0.99923
FLUX  122    90.50        3.312624E+15   1.0218E-10   1.0339E-10   0.98830
FLUX  123    91.50        3.276421E+15   1.2126E-09   7.1772E-06   0.00017
FLUX  124    92.50        3.241000E+15   7.4878E-09   8.0433E-06   0.00093
FLUX  125    93.50        3.206337E+15   1.2147E-08   8.4229E-06   0.00144
FLUX  126    94.50        3.172407E+15   2.8473E-08   8.5858E-06   0.00332
FLUX  127    95.50        3.139188E+15   1.6051E-07   8.6644E-06   0.01853
FLUX  128    96.50        3.106658E+15   2.6122E-07   8.5819E-06   0.03044
FLUX  129    97.50        3.074795E+15   6.8029E-08   8.3601E-06   0.00814
FLUX  130    98.50        3.043579E+15   9.2776E-07   8.4424E-06   0.10989
FLUX  131    99.50        3.012990E+15   1.3199E-06   8.2373E-06   0.16023
FLUX  132   100.50        2.983010E+15   1.5647E-06   7.9326E-06   0.19725
FLUX  133   101.50        2.953621E+15   8.1076E-07   7.4572E-06   0.10872
FLUX  134   102.50        2.924805E+15   6.3863E-08   8.4731E-06   0.00754
FLUX  135   103.50        2.896546E+15   4.7069E-07   8.6614E-06   0.05434
FLUX  136   104.50        2.868828E+15   2.3131E-06   8.8471E-06   0.26145
FLUX  137   105.50        2.841635E+15   3.3645E-06   9.0775E-06   0.37064
FLUX  138   106.50        2.814953E+15   3.1345E-06   9.4957E-06   0.33010
FLUX  139   107.50        2.788767E+15   4.1123E-06   1.0100E-05   0.40716
FLUX  140   108.50        2.763064E+15   4.1619E-06   1.0795E-05   0.38554
FLUX  141   109.50        2.737831E+15   4.7617E-06   1.1470E-05   0.41514
FLUX  142   110.50        2.713054E+15   5.8536E-06   3.5831E-05   0.16337
FLUX  143   111.50        2.688722E+15   1.0996E-05   3.7360E-05   0.29433
FLUX  144   112.50        2.664822E+15   1.2649E-05   3.8501E-05   0.32854
FLUX  145   113.50        2.641344E+15   1.5052E-05   4.0317E-05   0.37334
FLUX  146   114.50        2.618275E+15   1.3688E-05   4.0893E-05   0.33473
FLUX  147   115.50        2.595606E+15   1.6173E-05   4.1220E-05   0.39236
FLUX  148   116.50        2.573326E+15   1.8133E-05   4.1284E-05   0.43923
FLUX  149   117.50        2.551426E+15   1.7034E-05   4.1323E-05   0.41222
FLUX  150   118.50        2.529894E+15   1.4784E-05   4.3176E-05   0.34241
FLUX  151   119.50        2.508724E+15   2.1308E-06   4.3385E-05   0.04911
FLUX  152   120.50        2.487905E+15   1.9391E-06   4.3559E-05   0.04452
FLUX  153   121.50        2.467428E+15   1.8025E-07   4.3705E-05   0.00412
FLUX  154   122.50        2.447286E+15   1.1587E-06   4.4691E-05   0.02593
FLUX  155   123.50        2.427470E+15   1.0678E-05   4.4802E-05   0.23834
FLUX  156   124.50        2.407972E+15   2.0633E-05   4.7207E-05   0.43708
FLUX  157   125.50        2.388785E+15   2.5462E-05   4.9360E-05   0.51584
FLUX  158   126.50        2.369901E+15   1.8607E-05   5.0429E-05   0.36897
FLUX  159   127.50        2.351314E+15   2.8071E-05   5.0956E-05   0.55089
FLUX  160   128.50        2.333015E+15   3.4366E-05   5.1376E-05   0.66891
FLUX  161   129.50        2.315000E+15   2.6296E-05   5.1652E-05   0.50910
FLUX  162   130.50        2.297260E+15   1.5946E-05   5.1889E-05   0.30731
FLUX  163   131.50        2.279791E+15   3.0887E-05   5.2078E-05   0.59309
FLUX  164   132.50        2.262585E+15   3.4103E-05   5.2252E-05   0.65266
FLUX  165   133.50        2.245637E+15   2.9689E-05   5.2408E-05   0.56650
FLUX  166   134.50        2.228941E+15   3.7974E-05   5.2546E-05   0.72268
FLUX  167   135.50        2.212491E+15   3.6160E-05   5.2674E-05   0.68649
FLUX  168   136.50        2.196282E+15   3.1581E-05   5.2797E-05   0.59816
FLUX  169   137.50        2.180309E+15   3.6217E-05   5.2913E-05   0.68446
FLUX  170   138.50        2.164567E+15   3.7173E-05   5.3021E-05   0.70110
FLUX  171   139.50        2.149050E+15   3.7853E-05   5.3123E-05   0.71255
FLUX  172   140.50        2.133754E+15   3.8284E-05   5.3221E-05   0.71934
FLUX  173   141.50        2.118675E+15   3.5714E-05   5.3315E-05   0.66987
FLUX  174   142.50        2.103807E+15   3.8484E-05   5.3439E-05   0.72015
FLUX  175   143.50        2.089146E+15   3.6285E-05   5.3525E-05   0.67791
FLUX  176   144.20        2.079005E+15   4.0752E-05   5.3583E-05   0.76054
FLUX  177   144.70        2.071821E+15   4.3184E-05   5.3975E-05   0.80007
FLUX  178   145.50        2.060429E+15   4.2656E-05   5.4037E-05   0.78939
FLUX  179   146.50        2.046365E+15   4.0007E-05   5.4111E-05   0.73935
FLUX  180   147.50        2.032492E+15   3.8249E-05   5.4182E-05   0.70594
FLUX  181   148.50        2.018805E+15   4.0230E-05   5.4249E-05   0.74158
FLUX  182   149.50        2.005301E+15   4.3073E-05   5.4313E-05   0.79305
FLUX  183   150.50        1.991977E+15   4.2492E-05   5.4374E-05   0.78148
FLUX  184   151.20        1.982755E+15   3.9333E-05   5.4415E-05   0.72283
FLUX  185   151.70        1.976220E+15   4.3230E-05   5.4607E-05   0.79166
FLUX  186   152.50        1.965852E+15   4.0497E-05   5.4938E-05   0.73714
FLUX  187   153.50        1.953046E+15   3.7988E-05   5.5098E-05   0.68946
FLUX  188   154.50        1.940404E+15   4.3144E-05   5.5154E-05   0.78225
FLUX  189   155.50        1.927926E+15   3.8969E-05   5.5207E-05   0.70587
FLUX  190   156.50        1.915607E+15   3.7000E-05   5.5258E-05   0.66959
FLUX  191   157.50        1.903444E+15   3.8955E-05   5.5309E-05   0.70432
FLUX  192   158.50        1.891435E+15   4.2903E-05   5.5357E-05   0.77502
FLUX  193   159.50        1.879577E+15   4.4587E-05   5.5403E-05   0.80478
FLUX  194   160.50        1.867866E+15   4.2299E-05   5.5447E-05   0.76287
FLUX  195   161.50        1.856300E+15   4.3243E-05   5.5489E-05   0.77931
FLUX  196   162.50        1.844877E+15   4.0122E-05   5.5530E-05   0.72253
FLUX  197   163.50        1.833593E+15   4.2189E-05   5.5569E-05   0.75922
FLUX  198   164.50        1.822447E+15   4.3622E-05   5.5606E-05   0.78448
FLUX  199   165.50        1.811435E+15   3.8889E-05   5.5643E-05   0.69890
FLUX  200   166.50        1.800556E+15   4.3546E-05   5.5678E-05   0.78210
FLUX  201   167.20        1.793017E+15   3.6123E-05   5.5702E-05   0.64850
FLUX  202   167.70        1.787671E+15   4.2318E-05   5.5762E-05   0.75890
FLUX  203   168.50        1.779184E+15   4.6325E-05   5.5809E-05   0.83006
FLUX  204   169.50        1.768687E+15   4.4077E-05   5.5839E-05   0.78936
FLUX  205   170.50        1.758314E+15   4.1807E-05   5.5869E-05   0.74830
FLUX  206   171.50        1.748061E+15   3.9730E-05   5.5899E-05   0.71075
FLUX  207   172.50        1.737928E+15   3.9679E-05   5.5927E-05   0.70948
FLUX  208   173.50        1.727911E+15   4.2294E-05   5.5954E-05   0.75587
FLUX  209   174.50        1.718009E+15   4.2297E-05   5.5980E-05   0.75557
FLUX  210   175.50        1.708219E+15   4.6317E-05   5.6005E-05   0.82702
FLUX  211   176.50        1.698541E+15   4.0799E-05   5.6029E-05   0.72818
FLUX  212   177.50        1.688972E+15   4.4391E-05   5.6052E-05   0.79196
FLUX  213   178.50        1.679510E+15   4.5534E-05   5.6074E-05   0.81203
FLUX  214   179.50        1.670153E+15   4.8821E-05   5.6096E-05   0.87031
FLUX  215   180.50        1.660900E+15   4.7848E-05   5.6116E-05   0.85266
FLUX  216   181.50        1.651749E+15   4.6746E-05   5.6136E-05   0.83273
FLUX  217   182.50        1.642699E+15   4.6213E-05   5.6156E-05   0.82294
FLUX  218   183.50        1.633747E+15   4.4831E-05   5.6182E-05   0.79796
FLUX  219   184.50        1.624892E+15   4.2392E-05   5.6206E-05   0.75423
FLUX  220   185.50        1.616132E+15   4.2826E-05   5.6230E-05   0.76162
FLUX  221   186.50        1.607466E+15   4.3755E-05   5.6253E-05   0.77783
FLUX  222   187.50        1.598893E+15   4.7874E-05   5.6276E-05   0.85070
FLUX  223   188.50        1.590411E+15   4.5973E-05   5.6298E-05   0.81660
FLUX  224   189.50        1.582018E+15   4.4965E-05   5.6320E-05   0.79838
FLUX  225   190.50        1.573714E+15   4.6081E-05   5.6340E-05   0.81791
FLUX  226   191.50        1.565496E+15   4.6103E-05   5.6399E-05   0.81744
FLUX  227   192.50        1.557364E+15   4.6299E-05   5.6419E-05   0.82063
FLUX  228   193.50        1.549315E+15   4.7373E-05   5.6439E-05   0.83937
FLUX  229   194.50        1.541350E+15   4.8570E-05   5.6458E-05   0.86029
FLUX  230   195.50        1.533465E+15   4.7011E-05   5.6477E-05   0.83239
FLUX  231   196.70        1.524110E+15   5.0573E-05   5.6500E-05   0.89510
FLUX  232   197.60        1.517168E+15   5.1784E-05   5.6519E-05   0.91622
FLUX  233   198.40        1.511051E+15   4.9705E-05   5.6542E-05   0.87908
FLUX  234   199.50        1.502719E+15   4.7953E-05   5.6563E-05   0.84778
FLUX  235   200.50        1.495224E+15   4.9480E-05   5.6580E-05   0.87451
FLUX  236   201.50        1.487804E+15   4.6619E-05   5.6598E-05   0.82369
FLUX  237   202.50        1.480457E+15   4.9959E-05   5.6615E-05   0.88243
FLUX  238   203.50        1.473182E+15   4.8563E-05   5.6631E-05   0.85753
FLUX  239   204.50        1.465978E+15   5.0321E-05   5.6648E-05   0.88831
FLUX  240   205.50        1.458844E+15   4.8103E-05   5.6664E-05   0.84892
FLUX  241   206.50        1.451780E+15   4.8698E-05   5.6680E-05   0.85917
FLUX  242   207.40        1.445480E+15   5.0627E-05   5.6694E-05   0.89299
FLUX  243   207.80        1.442697E+15   5.0668E-05   5.6711E-05   0.89344
FLUX  244   208.50        1.437854E+15   5.1425E-05   5.6722E-05   0.90661
FLUX  245   209.50        1.430990E+15   4.9325E-05   5.6738E-05   0.86935
FLUX  246   210.50        1.424192E+15   4.9474E-05   5.6753E-05   0.87174
FLUX  247   211.50        1.417459E+15   4.9782E-05   5.6768E-05   0.87694
FLUX  248   212.50        1.410788E+15   5.0650E-05   5.6782E-05   0.89201
FLUX  249   213.50        1.404180E+15   4.5838E-05   5.6796E-05   0.80706
FLUX  250   214.50        1.397634E+15   4.9554E-05   5.6810E-05   0.87228
FLUX  251   215.50        1.391148E+15   5.0947E-05   5.6824E-05   0.89658
FLUX  252   216.50        1.384723E+15   4.8864E-05   5.6837E-05   0.85972
FLUX  253   217.50        1.378356E+15   4.8367E-05   5.6851E-05   0.85077
FLUX  254   218.50        1.372048E+15   4.7848E-05   5.6864E-05   0.84145
FLUX  255   219.50        1.365797E+15   5.0658E-05   5.6877E-05   0.89066
FLUX  256   220.50        1.359603E+15   4.9069E-05   5.6891E-05   0.86251
FLUX  257   221.50        1.353465E+15   4.6415E-05   5.6904E-05   0.81567
FLUX  258   222.50        1.347382E+15   4.4746E-05   5.6916E-05   0.78618
FLUX  259   223.50        1.341353E+15   4.9287E-05   5.6929E-05   0.86576
FLUX  260   224.50        1.335379E+15   4.5358E-05   5.6942E-05   0.79656
FLUX  261   225.50        1.329457E+15   4.4668E-05   5.6954E-05   0.78428
FLUX  262   226.50        1.323587E+15   4.6036E-05   5.6967E-05   0.80812
FLUX  263   227.50        1.317769E+15   4.8381E-05   5.6979E-05   0.84910
FLUX  264   228.50        1.312002E+15   4.9700E-05   5.6991E-05   0.87207
FLUX  265   229.50        1.306285E+15   4.7838E-05   5.7003E-05   0.83922
FLUX  266   230.50        1.300618E+15   4.6017E-05   5.7014E-05   0.80712
FLUX  267   231.50        1.295000E+15   4.4444E-05   5.7026E-05   0.77936
FLUX  268   232.50        1.289430E+15   4.4719E-05   5.7037E-05   0.78403
FLUX  269   233.50        1.283908E+15   4.2612E-05   5.7049E-05   0.74694
FLUX  270   234.50        1.278433E+15   4.1092E-05   5.7060E-05   0.72015
FLUX  271   235.50        1.273004E+15   4.4549E-05   5.7071E-05   0.78059
FLUX  272   236.50        1.267622E+15   4.1117E-05   5.7083E-05   0.72030
FLUX  273   237.50        1.262284E+15   4.2763E-05   5.7094E-05   0.74899
FLUX  274   238.50        1.256992E+15   3.9343E-05   5.7105E-05   0.68896
FLUX  275   239.50        1.251743E+15   4.3495E-05   5.7116E-05   0.76152
FLUX  276   240.50        1.246538E+15   4.1346E-05   5.7126E-05   0.72377
FLUX  277   241.50        1.241377E+15   4.2646E-05   5.7137E-05   0.74638
FLUX  278   242.50        1.236258E+15   4.4727E-05   5.7147E-05   0.78267
FLUX  279   243.50        1.231181E+15   4.2815E-05   5.7158E-05   0.74906
FLUX  280   244.50        1.226145E+15   4.6141E-05   5.7168E-05   0.80711
FLUX  281   245.50        1.221151E+15   4.4676E-05   5.7178E-05   0.78135
FLUX  282   246.50        1.216197E+15   4.5266E-05   5.7188E-05   0.79153
FLUX  283   247.50        1.211283E+15   4.3590E-05   5.7198E-05   0.76209
FLUX  284   248.50        1.206408E+15   4.6840E-05   5.7208E-05   0.81877
FLUX  285   249.50        1.201573E+15   4.5584E-05   5.7217E-05   0.79669
FLUX  286   250.50        1.196776E+15   4.8960E-05   5.7227E-05   0.85554
FLUX  287   251.30        1.192966E+15   4.5336E-05   5.7235E-05   0.79210
FLUX  288   251.80        1.190598E+15   4.6909E-05   5.7241E-05   0.81950
FLUX  289   252.50        1.187297E+15   4.4104E-05   5.7248E-05   0.77040
FLUX  290   253.50        1.182613E+15   4.4779E-05   5.7260E-05   0.78203
FLUX  291   254.50        1.177967E+15   4.4070E-05   5.7273E-05   0.76947
FLUX  292   255.50        1.173356E+15   4.6550E-05   5.7285E-05   0.81260
FLUX  293   256.50        1.168782E+15   4.6180E-05   5.7297E-05   0.80598
FLUX  294   257.50        1.164243E+15   4.9527E-05   5.7309E-05   0.86421
FLUX  295   258.50        1.159739E+15   4.9255E-05   5.7321E-05   0.85928
FLUX  296   259.50        1.155270E+15   4.9477E-05   5.7333E-05   0.86298
FLUX  297   260.50        1.150835E+15   4.7582E-05   5.7367E-05   0.82943
FLUX  298   261.50        1.146434E+15   4.7647E-05   5.7378E-05   0.83041
FLUX  299   262.50        1.142067E+15   4.9145E-05   5.7388E-05   0.85636
FLUX  300   263.50        1.137732E+15   4.9775E-05   5.7399E-05   0.86718
FLUX  301   264.50        1.133431E+15   5.3280E-05   5.7409E-05   0.92808
FLUX  302   265.50        1.129162E+15   5.2680E-05   5.7419E-05   0.91747
FLUX  303   266.50        1.124925E+15   4.9609E-05   5.7429E-05   0.86383
FLUX  304   267.50        1.120720E+15   5.1906E-05   5.7438E-05   0.90369
FLUX  305   268.50        1.116546E+15   5.1500E-05   5.7447E-05   0.89648
FLUX  306   269.50        1.112403E+15   5.0410E-05   5.7457E-05   0.87735
FLUX  307   270.50        1.108290E+15   5.1763E-05   5.7465E-05   0.90077
FLUX  308   271.50        1.104208E+15   4.9925E-05   5.7474E-05   0.86865
FLUX  309   272.50        1.100156E+15   5.0550E-05   5.7482E-05   0.87941
FLUX  310   273.50        1.096133E+15   5.3503E-05   5.7491E-05   0.93063
FLUX  311   274.50        1.092140E+15   4.7949E-05   5.7499E-05   0.83391
FLUX  312   275.50        1.088176E+15   4.7925E-05   5.7507E-05   0.83338
FLUX  313   276.50        1.084240E+15   4.9558E-05   5.7514E-05   0.86167
FLUX  314   277.50        1.080333E+15   5.2106E-05   5.7522E-05   0.90584
FLUX  315   278.50        1.076454E+15   5.2337E-05   5.7529E-05   0.90975
FLUX  316   279.50        1.072603E+15   4.6877E-05   5.7536E-05   0.81474
FLUX  317   280.50        1.068779E+15   5.0327E-05   5.7542E-05   0.87461
FLUX  318   281.50        1.064982E+15   5.3742E-05   5.7549E-05   0.93385
FLUX  319   282.50        1.061212E+15   5.3927E-05   5.7555E-05   0.93696
FLUX  320   283.50        1.057469E+15   5.1934E-05   5.7561E-05   0.90224
FLUX  321   284.50        1.053752E+15   5.0499E-05   5.7567E-05   0.87722
FLUX  322   285.50        1.050061E+15   5.0686E-05   5.7573E-05   0.88038
FLUX  323   286.50        1.046396E+15   5.2852E-05   5.7578E-05   0.91792
FLUX  324   287.50        1.042757E+15   5.1778E-05   5.7583E-05   0.89919
FLUX  325   288.50        1.039142E+15   5.2916E-05   5.7588E-05   0.91887
FLUX  326   289.50        1.035553E+15   5.2053E-05   5.7593E-05   0.90381
FLUX  327   291.00        1.030215E+15   5.5494E-05   5.7599E-05   0.96345
FLUX  328   293.00        1.023183E+15   5.4182E-05   5.7607E-05   0.94055
FLUX  329   295.00        1.016246E+15   5.4489E-05   5.7614E-05   0.94576
FLUX  330   297.00        1.009402E+15   5.4948E-05   5.7620E-05   0.95363
FLUX  331   299.00        1.002651E+15   5.5217E-05   5.7624E-05   0.95823
FLUX  332   301.00        9.959884E+14   5.6578E-05   5.7628E-05   0.98178
FLUX  333   303.00        9.894142E+14   5.6496E-05   5.7630E-05   0.98032
FLUX  334   305.00        9.829262E+14   5.6183E-05   5.7631E-05   0.97487
FLUX  335   307.00        9.765228E+14   5.6038E-05   5.7631E-05   0.97236
FLUX  336   309.00        9.702022E+14   5.6714E-05   5.7630E-05   0.98411
FLUX  337   311.00        9.639630E+14   5.5956E-05   5.7628E-05   0.97099
FLUX  338   313.00        9.578035E+14   5.6009E-05   5.7625E-05   0.97196
FLUX  339   315.00        9.517222E+14   5.6546E-05   5.7621E-05   0.98134
FLUX  340   317.00        9.457176E+14   5.6356E-05   5.7618E-05   0.97810
FLUX  341   319.00        9.397884E+14   5.5216E-05   5.7613E-05   0.95839
FLUX  342   321.00        9.339330E+14   5.6293E-05   5.7607E-05   0.97719
FLUX  343   323.00        9.281502E+14   5.6103E-05   5.7600E-05   0.97401
FLUX  344   325.00        9.224384E+14   5.6302E-05   5.7592E-05   0.97760
FLUX  345   327.00        9.167966E+14   5.6623E-05   5.7582E-05   0.98335
FLUX  346   329.00        9.112234E+14   5.6796E-05   5.7571E-05   0.98654
FLUX  347   331.00        9.057175E+14   5.7119E-05   5.7558E-05   0.99237
FLUX  348   333.00        9.002778E+14   5.6737E-05   5.7544E-05   0.98598
FLUX  349   335.00        8.949029E+14   5.6385E-05   5.7529E-05   0.98011
FLUX  350   337.00        8.895919E+14   5.6506E-05   5.7513E-05   0.98249
FLUX  351   339.00        8.843436E+14   5.6329E-05   5.7496E-05   0.97970
FLUX  352   341.00        8.791569E+14   5.6880E-05   5.7477E-05   0.98961
FLUX  353   343.00        8.740306E+14   5.6843E-05   5.7460E-05   0.98926
FLUX  354   345.00        8.689638E+14   5.6928E-05   5.7439E-05   0.99110
FLUX  355   347.00        8.639554E+14   5.6680E-05   5.7416E-05   0.98718
FLUX  356   349.00        8.590043E+14   5.6716E-05   5.7393E-05   0.98820
FLUX  357   351.00        8.541097E+14   5.7053E-05   5.7368E-05   0.99451
FLUX  358   353.00        8.492705E+14   5.7223E-05   5.7342E-05   0.99792
FLUX  359   355.00        8.444859E+14   5.7250E-05   5.7314E-05   0.99888
FLUX  360   357.00        8.397549E+14   5.7098E-05   5.7286E-05   0.99672
FLUX  361   359.00        8.350766E+14   5.7030E-05   5.7256E-05   0.99605
FLUX  362   361.00        8.304501E+14   5.7063E-05   5.7226E-05   0.99715
FLUX  363   363.00        8.258746E+14   5.6957E-05   5.7193E-05   0.99587
FLUX  364   364.00        8.236057E+14   5.7061E-05   5.7178E-05   0.99795
FLUX  365   365.00        8.213493E+14   5.7635E-05   1.3197E-04   0.43673
FLUX  366   367.00        8.168733E+14   5.7678E-05   1.3124E-04   0.43948
FLUX  367   369.00        8.124458E+14   5.6362E-05   1.3096E-04   0.43038
FLUX  368   371.00        8.080660E+14   5.6969E-05   1.3023E-04   0.43745
FLUX  369   373.00        8.037332E+14   5.7713E-05   1.2950E-04   0.44566
FLUX  370   375.00        7.994467E+14   7.0705E-05   1.2878E-04   0.54904
FLUX  371   377.00        7.952055E+14   7.4456E-05   1.2806E-04   0.58141
FLUX  372   379.00        7.910092E+14   8.7198E-05   1.2735E-04   0.68471
FLUX  373   381.00        7.868569E+14   9.8143E-05   1.2665E-04   0.77492
FLUX  374   383.00        7.827481E+14   8.1593E-05   1.2594E-04   0.64787
FLUX  375   385.00        7.786818E+14   1.0525E-04   1.2525E-04   0.84032
FLUX  376   387.00        7.746576E+14   1.1455E-04   1.2456E-04   0.91964
FLUX  377   389.00        7.706748E+14   7.5508E-05   1.2387E-04   0.60957
FLUX  378   391.00        7.667327E+14   1.1490E-04   1.2319E-04   0.93271
FLUX  379   393.00        7.628308E+14   1.1750E-04   1.2252E-04   0.95903
FLUX  380   395.00        7.589684E+14   1.1500E-04   1.2185E-04   0.94378
FLUX  381   397.00        7.551448E+14   7.4244E-05   1.2118E-04   0.61268
FLUX  382   399.00        7.513596E+14   1.1213E-04   1.2052E-04   0.93038
FLUX  383   401.00        7.476122E+14   1.1739E-04   1.1987E-04   0.97931
FLUX  384   403.00        7.439020E+14   1.1515E-04   1.1922E-04   0.96586
FLUX  385   405.00        7.402284E+14   1.1734E-04   1.1857E-04   0.98963
FLUX  386   407.00        7.365909E+14   1.1496E-04   1.1793E-04   0.97482
FLUX  387   409.00        7.329890E+14   9.9063E-05   1.1730E-04   0.84453
FLUX  388   411.00        7.294221E+14   8.0281E-05   1.1667E-04   0.68810
FLUX  389   413.00        7.258898E+14   1.1085E-04   1.1605E-04   0.95519
FLUX  390   415.00        7.223916E+14   1.1381E-04   1.1543E-04   0.98597
FLUX  391   417.00        7.189269E+14   1.1361E-04   1.1482E-04   0.98946
FLUX  392   419.00        7.154952E+14   1.1344E-04   1.1421E-04   0.99326
FLUX  393   421.00        7.120962E+14   1.1308E-04   1.1361E-04   0.99533
FLUX  394   423.00        7.087293E+14   1.1228E-04   1.1301E-04   0.99354
FLUX  395   425.00        7.053941E+14   1.1157E-04   1.1241E-04   0.99253
FLUX  396   427.00        7.020902E+14   1.1039E-04   1.1182E-04   0.98721
FLUX  397   429.00        6.988170E+14   1.1021E-04   1.1124E-04   0.99074
FLUX  398   431.00        6.955742E+14   1.0781E-04   1.1066E-04   0.97425
FLUX  399   433.00        6.923614E+14   8.9787E-05   1.1008E-04   0.81565
FLUX  400   435.00        6.891782E+14   7.8819E-05   1.0951E-04   0.71974
FLUX  401   437.00        6.860241E+14   1.0579E-04   1.0894E-04   0.97108
FLUX  402   439.00        6.828987E+14   1.0573E-04   1.0837E-04   0.97564
FLUX  403   441.00        6.798016E+14   1.0704E-04   1.0781E-04   0.99286
FLUX  404   443.00        6.767325E+14   1.0618E-04   1.0725E-04   0.99002
FLUX  405   445.00        6.736910E+14   1.0633E-04   1.0670E-04   0.99653
FLUX  406   447.00        6.706767E+14   1.0417E-04   1.0615E-04   0.98135
FLUX  407   449.00        6.676893E+14   1.0376E-04   1.0561E-04   0.98248
FLUX  408   451.00        6.647284E+14   1.0434E-04   1.0507E-04   0.99305
FLUX  409   453.00        6.617936E+14   1.0368E-04   1.0454E-04   0.99177
FLUX  410   455.00        6.588846E+14   1.0255E-04   1.0400E-04   0.98606
FLUX  411   457.00        6.560011E+14   1.0316E-04   1.0348E-04   0.99691
FLUX  412   459.00        6.531427E+14   1.0193E-04   1.0295E-04   0.99009
FLUX  413   461.00        6.503091E+14   1.0231E-04   1.0243E-04   0.99883
FLUX  414   463.00        6.475000E+14   1.0080E-04   1.0192E-04   0.98901
FLUX  415   465.00        6.447151E+14   1.0124E-04   1.0140E-04   0.99842
FLUX  416   467.00        6.419539E+14   1.0049E-04   1.0089E-04   0.99604
FLUX  417   469.00        6.392164E+14   1.0001E-04   1.0039E-04   0.99621
FLUX  418   471.00        6.365021E+14   9.8409E-05   9.9887E-05   0.98520
FLUX  419   473.00        6.338108E+14   9.9004E-05   9.9390E-05   0.99612
FLUX  420   475.00        6.311421E+14   9.8380E-05   9.8897E-05   0.99477
FLUX  421   477.00        6.284958E+14   9.8280E-05   9.8407E-05   0.99871
FLUX  422   479.00        6.258716E+14   9.7548E-05   9.7921E-05   0.99619
FLUX  423   481.00        6.232692E+14   9.6540E-05   9.7438E-05   0.99078
FLUX  424   483.00        6.206884E+14   9.4642E-05   9.6959E-05   0.97610
FLUX  425   485.00        6.181289E+14   8.1153E-05   9.6484E-05   0.84110
FLUX  426   487.00        6.155903E+14   6.8748E-05   9.6012E-05   0.71604
FLUX  427   489.00        6.130726E+14   9.2415E-05   9.5543E-05   0.96726
FLUX  428   491.00        6.105754E+14   9.4046E-05   9.5078E-05   0.98915
FLUX  429   493.00        6.080984E+14   9.3131E-05   9.4616E-05   0.98430
FLUX  430   495.00        6.056414E+14   9.3770E-05   9.4157E-05   0.99589
FLUX  431   497.00        6.032042E+14   9.3524E-05   9.3701E-05   0.99811
FLUX  432   499.00        6.007865E+14   9.2902E-05   9.3248E-05   0.99629
FLUX  433   501.00        5.983882E+14   9.1211E-05   9.2798E-05   0.98290
FLUX  434   503.00        5.960089E+14   9.1544E-05   9.2351E-05   0.99126
FLUX  435   505.00        5.936485E+14   9.0200E-05   9.1908E-05   0.98142
FLUX  436   507.00        5.913067E+14   9.0934E-05   9.1468E-05   0.99416
FLUX  437   509.00        5.889833E+14   9.0484E-05   9.1031E-05   0.99399
FLUX  438   511.00        5.866781E+14   8.9817E-05   9.0597E-05   0.99139
FLUX  439   513.00        5.843908E+14   8.9737E-05   9.0167E-05   0.99523
FLUX  440   515.00        5.821213E+14   8.8851E-05   8.9739E-05   0.99010
FLUX  441   517.00        5.798694E+14   8.8267E-05   8.9314E-05   0.98828
FLUX  442   519.00        5.776348E+14   8.8119E-05   8.8893E-05   0.99129
FLUX  443   521.00        5.754174E+14   8.7439E-05   8.8474E-05   0.98830
FLUX  444   523.00        5.732170E+14   8.7014E-05   8.8059E-05   0.98813
FLUX  445   525.00        5.710334E+14   8.7052E-05   8.7646E-05   0.99322
FLUX  446   527.00        5.688662E+14   8.6070E-05   8.7237E-05   0.98662
FLUX  447   529.00        5.667155E+14   8.6498E-05   8.6830E-05   0.99618
FLUX  448   531.00        5.645810E+14   8.5568E-05   8.6426E-05   0.99007
FLUX  449   533.00        5.624625E+14   8.5561E-05   8.6025E-05   0.99461
FLUX  450   535.00        5.603598E+14   8.5248E-05   8.5626E-05   0.99559
FLUX  451   537.00        5.582728E+14   8.4885E-05   8.5231E-05   0.99594
FLUX  452   539.00        5.562013E+14   8.4474E-05   8.4838E-05   0.99571
FLUX  453   541.00        5.541451E+14   8.3920E-05   8.4448E-05   0.99375
FLUX  454   543.00        5.521041E+14   8.3596E-05   8.4061E-05   0.99447
FLUX  455   545.00        5.500780E+14   8.3356E-05   8.3676E-05   0.99618
FLUX  456   547.00        5.480667E+14   8.2854E-05   8.3294E-05   0.99472
FLUX  457   549.00        5.460701E+14   8.2584E-05   8.2915E-05   0.99601
FLUX  458   551.00        5.440880E+14   8.2157E-05   8.2538E-05   0.99538
FLUX  459   553.00        5.421202E+14   8.1934E-05   8.2164E-05   0.99720
FLUX  460   555.00        5.401667E+14   8.1575E-05   8.1793E-05   0.99733
FLUX  461   557.00        5.382271E+14   8.1205E-05   8.1424E-05   0.99731
FLUX  462   559.00        5.363014E+14   8.0857E-05   8.1058E-05   0.99752
FLUX  463   561.00        5.343895E+14   8.0595E-05   8.0694E-05   0.99877
FLUX  464   563.00        5.324911E+14   8.0266E-05   8.0332E-05   0.99918
FLUX  465   565.00        5.306062E+14   7.9603E-05   7.9973E-05   0.99537
FLUX  466   567.00        5.287346E+14   7.9334E-05   7.9616E-05   0.99646
FLUX  467   569.00        5.268761E+14   7.9150E-05   7.9262E-05   0.99859
FLUX  468   571.00        5.250306E+14   7.8836E-05   7.8910E-05   0.99906
FLUX  469   573.00        5.231981E+14   7.8493E-05   7.8560E-05   0.99915
FLUX  470   575.00        5.213783E+14   7.8137E-05   7.8212E-05   0.99904
FLUX  471   577.00        5.195711E+14   7.7801E-05   7.7866E-05   0.99917
FLUX  472   579.00        5.177763E+14   7.7360E-05   7.7523E-05   0.99790
FLUX  473   581.00        5.159940E+14   7.7066E-05   7.7182E-05   0.99850
FLUX  474   583.00        5.142239E+14   7.6758E-05   7.6843E-05   0.99889
FLUX  475   585.00        5.124658E+14   7.6426E-05   7.6507E-05   0.99894
FLUX  476   587.00        5.107198E+14   7.5425E-05   7.6173E-05   0.99018
FLUX  477   589.00        5.089856E+14   7.5586E-05   7.5841E-05   0.99664
FLUX  478   591.00        5.072631E+14   7.5416E-05   7.5512E-05   0.99873
FLUX  479   593.00        5.055523E+14   7.5158E-05   7.5184E-05   0.99965
FLUX  480   595.00        5.038529E+14   7.4511E-05   7.4859E-05   0.99535
FLUX  481   597.00        5.021650E+14   7.4391E-05   7.4536E-05   0.99805
FLUX  482   599.00        5.004883E+14   7.3926E-05   7.4215E-05   0.99611
FLUX  483   601.00        4.988228E+14   7.3843E-05   7.3896E-05   0.99928
FLUX  484   603.00        4.971683E+14   7.3531E-05   7.3579E-05   0.99935
FLUX  485   605.00        4.955248E+14   7.3194E-05   7.3264E-05   0.99904
FLUX  486   607.00        4.938921E+14   7.2876E-05   7.2952E-05   0.99896
FLUX  487   609.00        4.922701E+14   7.2569E-05   7.2642E-05   0.99900
FLUX  488   611.00        4.906587E+14   7.2303E-05   7.2334E-05   0.99957
FLUX  489   613.00        4.890579E+14   7.1975E-05   7.2028E-05   0.99926
FLUX  490   615.00        4.874675E+14   7.1258E-05   7.1724E-05   0.99350
FLUX  491   617.00        4.858874E+14   7.1345E-05   7.1421E-05   0.99894
FLUX  492   619.00        4.843175E+14   7.1087E-05   7.1121E-05   0.99952
FLUX  493   621.00        4.827576E+14   7.0791E-05   7.0822E-05   0.99956
FLUX  494   623.00        4.812079E+14   7.0417E-05   7.0526E-05   0.99845
FLUX  495   625.00        4.796680E+14   6.9826E-05   7.0231E-05   0.99423
FLUX  496   627.00        4.781379E+14   6.9901E-05   6.9939E-05   0.99946
FLUX  497   629.00        4.766177E+14   6.9590E-05   6.9648E-05   0.99917
FLUX  498   631.00        4.751070E+14   6.9224E-05   6.9359E-05   0.99805
FLUX  499   633.00        4.736058E+14   6.9000E-05   6.9071E-05   0.99897
FLUX  500   635.00        4.721142E+14   6.8044E-05   6.8786E-05   0.98921
FLUX  501   637.00        4.706319E+14   6.7994E-05   6.8502E-05   0.99258
FLUX  502   639.00        4.691588E+14   6.8125E-05   6.8220E-05   0.99861
FLUX  503   641.00        4.676950E+14   6.7793E-05   6.7940E-05   0.99784
FLUX  504   643.00        4.662403E+14   6.7598E-05   6.7661E-05   0.99907
FLUX  505   645.00        4.647946E+14   6.7110E-05   6.7385E-05   0.99592
FLUX  506   647.00        4.633578E+14   6.7042E-05   6.7109E-05   0.99900
FLUX  507   649.00        4.619299E+14   6.6528E-05   6.6836E-05   0.99539
FLUX  508   651.00        4.605108E+14   6.6080E-05   6.6564E-05   0.99273
FLUX  509   653.00        4.591003E+14   6.5156E-05   6.6294E-05   0.98283
FLUX  510   655.00        4.576985E+14   5.9671E-05   6.6026E-05   0.90375
FLUX  511   657.00        4.563052E+14   5.0250E-05   6.5759E-05   0.76415
FLUX  512   659.00        4.549203E+14   6.3395E-05   6.5494E-05   0.96795
FLUX  513   661.00        4.535439E+14   6.4669E-05   6.5230E-05   0.99140
FLUX  514   663.00        4.521757E+14   6.4682E-05   6.4968E-05   0.99560
FLUX  515   665.00        4.508158E+14   6.4609E-05   6.4708E-05   0.99847
FLUX  516   667.00        4.494640E+14   6.4240E-05   6.4449E-05   0.99676
FLUX  517   669.00        4.481203E+14   6.4016E-05   6.4192E-05   0.99726
FLUX  518   671.00        4.467846E+14   6.3884E-05   6.3936E-05   0.99919
FLUX  519   673.00        4.454569E+14   6.3609E-05   6.3682E-05   0.99885
FLUX  520   675.00        4.441370E+14   6.3378E-05   6.3429E-05   0.99920
FLUX  521   677.00        4.428250E+14   6.3142E-05   6.3178E-05   0.99943
FLUX  522   679.00        4.415206E+14   6.2869E-05   6.2928E-05   0.99906
FLUX  523   681.00        4.402239E+14   6.2623E-05   6.2680E-05   0.99909
FLUX  524   683.00        4.389349E+14   6.2332E-05   6.2433E-05   0.99838
FLUX  525   685.00        4.376533E+14   6.2119E-05   6.2188E-05   0.99889
FLUX  526   687.00        4.363792E+14   6.1882E-05   6.1944E-05   0.99900
FLUX  527   689.00        4.351125E+14   6.1651E-05   6.1702E-05   0.99917
FLUX  528   691.00        4.338531E+14   6.1397E-05   6.1461E-05   0.99896
FLUX  529   693.00        4.326010E+14   6.1099E-05   6.1222E-05   0.99799
FLUX  530   695.00        4.313561E+14   6.0933E-05   6.0984E-05   0.99916
FLUX  531   697.00        4.301184E+14   6.0705E-05   6.0748E-05   0.99929
FLUX  532   699.00        4.288877E+14   6.0491E-05   6.0513E-05   0.99964
FLUX  533   701.00        4.276641E+14   6.0191E-05   6.0279E-05   0.99854
FLUX  534   703.00        4.264474E+14   6.0016E-05   6.0047E-05   0.99948
FLUX  535   705.00        4.252376E+14   5.9658E-05   5.9816E-05   0.99736
FLUX  536   707.00        4.240346E+14   5.9405E-05   5.9587E-05   0.99695
FLUX  537   709.00        4.228385E+14   5.9337E-05   5.9359E-05   0.99963
FLUX  538   711.00        4.216491E+14   5.9028E-05   5.9132E-05   0.99824
FLUX  539   713.00        4.204663E+14   5.8840E-05   5.8906E-05   0.99888
FLUX  540   715.00        4.192902E+14   5.8629E-05   5.8682E-05   0.99910
FLUX  541   717.00        4.181206E+14   5.8421E-05   5.8459E-05   0.99935
FLUX  542   719.00        4.169576E+14   5.8213E-05   5.8237E-05   0.99959
FLUX  543   721.00        4.158010E+14   5.7996E-05   5.8016E-05   0.99966
FLUX  544   723.00        4.146508E+14   5.7702E-05   5.7797E-05   0.99836
FLUX  545   725.00        4.135069E+14   5.7516E-05   5.7579E-05   0.99891
FLUX  546   727.00        4.123693E+14   5.7341E-05   5.7363E-05   0.99962
FLUX  547   729.00        4.112380E+14   5.7084E-05   5.7147E-05   0.99890
FLUX  548   731.00        4.101129E+14   5.6899E-05   5.6933E-05   0.99940
FLUX  549   733.00        4.089939E+14   5.6695E-05   5.6720E-05   0.99956
FLUX  550   735.00        4.078810E+14   5.6502E-05   5.6508E-05   0.99989
FLUX  551   737.00        4.067741E+14   5.6290E-05   5.6297E-05   0.99988
FLUX  552   739.00        4.056732E+14   5.6079E-05   5.6087E-05   0.99986
FLUX  553   741.00        4.045783E+14   5.5860E-05   5.5879E-05   0.99966
FLUX  554   743.00        4.034892E+14   5.5563E-05   5.5672E-05   0.99804
FLUX  555   745.00        4.024060E+14   5.5404E-05   5.5466E-05   0.99888
FLUX  556   747.00        4.013287E+14   5.5127E-05   5.5261E-05   0.99758
FLUX  557   749.00        4.002570E+14   5.4986E-05   5.5057E-05   0.99871
FLUX  558   751.00        3.991911E+14   5.4773E-05   5.4855E-05   0.99851
FLUX  559   753.00        3.981308E+14   5.4628E-05   5.4653E-05   0.99954
FLUX  560   755.00        3.970762E+14   5.4433E-05   5.4453E-05   0.99963
FLUX  561   757.00        3.960271E+14   5.4236E-05   5.4254E-05   0.99967
FLUX  562   759.00        3.949835E+14   5.4024E-05   5.4056E-05   0.99941
FLUX  563   761.00        3.939455E+14   5.3854E-05   5.3859E-05   0.99991
FLUX  564   763.00        3.929128E+14   5.3647E-05   5.3663E-05   0.99970
FLUX  565   765.00        3.918856E+14   5.3433E-05   5.3468E-05   0.99935
FLUX  566   767.00        3.908638E+14   5.3249E-05   5.3274E-05   0.99953
FLUX  567   769.00        3.898472E+14   5.3053E-05   5.3081E-05   0.99947
FLUX  568   771.00        3.888359E+14   5.2850E-05   5.2890E-05   0.99924
FLUX  569   773.00        3.878299E+14   5.2677E-05   5.2699E-05   0.99958
FLUX  570   775.00        3.868290E+14   5.2484E-05   5.2509E-05   0.99952
FLUX  571   777.00        3.858333E+14   5.1603E-05   5.2321E-05   0.98628
FLUX  572   779.00        3.848427E+14   5.2107E-05   5.2133E-05   0.99950
FLUX  573   781.00        3.838572E+14   5.1942E-05   5.1947E-05   0.99990
FLUX  574   783.00        3.828767E+14   5.1746E-05   5.1761E-05   0.99971
FLUX  575   785.00        3.819013E+14   5.1439E-05   5.1577E-05   0.99732
FLUX  576   787.00        3.809307E+14   5.1177E-05   5.1394E-05   0.99578
FLUX  577   789.00        3.799652E+14   5.0892E-05   5.1212E-05   0.99375
FLUX  578   791.00        3.790044E+14   5.0992E-05   5.1030E-05   0.99926
FLUX  579   793.00        3.780486E+14   5.0839E-05   5.0850E-05   0.99978
FLUX  580   795.00        3.770975E+14   5.0494E-05   5.0670E-05   0.99653
FLUX  581   797.00        3.761512E+14   5.0479E-05   5.0492E-05   0.99974
FLUX  582   799.00        3.752096E+14   4.9960E-05   5.0314E-05   0.99296
FLUX  583   801.00        3.742728E+14   5.0124E-05   5.0138E-05   0.99972
FLUX  584   803.00        3.733406E+14   4.9946E-05   4.9962E-05   0.99968
FLUX  585   805.00        3.724130E+14   4.9763E-05   4.9787E-05   0.99952
FLUX  586   807.00        3.714901E+14   4.9596E-05   4.9613E-05   0.99966
FLUX  587   809.00        3.705717E+14   4.9417E-05   4.9440E-05   0.99953
FLUX  588   811.00        3.696578E+14   4.9232E-05   4.9268E-05   0.99927
FLUX  589   813.00        3.687484E+14   4.9079E-05   4.9097E-05   0.99963
FLUX  590   815.00        3.678435E+14   4.8910E-05   4.8927E-05   0.99965
FLUX  591   817.00        3.669431E+14   4.8748E-05   4.8758E-05   0.99979
FLUX  592   819.00        3.660470E+14   4.8514E-05   4.8589E-05   0.99846
FLUX  593   821.00        3.651553E+14   4.8348E-05   5.5674E-05   0.86841
FLUX  594   823.00        3.642679E+14   4.8099E-05   5.5465E-05   0.86720
FLUX  595   825.00        3.633848E+14   4.8195E-05   5.5257E-05   0.87220
FLUX  596   827.00        3.625060E+14   4.8116E-05   5.5051E-05   0.87403
FLUX  597   829.00        3.616315E+14   4.7868E-05   5.4845E-05   0.87279
FLUX  598   831.00        3.607611E+14   4.7809E-05   5.4640E-05   0.87498
FLUX  599   833.00        3.598949E+14   4.7615E-05   5.4437E-05   0.87468
FLUX  600   835.00        3.590329E+14   4.7488E-05   5.4234E-05   0.87561
FLUX  601   837.00        3.581750E+14   4.7327E-05   5.4033E-05   0.87589
FLUX  602   839.00        3.573212E+14   4.7145E-05   5.3833E-05   0.87576
FLUX  603   841.00        3.564714E+14   4.6878E-05   5.3634E-05   0.87404
FLUX  604   843.00        3.556257E+14   4.6647E-05   5.3436E-05   0.87295
FLUX  605   845.00        3.547840E+14   4.6127E-05   5.3239E-05   0.86641
FLUX  606   847.00        3.539463E+14   4.5761E-05   5.3043E-05   0.86272
FLUX  607   849.00        3.531125E+14   4.6336E-05   5.2849E-05   0.87676
FLUX  608   851.00        3.522826E+14   4.4859E-05   5.2655E-05   0.85194
FLUX  609   853.00        3.514566E+14   4.6519E-05   5.2463E-05   0.88670
FLUX  610   855.00        3.506345E+14   4.3242E-05   5.2271E-05   0.82727
FLUX  611   857.00        3.498162E+14   4.7035E-05   5.2081E-05   0.90311
FLUX  612   859.00        3.490017E+14   4.4264E-05   5.1891E-05   0.85302
FLUX  613   861.00        3.481911E+14   4.3494E-05   5.1703E-05   0.84123
FLUX  614   863.00        3.473841E+14   4.7655E-05   5.1515E-05   0.92507
FLUX  615   865.00        3.465809E+14   4.5986E-05   5.1329E-05   0.89591
FLUX  616   867.00        3.457814E+14   3.9827E-05   5.1144E-05   0.77872
FLUX  617   869.00        3.449856E+14   4.7134E-05   5.0959E-05   0.92494
FLUX  618   871.00        3.441934E+14   4.8611E-05   5.0776E-05   0.95736
FLUX  619   873.00        3.434049E+14   4.7015E-05   5.0594E-05   0.92926
FLUX  620   875.00        3.426200E+14   3.8586E-05   5.0412E-05   0.76541
FLUX  621   877.00        3.418387E+14   4.5198E-05   5.0232E-05   0.89979
FLUX  622   879.00        3.410609E+14   4.8618E-05   5.0053E-05   0.97133
FLUX  623   881.00        3.402866E+14   4.8950E-05   4.9874E-05   0.98147
FLUX  624   883.00        3.395159E+14   4.8016E-05   4.9697E-05   0.96618
FLUX  625   885.00        3.387486E+14   4.3650E-05   4.9521E-05   0.88144
FLUX  626   887.00        3.379848E+14   3.7974E-05   4.9345E-05   0.76956
FLUX  627   889.00        3.372244E+14   4.6406E-05   4.9171E-05   0.94377
FLUX  628   891.00        3.364674E+14   4.8068E-05   4.8997E-05   0.98104
FLUX  629   893.00        3.357139E+14   4.8186E-05   4.8824E-05   0.98693
FLUX  630   895.00        3.349637E+14   4.8217E-05   4.8653E-05   0.99104
FLUX  631   897.00        3.342168E+14   4.7730E-05   4.8482E-05   0.98449
FLUX  632   899.00        3.334733E+14   4.6037E-05   4.8312E-05   0.95291
FLUX  633   901.00        3.327331E+14   3.8001E-05   4.8143E-05   0.78934
FLUX  634   903.00        3.319961E+14   4.1086E-05   4.7975E-05   0.85640
FLUX  635   905.00        3.312624E+14   4.6240E-05   4.7808E-05   0.96720
FLUX  636   907.00        3.305320E+14   4.6766E-05   4.7642E-05   0.98161
FLUX  637   909.00        3.298047E+14   4.6790E-05   4.7476E-05   0.98555
FLUX  638   911.00        3.290807E+14   4.6961E-05   4.7312E-05   0.99258
FLUX  639   913.00        3.283598E+14   4.6820E-05   4.7148E-05   0.99304
FLUX  640   915.00        3.276421E+14   4.6737E-05   4.6985E-05   0.99472
FLUX  641   917.00        3.269275E+14   4.6337E-05   4.6823E-05   0.98962
FLUX  642   919.00        3.262160E+14   4.5538E-05   4.6662E-05   0.97591
FLUX  643   921.00        3.255076E+14   4.3055E-05   4.6502E-05   0.92587
FLUX  644   923.00        3.248023E+14   3.4914E-05   4.6342E-05   0.75340
FLUX  645   925.00        3.241000E+14   4.1827E-05   4.6183E-05   0.90568
FLUX  646   927.00        3.234007E+14   4.4219E-05   4.6025E-05   0.96076
FLUX  647   929.00        3.227045E+14   4.5358E-05   4.5868E-05   0.98888
FLUX  648   931.00        3.220113E+14   4.5474E-05   4.5712E-05   0.99479
FLUX  649   933.00        3.213210E+14   4.5344E-05   4.5556E-05   0.99535
FLUX  650   935.00        3.206337E+14   4.5327E-05   4.5401E-05   0.99837
FLUX  651   937.00        3.199493E+14   4.5199E-05   4.5247E-05   0.99894
FLUX  652   939.00        3.192678E+14   4.4967E-05   4.5094E-05   0.99718
FLUX  653   941.00        3.185893E+14   4.4455E-05   4.4941E-05   0.98919
FLUX  654   943.00        3.179136E+14   4.4696E-05   4.4790E-05   0.99790
FLUX  655   945.00        3.172407E+14   4.4504E-05   4.4639E-05   0.99698
FLUX  656   947.00        3.165707E+14   4.4252E-05   4.4489E-05   0.99467
FLUX  657   949.00        3.159036E+14   4.3918E-05   4.4339E-05   0.99050
FLUX  658   951.00        3.152392E+14   4.3137E-05   4.4191E-05   0.97615
FLUX  659   953.00        3.145776E+14   4.0162E-05   4.4043E-05   0.91188
FLUX  660   955.00        3.139189E+14   3.3474E-05   4.3896E-05   0.76258
FLUX  661   957.00        3.132628E+14   4.0658E-05   4.3749E-05   0.92935
FLUX  662   959.00        3.126095E+14   4.2760E-05   4.3604E-05   0.98064
FLUX  663   961.00        3.119589E+14   4.3082E-05   4.3459E-05   0.99133
FLUX  664   963.00        3.113110E+14   4.2731E-05   4.3315E-05   0.98652
FLUX  665   965.00        3.106658E+14   4.3072E-05   4.3171E-05   0.99771
FLUX  666   967.00        3.100233E+14   4.2891E-05   4.3028E-05   0.99682
FLUX  667   969.00        3.093834E+14   4.2841E-05   4.2886E-05   0.99895
FLUX  668   971.00        3.087461E+14   4.2735E-05   4.2745E-05   0.99977
FLUX  669   973.00        3.081115E+14   4.2591E-05   4.2605E-05   0.99967
FLUX  670   975.00        3.074795E+14   4.2436E-05   4.2465E-05   0.99932
FLUX  671   977.00        3.068500E+14   4.2321E-05   4.2325E-05   0.99991
FLUX  672   979.00        3.062232E+14   4.2175E-05   4.2187E-05   0.99972
FLUX  673   981.00        3.055989E+14   4.2023E-05   4.2049E-05   0.99938
FLUX  674   983.00        3.049771E+14   4.1851E-05   4.1912E-05   0.99854
FLUX  675   985.00        3.043579E+14   4.1737E-05   4.1776E-05   0.99907
FLUX  676   987.00        3.037411E+14   4.1599E-05   4.1640E-05   0.99902
FLUX  677   989.00        3.031269E+14   4.1394E-05   4.1505E-05   0.99733
FLUX  678   991.00        3.025151E+14   4.1327E-05   4.1370E-05   0.99896
FLUX  679   993.00        3.019058E+14   4.1189E-05   4.1236E-05   0.99886
FLUX  680   995.00        3.012990E+14   4.0989E-05   4.1103E-05   0.99723
FLUX  681   997.00        3.006946E+14   4.0787E-05   4.0970E-05   0.99553
FLUX  682   999.00        3.000926E+14   4.0506E-05   4.0839E-05   0.99185
FLUX  683  1002.50        2.990449E+14   3.7632E-05   4.0609E-05   0.92669
FLUX  684  1007.50        2.975608E+14   3.6181E-05   4.0285E-05   0.89813
FLUX  685  1012.50        2.960914E+14   3.9536E-05   3.9965E-05   0.98927
FLUX  686  1017.50        2.946364E+14   3.9562E-05   3.9648E-05   0.99783
FLUX  687  1022.50        2.931956E+14   3.9318E-05   3.9336E-05   0.99954
FLUX  688  1027.50        2.917688E+14   3.9012E-05   3.9027E-05   0.99962
FLUX  689  1032.50        2.903559E+14   3.8689E-05   3.8721E-05   0.99917
FLUX  690  1037.50        2.889566E+14   3.8401E-05   3.8420E-05   0.99951
FLUX  691  1042.50        2.875707E+14   3.8112E-05   3.8122E-05   0.99974
FLUX  692  1047.50        2.861981E+14   3.7791E-05   3.7827E-05   0.99905
FLUX  693  1052.50        2.848385E+14   3.7480E-05   3.7536E-05   0.99851
FLUX  694  1057.50        2.834917E+14   3.7221E-05   3.7248E-05   0.99928
FLUX  695  1062.50        2.821576E+14   3.6952E-05   3.6963E-05   0.99970
FLUX  696  1067.50        2.808361E+14   3.6503E-05   3.6682E-05   0.99512
FLUX  697  1072.50        2.795268E+14   3.6346E-05   3.6404E-05   0.99841
FLUX  698  1077.50        2.782297E+14   3.6094E-05   3.6129E-05   0.99903
FLUX  699  1082.50        2.769446E+14   3.5684E-05   3.5857E-05   0.99518
FLUX  700  1087.50        2.756713E+14   3.5231E-05   3.5588E-05   0.98997
FLUX  701  1092.50        2.744096E+14   3.0923E-05   3.5322E-05   0.87546
FLUX  702  1097.50        2.731595E+14   3.3373E-05   3.5059E-05   0.95191
FLUX  703  1102.50        2.719206E+14   3.4605E-05   3.4799E-05   0.99443
FLUX  704  1107.50        2.706930E+14   3.4517E-05   3.4542E-05   0.99928
FLUX  705  1112.50        2.694764E+14   3.4278E-05   3.4288E-05   0.99971
FLUX  706  1117.50        2.682707E+14   3.4025E-05   3.4037E-05   0.99965
FLUX  707  1122.50        2.670757E+14   3.3783E-05   3.3789E-05   0.99982
FLUX  708  1127.50        2.658913E+14   3.3347E-05   3.3543E-05   0.99416
FLUX  709  1132.50        2.647174E+14   3.3165E-05   3.3300E-05   0.99595
FLUX  710  1137.50        2.635538E+14   3.3046E-05   3.3059E-05   0.99961
FLUX  711  1142.50        2.624004E+14   3.2806E-05   3.2822E-05   0.99951
FLUX  712  1147.50        2.612571E+14   3.2582E-05   3.2586E-05   0.99988
FLUX  713  1152.50        2.601236E+14   3.2351E-05   3.2354E-05   0.99991
FLUX  714  1157.50        2.590000E+14   3.2120E-05   3.2124E-05   0.99988
FLUX  715  1162.50        2.578860E+14   3.1836E-05   3.1896E-05   0.99812
FLUX  716  1167.50        2.567816E+14   3.1608E-05   3.1671E-05   0.99801
FLUX  717  1172.50        2.556866E+14   3.1437E-05   3.1448E-05   0.99965
FLUX  718  1177.50        2.546008E+14   3.1106E-05   3.1227E-05   0.99613
FLUX  719  1182.50        2.535243E+14   3.0985E-05   3.1009E-05   0.99923
FLUX  720  1187.50        2.524568E+14   3.0753E-05   3.0793E-05   0.99870
FLUX  721  1192.50        2.513983E+14   3.0579E-05   3.0580E-05   0.99997
FLUX  722  1197.50        2.503486E+14   3.0344E-05   3.0368E-05   0.99921
FLUX  723  1202.50        2.493077E+14   3.0154E-05   3.0159E-05   0.99983
FLUX  724  1207.50        2.482754E+14   2.9944E-05   2.9952E-05   0.99973
FLUX  725  1212.50        2.472515E+14   2.9736E-05   2.9747E-05   0.99963
FLUX  726  1217.50        2.462361E+14   2.9540E-05   2.9544E-05   0.99986
FLUX  727  1222.50        2.452290E+14   2.9336E-05   2.9344E-05   0.99973
FLUX  728  1227.50        2.442301E+14   2.9131E-05   2.9145E-05   0.99952
FLUX  729  1232.50        2.432393E+14   2.8937E-05   2.8948E-05   0.99962
FLUX  730  1237.50        2.422566E+14   2.8745E-05   2.8754E-05   0.99969
FLUX  731  1242.50        2.412817E+14   2.8559E-05   2.8561E-05   0.99993
FLUX  732  1247.50        2.403146E+14   2.8324E-05   2.8370E-05   0.99838
FLUX  733  1252.50        2.393553E+14   2.8175E-05   2.8181E-05   0.99979
FLUX  734  1257.50        2.384036E+14   2.7959E-05   2.7994E-05   0.99875
FLUX  735  1262.50        2.374594E+14   2.7793E-05   2.7809E-05   0.99942
FLUX  736  1267.50        2.365227E+14   2.7613E-05   2.7626E-05   0.99953
FLUX  737  1272.50        2.355933E+14   2.7335E-05   2.7444E-05   0.99603
FLUX  738  1277.50        2.346712E+14   2.6629E-05   2.7265E-05   0.97667
FLUX  739  1282.50        2.337563E+14   2.3720E-05   2.7087E-05   0.87570
FLUX  740  1287.50        2.328485E+14   2.6465E-05   2.6911E-05   0.98343
FLUX  741  1292.50        2.319478E+14   2.6649E-05   2.6736E-05   0.99675
FLUX  742  1297.50        2.310539E+14   2.6552E-05   2.6564E-05   0.99955
FLUX  743  1302.50        2.301670E+14   2.6392E-05   2.6393E-05   0.99996
FLUX  744  1307.50        2.292868E+14   2.6222E-05   2.6223E-05   0.99996
FLUX  745  1312.50        2.284133E+14   2.6054E-05   2.6056E-05   0.99992
FLUX  746  1317.50        2.275465E+14   2.5855E-05   2.5889E-05   0.99869
FLUX  747  1322.50        2.266862E+14   2.5724E-05   2.5725E-05   0.99996
FLUX  748  1327.50        2.258324E+14   2.5562E-05   2.5562E-05   1.00000
FLUX  749  1332.50        2.249850E+14   2.5400E-05   2.5401E-05   0.99996
FLUX  750  1337.50        2.241439E+14   2.5240E-05   2.5241E-05   0.99996
FLUX  751  1342.50        2.233091E+14   2.5077E-05   2.5082E-05   0.99980
FLUX  752  1347.50        2.224805E+14   2.4920E-05   2.4925E-05   0.99980
FLUX  753  1352.50        2.216580E+14   2.4758E-05   2.4770E-05   0.99952
FLUX  754  1357.50        2.208416E+14   2.4609E-05   2.4616E-05   0.99972
FLUX  755  1362.50        2.200312E+14   2.4456E-05   2.4464E-05   0.99967
FLUX  756  1367.50        2.192267E+14   2.4297E-05   2.4313E-05   0.99934
FLUX  757  1372.50        2.184280E+14   2.4147E-05   2.4163E-05   0.99934
FLUX  758  1377.50        2.176352E+14   2.4012E-05   2.4015E-05   0.99988
FLUX  759  1382.50        2.168481E+14   2.3866E-05   2.3868E-05   0.99992
FLUX  760  1387.50        2.160667E+14   2.3722E-05   2.3722E-05   1.00000
FLUX  761  1392.50        2.152908E+14   2.3574E-05   2.3578E-05   0.99983
FLUX  762  1397.50        2.145206E+14   2.3433E-05   2.3435E-05   0.99991
FLUX  763  1402.50        2.137558E+14   2.3293E-05   2.3293E-05   1.00000
FLUX  764  1407.50        2.129964E+14   2.3152E-05   2.3153E-05   0.99996
FLUX  765  1412.50        2.122425E+14   2.3011E-05   2.3014E-05   0.99987
FLUX  766  1417.50        2.114938E+14   2.2876E-05   2.2876E-05   1.00000
FLUX  767  1422.50        2.107504E+14   2.2739E-05   2.2739E-05   1.00000
FLUX  768  1427.50        2.100123E+14   2.2604E-05   2.2604E-05   1.00000
FLUX  769  1432.50        2.092792E+14   2.2469E-05   2.2470E-05   0.99996
FLUX  770  1437.50        2.085513E+14   2.2335E-05   2.2337E-05   0.99991
FLUX  771  1442.50        2.078284E+14   2.2168E-05   2.2205E-05   0.99833
FLUX  772  1447.50        2.071105E+14   2.2071E-05   2.2075E-05   0.99982
FLUX  773  1452.50        2.063976E+14   2.1930E-05   2.1945E-05   0.99932
FLUX  774  1457.00        2.057601E+14   2.1829E-05   2.1830E-05   0.99995
FLUX  775  1462.00        2.050564E+14   2.1723E-05   2.2554E-05   0.96316
FLUX  776  1467.50        2.042879E+14   2.1595E-05   2.2406E-05   0.96380
FLUX  777  1472.50        2.035942E+14   2.1472E-05   2.2273E-05   0.96404
FLUX  778  1477.50        2.029052E+14   2.1340E-05   2.2142E-05   0.96378
FLUX  779  1482.50        2.022209E+14   2.1234E-05   2.2012E-05   0.96466
FLUX  780  1487.50        2.015412E+14   2.1111E-05   2.1882E-05   0.96477
FLUX  781  1492.50        2.008660E+14   2.1003E-05   2.1754E-05   0.96548
FLUX  782  1497.50        2.001953E+14   2.0879E-05   2.1627E-05   0.96541
FLUX  783  1502.50        1.995291E+14   2.0766E-05   2.1501E-05   0.96582
FLUX  784  1507.50        1.988673E+14   2.0641E-05   2.1377E-05   0.96557
FLUX  785  1512.50        1.982099E+14   2.0525E-05   2.1253E-05   0.96575
FLUX  786  1517.50        1.975568E+14   2.0405E-05   2.1130E-05   0.96569
FLUX  787  1522.50        1.969080E+14   2.0293E-05   2.1009E-05   0.96592
FLUX  788  1527.50        1.962635E+14   2.0150E-05   2.0889E-05   0.96462
FLUX  789  1532.50        1.956232E+14   2.0019E-05   2.0769E-05   0.96389
FLUX  790  1537.50        1.949870E+14   1.9946E-05   2.0651E-05   0.96586
FLUX  791  1542.50        1.943549E+14   1.9717E-05   2.0533E-05   0.96026
FLUX  792  1547.50        1.937270E+14   1.9720E-05   2.0417E-05   0.96586
FLUX  793  1552.50        1.931031E+14   1.9598E-05   2.0302E-05   0.96532
FLUX  794  1557.50        1.924831E+14   1.9237E-05   2.0187E-05   0.95294
FLUX  795  1562.50        1.918672E+14   1.9556E-05   2.0074E-05   0.97420
FLUX  796  1567.50        1.912552E+14   1.9131E-05   1.9961E-05   0.95842
FLUX  797  1572.50        1.906471E+14   1.8803E-05   1.9850E-05   0.94725
FLUX  798  1577.50        1.900428E+14   1.9314E-05   1.9739E-05   0.97847
FLUX  799  1582.50        1.894423E+14   1.9170E-05   1.9630E-05   0.97657
FLUX  800  1587.50        1.888457E+14   1.8039E-05   1.9521E-05   0.92408
FLUX  801  1592.50        1.882527E+14   1.8751E-05   1.9413E-05   0.96590
FLUX  802  1597.50        1.876635E+14   1.9026E-05   1.9306E-05   0.98550
FLUX  803  1605.00        1.867866E+14   1.8639E-05   1.9147E-05   0.97347
FLUX  804  1615.00        1.856300E+14   1.7899E-05   1.8939E-05   0.94509
FLUX  805  1625.00        1.844877E+14   1.8615E-05   1.8734E-05   0.99365
FLUX  806  1635.00        1.833593E+14   1.8021E-05   1.8532E-05   0.97243
FLUX  807  1645.00        1.822447E+14   1.7264E-05   1.8333E-05   0.94169
FLUX  808  1655.00        1.811435E+14   1.8076E-05   1.8138E-05   0.99658
FLUX  809  1665.00        1.800555E+14   1.7906E-05   1.7945E-05   0.99783
FLUX  810  1675.00        1.789806E+14   1.7247E-05   1.7756E-05   0.97133
FLUX  811  1685.00        1.779184E+14   1.6506E-05   1.7570E-05   0.93944
FLUX  812  1695.00        1.768687E+14   1.7332E-05   1.7387E-05   0.99684
FLUX  813  1705.00        1.758314E+14   1.7194E-05   1.7206E-05   0.99930
FLUX  814  1715.00        1.748061E+14   1.7021E-05   1.7028E-05   0.99959
FLUX  815  1725.00        1.737927E+14   1.6764E-05   1.6853E-05   0.99472
FLUX  816  1735.00        1.727911E+14   1.5413E-05   1.6681E-05   0.92399
FLUX  817  1745.00        1.718009E+14   1.6289E-05   1.6512E-05   0.98649
FLUX  818  1755.00        1.708219E+14   1.6326E-05   1.6344E-05   0.99890
FLUX  819  1765.00        1.698541E+14   1.6172E-05   1.6180E-05   0.99951
FLUX  820  1775.00        1.688972E+14   1.6007E-05   1.6018E-05   0.99931
FLUX  821  1785.00        1.679510E+14   1.5852E-05   1.5858E-05   0.99962
FLUX  822  1795.00        1.670153E+14   1.5700E-05   1.5701E-05   0.99994
FLUX  823  1805.00        1.660900E+14   1.5463E-05   1.5546E-05   0.99466
FLUX  824  1815.00        1.651749E+14   1.4329E-05   1.5394E-05   0.93082
FLUX  825  1825.00        1.642699E+14   1.4928E-05   1.5244E-05   0.97927
FLUX  826  1835.00        1.633747E+14   1.5075E-05   1.5096E-05   0.99861
FLUX  827  1845.00        1.624892E+14   1.4948E-05   1.4950E-05   0.99987
FLUX  828  1855.00        1.616132E+14   1.4791E-05   1.4806E-05   0.99899
FLUX  829  1865.00        1.607467E+14   1.4575E-05   1.4664E-05   0.99393
FLUX  830  1875.00        1.598893E+14   1.3512E-05   1.4524E-05   0.93032
FLUX  831  1885.00        1.590411E+14   1.4283E-05   1.4387E-05   0.99277
FLUX  832  1895.00        1.582018E+14   1.4243E-05   1.4251E-05   0.99944
FLUX  833  1905.00        1.573714E+14   1.4115E-05   1.4117E-05   0.99986
FLUX  834  1915.00        1.565496E+14   1.3984E-05   1.3985E-05   0.99993
FLUX  835  1925.00        1.557364E+14   1.3848E-05   1.3855E-05   0.99949
FLUX  836  1935.00        1.549315E+14   1.3619E-05   1.3727E-05   0.99213
FLUX  837  1945.00        1.541350E+14   1.2579E-05   1.3600E-05   0.92493
FLUX  838  1955.00        1.533465E+14   1.3367E-05   1.3476E-05   0.99191
FLUX  839  1965.00        1.525662E+14   1.3350E-05   1.3353E-05   0.99978
FLUX  840  1975.00        1.517937E+14   1.3230E-05   1.3231E-05   0.99992
FLUX  841  1985.00        1.510290E+14   1.3111E-05   1.3111E-05   1.00000
FLUX  842  1995.00        1.502719E+14   1.2993E-05   1.2993E-05   1.00000
FLUX  843  2005.00        1.495224E+14   1.2877E-05   1.2877E-05   1.00000
FLUX  844  2015.00        1.487804E+14   1.2762E-05   1.2762E-05   1.00000
FLUX  845  2025.00        1.480457E+14   1.2648E-05   1.2648E-05   1.00000
FLUX  846  2035.00        1.473182E+14   1.2536E-05   1.2537E-05   0.99992
FLUX  847  2045.00        1.465978E+14   1.2426E-05   1.2426E-05   1.00000
FLUX  848  2055.00        1.458844E+14   1.2316E-05   1.2317E-05   0.99992
FLUX  849  2065.00        1.451780E+14   1.2209E-05   1.2210E-05   0.99992
FLUX  850  2075.00        1.444783E+14   1.2103E-05   1.2104E-05   0.99992
FLUX  851  2085.00        1.437854E+14   1.1999E-05   1.1999E-05   1.00000
FLUX  852  2095.00        1.430990E+14   1.1895E-05   1.1896E-05   0.99992
FLUX  853  2105.00        1.424192E+14   1.1793E-05   1.1794E-05   0.99992
FLUX  854  2115.00        1.417459E+14   1.1689E-05   1.1693E-05   0.99966
FLUX  855  2125.00        1.410788E+14   1.1591E-05   1.1594E-05   0.99974
FLUX  856  2135.00        1.404180E+14   1.1490E-05   1.1495E-05   0.99957
FLUX  857  2145.00        1.397634E+14   1.1392E-05   1.1399E-05   0.99939
FLUX  858  2155.00        1.391148E+14   1.1228E-05   1.1303E-05   0.99336
FLUX  859  2165.00        1.384723E+14   1.0413E-05   1.1208E-05   0.92907
FLUX  860  2175.00        1.378356E+14   1.0986E-05   1.1115E-05   0.98839
FLUX  861  2185.00        1.372048E+14   1.1012E-05   1.1023E-05   0.99900
FLUX  862  2195.00        1.365797E+14   1.0931E-05   1.0932E-05   0.99991
FLUX  863  2205.00        1.359603E+14   1.0842E-05   1.0842E-05   1.00000
FLUX  864  2215.00        1.353465E+14   1.0752E-05   1.0753E-05   0.99991
FLUX  865  2225.00        1.347382E+14   1.0666E-05   1.0666E-05   1.00000
FLUX  866  2235.00        1.341353E+14   1.0579E-05   1.0579E-05   1.00000
FLUX  867  2245.00        1.335379E+14   1.0494E-05   1.0494E-05   1.00000
FLUX  868  2255.00        1.329457E+14   1.0409E-05   1.0409E-05   1.00000
FLUX  869  2265.00        1.323587E+14   1.0326E-05   1.0326E-05   1.00000
FLUX  870  2275.00        1.317769E+14   1.0243E-05   1.0243E-05   1.00000
FLUX  871  2285.00        1.312002E+14   1.0167E-05   1.0301E-05   0.98699
FLUX  872  2295.00        1.306285E+14   1.0087E-05   1.0219E-05   0.98708
FLUX  873  2305.00        1.300618E+14   1.0009E-05   1.0138E-05   0.98728
FLUX  874  2315.00        1.295000E+14   9.9311E-06   1.0058E-05   0.98738
FLUX  875  2325.00        1.289430E+14   9.8544E-06   9.9782E-06   0.98759
FLUX  876  2335.00        1.283908E+14   9.7783E-06   9.8998E-06   0.98773
FLUX  877  2345.00        1.278433E+14   9.7034E-06   9.8223E-06   0.98789
FLUX  878  2355.00        1.273004E+14   9.6291E-06   9.7457E-06   0.98804
FLUX  879  2365.00        1.267622E+14   9.5556E-06   9.6701E-06   0.98816
FLUX  880  2375.00        1.262284E+14   9.4828E-06   9.5953E-06   0.98828
FLUX  881  2385.00        1.256992E+14   9.4108E-06   9.5214E-06   0.98838
FLUX  882  2395.00        1.251743E+14   9.3389E-06   9.4483E-06   0.98842
FLUX  883  2405.00        1.246538E+14   9.2649E-06   9.3761E-06   0.98814
FLUX  884  2415.00        1.241377E+14   9.1941E-06   9.3047E-06   0.98811
FLUX  885  2425.00        1.236258E+14   9.1278E-06   9.2341E-06   0.98849
FLUX  886  2435.00        1.231181E+14   9.0568E-06   9.1643E-06   0.98827
FLUX  887  2445.00        1.226145E+14   8.9841E-06   9.0953E-06   0.98777
FLUX  888  2455.00        1.221151E+14   8.9239E-06   9.0271E-06   0.98857
FLUX  889  2465.00        1.216197E+14   8.8467E-06   8.9596E-06   0.98740
FLUX  890  2475.00        1.211283E+14   8.7822E-06   8.8929E-06   0.98755
FLUX  891  2485.00        1.206408E+14   8.7366E-06   8.8269E-06   0.98977
FLUX  892  2495.00        1.201573E+14   8.6130E-06   8.7617E-06   0.98303
FLUX  893  2505.00        1.196776E+14   8.6123E-06   8.6972E-06   0.99024
FLUX  894  2515.00        1.192018E+14   8.5523E-06   8.6334E-06   0.99061
FLUX  895  2525.00        1.187297E+14   8.3872E-06   8.5703E-06   0.97864
FLUX  896  2535.00        1.182613E+14   8.4191E-06   8.5079E-06   0.98956
FLUX  897  2545.00        1.177967E+14   8.3876E-06   8.4462E-06   0.99306
FLUX  898  2555.00        1.173356E+14   8.2938E-06   8.3852E-06   0.98910
FLUX  899  2565.00        1.168782E+14   8.0834E-06   8.3248E-06   0.97100
FLUX  900  2575.00        1.164243E+14   8.1892E-06   8.2651E-06   0.99082
FLUX  901  2585.00        1.159739E+14   8.1605E-06   8.2060E-06   0.99446
FLUX  902  2595.00        1.155270E+14   8.0985E-06   8.1475E-06   0.99399
FLUX  903  2605.00        1.150835E+14   7.9575E-06   8.0897E-06   0.98366
FLUX  904  2615.00        1.146434E+14   7.6972E-06   8.0325E-06   0.95826
FLUX  905  2625.00        1.142067E+14   7.3850E-06   7.9759E-06   0.92591
FLUX  906  2635.00        1.137732E+14   7.7913E-06   7.9198E-06   0.98377
FLUX  907  2645.00        1.133431E+14   7.8251E-06   7.8644E-06   0.99500
FLUX  908  2655.00        1.129162E+14   7.7774E-06   7.8096E-06   0.99588
FLUX  909  2665.00        1.124925E+14   7.6708E-06   7.7553E-06   0.98910
FLUX  910  2675.00        1.120720E+14   7.3042E-06   7.7016E-06   0.94840
FLUX  911  2685.00        1.116546E+14   7.5632E-06   7.6485E-06   0.98885
FLUX  912  2695.00        1.112403E+14   7.5785E-06   7.5959E-06   0.99771
FLUX  913  2705.00        1.108290E+14   7.5431E-06   7.5438E-06   0.99991
FLUX  914  2715.00        1.104208E+14   7.4922E-06   7.4923E-06   0.99999
FLUX  915  2725.00        1.100156E+14   7.4412E-06   7.4413E-06   0.99999
FLUX  916  2735.00        1.096133E+14   7.3845E-06   7.3909E-06   0.99913
FLUX  917  2745.00        1.092140E+14   7.2945E-06   7.3409E-06   0.99368
FLUX  918  2755.00        1.088176E+14   6.9175E-06   7.2915E-06   0.94871
FLUX  919  2765.00        1.084241E+14   7.0596E-06   7.2425E-06   0.97475
FLUX  920  2775.00        1.080333E+14   7.1703E-06   7.1941E-06   0.99669
FLUX  921  2785.00        1.076454E+14   7.1459E-06   7.1461E-06   0.99997
FLUX  922  2795.00        1.072603E+14   7.0985E-06   7.0986E-06   0.99999
FLUX  923  2805.00        1.068779E+14   7.0515E-06   7.0515E-06   1.00000
FLUX  924  2815.00        1.064982E+14   7.0048E-06   7.0050E-06   0.99997
FLUX  925  2825.00        1.061212E+14   6.9584E-06   6.9589E-06   0.99993
FLUX  926  2835.00        1.057469E+14   6.9127E-06   6.9132E-06   0.99993
FLUX  927  2845.00        1.053752E+14   6.8673E-06   6.8680E-06   0.99990
FLUX  928  2855.00        1.050061E+14   6.8036E-06   6.8233E-06   0.99711
FLUX  929  2865.00        1.046396E+14   6.6487E-06   6.7790E-06   0.98078
FLUX  930  2875.00        1.042756E+14   6.3304E-06   6.7351E-06   0.93991
FLUX  931  2885.00        1.039142E+14   6.6373E-06   6.6916E-06   0.99189
FLUX  932  2895.00        1.035553E+14   6.6386E-06   6.6486E-06   0.99850
FLUX  933  2905.00        1.031988E+14   6.6058E-06   6.6059E-06   0.99998
FLUX  934  2915.00        1.028448E+14   6.5628E-06   6.5637E-06   0.99986
FLUX  935  2925.00        1.024932E+14   6.5218E-06   6.5219E-06   0.99998
FLUX  936  2935.00        1.021440E+14   6.4800E-06   6.4805E-06   0.99992
FLUX  937  2945.00        1.017971E+14   6.4392E-06   6.4395E-06   0.99995
FLUX  938  2955.00        1.014526E+14   6.3988E-06   6.3988E-06   1.00000
FLUX  939  2965.00        1.011105E+14   6.3585E-06   6.3586E-06   0.99998
FLUX  940  2975.00        1.007706E+14   6.3187E-06   6.3187E-06   1.00000
FLUX  941  2985.00        1.004330E+14   6.2792E-06   6.2792E-06   1.00000
FLUX  942  2995.00        1.000977E+14   6.2400E-06   6.2401E-06   0.99998
FLUX  943  3005.00        9.976456E+13   6.2011E-06   6.2013E-06   0.99997
FLUX  944  3015.00        9.943366E+13   6.1590E-06   6.1629E-06   0.99937
FLUX  945  3025.00        9.910496E+13   6.0902E-06   6.1249E-06   0.99433
FLUX  946  3035.00        9.877842E+13   5.7816E-06   6.0872E-06   0.94980
FLUX  947  3045.00        9.845402E+13   5.8511E-06   6.0499E-06   0.96714
FLUX  948  3055.00        9.813175E+13   5.9859E-06   6.0129E-06   0.99551
FLUX  949  3065.00        9.781158E+13   5.9756E-06   5.9762E-06   0.99990
FLUX  950  3075.00        9.749349E+13   5.9397E-06   5.9399E-06   0.99997
FLUX  951  3085.00        9.717747E+13   5.9004E-06   5.9039E-06   0.99941
FLUX  952  3095.00        9.686349E+13   5.8681E-06   5.8682E-06   0.99998
FLUX  953  3105.00        9.655153E+13   5.8328E-06   5.8329E-06   0.99998
FLUX  954  3115.00        9.624157E+13   5.7978E-06   5.7979E-06   0.99998
FLUX  955  3125.00        9.593360E+13   5.7629E-06   5.7632E-06   0.99995
FLUX  956  3135.00        9.562759E+13   5.7287E-06   5.7288E-06   0.99998
FLUX  957  3145.00        9.532353E+13   5.6943E-06   5.6947E-06   0.99993
FLUX  958  3155.00        9.502140E+13   5.6608E-06   5.6609E-06   0.99998
FLUX  959  3165.00        9.472117E+13   5.6271E-06   5.6274E-06   0.99995
FLUX  960  3175.00        9.442283E+13   5.5940E-06   5.5942E-06   0.99996
FLUX  961  3185.00        9.412637E+13   5.5613E-06   5.5613E-06   1.00000
FLUX  962  3195.00        9.383176E+13   5.5286E-06   5.5287E-06   0.99998
FLUX  963  3210.00        9.339330E+13   5.4803E-06   5.4803E-06   1.00000
FLUX  964  3230.00        9.281502E+13   5.4168E-06   5.4168E-06   1.00000
FLUX  965  3250.00        9.224384E+13   5.3543E-06   5.3544E-06   0.99998
FLUX  966  3270.00        9.167966E+13   5.2870E-06   5.2930E-06   0.99887
FLUX  967  3290.00        9.112234E+13   5.0210E-06   5.2630E-06   0.95402
FLUX  968  3310.00        9.057175E+13   5.1079E-06   5.2032E-06   0.98168
FLUX  969  3330.00        9.002777E+13   5.1036E-06   5.1444E-06   0.99207
FLUX  970  3350.00        8.949030E+13   5.0499E-06   5.0867E-06   0.99277
FLUX  971  3370.00        8.895920E+13   4.9943E-06   5.0298E-06   0.99294
FLUX  972  3390.00        8.843437E+13   4.9399E-06   4.9740E-06   0.99314
FLUX  973  3410.00        8.791569E+13   4.8860E-06   4.9190E-06   0.99329
FLUX  974  3430.00        8.740306E+13   4.8330E-06   4.8650E-06   0.99342
FLUX  975  3450.00        8.689637E+13   4.7809E-06   4.8118E-06   0.99358
FLUX  976  3470.00        8.639553E+13   4.7294E-06   4.7595E-06   0.99368
FLUX  977  3490.00        8.590043E+13   4.6786E-06   4.7081E-06   0.99373
FLUX  978  3510.00        8.541097E+13   4.6289E-06   4.6574E-06   0.99388
FLUX  979  3530.00        8.492706E+13   4.5797E-06   4.6076E-06   0.99394
FLUX  980  3550.00        8.444859E+13   4.5312E-06   4.5586E-06   0.99399
FLUX  981  3570.00        8.397549E+13   4.4830E-06   4.5104E-06   0.99393
FLUX  982  3590.00        8.350766E+13   4.4374E-06   4.4629E-06   0.99429
FLUX  983  3610.00        8.304501E+13   4.3889E-06   4.4162E-06   0.99382
FLUX  984  3630.00        8.258746E+13   4.3461E-06   4.3702E-06   0.99449
FLUX  985  3650.00        8.213493E+13   4.2968E-06   4.3249E-06   0.99350
FLUX  986  3670.00        8.168733E+13   4.2584E-06   4.2804E-06   0.99486
FLUX  987  3690.00        8.124458E+13   4.2041E-06   4.2365E-06   0.99235
FLUX  988  3710.00        8.080661E+13   4.1678E-06   4.1933E-06   0.99392
FLUX  989  3730.00        8.037333E+13   4.0504E-06   4.1507E-06   0.97584
FLUX  990  3750.00        7.994467E+13   3.9668E-06   4.1088E-06   0.96544
FLUX  991  3770.00        7.952056E+13   4.0450E-06   4.0675E-06   0.99447
FLUX  992  3790.00        7.910092E+13   4.0109E-06   4.0268E-06   0.99605
FLUX  993  3810.00        7.868570E+13   3.9520E-06   3.9868E-06   0.99127
FLUX  994  3830.00        7.827481E+13   3.9163E-06   3.9473E-06   0.99215
FLUX  995  3850.00        7.786818E+13   3.8963E-06   3.9085E-06   0.99688
FLUX  996  3870.00        7.746576E+13   3.8592E-06   3.8702E-06   0.99716
FLUX  997  3890.00        7.706748E+13   3.8125E-06   3.8324E-06   0.99481
FLUX  998  3910.00        7.667327E+13   3.7363E-06   3.7952E-06   0.98448
FLUX  999  3930.00        7.628308E+13   3.7455E-06   3.7586E-06   0.99651
FLUX 1000  3950.00        7.589684E+13   3.7162E-06   3.7224E-06   0.99833
FLUX 1001  3970.00        7.551448E+13   3.6864E-06   3.6868E-06   0.99989
FLUX 1002  3990.00        7.513596E+13   3.6434E-06   3.6517E-06   0.99773
FLUX 1003  4010.00        7.476122E+13   3.5725E-06   3.6171E-06   0.98767
FLUX 1004  4030.00        7.439020E+13   3.5225E-06   3.5830E-06   0.98311
FLUX 1005  4050.00        7.402284E+13   3.4192E-06   3.5493E-06   0.96334
FLUX 1006  4070.00        7.365909E+13   3.5010E-06   3.5162E-06   0.99568
FLUX 1007  4090.00        7.329890E+13   3.4831E-06   3.4835E-06   0.99989
FLUX 1008  4110.00        7.294221E+13   3.4510E-06   3.4512E-06   0.99994
FLUX 1009  4130.00        7.258898E+13   3.4191E-06   3.4194E-06   0.99991
FLUX 1010  4150.00        7.223915E+13   3.3748E-06   3.3880E-06   0.99610
FLUX 1011  4170.00        7.189269E+13   3.2569E-06   3.3571E-06   0.97015
FLUX 1012  4190.00        7.154952E+13   3.3110E-06   3.3266E-06   0.99531
FLUX 1013  4210.00        7.120962E+13   3.2962E-06   3.2965E-06   0.99991
FLUX 1014  4230.00        7.087293E+13   3.2667E-06   3.2668E-06   0.99997
FLUX 1015  4250.00        7.053941E+13   3.2375E-06   3.2375E-06   1.00000
FLUX 1016  4270.00        7.020902E+13   3.2086E-06   3.2086E-06   1.00000
FLUX 1017  4290.00        6.988170E+13   3.1800E-06   3.1800E-06   1.00000
FLUX 1018  4310.00        6.955742E+13   3.1519E-06   3.1519E-06   1.00000
FLUX 1019  4330.00        6.923614E+13   3.1241E-06   3.1241E-06   1.00000
FLUX 1020  4350.00        6.891782E+13   3.0909E-06   3.0967E-06   0.99813
FLUX 1021  4370.00        6.860240E+13   2.9766E-06   3.0697E-06   0.96967
FLUX 1022  4390.00        6.828986E+13   3.0075E-06   3.0430E-06   0.98833
FLUX 1023  4410.00        6.798016E+13   3.0153E-06   3.0166E-06   0.99957
FLUX 1024  4430.00        6.767325E+13   2.9906E-06   2.9906E-06   1.00000
FLUX 1025  4450.00        6.736910E+13   2.9649E-06   2.9650E-06   0.99997
FLUX 1026  4470.00        6.706767E+13   2.9426E-06   2.9479E-06   0.99820
FLUX 1027  4490.00        6.676893E+13   2.9143E-06   2.9228E-06   0.99709
FLUX 1028  4510.00        6.647284E+13   2.8897E-06   2.8980E-06   0.99714
FLUX 1029  4530.00        6.617936E+13   2.8651E-06   2.8735E-06   0.99708
FLUX 1030  4550.00        6.588846E+13   2.8411E-06   2.8493E-06   0.99712
FLUX 1031  4570.00        6.560011E+13   2.8172E-06   2.8254E-06   0.99710
FLUX 1032  4590.00        6.531427E+13   2.7932E-06   2.8018E-06   0.99693
FLUX 1033  4610.00        6.503091E+13   2.7686E-06   2.7785E-06   0.99644
FLUX 1034  4630.00        6.475000E+13   2.7382E-06   2.7555E-06   0.99372
FLUX 1035  4650.00        6.447151E+13   2.6114E-06   2.7328E-06   0.95558
FLUX 1036  4670.00        6.419540E+13   2.5944E-06   2.7104E-06   0.95720
FLUX 1037  4690.00        6.392164E+13   2.6606E-06   2.6882E-06   0.98973
FLUX 1038  4710.00        6.365021E+13   2.6561E-06   2.6663E-06   0.99617
FLUX 1039  4730.00        6.338108E+13   2.6369E-06   2.6447E-06   0.99705
FLUX 1040  4750.00        6.311421E+13   2.6160E-06   2.6233E-06   0.99722
FLUX 1041  4770.00        6.284958E+13   2.5956E-06   2.6022E-06   0.99746
FLUX 1042  4790.00        6.258716E+13   2.5750E-06   2.5813E-06   0.99756
FLUX 1043  4810.00        6.232692E+13   2.5546E-06   2.5607E-06   0.99762
FLUX 1044  4830.00        6.206884E+13   2.5344E-06   2.5404E-06   0.99764
FLUX 1045  4850.00        6.181288E+13   2.5144E-06   2.5202E-06   0.99770
FLUX 1046  4870.00        6.155903E+13   2.4946E-06   2.5003E-06   0.99772
FLUX 1047  4890.00        6.130726E+13   2.4750E-06   2.4807E-06   0.99770
FLUX 1048  4910.00        6.105754E+13   2.4557E-06   2.4613E-06   0.99772
FLUX 1049  4930.00        6.080984E+13   2.4365E-06   2.4421E-06   0.99771
FLUX 1050  4950.00        6.056414E+13   2.4178E-06   2.4231E-06   0.99781
FLUX 1051  4970.00        6.032042E+13   2.3986E-06   2.4043E-06   0.99763
FLUX 1052  4990.00        6.007866E+13   2.3806E-06   2.3858E-06   0.99782
FLUX 1053  5010.00        5.983882E+13   2.3621E-06   2.3675E-06   0.99772
FLUX 1054  5030.00        5.960089E+13   2.3433E-06   2.3494E-06   0.99740
FLUX 1055  5050.00        5.936485E+13   2.3263E-06   2.3315E-06   0.99777
FLUX 1056  5070.00        5.913067E+13   2.3080E-06   2.3138E-06   0.99749
FLUX 1057  5090.00        5.889833E+13   2.2874E-06   2.2963E-06   0.99612
FLUX 1058  5110.00        5.866781E+13   2.2592E-06   2.2789E-06   0.99136
FLUX 1059  5130.00        5.843908E+13   2.1655E-06   2.2618E-06   0.95742
FLUX 1060  5150.00        5.821214E+13   2.2295E-06   2.2449E-06   0.99314
FLUX 1061  5170.00        5.798694E+13   2.2189E-06   2.2282E-06   0.99583
FLUX 1062  5190.00        5.776348E+13   2.2063E-06   2.2116E-06   0.99760
FLUX 1063  5210.00        5.754174E+13   2.1951E-06   2.1953E-06   0.99991
FLUX 1064  5230.00        5.732170E+13   2.1786E-06   2.1791E-06   0.99977
FLUX 1065  5250.00        5.710333E+13   2.1569E-06   2.1631E-06   0.99713
FLUX 1066  5270.00        5.688662E+13   2.1389E-06   2.1473E-06   0.99609
FLUX 1067  5290.00        5.667155E+13   2.1298E-06   2.1316E-06   0.99916
FLUX 1068  5310.00        5.645810E+13   2.1161E-06   2.1161E-06   1.00000
FLUX 1069  5330.00        5.624625E+13   2.1008E-06   2.1008E-06   1.00000
FLUX 1070  5350.00        5.603598E+13   2.0844E-06   2.0857E-06   0.99938
FLUX 1071  5370.00        5.582728E+13   2.0615E-06   2.0707E-06   0.99556
FLUX 1072  5390.00        5.562013E+13   2.0469E-06   2.0559E-06   0.99562
FLUX 1073  5410.00        5.541451E+13   2.0400E-06   2.0412E-06   0.99941
FLUX 1074  5430.00        5.521040E+13   2.0266E-06   2.0267E-06   0.99995
FLUX 1075  5450.00        5.500780E+13   2.0123E-06   2.0123E-06   1.00000
FLUX 1076  5470.00        5.480667E+13   1.9981E-06   1.9981E-06   1.00000
FLUX 1077  5490.00        5.460701E+13   1.9839E-06   1.9841E-06   0.99990
FLUX 1078  5510.00        5.440880E+13   1.9623E-06   1.9701E-06   0.99604
FLUX 1079  5530.00        5.421203E+13   1.9407E-06   1.9564E-06   0.99198
FLUX 1080  5550.00        5.401667E+13   1.9397E-06   1.9428E-06   0.99840
FLUX 1081  5570.00        5.382271E+13   1.9292E-06   1.9293E-06   0.99995
FLUX 1082  5590.00        5.363014E+13   1.9159E-06   1.9159E-06   1.00000
FLUX 1083  5610.00        5.343895E+13   1.9027E-06   1.9027E-06   1.00000
FLUX 1084  5630.00        5.324911E+13   1.8896E-06   1.8897E-06   0.99995
FLUX 1085  5650.00        5.306062E+13   1.8767E-06   1.8767E-06   1.00000
FLUX 1086  5670.00        5.287345E+13   1.8639E-06   1.8639E-06   1.00000
FLUX 1087  5690.00        5.268761E+13   1.8456E-06   1.8512E-06   0.99697
FLUX 1088  5710.00        5.250306E+13   1.8148E-06   1.8387E-06   0.98700
FLUX 1089  5730.00        5.231981E+13   1.8189E-06   1.8263E-06   0.99595
FLUX 1090  5750.00        5.213782E+13   1.8139E-06   1.8140E-06   0.99994
FLUX 1091  5770.00        5.195710E+13   1.8018E-06   1.8018E-06   1.00000
FLUX 1092  5790.00        5.177763E+13   1.7897E-06   1.7898E-06   0.99994
FLUX 1093  5810.00        5.159940E+13   1.7778E-06   1.7778E-06   1.00000
FLUX 1094  5830.00        5.142239E+13   1.7650E-06   1.7660E-06   0.99943
FLUX 1095  5850.00        5.124658E+13   1.7526E-06   1.7570E-06   0.99750
FLUX 1096  5870.00        5.107198E+13   1.7395E-06   1.7454E-06   0.99662
FLUX 1097  5890.00        5.089855E+13   1.7171E-06   1.7339E-06   0.99031
FLUX 1098  5910.00        5.072631E+13   1.6444E-06   1.7226E-06   0.95460
FLUX 1099  5930.00        5.055523E+13   1.6963E-06   1.7113E-06   0.99123
FLUX 1100  5950.00        5.038529E+13   1.6671E-06   1.7002E-06   0.98053
FLUX 1101  5970.00        5.021650E+13   1.6707E-06   1.6891E-06   0.98911
FLUX 1102  5990.00        5.004883E+13   1.6725E-06   1.6782E-06   0.99660
FLUX 1103  6010.00        4.988228E+13   1.6636E-06   1.6673E-06   0.99778
FLUX 1104  6030.00        4.971683E+13   1.6556E-06   1.6566E-06   0.99940
FLUX 1105  6050.00        4.955248E+13   1.6459E-06   1.6460E-06   0.99994
FLUX 1106  6070.00        4.938921E+13   1.6354E-06   1.6355E-06   0.99994
FLUX 1107  6090.00        4.922701E+13   1.6250E-06   1.6250E-06   1.00000
FLUX 1108  6110.00        4.906587E+13   1.6147E-06   1.6147E-06   1.00000
FLUX 1109  6130.00        4.890579E+13   1.6044E-06   1.6045E-06   0.99994
FLUX 1110  6150.00        4.874675E+13   1.5943E-06   1.5943E-06   1.00000
FLUX 1111  6170.00        4.858873E+13   1.5843E-06   1.5843E-06   1.00000
FLUX 1112  6190.00        4.843175E+13   1.5743E-06   1.5744E-06   0.99994
FLUX 1113  6210.00        4.827576E+13   1.5645E-06   1.5645E-06   1.00000
FLUX 1114  6230.00        4.812078E+13   1.5546E-06   1.5548E-06   0.99987
FLUX 1115  6250.00        4.796680E+13   1.5412E-06   1.5451E-06   0.99748
FLUX 1116  6270.00        4.781379E+13   1.5256E-06   1.5355E-06   0.99355
FLUX 1117  6290.00        4.766176E+13   1.4804E-06   1.5260E-06   0.97012
FLUX 1118  6310.00        4.751070E+13   1.5034E-06   1.5166E-06   0.99130
FLUX 1119  6330.00        4.736058E+13   1.5031E-06   1.5073E-06   0.99721
FLUX 1120  6350.00        4.721142E+13   1.4975E-06   1.4981E-06   0.99960
FLUX 1121  6370.00        4.706319E+13   1.4889E-06   1.4890E-06   0.99993
FLUX 1122  6390.00        4.691588E+13   1.4799E-06   1.4799E-06   1.00000
FLUX 1123  6420.00        4.669665E+13   1.4664E-06   1.4665E-06   0.99993
FLUX 1124  6460.00        4.640751E+13   1.4488E-06   1.4488E-06   1.00000
FLUX 1125  6500.00        4.612192E+13   1.4315E-06   1.4315E-06   1.00000
FLUX 1126  6540.00        4.583983E+13   1.4145E-06   1.4145E-06   1.00000
FLUX 1127  6580.00        4.556117E+13   1.3978E-06   1.3978E-06   1.00000
FLUX 1128  6620.00        4.528588E+13   1.3812E-06   1.3814E-06   0.99986
FLUX 1129  6660.00        4.501389E+13   1.3652E-06   1.3652E-06   1.00000
FLUX 1130  6700.00        4.474515E+13   1.3491E-06   1.3494E-06   0.99978
FLUX 1131  6740.00        4.447960E+13   1.3272E-06   1.3338E-06   0.99505
FLUX 1132  6780.00        4.421718E+13   1.2886E-06   1.3185E-06   0.97732
FLUX 1133  6820.00        4.395785E+13   1.3008E-06   1.3034E-06   0.99801
FLUX 1134  6860.00        4.370153E+13   1.2885E-06   1.2886E-06   0.99992
FLUX 1135  6900.00        4.344819E+13   1.2741E-06   1.2741E-06   1.00000
FLUX 1136  6940.00        4.319777E+13   1.2593E-06   1.2598E-06   0.99960
FLUX 1137  6980.00        4.295021E+13   1.2457E-06   1.2457E-06   1.00000
FLUX 1138  7020.00        4.270548E+13   1.2319E-06   1.2319E-06   1.00000
FLUX 1139  7060.00        4.246353E+13   1.2183E-06   1.2183E-06   1.00000
FLUX 1140  7100.00        4.222429E+13   1.2036E-06   1.2049E-06   0.99892
FLUX 1141  7140.00        4.198774E+13   1.1916E-06   1.1918E-06   0.99983
FLUX 1142  7180.00        4.175383E+13   1.1788E-06   1.1788E-06   1.00000
FLUX 1143  7220.00        4.152251E+13   1.1660E-06   1.1661E-06   0.99991
FLUX 1144  7260.00        4.129373E+13   1.1513E-06   1.1535E-06   0.99809
FLUX 1145  7300.00        4.106747E+13   1.1405E-06   1.1412E-06   0.99939
FLUX 1146  7340.00        4.084366E+13   1.1290E-06   1.1291E-06   0.99991
FLUX 1147  7380.00        4.062229E+13   1.1162E-06   1.1171E-06   0.99919
FLUX 1148  7420.00        4.040330E+13   1.1015E-06   1.1054E-06   0.99647
FLUX 1149  7460.00        4.018666E+13   1.0609E-06   1.0938E-06   0.96992
FLUX 1150  7500.00        3.997233E+13   1.0373E-06   1.0825E-06   0.95824
FLUX 1151  7540.00        3.976028E+13   1.0637E-06   1.0713E-06   0.99291
FLUX 1152  7580.00        3.955046E+13   1.0585E-06   1.0603E-06   0.99830
FLUX 1153  7620.00        3.934285E+13   1.0494E-06   1.0494E-06   1.00000
FLUX 1154  7660.00        3.913740E+13   1.0387E-06   1.0387E-06   1.00000
FLUX 1155  7700.00        3.893409E+13   1.0282E-06   1.0282E-06   1.00000
FLUX 1156  7740.00        3.873288E+13   1.0166E-06   1.0178E-06   0.99882
FLUX 1157  7780.00        3.853374E+13   1.0012E-06   1.0076E-06   0.99365
FLUX 1158  7820.00        3.833663E+13   9.9630E-07   9.9754E-07   0.99876
FLUX 1159  7860.00        3.814154E+13   9.8761E-07   9.8763E-07   0.99998
FLUX 1160  7900.00        3.794842E+13   9.7784E-07   9.7786E-07   0.99998
FLUX 1161  7940.00        3.775724E+13   9.6822E-07   9.6824E-07   0.99998
FLUX 1162  7980.00        3.756798E+13   9.5874E-07   9.5875E-07   0.99999
FLUX 1163  8020.00        3.738061E+13   9.4939E-07   9.4941E-07   0.99998
FLUX 1164  8060.00        3.719510E+13   9.4018E-07   9.4020E-07   0.99998
FLUX 1165  8100.00        3.701142E+13   9.3073E-07   9.3112E-07   0.99958
FLUX 1166  8140.00        3.682955E+13   9.1478E-07   9.2217E-07   0.99199
FLUX 1167  8180.00        3.664945E+13   9.0928E-07   9.1335E-07   0.99554
FLUX 1168  8220.00        3.647110E+13   9.0463E-07   9.0466E-07   0.99997
FLUX 1169  8260.00        3.629449E+13   8.9607E-07   8.9608E-07   0.99999
FLUX 1170  8300.00        3.611958E+13   8.8762E-07   8.8763E-07   0.99999
FLUX 1171  8340.00        3.594634E+13   8.7928E-07   8.7930E-07   0.99998
FLUX 1172  8380.00        3.577476E+13   8.7106E-07   8.7108E-07   0.99998
FLUX 1173  8420.00        3.560481E+13   8.6296E-07   8.6298E-07   0.99998
FLUX 1174  8460.00        3.543647E+13   8.5498E-07   8.5499E-07   0.99999
FLUX 1175  8500.00        3.526971E+13   8.4710E-07   8.4711E-07   0.99999
FLUX 1176  8540.00        3.510451E+13   8.3932E-07   8.3934E-07   0.99998
FLUX 1177  8580.00        3.494085E+13   8.3165E-07   8.3167E-07   0.99998
FLUX 1178  8620.00        3.477871E+13   8.2269E-07   8.2411E-07   0.99828
FLUX 1179  8660.00        3.461807E+13   8.0436E-07   8.1665E-07   0.98495
FLUX 1180  8700.00        3.445891E+13   8.0593E-07   8.0929E-07   0.99585
FLUX 1181  8740.00        3.430120E+13   7.8791E-07   8.0203E-07   0.98239
FLUX 1182  8780.00        3.414493E+13   7.8095E-07   7.9486E-07   0.98250
FLUX 1183  8820.00        3.399008E+13   7.8729E-07   7.8779E-07   0.99937
FLUX 1184  8860.00        3.383662E+13   7.8080E-07   7.8082E-07   0.99997
FLUX 1185  8900.00        3.368455E+13   7.7392E-07   7.7393E-07   0.99999
FLUX 1186  8940.00        3.353384E+13   7.6713E-07   7.6714E-07   0.99999
FLUX 1187  8980.00        3.338446E+13   7.6043E-07   7.6043E-07   1.00000
FLUX 1188  9020.00        3.323642E+13   7.5380E-07   7.5382E-07   0.99997
FLUX 1189  9060.00        3.308968E+13   7.4727E-07   7.4728E-07   0.99999
FLUX 1190  9100.00        3.294423E+13   7.4082E-07   7.4083E-07   0.99999
FLUX 1191  9140.00        3.280005E+13   7.3445E-07   7.3447E-07   0.99997
FLUX 1192  9180.00        3.265713E+13   7.2817E-07   7.2818E-07   0.99999
FLUX 1193  9220.00        3.251545E+13   7.2196E-07   7.2198E-07   0.99997
FLUX 1194  9260.00        3.237500E+13   7.1540E-07   7.1585E-07   0.99937
FLUX 1195  9300.00        3.223575E+13   7.0978E-07   7.0980E-07   0.99997
FLUX 1196  9340.00        3.209770E+13   7.0229E-07   7.0382E-07   0.99783
FLUX 1197  9380.00        3.196082E+13   6.8401E-07   6.9792E-07   0.98007
FLUX 1198  9420.00        3.182511E+13   6.8703E-07   6.9210E-07   0.99267
FLUX 1199  9460.00        3.169054E+13   6.8577E-07   6.8634E-07   0.99917
FLUX 1200  9500.00        3.155710E+13   6.8004E-07   6.8066E-07   0.99909
FLUX 1201  9540.00        3.142479E+13   6.7429E-07   6.7505E-07   0.99887
FLUX 1202  9580.00        3.129358E+13   6.6949E-07   6.6950E-07   0.99999
FLUX 1203  9620.00        3.116346E+13   6.6401E-07   6.6402E-07   0.99998
FLUX 1204  9660.00        3.103442E+13   6.5860E-07   6.5861E-07   0.99998
FLUX 1205  9700.00        3.090644E+13   6.5326E-07   6.5327E-07   0.99998
FLUX 1206  9740.00        3.077952E+13   6.4798E-07   6.4799E-07   0.99998
FLUX 1207  9780.00        3.065363E+13   6.4276E-07   6.4277E-07   0.99998
FLUX 1208  9820.00        3.052877E+13   6.3704E-07   6.3762E-07   0.99909
FLUX 1209  9860.00        3.040492E+13   6.3129E-07   6.3252E-07   0.99806
FLUX 1210  9900.00        3.028207E+13   6.2747E-07   6.2749E-07   0.99997
FLUX 1211  9940.00        3.016021E+13   6.2251E-07   6.2252E-07   0.99998
FLUX 1212  9980.00        3.003933E+13   6.1759E-07   6.1760E-07   0.99998
FLUX 1213 10020.00        2.991941E+13   6.1273E-07   6.1274E-07   0.99998
FLUX 1214 20000.00        1.498962E+13   1.5456E-07   1.5456E-07   1.00000
FLUX 1215 40000.00        7.494812E+12   3.8113E-08   3.8113E-08   1.00000
FLUX 1216 60000.00        4.996542E+12   1.6721E-08   1.6721E-08   1.00000
FLUX 1217 80000.00        3.747406E+12   9.3060E-09   9.3061E-09   0.99999
FLUX 1218100000.00        2.997925E+12   5.9037E-09   5.9037E-09   1.00000
FLUX 1219120000.00        2.498271E+12   4.0695E-09   4.0695E-09   1.00000
FLUX 1220140000.00        2.141375E+12   2.9708E-09   2.9708E-09   1.00000
FLUX 1221160000.00        1.873703E+12   2.2618E-09   2.2618E-09   1.00000
FLUX
