TEFF   8750.  GRAVITY 4.00000 LTE 
TITLE  [0.0] VTURB=2  L/H=1.25 NOVER NEW ODF                                    
FLUX    1     9.09        3.298047E+16   1.0000E-50   0.0000E+00   1.00000
FLUX    2     9.35        3.206337E+16   1.0000E-50   0.0000E+00   1.00000
FLUX    3     9.61        3.119589E+16   1.0000E-50   0.0000E+00   1.00000
FLUX    4     9.77        3.068501E+16   1.0000E-50   0.0000E+00   1.00000
FLUX    5     9.96        3.009965E+16   1.0000E-50   0.0000E+00   1.00000
FLUX    6    10.20        2.939142E+16   1.0000E-50   0.0000E+00   1.00000
FLUX    7    10.38        2.888174E+16   1.0000E-50   0.0000E+00   1.00000
FLUX    8    10.56        2.838944E+16   1.0000E-50   0.0000E+00   1.00000
FLUX    9    10.77        2.783589E+16   1.0000E-50   0.0000E+00   1.00000
FLUX   10    11.04        2.715512E+16   1.0000E-50   0.0000E+00   1.00000
FLUX   11    11.40        2.629759E+16   1.0000E-50   0.0000E+00   1.00000
FLUX   12    11.78        2.544928E+16   1.0000E-50   0.0000E+00   1.00000
FLUX   13    12.13        2.471496E+16   1.0000E-50   0.0000E+00   1.00000
FLUX   14    12.48        2.402183E+16   1.0000E-50   0.0000E+00   1.00000
FLUX   15    12.71        2.358714E+16   1.0000E-50   0.0000E+00   1.00000
FLUX   16    12.84        2.334833E+16   1.0000E-50   0.0000E+00   1.00000
FLUX   17    13.05        2.297261E+16   1.0000E-50   0.0000E+00   1.00000
FLUX   18    13.24        2.264294E+16   1.0000E-50   0.0000E+00   1.00000
FLUX   19    13.39        2.238928E+16   1.0000E-50   0.0000E+00   1.00000
FLUX   20    13.66        2.194674E+16   1.0000E-50   0.0000E+00   1.00000
FLUX   21    13.98        2.144438E+16   1.0000E-50   0.0000E+00   1.00000
FLUX   22    14.33        2.092062E+16   1.0000E-50   0.0000E+00   1.00000
FLUX   23    14.72        2.036634E+16   1.0000E-50   0.0000E+00   1.00000
FLUX   24    15.10        1.985381E+16   1.0000E-50   0.0000E+00   1.00000
FLUX   25    15.52        1.931653E+16   1.0000E-50   0.0000E+00   1.00000
FLUX   26    15.88        1.887862E+16   1.0000E-50   0.0000E+00   1.00000
FLUX   27    16.20        1.850571E+16   1.0000E-50   0.0000E+00   1.00000
FLUX   28    16.60        1.805979E+16   1.0000E-50   0.0000E+00   1.00000
FLUX   29    17.03        1.760379E+16   1.0000E-50   0.0000E+00   1.00000
FLUX   30    17.34        1.728907E+16   1.0000E-50   0.0000E+00   1.00000
FLUX   31    17.68        1.695659E+16   1.0000E-50   0.0000E+00   1.00000
FLUX   32    18.02        1.663665E+16   1.0000E-50   0.0000E+00   1.00000
FLUX   33    18.17        1.649931E+16   1.0000E-50   0.0000E+00   1.00000
FLUX   34    18.61        1.610922E+16   1.0000E-50   0.0000E+00   1.00000
FLUX   35    19.10        1.569594E+16   1.0000E-50   0.0000E+00   1.00000
FLUX   36    19.39        1.546119E+16   1.0000E-50   0.0000E+00   1.00000
FLUX   37    19.84        1.511051E+16   1.0000E-50   0.0000E+00   1.00000
FLUX   38    20.18        1.485592E+16   1.0000E-50   0.0000E+00   1.00000
FLUX   39    20.50        1.462402E+16   1.0000E-50   0.0000E+00   1.00000
FLUX   40    21.05        1.424192E+16   1.0000E-50   0.0000E+00   1.00000
FLUX   41    21.62        1.386644E+16   1.0000E-50   0.0000E+00   1.00000
FLUX   42    21.98        1.363933E+16   1.0000E-50   0.0000E+00   1.00000
FLUX   43    22.30        1.344361E+16   1.0000E-50   0.0000E+00   1.00000
FLUX   44    22.68        1.321836E+16   1.0000E-50   0.0000E+00   1.00000
FLUX   45    23.00        1.303446E+16   1.0000E-50   0.0000E+00   1.00000
FLUX   46    23.40        1.281165E+16   1.0000E-50   0.0000E+00   1.00000
FLUX   47    24.00        1.249135E+16   1.0000E-50   0.0000E+00   1.00000
FLUX   48    24.65        1.216197E+16   1.0000E-50   0.0000E+00   1.00000
FLUX   49    25.24        1.187767E+16   1.0000E-50   0.0000E+00   1.00000
FLUX   50    25.68        1.167416E+16   1.0000E-50   0.0000E+00   1.00000
FLUX   51    26.00        1.153048E+16   1.0000E-50   0.0000E+00   1.00000
FLUX   52    26.40        1.135578E+16   1.0000E-50   0.0000E+00   1.00000
FLUX   53    26.85        1.116546E+16   1.0000E-50   0.0000E+00   1.00000
FLUX   54    27.35        1.096133E+16   1.0000E-50   0.0000E+00   1.00000
FLUX   55    27.85        1.076454E+16   1.0000E-50   0.0000E+00   1.00000
FLUX   56    28.40        1.055607E+16   1.0000E-50   0.0000E+00   1.00000
FLUX   57    29.00        1.033767E+16   1.0000E-50   0.0000E+00   1.00000
FLUX   58    29.60        1.012813E+16   1.0000E-50   0.0000E+00   1.00000
FLUX   59    30.10        9.959884E+15   1.0000E-50   0.0000E+00   1.00000
FLUX   60    30.80        9.733523E+15   1.0000E-50   0.0000E+00   1.00000
FLUX   61    31.80        9.427437E+15   3.2947E-37   3.2947E-37   1.00000
FLUX   62    32.80        9.140015E+15   4.1646E-36   4.1646E-36   1.00000
FLUX   63    33.80        8.869601E+15   4.3743E-35   4.3743E-35   1.00000
FLUX   64    34.80        8.614727E+15   3.9982E-34   3.9982E-34   1.00000
FLUX   65    35.70        8.397549E+15   2.6288E-33   2.6288E-33   1.00000
FLUX   66    36.60        8.191052E+15   1.5729E-32   1.5729E-32   1.00000
FLUX   67    37.50        7.994467E+15   8.6221E-32   8.6221E-32   1.00000
FLUX   68    38.50        7.786818E+15   5.1912E-31   5.1912E-31   1.00000
FLUX   69    39.50        7.589684E+15   2.8485E-30   2.8485E-30   1.00000
FLUX   70    40.50        7.402284E+15   1.4344E-29   1.4344E-29   1.00000
FLUX   71    41.40        7.241365E+15   5.7390E-29   5.7390E-29   1.00000
FLUX   72    42.20        7.104088E+15   1.8709E-28   1.8709E-28   1.00000
FLUX   73    43.00        6.971919E+15   5.8303E-28   5.8303E-28   1.00000
FLUX   74    44.10        6.798016E+15   2.5972E-27   2.5972E-27   1.00000
FLUX   75    45.10        6.647284E+15   9.4662E-27   9.4662E-27   1.00000
FLUX   76    46.00        6.517228E+15   2.8858E-26   2.8858E-26   1.00000
FLUX   77    47.00        6.378564E+15   9.4587E-26   9.4587E-26   1.00000
FLUX   78    48.00        6.245677E+15   2.9467E-25   2.9467E-25   1.00000
FLUX   79    49.00        6.118214E+15   8.7528E-25   8.7528E-25   1.00000
FLUX   80    50.00        5.995850E+15   2.4860E-24   2.4860E-24   1.00000
FLUX   81    50.60        5.924753E+15   4.3372E-24   4.5571E-24   0.95175
FLUX   82    51.20        5.855322E+15   8.1010E-24   8.2320E-24   0.98410
FLUX   83    52.00        5.765240E+15   1.7447E-23   1.7719E-23   0.98464
FLUX   84    53.00        5.656462E+15   4.4673E-23   4.4673E-23   1.00000
FLUX   85    54.00        5.551713E+15   1.0872E-22   1.0872E-22   1.00000
FLUX   86    55.00        5.450773E+15   2.5592E-22   2.5592E-22   1.00000
FLUX   87    56.00        5.353438E+15   5.8372E-22   5.8372E-22   1.00000
FLUX   88    57.00        5.259518E+15   1.2922E-21   1.2922E-21   1.00000
FLUX   89    58.00        5.168836E+15   2.7366E-21   2.7807E-21   0.98416
FLUX   90    59.00        5.081229E+15   5.8252E-21   5.8252E-21   1.00000
FLUX   91    60.00        4.996542E+15   1.1896E-20   1.1896E-20   1.00000
FLUX   92    61.00        4.914631E+15   2.3712E-20   2.3712E-20   1.00000
FLUX   93    62.00        4.835363E+15   4.6187E-20   4.6187E-20   1.00000
FLUX   94    63.00        4.758611E+15   8.8014E-20   8.8014E-20   1.00000
FLUX   95    64.00        4.684258E+15   1.6425E-19   1.6425E-19   1.00000
FLUX   96    65.00        4.612192E+15   3.0048E-19   3.0048E-19   1.00000
FLUX   97    65.80        4.556117E+15   4.8051E-19   4.8051E-19   1.00000
FLUX   98    66.50        4.508158E+15   7.1766E-19   7.1766E-19   1.00000
FLUX   99    67.50        4.441370E+15   1.2540E-18   1.2540E-18   1.00000
FLUX  100    68.50        4.376533E+15   2.1543E-18   2.1543E-18   1.00000
FLUX  101    69.50        4.313561E+15   3.6415E-18   3.6415E-18   1.00000
FLUX  102    70.50        4.252376E+15   5.9651E-18   6.0607E-18   0.98423
FLUX  103    71.60        4.187046E+15   1.0434E-17   1.0434E-17   1.00000
FLUX  104    72.60        4.129373E+15   9.8657E-19   9.8659E-19   0.99998
FLUX  105    73.50        4.078810E+15   1.4308E-18   1.4311E-18   0.99983
FLUX  106    74.50        4.024060E+15   2.1368E-18   2.1386E-18   0.99915
FLUX  107    75.50        3.970762E+15   3.1553E-18   3.1583E-18   0.99905
FLUX  108    76.50        3.918856E+15   4.6072E-18   4.6116E-18   0.99905
FLUX  109    77.50        3.868290E+15   6.6550E-18   6.6606E-18   0.99916
FLUX  110    78.50        3.819013E+15   9.5197E-18   9.5198E-18   0.99998
FLUX  111    79.50        3.770975E+15   1.3346E-17   1.3470E-17   0.99077
FLUX  112    80.50        3.724130E+15   1.8803E-17   1.8876E-17   0.99613
FLUX  113    81.50        3.678436E+15   2.6192E-17   2.6207E-17   0.99941
FLUX  114    82.50        3.633848E+15   3.6054E-17   3.6066E-17   0.99965
FLUX  115    83.50        3.590329E+15   4.9189E-17   4.9217E-17   0.99944
FLUX  116    84.50        3.547840E+15   6.6598E-17   6.6607E-17   0.99987
FLUX  117    85.50        3.506345E+15   8.9417E-17   8.9439E-17   0.99975
FLUX  118    86.50        3.465809E+15   1.1914E-16   1.1915E-16   0.99992
FLUX  119    87.50        3.426200E+15   1.5708E-16   1.5756E-16   0.99695
FLUX  120    88.50        3.387486E+15   2.0685E-16   2.0688E-16   0.99984
FLUX  121    89.50        3.349637E+15   2.6975E-16   2.6977E-16   0.99992
FLUX  122    90.50        3.312624E+15   3.4752E-16   3.4944E-16   0.99452
FLUX  123    91.50        3.276421E+15   9.9899E-14   4.7276E-13   0.21131
FLUX  124    92.50        3.241000E+15   4.4080E-13   6.1501E-13   0.71674
FLUX  125    93.50        3.206337E+15   6.0073E-13   7.8553E-13   0.76475
FLUX  126    94.50        3.172407E+15   8.0585E-13   9.9301E-13   0.81152
FLUX  127    95.50        3.139188E+15   1.1239E-12   1.2469E-12   0.90137
FLUX  128    96.50        3.106658E+15   1.4479E-12   1.5520E-12   0.93293
FLUX  129    97.50        3.074795E+15   1.6655E-12   1.9163E-12   0.86912
FLUX  130    98.50        3.043579E+15   2.1854E-12   2.3768E-12   0.91944
FLUX  131    99.50        3.012990E+15   2.5798E-12   2.9145E-12   0.88518
FLUX  132   100.50        2.983010E+15   3.3969E-12   3.5538E-12   0.95586
FLUX  133   101.50        2.953621E+15   4.1570E-12   4.3001E-12   0.96672
FLUX  134   102.50        2.924805E+15   4.5223E-12   5.2530E-12   0.86091
FLUX  135   103.50        2.896546E+15   6.0740E-12   6.3447E-12   0.95734
FLUX  136   104.50        2.868828E+15   7.4733E-12   7.6594E-12   0.97570
FLUX  137   105.50        2.841635E+15   9.0354E-12   9.2333E-12   0.97857
FLUX  138   106.50        2.814953E+15   1.0606E-11   1.1129E-11   0.95296
FLUX  139   107.50        2.788767E+15   1.3017E-11   1.3404E-11   0.97112
FLUX  140   108.50        2.763065E+15   1.5624E-11   1.6102E-11   0.97035
FLUX  141   109.50        2.737831E+15   1.8152E-11   1.9259E-11   0.94253
FLUX  142   110.50        2.713054E+15   4.4587E-11   1.5314E-10   0.29115
FLUX  143   111.50        2.688722E+15   1.2238E-10   1.9562E-10   0.62560
FLUX  144   112.50        2.664822E+15   1.6953E-10   2.4379E-10   0.69540
FLUX  145   113.50        2.641344E+15   2.2896E-10   2.9787E-10   0.76864
FLUX  146   114.50        2.618275E+15   2.7656E-10   3.5400E-10   0.78126
FLUX  147   115.50        2.595606E+15   3.0067E-10   4.1133E-10   0.73098
FLUX  148   116.50        2.573326E+15   3.9155E-10   4.6655E-10   0.83925
FLUX  149   117.50        2.551426E+15   4.4955E-10   5.1324E-10   0.87590
FLUX  150   118.50        2.529895E+15   4.7295E-10   6.6919E-10   0.70675
FLUX  151   119.50        2.508724E+15   2.6488E-10   7.6158E-10   0.34780
FLUX  152   120.50        2.487905E+15   2.4417E-10   8.6215E-10   0.28322
FLUX  153   121.50        2.467428E+15   5.3027E-11   9.7176E-10   0.05457
FLUX  154   122.50        2.447286E+15   2.7309E-10   1.1328E-09   0.24107
FLUX  155   123.50        2.427470E+15   6.4102E-10   1.2678E-09   0.50563
FLUX  156   124.50        2.407972E+15   1.1961E-09   3.7833E-09   0.31614
FLUX  157   125.50        2.388785E+15   2.4847E-09   1.7479E-08   0.14215
FLUX  158   126.50        2.369901E+15   2.6838E-09   4.6165E-08   0.05813
FLUX  159   127.50        2.351314E+15   5.0723E-09   7.3851E-08   0.06868
FLUX  160   128.50        2.333016E+15   1.2480E-08   1.0695E-07   0.11669
FLUX  161   129.50        2.315000E+15   1.8315E-08   1.3089E-07   0.13993
FLUX  162   130.50        2.297261E+15   1.1598E-08   1.5347E-07   0.07557
FLUX  163   131.50        2.279791E+15   3.0211E-08   1.6998E-07   0.17773
FLUX  164   132.50        2.262585E+15   4.1210E-08   1.8373E-07   0.22430
FLUX  165   133.50        2.245637E+15   4.3687E-08   1.9400E-07   0.22520
FLUX  166   134.50        2.228941E+15   6.5745E-08   2.0121E-07   0.32675
FLUX  167   135.50        2.212491E+15   6.3218E-08   2.0796E-07   0.30399
FLUX  168   136.50        2.196282E+15   6.3825E-08   2.1636E-07   0.29500
FLUX  169   137.50        2.180309E+15   6.7531E-08   2.2312E-07   0.30267
FLUX  170   138.50        2.164567E+15   5.5671E-08   2.2874E-07   0.24339
FLUX  171   139.50        2.149050E+15   6.1629E-08   2.3317E-07   0.26431
FLUX  172   140.50        2.133754E+15   8.3550E-08   2.3701E-07   0.35251
FLUX  173   141.50        2.118675E+15   9.7863E-08   2.4010E-07   0.40760
FLUX  174   142.50        2.103807E+15   1.1886E-07   2.4842E-07   0.47845
FLUX  175   143.50        2.089146E+15   1.0505E-07   2.5089E-07   0.41872
FLUX  176   144.20        2.079005E+15   1.3532E-07   2.5255E-07   0.53582
FLUX  177   144.70        2.071821E+15   1.4714E-07   4.0488E-07   0.36340
FLUX  178   145.50        2.060430E+15   1.7364E-07   4.0676E-07   0.42689
FLUX  179   146.50        2.046365E+15   1.7466E-07   4.0858E-07   0.42747
FLUX  180   147.50        2.032492E+15   1.8312E-07   4.0957E-07   0.44710
FLUX  181   148.50        2.018805E+15   2.0485E-07   4.0981E-07   0.49985
FLUX  182   149.50        2.005301E+15   2.3714E-07   4.0955E-07   0.57903
FLUX  183   150.50        1.991977E+15   2.5262E-07   4.0868E-07   0.61813
FLUX  184   151.20        1.982755E+15   2.2401E-07   4.0794E-07   0.54911
FLUX  185   151.70        1.976220E+15   2.5063E-07   7.6083E-07   0.32942
FLUX  186   152.50        1.965852E+15   2.4668E-07   2.4918E-06   0.09900
FLUX  187   153.50        1.953046E+15   5.0336E-07   3.9755E-06   0.12661
FLUX  188   154.50        1.940405E+15   1.0048E-06   4.0161E-06   0.25019
FLUX  189   155.50        1.927926E+15   7.9038E-07   4.0536E-06   0.19498
FLUX  190   156.50        1.915607E+15   6.9411E-07   4.0900E-06   0.16971
FLUX  191   157.50        1.903444E+15   1.1979E-06   4.1949E-06   0.28557
FLUX  192   158.50        1.891435E+15   1.5586E-06   4.2279E-06   0.36864
FLUX  193   159.50        1.879577E+15   1.8398E-06   4.2582E-06   0.43205
FLUX  194   160.50        1.867866E+15   1.7943E-06   4.2865E-06   0.41859
FLUX  195   161.50        1.856300E+15   1.7718E-06   4.3131E-06   0.41079
FLUX  196   162.50        1.844877E+15   1.5154E-06   4.3708E-06   0.34672
FLUX  197   163.50        1.833593E+15   1.7720E-06   4.3971E-06   0.40299
FLUX  198   164.50        1.822447E+15   2.5371E-06   4.4224E-06   0.57369
FLUX  199   165.50        1.811435E+15   1.6283E-06   4.4471E-06   0.36616
FLUX  200   166.50        1.800556E+15   2.5992E-06   4.4707E-06   0.58139
FLUX  201   167.20        1.793017E+15   1.3831E-06   4.4869E-06   0.30825
FLUX  202   167.70        1.787671E+15   2.6825E-06   5.2081E-06   0.51505
FLUX  203   168.50        1.779184E+15   3.2589E-06   5.6293E-06   0.57892
FLUX  204   169.50        1.768687E+15   2.6137E-06   5.6515E-06   0.46249
FLUX  205   170.50        1.758314E+15   2.6884E-06   5.6739E-06   0.47382
FLUX  206   171.50        1.748061E+15   3.0784E-06   5.7318E-06   0.53707
FLUX  207   172.50        1.737928E+15   3.0965E-06   5.7552E-06   0.53803
FLUX  208   173.50        1.727911E+15   3.6246E-06   5.7764E-06   0.62748
FLUX  209   174.50        1.718009E+15   3.4933E-06   5.7996E-06   0.60233
FLUX  210   175.50        1.708219E+15   4.1530E-06   5.8207E-06   0.71348
FLUX  211   176.50        1.698541E+15   3.1006E-06   5.8417E-06   0.53077
FLUX  212   177.50        1.688972E+15   3.9560E-06   5.8627E-06   0.67477
FLUX  213   178.50        1.679510E+15   3.9205E-06   5.8839E-06   0.66632
FLUX  214   179.50        1.670153E+15   4.7043E-06   5.9048E-06   0.79668
FLUX  215   180.50        1.660900E+15   4.2113E-06   5.9262E-06   0.71062
FLUX  216   181.50        1.651749E+15   4.3800E-06   5.9474E-06   0.73646
FLUX  217   182.50        1.642699E+15   4.0223E-06   5.9691E-06   0.67387
FLUX  218   183.50        1.633747E+15   3.8638E-06   5.9915E-06   0.64488
FLUX  219   184.50        1.624892E+15   3.4533E-06   6.0140E-06   0.57420
FLUX  220   185.50        1.616132E+15   3.8759E-06   6.0374E-06   0.64198
FLUX  221   186.50        1.607466E+15   4.1469E-06   6.0603E-06   0.68426
FLUX  222   187.50        1.598893E+15   4.2057E-06   6.0914E-06   0.69044
FLUX  223   188.50        1.590411E+15   4.2811E-06   6.1142E-06   0.70020
FLUX  224   189.50        1.582018E+15   4.5034E-06   6.1370E-06   0.73382
FLUX  225   190.50        1.573714E+15   4.1485E-06   6.1598E-06   0.67348
FLUX  226   191.50        1.565496E+15   4.5778E-06   6.1835E-06   0.74033
FLUX  227   192.50        1.557364E+15   4.6607E-06   6.2065E-06   0.75094
FLUX  228   193.50        1.549315E+15   3.9922E-06   6.2296E-06   0.64085
FLUX  229   194.50        1.541350E+15   4.9135E-06   6.2529E-06   0.78580
FLUX  230   195.50        1.533465E+15   4.9316E-06   6.2764E-06   0.78573
FLUX  231   196.70        1.524110E+15   5.3228E-06   6.3049E-06   0.84423
FLUX  232   197.60        1.517169E+15   5.2342E-06   6.3469E-06   0.82469
FLUX  233   198.40        1.511051E+15   5.0573E-06   6.3668E-06   0.79433
FLUX  234   199.50        1.502719E+15   4.9370E-06   6.4045E-06   0.77087
FLUX  235   200.50        1.495224E+15   4.7288E-06   6.4298E-06   0.73545
FLUX  236   201.50        1.487804E+15   4.6375E-06   6.4553E-06   0.71840
FLUX  237   202.50        1.480457E+15   4.4388E-06   6.4810E-06   0.68488
FLUX  238   203.50        1.473182E+15   4.9148E-06   6.5069E-06   0.75532
FLUX  239   204.50        1.465978E+15   5.3655E-06   6.5331E-06   0.82127
FLUX  240   205.50        1.458844E+15   5.0926E-06   6.5596E-06   0.77636
FLUX  241   206.50        1.451780E+15   4.9705E-06   6.5863E-06   0.75467
FLUX  242   207.40        1.445480E+15   5.6323E-06   6.6105E-06   0.85202
FLUX  243   207.80        1.442697E+15   5.8407E-06   6.7930E-06   0.85981
FLUX  244   208.50        1.437854E+15   5.6721E-06   6.8145E-06   0.83236
FLUX  245   209.50        1.430990E+15   5.4489E-06   6.8454E-06   0.79599
FLUX  246   210.50        1.424192E+15   5.1376E-06   6.8766E-06   0.74712
FLUX  247   211.50        1.417459E+15   5.2489E-06   6.9080E-06   0.75983
FLUX  248   212.50        1.410788E+15   5.4928E-06   6.9396E-06   0.79152
FLUX  249   213.50        1.404180E+15   4.4094E-06   6.9715E-06   0.63249
FLUX  250   214.50        1.397634E+15   5.2379E-06   7.0035E-06   0.74790
FLUX  251   215.50        1.391148E+15   5.3131E-06   7.0359E-06   0.75515
FLUX  252   216.50        1.384723E+15   4.9684E-06   7.0685E-06   0.70289
FLUX  253   217.50        1.378356E+15   4.9403E-06   7.1015E-06   0.69567
FLUX  254   218.50        1.372048E+15   5.1782E-06   7.1348E-06   0.72578
FLUX  255   219.50        1.365797E+15   5.6167E-06   7.1683E-06   0.78355
FLUX  256   220.50        1.359603E+15   5.4076E-06   7.2022E-06   0.75083
FLUX  257   221.50        1.353465E+15   4.8583E-06   7.2363E-06   0.67138
FLUX  258   222.50        1.347382E+15   4.8281E-06   7.2716E-06   0.66397
FLUX  259   223.50        1.341353E+15   5.6615E-06   7.3062E-06   0.77489
FLUX  260   224.50        1.335379E+15   5.0472E-06   7.3411E-06   0.68754
FLUX  261   225.50        1.329457E+15   4.8395E-06   7.3822E-06   0.65556
FLUX  262   226.50        1.323587E+15   4.9025E-06   7.4173E-06   0.66096
FLUX  263   227.50        1.317769E+15   5.3262E-06   7.4526E-06   0.71468
FLUX  264   228.50        1.312002E+15   5.6193E-06   7.4881E-06   0.75043
FLUX  265   229.50        1.306285E+15   5.2146E-06   7.5239E-06   0.69308
FLUX  266   230.50        1.300618E+15   5.2956E-06   7.5598E-06   0.70049
FLUX  267   231.50        1.295000E+15   5.1495E-06   7.5960E-06   0.67793
FLUX  268   232.50        1.289430E+15   5.0804E-06   7.6324E-06   0.66563
FLUX  269   233.50        1.283908E+15   4.6352E-06   7.6703E-06   0.60430
FLUX  270   234.50        1.278433E+15   4.0668E-06   7.7071E-06   0.52767
FLUX  271   235.50        1.273004E+15   5.2449E-06   7.7441E-06   0.67729
FLUX  272   236.50        1.267622E+15   4.2679E-06   7.7812E-06   0.54849
FLUX  273   237.50        1.262284E+15   4.8480E-06   7.8186E-06   0.62006
FLUX  274   238.50        1.256992E+15   3.8922E-06   7.8563E-06   0.49542
FLUX  275   239.50        1.251743E+15   4.5001E-06   7.8942E-06   0.57005
FLUX  276   240.50        1.246538E+15   4.3196E-06   7.9321E-06   0.54457
FLUX  277   241.50        1.241377E+15   4.5253E-06   7.9703E-06   0.56777
FLUX  278   242.50        1.236258E+15   5.2655E-06   8.0086E-06   0.65747
FLUX  279   243.50        1.231181E+15   5.0913E-06   8.0471E-06   0.63268
FLUX  280   244.50        1.226145E+15   5.5273E-06   8.0878E-06   0.68341
FLUX  281   245.50        1.221151E+15   5.4163E-06   8.1266E-06   0.66649
FLUX  282   246.50        1.216197E+15   5.4557E-06   8.1655E-06   0.66813
FLUX  283   247.50        1.211283E+15   5.1542E-06   8.2046E-06   0.62821
FLUX  284   248.50        1.206408E+15   5.4208E-06   8.2439E-06   0.65755
FLUX  285   249.50        1.201573E+15   5.1860E-06   8.2834E-06   0.62607
FLUX  286   250.50        1.196776E+15   6.1863E-06   8.3246E-06   0.74314
FLUX  287   251.30        1.192967E+15   5.2671E-06   8.3563E-06   0.63031
FLUX  288   251.80        1.190598E+15   5.4287E-06   8.4505E-06   0.64242
FLUX  289   252.50        1.187297E+15   4.9548E-06   8.4787E-06   0.58438
FLUX  290   253.50        1.182613E+15   4.8196E-06   8.5199E-06   0.56569
FLUX  291   254.50        1.177967E+15   4.7339E-06   8.5612E-06   0.55294
FLUX  292   255.50        1.173356E+15   5.2986E-06   8.6027E-06   0.61592
FLUX  293   256.50        1.168782E+15   5.3016E-06   8.6443E-06   0.61331
FLUX  294   257.50        1.164243E+15   5.9647E-06   8.6859E-06   0.68671
FLUX  295   258.50        1.159739E+15   6.0471E-06   8.7277E-06   0.69287
FLUX  296   259.50        1.155270E+15   5.8788E-06   8.7695E-06   0.67037
FLUX  297   260.50        1.150835E+15   5.6094E-06   8.8115E-06   0.63661
FLUX  298   261.50        1.146434E+15   5.4522E-06   8.8535E-06   0.61583
FLUX  299   262.50        1.142067E+15   6.2755E-06   8.8956E-06   0.70546
FLUX  300   263.50        1.137732E+15   6.3950E-06   8.9384E-06   0.71546
FLUX  301   264.50        1.133431E+15   7.5806E-06   8.9807E-06   0.84410
FLUX  302   265.50        1.129162E+15   7.6156E-06   9.0231E-06   0.84401
FLUX  303   266.50        1.124925E+15   6.6841E-06   9.0657E-06   0.73730
FLUX  304   267.50        1.120720E+15   7.2031E-06   9.1083E-06   0.79082
FLUX  305   268.50        1.116546E+15   7.1974E-06   9.1510E-06   0.78652
FLUX  306   269.50        1.112403E+15   6.8092E-06   9.1939E-06   0.74063
FLUX  307   270.50        1.108290E+15   7.1208E-06   9.2373E-06   0.77087
FLUX  308   271.50        1.104208E+15   6.6452E-06   9.2802E-06   0.71606
FLUX  309   272.50        1.100156E+15   6.8111E-06   9.3232E-06   0.73055
FLUX  310   273.50        1.096133E+15   7.5146E-06   9.3662E-06   0.80231
FLUX  311   274.50        1.092140E+15   5.9383E-06   9.4094E-06   0.63110
FLUX  312   275.50        1.088176E+15   6.2799E-06   9.4525E-06   0.66436
FLUX  313   276.50        1.084241E+15   6.6128E-06   9.4957E-06   0.69640
FLUX  314   277.50        1.080333E+15   7.4378E-06   9.5390E-06   0.77973
FLUX  315   278.50        1.076454E+15   7.0817E-06   9.5823E-06   0.73904
FLUX  316   279.50        1.072603E+15   4.3456E-06   9.6257E-06   0.45146
FLUX  317   280.50        1.068779E+15   5.2596E-06   9.6690E-06   0.54396
FLUX  318   281.50        1.064982E+15   7.9072E-06   9.7124E-06   0.81413
FLUX  319   282.50        1.061212E+15   8.2909E-06   9.7559E-06   0.84984
FLUX  320   283.50        1.057469E+15   7.9508E-06   9.7994E-06   0.81135
FLUX  321   284.50        1.053752E+15   7.6423E-06   9.8430E-06   0.77642
FLUX  322   285.50        1.050061E+15   7.2691E-06   9.8866E-06   0.73525
FLUX  323   286.50        1.046396E+15   8.1200E-06   9.9302E-06   0.81770
FLUX  324   287.50        1.042757E+15   7.9207E-06   9.9739E-06   0.79414
FLUX  325   288.50        1.039142E+15   8.1378E-06   1.0018E-05   0.81236
FLUX  326   289.50        1.035553E+15   7.7569E-06   1.0061E-05   0.77097
FLUX  327   291.00        1.030215E+15   8.9684E-06   1.0127E-05   0.88559
FLUX  328   293.00        1.023183E+15   8.6638E-06   1.0214E-05   0.84820
FLUX  329   295.00        1.016246E+15   8.7219E-06   1.0302E-05   0.84666
FLUX  330   297.00        1.009402E+15   9.1045E-06   1.0389E-05   0.87637
FLUX  331   299.00        1.002651E+15   9.2847E-06   1.0476E-05   0.88628
FLUX  332   301.00        9.959884E+14   9.5492E-06   1.0563E-05   0.90400
FLUX  333   303.00        9.894142E+14   9.5589E-06   1.0650E-05   0.89753
FLUX  334   305.00        9.829262E+14   9.6240E-06   1.0737E-05   0.89632
FLUX  335   307.00        9.765228E+14   9.7431E-06   1.0824E-05   0.90014
FLUX  336   309.00        9.702023E+14   1.0018E-05   1.0911E-05   0.91817
FLUX  337   311.00        9.639630E+14   9.8462E-06   1.0997E-05   0.89534
FLUX  338   313.00        9.578035E+14   9.9346E-06   1.1083E-05   0.89634
FLUX  339   315.00        9.517222E+14   1.0314E-05   1.1170E-05   0.92344
FLUX  340   317.00        9.457177E+14   1.0384E-05   1.1256E-05   0.92253
FLUX  341   319.00        9.397884E+14   9.9741E-06   1.1342E-05   0.87940
FLUX  342   321.00        9.339330E+14   1.0366E-05   1.1428E-05   0.90713
FLUX  343   323.00        9.281502E+14   1.0158E-05   1.1513E-05   0.88231
FLUX  344   325.00        9.224385E+14   1.0544E-05   1.1598E-05   0.90906
FLUX  345   327.00        9.167966E+14   1.0778E-05   1.1683E-05   0.92254
FLUX  346   329.00        9.112234E+14   1.1010E-05   1.1768E-05   0.93562
FLUX  347   331.00        9.057175E+14   1.1237E-05   1.1851E-05   0.94818
FLUX  348   333.00        9.002778E+14   1.1105E-05   1.1935E-05   0.93044
FLUX  349   335.00        8.949030E+14   1.1069E-05   1.2018E-05   0.92101
FLUX  350   337.00        8.895920E+14   1.1139E-05   1.2101E-05   0.92046
FLUX  351   339.00        8.843437E+14   1.1248E-05   1.2184E-05   0.92324
FLUX  352   341.00        8.791569E+14   1.1540E-05   1.2266E-05   0.94085
FLUX  353   343.00        8.740306E+14   1.1694E-05   1.2347E-05   0.94707
FLUX  354   345.00        8.689638E+14   1.1722E-05   1.2428E-05   0.94314
FLUX  355   347.00        8.639553E+14   1.1699E-05   1.2509E-05   0.93525
FLUX  356   349.00        8.590043E+14   1.1783E-05   1.2589E-05   0.93594
FLUX  357   351.00        8.541097E+14   1.2116E-05   1.2669E-05   0.95640
FLUX  358   353.00        8.492705E+14   1.2234E-05   1.2748E-05   0.95971
FLUX  359   355.00        8.444859E+14   1.2482E-05   1.2827E-05   0.97315
FLUX  360   357.00        8.397549E+14   1.2238E-05   1.2905E-05   0.94831
FLUX  361   359.00        8.350766E+14   1.2298E-05   1.2982E-05   0.94730
FLUX  362   361.00        8.304501E+14   1.2429E-05   1.3060E-05   0.95168
FLUX  363   363.00        8.258747E+14   1.2611E-05   1.3136E-05   0.96002
FLUX  364   364.00        8.236058E+14   1.2542E-05   1.3174E-05   0.95203
FLUX  365   365.00        8.213493E+14   1.2942E-05   5.2271E-05   0.24759
FLUX  366   367.00        8.168733E+14   1.3019E-05   5.2065E-05   0.25006
FLUX  367   369.00        8.124458E+14   1.2622E-05   5.1863E-05   0.24337
FLUX  368   371.00        8.080660E+14   1.3069E-05   5.1660E-05   0.25298
FLUX  369   373.00        8.037332E+14   1.3463E-05   5.1458E-05   0.26164
FLUX  370   375.00        7.994467E+14   1.6987E-05   5.1257E-05   0.33141
FLUX  371   377.00        7.952056E+14   1.8360E-05   5.1069E-05   0.35952
FLUX  372   379.00        7.910092E+14   2.3097E-05   5.0871E-05   0.45403
FLUX  373   381.00        7.868570E+14   2.7636E-05   5.0673E-05   0.54537
FLUX  374   383.00        7.827480E+14   2.1850E-05   5.0477E-05   0.43286
FLUX  375   385.00        7.786818E+14   3.1609E-05   5.0284E-05   0.62862
FLUX  376   387.00        7.746576E+14   3.6761E-05   5.0089E-05   0.73391
FLUX  377   389.00        7.706748E+14   2.0005E-05   4.9897E-05   0.40094
FLUX  378   391.00        7.667327E+14   3.7563E-05   4.9705E-05   0.75572
FLUX  379   393.00        7.628308E+14   3.7325E-05   4.9515E-05   0.75381
FLUX  380   395.00        7.589684E+14   3.8342E-05   4.9327E-05   0.77731
FLUX  381   397.00        7.551448E+14   1.9695E-05   4.9139E-05   0.40081
FLUX  382   399.00        7.513596E+14   3.7760E-05   4.8953E-05   0.77136
FLUX  383   401.00        7.476122E+14   4.4381E-05   4.8769E-05   0.91003
FLUX  384   403.00        7.439020E+14   4.4980E-05   4.8585E-05   0.92580
FLUX  385   405.00        7.402284E+14   4.4811E-05   4.8403E-05   0.92580
FLUX  386   407.00        7.365909E+14   4.2368E-05   4.8222E-05   0.87860
FLUX  387   409.00        7.329890E+14   3.1690E-05   4.8042E-05   0.65962
FLUX  388   411.00        7.294221E+14   2.3965E-05   4.7864E-05   0.50069
FLUX  389   413.00        7.258898E+14   4.0833E-05   4.7688E-05   0.85625
FLUX  390   415.00        7.223916E+14   4.4370E-05   4.7514E-05   0.93384
FLUX  391   417.00        7.189269E+14   4.4750E-05   4.7340E-05   0.94527
FLUX  392   419.00        7.154952E+14   4.4644E-05   4.7168E-05   0.94649
FLUX  393   421.00        7.120962E+14   4.4859E-05   4.6996E-05   0.95453
FLUX  394   423.00        7.087293E+14   4.4072E-05   4.6825E-05   0.94121
FLUX  395   425.00        7.053941E+14   4.4238E-05   4.6655E-05   0.94818
FLUX  396   427.00        7.020902E+14   4.3052E-05   4.6487E-05   0.92611
FLUX  397   429.00        6.988170E+14   4.3309E-05   4.6319E-05   0.93502
FLUX  398   431.00        6.955742E+14   3.9708E-05   4.6153E-05   0.86036
FLUX  399   433.00        6.923614E+14   2.9146E-05   4.5988E-05   0.63378
FLUX  400   435.00        6.891782E+14   2.4881E-05   4.5824E-05   0.54297
FLUX  401   437.00        6.860240E+14   4.0166E-05   4.5661E-05   0.87966
FLUX  402   439.00        6.828986E+14   4.2387E-05   4.5499E-05   0.93160
FLUX  403   441.00        6.798016E+14   4.2511E-05   4.5338E-05   0.93766
FLUX  404   443.00        6.767325E+14   4.2546E-05   4.5177E-05   0.94177
FLUX  405   445.00        6.736910E+14   4.3327E-05   4.5018E-05   0.96244
FLUX  406   447.00        6.706767E+14   4.3236E-05   4.4859E-05   0.96382
FLUX  407   449.00        6.676893E+14   4.2817E-05   4.4701E-05   0.95785
FLUX  408   451.00        6.647284E+14   4.3592E-05   4.4545E-05   0.97860
FLUX  409   453.00        6.617936E+14   4.2843E-05   4.4389E-05   0.96517
FLUX  410   455.00        6.588846E+14   4.2231E-05   4.4235E-05   0.95471
FLUX  411   457.00        6.560011E+14   4.3230E-05   4.4081E-05   0.98070
FLUX  412   459.00        6.531427E+14   4.2455E-05   4.3929E-05   0.96645
FLUX  413   461.00        6.503091E+14   4.3223E-05   4.3777E-05   0.98734
FLUX  414   463.00        6.475000E+14   4.2347E-05   4.3626E-05   0.97067
FLUX  415   465.00        6.447151E+14   4.2851E-05   4.3476E-05   0.98563
FLUX  416   467.00        6.419540E+14   4.2738E-05   4.3327E-05   0.98639
FLUX  417   469.00        6.392164E+14   4.1655E-05   4.3179E-05   0.96470
FLUX  418   471.00        6.365021E+14   4.0521E-05   4.3032E-05   0.94165
FLUX  419   473.00        6.338108E+14   4.2157E-05   4.2886E-05   0.98301
FLUX  420   475.00        6.311421E+14   4.2147E-05   4.2741E-05   0.98610
FLUX  421   477.00        6.284958E+14   4.1772E-05   4.2596E-05   0.98066
FLUX  422   479.00        6.258716E+14   4.1452E-05   4.2452E-05   0.97645
FLUX  423   481.00        6.232692E+14   4.0577E-05   4.2309E-05   0.95906
FLUX  424   483.00        6.206884E+14   3.8294E-05   4.2167E-05   0.90814
FLUX  425   485.00        6.181289E+14   2.8927E-05   4.2026E-05   0.68830
FLUX  426   487.00        6.155903E+14   2.3323E-05   4.1885E-05   0.55682
FLUX  427   489.00        6.130726E+14   3.6519E-05   4.1746E-05   0.87479
FLUX  428   491.00        6.105754E+14   3.9582E-05   4.1607E-05   0.95135
FLUX  429   493.00        6.080984E+14   3.9725E-05   4.1469E-05   0.95795
FLUX  430   495.00        6.056414E+14   4.0361E-05   4.1331E-05   0.97653
FLUX  431   497.00        6.032042E+14   4.0729E-05   4.1195E-05   0.98869
FLUX  432   499.00        6.007866E+14   4.0127E-05   4.1059E-05   0.97730
FLUX  433   501.00        5.983882E+14   3.9324E-05   4.0924E-05   0.96091
FLUX  434   503.00        5.960089E+14   3.9972E-05   4.0790E-05   0.97996
FLUX  435   505.00        5.936485E+14   3.9552E-05   4.0656E-05   0.97284
FLUX  436   507.00        5.913067E+14   4.0052E-05   4.0523E-05   0.98839
FLUX  437   509.00        5.889833E+14   3.9876E-05   4.0391E-05   0.98726
FLUX  438   511.00        5.866781E+14   3.9838E-05   4.0259E-05   0.98954
FLUX  439   513.00        5.843908E+14   3.9499E-05   4.0128E-05   0.98432
FLUX  440   515.00        5.821214E+14   3.9108E-05   3.9998E-05   0.97774
FLUX  441   517.00        5.798694E+14   3.8385E-05   3.9868E-05   0.96279
FLUX  442   519.00        5.776349E+14   3.8370E-05   3.9740E-05   0.96554
FLUX  443   521.00        5.754175E+14   3.8705E-05   3.9611E-05   0.97712
FLUX  444   523.00        5.732170E+14   3.8272E-05   3.9484E-05   0.96929
FLUX  445   525.00        5.710333E+14   3.8915E-05   3.9357E-05   0.98877
FLUX  446   527.00        5.688662E+14   3.7594E-05   3.9231E-05   0.95828
FLUX  447   529.00        5.667155E+14   3.8561E-05   3.9106E-05   0.98606
FLUX  448   531.00        5.645810E+14   3.8108E-05   3.8981E-05   0.97759
FLUX  449   533.00        5.624625E+14   3.7553E-05   3.8857E-05   0.96644
FLUX  450   535.00        5.603598E+14   3.8279E-05   3.8734E-05   0.98825
FLUX  451   537.00        5.582728E+14   3.7957E-05   3.8611E-05   0.98306
FLUX  452   539.00        5.562013E+14   3.7867E-05   3.8489E-05   0.98383
FLUX  453   541.00        5.541451E+14   3.7430E-05   3.8368E-05   0.97556
FLUX  454   543.00        5.521041E+14   3.7586E-05   3.8247E-05   0.98271
FLUX  455   545.00        5.500780E+14   3.7693E-05   3.8126E-05   0.98863
FLUX  456   547.00        5.480667E+14   3.7560E-05   3.8007E-05   0.98825
FLUX  457   549.00        5.460701E+14   3.7544E-05   3.7888E-05   0.99094
FLUX  458   551.00        5.440880E+14   3.7445E-05   3.7769E-05   0.99142
FLUX  459   553.00        5.421203E+14   3.7174E-05   3.7651E-05   0.98733
FLUX  460   555.00        5.401667E+14   3.7281E-05   3.7534E-05   0.99327
FLUX  461   557.00        5.382271E+14   3.7041E-05   3.7417E-05   0.98993
FLUX  462   559.00        5.363014E+14   3.6884E-05   3.7301E-05   0.98882
FLUX  463   561.00        5.343895E+14   3.6897E-05   3.7186E-05   0.99224
FLUX  464   563.00        5.324911E+14   3.6905E-05   3.7073E-05   0.99546
FLUX  465   565.00        5.306062E+14   3.6729E-05   3.6959E-05   0.99377
FLUX  466   567.00        5.287346E+14   3.6531E-05   3.6845E-05   0.99148
FLUX  467   569.00        5.268761E+14   3.6533E-05   3.6732E-05   0.99460
FLUX  468   571.00        5.250306E+14   3.6431E-05   3.6619E-05   0.99487
FLUX  469   573.00        5.231981E+14   3.6469E-05   3.6507E-05   0.99897
FLUX  470   575.00        5.213783E+14   3.6238E-05   3.6395E-05   0.99570
FLUX  471   577.00        5.195711E+14   3.6179E-05   3.6284E-05   0.99712
FLUX  472   579.00        5.177763E+14   3.6038E-05   3.6173E-05   0.99628
FLUX  473   581.00        5.159940E+14   3.5961E-05   3.6063E-05   0.99717
FLUX  474   583.00        5.142238E+14   3.5881E-05   3.5953E-05   0.99799
FLUX  475   585.00        5.124658E+14   3.5746E-05   3.5844E-05   0.99727
FLUX  476   587.00        5.107198E+14   3.5632E-05   3.5735E-05   0.99712
FLUX  477   589.00        5.089856E+14   3.5150E-05   3.5627E-05   0.98663
FLUX  478   591.00        5.072631E+14   3.5426E-05   3.5519E-05   0.99740
FLUX  479   593.00        5.055523E+14   3.5332E-05   3.5411E-05   0.99775
FLUX  480   595.00        5.038529E+14   3.5177E-05   3.5305E-05   0.99638
FLUX  481   597.00        5.021650E+14   3.5114E-05   3.5198E-05   0.99760
FLUX  482   599.00        5.004883E+14   3.4924E-05   3.5092E-05   0.99521
FLUX  483   601.00        4.988228E+14   3.4754E-05   3.4987E-05   0.99335
FLUX  484   603.00        4.971683E+14   3.4758E-05   3.4882E-05   0.99645
FLUX  485   605.00        4.955248E+14   3.4660E-05   3.4778E-05   0.99661
FLUX  486   607.00        4.938921E+14   3.4626E-05   3.4674E-05   0.99860
FLUX  487   609.00        4.922701E+14   3.4489E-05   3.4571E-05   0.99761
FLUX  488   611.00        4.906588E+14   3.4344E-05   3.4469E-05   0.99636
FLUX  489   613.00        4.890579E+14   3.4121E-05   3.4367E-05   0.99285
FLUX  490   615.00        4.874675E+14   3.3671E-05   3.4265E-05   0.98267
FLUX  491   617.00        4.858874E+14   3.3861E-05   3.4164E-05   0.99113
FLUX  492   619.00        4.843174E+14   3.3996E-05   3.4063E-05   0.99803
FLUX  493   621.00        4.827576E+14   3.3899E-05   3.3963E-05   0.99810
FLUX  494   623.00        4.812079E+14   3.3726E-05   3.3863E-05   0.99595
FLUX  495   625.00        4.796680E+14   3.3289E-05   3.3764E-05   0.98593
FLUX  496   627.00        4.781380E+14   3.3621E-05   3.3665E-05   0.99868
FLUX  497   629.00        4.766176E+14   3.3527E-05   3.3566E-05   0.99883
FLUX  498   631.00        4.751070E+14   3.3298E-05   3.3468E-05   0.99490
FLUX  499   633.00        4.736058E+14   3.3267E-05   3.3370E-05   0.99691
FLUX  500   635.00        4.721142E+14   3.2897E-05   3.3273E-05   0.98871
FLUX  501   637.00        4.706319E+14   3.2886E-05   3.3176E-05   0.99125
FLUX  502   639.00        4.691588E+14   3.2963E-05   3.3080E-05   0.99646
FLUX  503   641.00        4.676950E+14   3.2717E-05   3.2983E-05   0.99193
FLUX  504   643.00        4.662403E+14   3.2689E-05   3.2888E-05   0.99395
FLUX  505   645.00        4.647946E+14   3.2257E-05   3.2792E-05   0.98367
FLUX  506   647.00        4.633578E+14   3.2393E-05   3.2697E-05   0.99068
FLUX  507   649.00        4.619299E+14   3.2014E-05   3.2603E-05   0.98193
FLUX  508   651.00        4.605108E+14   3.1723E-05   3.2509E-05   0.97583
FLUX  509   653.00        4.591003E+14   3.0646E-05   3.2415E-05   0.94541
FLUX  510   655.00        4.576985E+14   2.6255E-05   3.2325E-05   0.81222
FLUX  511   657.00        4.563052E+14   2.1085E-05   3.2232E-05   0.65416
FLUX  512   659.00        4.549203E+14   2.9198E-05   3.2139E-05   0.90850
FLUX  513   661.00        4.535439E+14   3.1042E-05   3.2047E-05   0.96864
FLUX  514   663.00        4.521757E+14   3.1486E-05   3.1955E-05   0.98531
FLUX  515   665.00        4.508158E+14   3.1576E-05   3.1864E-05   0.99097
FLUX  516   667.00        4.494640E+14   3.1538E-05   3.1773E-05   0.99263
FLUX  517   669.00        4.481203E+14   3.1540E-05   3.1682E-05   0.99552
FLUX  518   671.00        4.467846E+14   3.1494E-05   3.1592E-05   0.99692
FLUX  519   673.00        4.454569E+14   3.1398E-05   3.1502E-05   0.99670
FLUX  520   675.00        4.441370E+14   3.1270E-05   3.1412E-05   0.99548
FLUX  521   677.00        4.428250E+14   3.1290E-05   3.1323E-05   0.99897
FLUX  522   679.00        4.415206E+14   3.1193E-05   3.1234E-05   0.99868
FLUX  523   681.00        4.402239E+14   3.1107E-05   3.1145E-05   0.99876
FLUX  524   683.00        4.389348E+14   3.0972E-05   3.1057E-05   0.99726
FLUX  525   685.00        4.376533E+14   3.0904E-05   3.0969E-05   0.99791
FLUX  526   687.00        4.363792E+14   3.0847E-05   3.0882E-05   0.99889
FLUX  527   689.00        4.351125E+14   3.0766E-05   3.0795E-05   0.99907
FLUX  528   691.00        4.338531E+14   3.0674E-05   3.0708E-05   0.99890
FLUX  529   693.00        4.326010E+14   3.0570E-05   3.0621E-05   0.99834
FLUX  530   695.00        4.313561E+14   3.0498E-05   3.0535E-05   0.99879
FLUX  531   697.00        4.301184E+14   3.0400E-05   3.0450E-05   0.99835
FLUX  532   699.00        4.288877E+14   3.0338E-05   3.0364E-05   0.99914
FLUX  533   701.00        4.276641E+14   3.0122E-05   3.0279E-05   0.99481
FLUX  534   703.00        4.264474E+14   3.0113E-05   3.0195E-05   0.99729
FLUX  535   705.00        4.252376E+14   3.0057E-05   3.0111E-05   0.99823
FLUX  536   707.00        4.240347E+14   2.9996E-05   3.0027E-05   0.99899
FLUX  537   709.00        4.228385E+14   2.9919E-05   2.9943E-05   0.99921
FLUX  538   711.00        4.216491E+14   2.9408E-05   2.9860E-05   0.98486
FLUX  539   713.00        4.204663E+14   2.9643E-05   2.9777E-05   0.99551
FLUX  540   715.00        4.192902E+14   2.9586E-05   2.9694E-05   0.99636
FLUX  541   717.00        4.181206E+14   2.9530E-05   2.9612E-05   0.99724
FLUX  542   719.00        4.169576E+14   2.9430E-05   2.9530E-05   0.99661
FLUX  543   721.00        4.158010E+14   2.9376E-05   2.9448E-05   0.99756
FLUX  544   723.00        4.146508E+14   2.9282E-05   2.9367E-05   0.99713
FLUX  545   725.00        4.135069E+14   2.9157E-05   2.9287E-05   0.99556
FLUX  546   727.00        4.123693E+14   2.9164E-05   2.9206E-05   0.99854
FLUX  547   729.00        4.112380E+14   2.9010E-05   2.9126E-05   0.99603
FLUX  548   731.00        4.101129E+14   2.8956E-05   2.9049E-05   0.99679
FLUX  549   733.00        4.089939E+14   2.8887E-05   2.8969E-05   0.99718
FLUX  550   735.00        4.078810E+14   2.8851E-05   2.8889E-05   0.99867
FLUX  551   737.00        4.067741E+14   2.8783E-05   2.8810E-05   0.99905
FLUX  552   739.00        4.056732E+14   2.8656E-05   2.8731E-05   0.99737
FLUX  553   741.00        4.045783E+14   2.8513E-05   2.8653E-05   0.99513
FLUX  554   743.00        4.034892E+14   2.8366E-05   2.8574E-05   0.99273
FLUX  555   745.00        4.024060E+14   2.8355E-05   2.8496E-05   0.99506
FLUX  556   747.00        4.013286E+14   2.8147E-05   2.8418E-05   0.99044
FLUX  557   749.00        4.002570E+14   2.8159E-05   2.8341E-05   0.99359
FLUX  558   751.00        3.991911E+14   2.8162E-05   2.8264E-05   0.99639
FLUX  559   753.00        3.981308E+14   2.8120E-05   2.8187E-05   0.99761
FLUX  560   755.00        3.970762E+14   2.8091E-05   2.8110E-05   0.99930
FLUX  561   757.00        3.960271E+14   2.7995E-05   2.8034E-05   0.99862
FLUX  562   759.00        3.949835E+14   2.7933E-05   2.7958E-05   0.99909
FLUX  563   761.00        3.939455E+14   2.7858E-05   2.7883E-05   0.99911
FLUX  564   763.00        3.929128E+14   2.7778E-05   2.7807E-05   0.99897
FLUX  565   765.00        3.918856E+14   2.7676E-05   2.7732E-05   0.99797
FLUX  566   767.00        3.908638E+14   2.7546E-05   2.7657E-05   0.99597
FLUX  567   769.00        3.898472E+14   2.7505E-05   2.7583E-05   0.99718
FLUX  568   771.00        3.888359E+14   2.7418E-05   2.7508E-05   0.99672
FLUX  569   773.00        3.878299E+14   2.7406E-05   2.7434E-05   0.99897
FLUX  570   775.00        3.868290E+14   2.7311E-05   2.7361E-05   0.99819
FLUX  571   777.00        3.858333E+14   2.6694E-05   2.7287E-05   0.97826
FLUX  572   779.00        3.848427E+14   2.7200E-05   2.7214E-05   0.99948
FLUX  573   781.00        3.838572E+14   2.7116E-05   2.7141E-05   0.99907
FLUX  574   783.00        3.828768E+14   2.6981E-05   2.7068E-05   0.99675
FLUX  575   785.00        3.819013E+14   2.6854E-05   2.6996E-05   0.99475
FLUX  576   787.00        3.809307E+14   2.6747E-05   2.6924E-05   0.99343
FLUX  577   789.00        3.799651E+14   2.6631E-05   2.6852E-05   0.99178
FLUX  578   791.00        3.790044E+14   2.6632E-05   2.6780E-05   0.99448
FLUX  579   793.00        3.780485E+14   2.6578E-05   2.6709E-05   0.99509
FLUX  580   795.00        3.770975E+14   2.6425E-05   2.6638E-05   0.99199
FLUX  581   797.00        3.761512E+14   2.6547E-05   2.6567E-05   0.99923
FLUX  582   799.00        3.752096E+14   2.6212E-05   2.6496E-05   0.98928
FLUX  583   801.00        3.742728E+14   2.6373E-05   2.6426E-05   0.99799
FLUX  584   803.00        3.733406E+14   2.6277E-05   2.6356E-05   0.99700
FLUX  585   805.00        3.724130E+14   2.6240E-05   2.6286E-05   0.99824
FLUX  586   807.00        3.714901E+14   2.6156E-05   2.6217E-05   0.99768
FLUX  587   809.00        3.705717E+14   2.6087E-05   2.6147E-05   0.99768
FLUX  588   811.00        3.696578E+14   2.6050E-05   2.6078E-05   0.99893
FLUX  589   813.00        3.687485E+14   2.5999E-05   2.6009E-05   0.99960
FLUX  590   815.00        3.678436E+14   2.5930E-05   2.5941E-05   0.99959
FLUX  591   817.00        3.669431E+14   2.5863E-05   2.5873E-05   0.99963
FLUX  592   819.00        3.660470E+14   2.5534E-05   2.5805E-05   0.98952
FLUX  593   821.00        3.651553E+14   2.5550E-05   3.1208E-05   0.81868
FLUX  594   823.00        3.642679E+14   2.5468E-05   3.1114E-05   0.81853
FLUX  595   825.00        3.633848E+14   2.5453E-05   3.1021E-05   0.82051
FLUX  596   827.00        3.625060E+14   2.5625E-05   3.0928E-05   0.82854
FLUX  597   829.00        3.616315E+14   2.5545E-05   3.0835E-05   0.82843
FLUX  598   831.00        3.607611E+14   2.5487E-05   3.0743E-05   0.82904
FLUX  599   833.00        3.598950E+14   2.5243E-05   3.0651E-05   0.82356
FLUX  600   835.00        3.590329E+14   2.5377E-05   3.0560E-05   0.83040
FLUX  601   837.00        3.581750E+14   2.5325E-05   3.0469E-05   0.83118
FLUX  602   839.00        3.573212E+14   2.5197E-05   3.0378E-05   0.82945
FLUX  603   841.00        3.564715E+14   2.5126E-05   3.0288E-05   0.82955
FLUX  604   843.00        3.556257E+14   2.5020E-05   3.0198E-05   0.82854
FLUX  605   845.00        3.547840E+14   2.4638E-05   3.0109E-05   0.81830
FLUX  606   847.00        3.539463E+14   2.4550E-05   3.0020E-05   0.81780
FLUX  607   849.00        3.531125E+14   2.4909E-05   2.9931E-05   0.83220
FLUX  608   851.00        3.522826E+14   2.3789E-05   2.9843E-05   0.79712
FLUX  609   853.00        3.514566E+14   2.4972E-05   2.9756E-05   0.83926
FLUX  610   855.00        3.506345E+14   2.2493E-05   2.9668E-05   0.75814
FLUX  611   857.00        3.498162E+14   2.5292E-05   2.9581E-05   0.85500
FLUX  612   859.00        3.490017E+14   2.3648E-05   2.9494E-05   0.80180
FLUX  613   861.00        3.481911E+14   2.3176E-05   2.9408E-05   0.78808
FLUX  614   863.00        3.473841E+14   2.5659E-05   2.9322E-05   0.87506
FLUX  615   865.00        3.465809E+14   2.4643E-05   2.9237E-05   0.84288
FLUX  616   867.00        3.457814E+14   2.0506E-05   2.9151E-05   0.70341
FLUX  617   869.00        3.449856E+14   2.5090E-05   2.9067E-05   0.86319
FLUX  618   871.00        3.441935E+14   2.6332E-05   2.8982E-05   0.90856
FLUX  619   873.00        3.434049E+14   2.5235E-05   2.8898E-05   0.87326
FLUX  620   875.00        3.426200E+14   1.9992E-05   2.8814E-05   0.69384
FLUX  621   877.00        3.418387E+14   2.4169E-05   2.8731E-05   0.84123
FLUX  622   879.00        3.410609E+14   2.6590E-05   2.8648E-05   0.92816
FLUX  623   881.00        3.402866E+14   2.6906E-05   2.8565E-05   0.94191
FLUX  624   883.00        3.395159E+14   2.6060E-05   2.8483E-05   0.91492
FLUX  625   885.00        3.387486E+14   2.3097E-05   2.8401E-05   0.81323
FLUX  626   887.00        3.379848E+14   1.9648E-05   2.8320E-05   0.69381
FLUX  627   889.00        3.372244E+14   2.5082E-05   2.8238E-05   0.88821
FLUX  628   891.00        3.364675E+14   2.6604E-05   2.8158E-05   0.94482
FLUX  629   893.00        3.357139E+14   2.6994E-05   2.8077E-05   0.96143
FLUX  630   895.00        3.349637E+14   2.7194E-05   2.7997E-05   0.97133
FLUX  631   897.00        3.342168E+14   2.6632E-05   2.7917E-05   0.95398
FLUX  632   899.00        3.334733E+14   2.5094E-05   2.7838E-05   0.90144
FLUX  633   901.00        3.327331E+14   1.9819E-05   2.7759E-05   0.71395
FLUX  634   903.00        3.319961E+14   2.1854E-05   2.7680E-05   0.78952
FLUX  635   905.00        3.312624E+14   2.5493E-05   2.7602E-05   0.92362
FLUX  636   907.00        3.305320E+14   2.6028E-05   2.7523E-05   0.94566
FLUX  637   909.00        3.298047E+14   2.6078E-05   2.7446E-05   0.95018
FLUX  638   911.00        3.290807E+14   2.6712E-05   2.7368E-05   0.97601
FLUX  639   913.00        3.283598E+14   2.6834E-05   2.7291E-05   0.98326
FLUX  640   915.00        3.276421E+14   2.6777E-05   2.7214E-05   0.98393
FLUX  641   917.00        3.269275E+14   2.6394E-05   2.7138E-05   0.97258
FLUX  642   919.00        3.262160E+14   2.5545E-05   2.7062E-05   0.94397
FLUX  643   921.00        3.255076E+14   2.3370E-05   2.6986E-05   0.86600
FLUX  644   923.00        3.248023E+14   1.8187E-05   2.6910E-05   0.67584
FLUX  645   925.00        3.241000E+14   2.2587E-05   2.6835E-05   0.84169
FLUX  646   927.00        3.234008E+14   2.4639E-05   2.6760E-05   0.92073
FLUX  647   929.00        3.227045E+14   2.5957E-05   2.6686E-05   0.97268
FLUX  648   931.00        3.220113E+14   2.6222E-05   2.6612E-05   0.98537
FLUX  649   933.00        3.213210E+14   2.6247E-05   2.6538E-05   0.98906
FLUX  650   935.00        3.206337E+14   2.6275E-05   2.6464E-05   0.99285
FLUX  651   937.00        3.199493E+14   2.6246E-05   2.6391E-05   0.99453
FLUX  652   939.00        3.192678E+14   2.6020E-05   2.6318E-05   0.98868
FLUX  653   941.00        3.185893E+14   2.5407E-05   2.6245E-05   0.96809
FLUX  654   943.00        3.179136E+14   2.5831E-05   2.6173E-05   0.98695
FLUX  655   945.00        3.172407E+14   2.5775E-05   2.6101E-05   0.98751
FLUX  656   947.00        3.165707E+14   2.5617E-05   2.6029E-05   0.98418
FLUX  657   949.00        3.159036E+14   2.5253E-05   2.5957E-05   0.97286
FLUX  658   951.00        3.152392E+14   2.4384E-05   2.5886E-05   0.94197
FLUX  659   953.00        3.145776E+14   2.2022E-05   2.5815E-05   0.85306
FLUX  660   955.00        3.139188E+14   1.7672E-05   2.5744E-05   0.68646
FLUX  661   957.00        3.132628E+14   2.2417E-05   2.5674E-05   0.87315
FLUX  662   959.00        3.126095E+14   2.4305E-05   2.5604E-05   0.94928
FLUX  663   961.00        3.119589E+14   2.4753E-05   2.5534E-05   0.96942
FLUX  664   963.00        3.113110E+14   2.4698E-05   2.5464E-05   0.96992
FLUX  665   965.00        3.106658E+14   2.5092E-05   2.5395E-05   0.98809
FLUX  666   967.00        3.100233E+14   2.4864E-05   2.5326E-05   0.98176
FLUX  667   969.00        3.093834E+14   2.4944E-05   2.5257E-05   0.98760
FLUX  668   971.00        3.087461E+14   2.5106E-05   2.5189E-05   0.99674
FLUX  669   973.00        3.081115E+14   2.5023E-05   2.5120E-05   0.99611
FLUX  670   975.00        3.074795E+14   2.4913E-05   2.5052E-05   0.99444
FLUX  671   977.00        3.068501E+14   2.4952E-05   2.4985E-05   0.99868
FLUX  672   979.00        3.062232E+14   2.4876E-05   2.4917E-05   0.99835
FLUX  673   981.00        3.055989E+14   2.4800E-05   2.4850E-05   0.99799
FLUX  674   983.00        3.049771E+14   2.4688E-05   2.4783E-05   0.99617
FLUX  675   985.00        3.043579E+14   2.4537E-05   2.4717E-05   0.99272
FLUX  676   987.00        3.037411E+14   2.4454E-05   2.4650E-05   0.99205
FLUX  677   989.00        3.031269E+14   2.4251E-05   2.4584E-05   0.98643
FLUX  678   991.00        3.025151E+14   2.4285E-05   2.4519E-05   0.99049
FLUX  679   993.00        3.019058E+14   2.4206E-05   2.4453E-05   0.98988
FLUX  680   995.00        3.012990E+14   2.4110E-05   2.4388E-05   0.98862
FLUX  681   997.00        3.006946E+14   2.3981E-05   2.4323E-05   0.98595
FLUX  682   999.00        3.000926E+14   2.3662E-05   2.4258E-05   0.97542
FLUX  683  1002.50        2.990449E+14   2.1227E-05   2.4145E-05   0.87915
FLUX  684  1007.50        2.975608E+14   2.0295E-05   2.3986E-05   0.84614
FLUX  685  1012.50        2.960914E+14   2.3175E-05   2.3827E-05   0.97263
FLUX  686  1017.50        2.946364E+14   2.3470E-05   2.3671E-05   0.99153
FLUX  687  1022.50        2.931956E+14   2.3447E-05   2.3516E-05   0.99706
FLUX  688  1027.50        2.917689E+14   2.3337E-05   2.3362E-05   0.99892
FLUX  689  1032.50        2.903559E+14   2.3144E-05   2.3210E-05   0.99717
FLUX  690  1037.50        2.889566E+14   2.3007E-05   2.3059E-05   0.99774
FLUX  691  1042.50        2.875707E+14   2.2858E-05   2.2910E-05   0.99775
FLUX  692  1047.50        2.861981E+14   2.2521E-05   2.2762E-05   0.98942
FLUX  693  1052.50        2.848385E+14   2.2461E-05   2.2615E-05   0.99320
FLUX  694  1057.50        2.834917E+14   2.2354E-05   2.2470E-05   0.99484
FLUX  695  1062.50        2.821576E+14   2.2225E-05   2.2326E-05   0.99547
FLUX  696  1067.50        2.808361E+14   2.1717E-05   2.2183E-05   0.97899
FLUX  697  1072.50        2.795268E+14   2.1800E-05   2.2042E-05   0.98901
FLUX  698  1077.50        2.782297E+14   2.1676E-05   2.1902E-05   0.98967
FLUX  699  1082.50        2.769446E+14   2.1458E-05   2.1764E-05   0.98598
FLUX  700  1087.50        2.756713E+14   2.0931E-05   2.1626E-05   0.96786
FLUX  701  1092.50        2.744096E+14   1.7541E-05   2.1490E-05   0.81625
FLUX  702  1097.50        2.731595E+14   1.9408E-05   2.1355E-05   0.90881
FLUX  703  1102.50        2.719206E+14   2.0859E-05   2.1222E-05   0.98292
FLUX  704  1107.50        2.706930E+14   2.0970E-05   2.1089E-05   0.99433
FLUX  705  1112.50        2.694764E+14   2.0869E-05   2.0958E-05   0.99573
FLUX  706  1117.50        2.682707E+14   2.0780E-05   2.0828E-05   0.99769
FLUX  707  1122.50        2.670757E+14   2.0676E-05   2.0699E-05   0.99888
FLUX  708  1127.50        2.658914E+14   2.0236E-05   2.0571E-05   0.98369
FLUX  709  1132.50        2.647174E+14   2.0137E-05   2.0445E-05   0.98495
FLUX  710  1137.50        2.635538E+14   2.0211E-05   2.0319E-05   0.99469
FLUX  711  1142.50        2.624004E+14   2.0027E-05   2.0195E-05   0.99169
FLUX  712  1147.50        2.612571E+14   2.0046E-05   2.0071E-05   0.99873
FLUX  713  1152.50        2.601236E+14   1.9937E-05   1.9949E-05   0.99938
FLUX  714  1157.50        2.590000E+14   1.9801E-05   1.9828E-05   0.99865
FLUX  715  1162.50        2.578860E+14   1.9506E-05   1.9708E-05   0.98976
FLUX  716  1167.50        2.567816E+14   1.9281E-05   1.9589E-05   0.98431
FLUX  717  1172.50        2.556866E+14   1.9453E-05   1.9470E-05   0.99912
FLUX  718  1177.50        2.546008E+14   1.9020E-05   1.9353E-05   0.98278
FLUX  719  1182.50        2.535243E+14   1.9068E-05   1.9237E-05   0.99119
FLUX  720  1187.50        2.524568E+14   1.8869E-05   1.9122E-05   0.98677
FLUX  721  1192.50        2.513983E+14   1.9006E-05   1.9008E-05   0.99989
FLUX  722  1197.50        2.503486E+14   1.8748E-05   1.8895E-05   0.99219
FLUX  723  1202.50        2.493077E+14   1.8721E-05   1.8783E-05   0.99670
FLUX  724  1207.50        2.482754E+14   1.8566E-05   1.8672E-05   0.99434
FLUX  725  1212.50        2.472515E+14   1.8473E-05   1.8562E-05   0.99525
FLUX  726  1217.50        2.462361E+14   1.8417E-05   1.8452E-05   0.99811
FLUX  727  1222.50        2.452290E+14   1.8288E-05   1.8344E-05   0.99697
FLUX  728  1227.50        2.442301E+14   1.8150E-05   1.8236E-05   0.99526
FLUX  729  1232.50        2.432394E+14   1.8059E-05   1.8130E-05   0.99612
FLUX  730  1237.50        2.422566E+14   1.7978E-05   1.8024E-05   0.99745
FLUX  731  1242.50        2.412817E+14   1.7907E-05   1.7919E-05   0.99933
FLUX  732  1247.50        2.403146E+14   1.7751E-05   1.7815E-05   0.99640
FLUX  733  1252.50        2.393553E+14   1.7664E-05   1.7712E-05   0.99727
FLUX  734  1257.50        2.384036E+14   1.7454E-05   1.7610E-05   0.99114
FLUX  735  1262.50        2.374594E+14   1.7385E-05   1.7509E-05   0.99292
FLUX  736  1267.50        2.365227E+14   1.7308E-05   1.7408E-05   0.99425
FLUX  737  1272.50        2.355933E+14   1.7090E-05   1.7308E-05   0.98741
FLUX  738  1277.50        2.346712E+14   1.6321E-05   1.7209E-05   0.94839
FLUX  739  1282.50        2.337563E+14   1.3939E-05   1.7111E-05   0.81463
FLUX  740  1287.50        2.328485E+14   1.6319E-05   1.7014E-05   0.95914
FLUX  741  1292.50        2.319478E+14   1.6724E-05   1.6917E-05   0.98859
FLUX  742  1297.50        2.310539E+14   1.6734E-05   1.6822E-05   0.99481
FLUX  743  1302.50        2.301670E+14   1.6690E-05   1.6727E-05   0.99781
FLUX  744  1307.50        2.292868E+14   1.6624E-05   1.6632E-05   0.99949
FLUX  745  1312.50        2.284133E+14   1.6517E-05   1.6539E-05   0.99869
FLUX  746  1317.50        2.275465E+14   1.6375E-05   1.6446E-05   0.99567
FLUX  747  1322.50        2.266862E+14   1.6345E-05   1.6354E-05   0.99947
FLUX  748  1327.50        2.258324E+14   1.6252E-05   1.6263E-05   0.99932
FLUX  749  1332.50        2.249850E+14   1.6167E-05   1.6172E-05   0.99966
FLUX  750  1337.50        2.241439E+14   1.6075E-05   1.6082E-05   0.99954
FLUX  751  1342.50        2.233091E+14   1.5982E-05   1.5993E-05   0.99931
FLUX  752  1347.50        2.224805E+14   1.5892E-05   1.5905E-05   0.99920
FLUX  753  1352.50        2.216580E+14   1.5769E-05   1.5817E-05   0.99698
FLUX  754  1357.50        2.208416E+14   1.5685E-05   1.5730E-05   0.99716
FLUX  755  1362.50        2.200312E+14   1.5626E-05   1.5643E-05   0.99890
FLUX  756  1367.50        2.192267E+14   1.5526E-05   1.5557E-05   0.99795
FLUX  757  1372.50        2.184281E+14   1.5349E-05   1.5472E-05   0.99202
FLUX  758  1377.50        2.176352E+14   1.5346E-05   1.5388E-05   0.99727
FLUX  759  1382.50        2.168481E+14   1.5270E-05   1.5304E-05   0.99777
FLUX  760  1387.50        2.160667E+14   1.5219E-05   1.5221E-05   0.99990
FLUX  761  1392.50        2.152908E+14   1.5091E-05   1.5138E-05   0.99688
FLUX  762  1397.50        2.145206E+14   1.5035E-05   1.5056E-05   0.99861
FLUX  763  1402.50        2.137558E+14   1.4961E-05   1.4975E-05   0.99908
FLUX  764  1407.50        2.129964E+14   1.4890E-05   1.4894E-05   0.99967
FLUX  765  1412.50        2.122425E+14   1.4794E-05   1.4814E-05   0.99864
FLUX  766  1417.50        2.114938E+14   1.4723E-05   1.4735E-05   0.99919
FLUX  767  1422.50        2.107504E+14   1.4636E-05   1.4656E-05   0.99864
FLUX  768  1427.50        2.100123E+14   1.4553E-05   1.4578E-05   0.99830
FLUX  769  1432.50        2.092792E+14   1.4486E-05   1.4500E-05   0.99899
FLUX  770  1437.50        2.085513E+14   1.4420E-05   1.4423E-05   0.99976
FLUX  771  1442.50        2.078284E+14   1.4131E-05   1.4346E-05   0.98496
FLUX  772  1447.50        2.071105E+14   1.4255E-05   1.4270E-05   0.99895
FLUX  773  1452.50        2.063976E+14   1.4078E-05   1.4195E-05   0.99174
FLUX  774  1457.00        2.057601E+14   1.4109E-05   1.4128E-05   0.99870
FLUX  775  1462.00        2.050564E+14   1.4007E-05   1.4905E-05   0.93979
FLUX  776  1467.50        2.042879E+14   1.3969E-05   1.4817E-05   0.94281
FLUX  777  1472.50        2.035942E+14   1.3883E-05   1.4738E-05   0.94203
FLUX  778  1477.50        2.029052E+14   1.3765E-05   1.4659E-05   0.93904
FLUX  779  1482.50        2.022209E+14   1.3732E-05   1.4581E-05   0.94180
FLUX  780  1487.50        2.015412E+14   1.3614E-05   1.4503E-05   0.93867
FLUX  781  1492.50        2.008660E+14   1.3647E-05   1.4426E-05   0.94597
FLUX  782  1497.50        2.001953E+14   1.3553E-05   1.4350E-05   0.94448
FLUX  783  1502.50        1.995291E+14   1.3447E-05   1.4274E-05   0.94208
FLUX  784  1507.50        1.988673E+14   1.3385E-05   1.4199E-05   0.94266
FLUX  785  1512.50        1.982099E+14   1.3362E-05   1.4124E-05   0.94605
FLUX  786  1517.50        1.975568E+14   1.3291E-05   1.4049E-05   0.94603
FLUX  787  1522.50        1.969080E+14   1.3224E-05   1.3976E-05   0.94623
FLUX  788  1527.50        1.962635E+14   1.3137E-05   1.3902E-05   0.94494
FLUX  789  1532.50        1.956232E+14   1.3058E-05   1.3830E-05   0.94418
FLUX  790  1537.50        1.949870E+14   1.3019E-05   1.3757E-05   0.94630
FLUX  791  1542.50        1.943549E+14   1.2832E-05   1.3686E-05   0.93759
FLUX  792  1547.50        1.937270E+14   1.2864E-05   1.3614E-05   0.94491
FLUX  793  1552.50        1.931031E+14   1.2800E-05   1.3544E-05   0.94507
FLUX  794  1557.50        1.924831E+14   1.2539E-05   1.3473E-05   0.93068
FLUX  795  1562.50        1.918672E+14   1.2799E-05   1.3403E-05   0.95493
FLUX  796  1567.50        1.912552E+14   1.2476E-05   1.3334E-05   0.93563
FLUX  797  1572.50        1.906471E+14   1.2228E-05   1.3265E-05   0.92182
FLUX  798  1577.50        1.900428E+14   1.2608E-05   1.3197E-05   0.95539
FLUX  799  1582.50        1.894423E+14   1.2547E-05   1.3129E-05   0.95572
FLUX  800  1587.50        1.888457E+14   1.1614E-05   1.3061E-05   0.88924
FLUX  801  1592.50        1.882527E+14   1.2243E-05   1.2994E-05   0.94219
FLUX  802  1597.50        1.876635E+14   1.2515E-05   1.2927E-05   0.96814
FLUX  803  1605.00        1.867866E+14   1.2179E-05   1.2828E-05   0.94939
FLUX  804  1615.00        1.856300E+14   1.1597E-05   1.2697E-05   0.91337
FLUX  805  1625.00        1.844877E+14   1.2337E-05   1.2568E-05   0.98160
FLUX  806  1635.00        1.833593E+14   1.1779E-05   1.2440E-05   0.94685
FLUX  807  1645.00        1.822447E+14   1.1140E-05   1.2313E-05   0.90472
FLUX  808  1655.00        1.811435E+14   1.2038E-05   1.2188E-05   0.98770
FLUX  809  1665.00        1.800556E+14   1.1949E-05   1.2064E-05   0.99045
FLUX  810  1675.00        1.789806E+14   1.1284E-05   1.1942E-05   0.94492
FLUX  811  1685.00        1.779184E+14   1.0641E-05   1.1822E-05   0.90007
FLUX  812  1695.00        1.768687E+14   1.1584E-05   1.1704E-05   0.98972
FLUX  813  1705.00        1.758314E+14   1.1510E-05   1.1588E-05   0.99334
FLUX  814  1715.00        1.748061E+14   1.1417E-05   1.1473E-05   0.99516
FLUX  815  1725.00        1.737928E+14   1.1142E-05   1.1360E-05   0.98082
FLUX  816  1735.00        1.727911E+14   9.8625E-06   1.1249E-05   0.87677
FLUX  817  1745.00        1.718009E+14   1.0743E-05   1.1139E-05   0.96448
FLUX  818  1755.00        1.708219E+14   1.0924E-05   1.1031E-05   0.99031
FLUX  819  1765.00        1.698541E+14   1.0852E-05   1.0924E-05   0.99340
FLUX  820  1775.00        1.688972E+14   1.0783E-05   1.0819E-05   0.99661
FLUX  821  1785.00        1.679510E+14   1.0668E-05   1.0716E-05   0.99555
FLUX  822  1795.00        1.670153E+14   1.0576E-05   1.0614E-05   0.99642
FLUX  823  1805.00        1.660900E+14   1.0350E-05   1.0513E-05   0.98444
FLUX  824  1815.00        1.651749E+14   9.2621E-06   1.0414E-05   0.88936
FLUX  825  1825.00        1.642699E+14   9.8651E-06   1.0317E-05   0.95624
FLUX  826  1835.00        1.633747E+14   1.0140E-05   1.0220E-05   0.99216
FLUX  827  1845.00        1.624892E+14   1.0080E-05   1.0125E-05   0.99559
FLUX  828  1855.00        1.616132E+14   9.9538E-06   1.0031E-05   0.99226
FLUX  829  1865.00        1.607466E+14   9.7627E-06   9.9391E-06   0.98225
FLUX  830  1875.00        1.598893E+14   8.6834E-06   9.8480E-06   0.88174
FLUX  831  1885.00        1.590411E+14   9.5242E-06   9.7581E-06   0.97603
FLUX  832  1895.00        1.582018E+14   9.5756E-06   9.6695E-06   0.99029
FLUX  833  1905.00        1.573714E+14   9.5636E-06   9.5821E-06   0.99807
FLUX  834  1915.00        1.565496E+14   9.4772E-06   9.4958E-06   0.99804
FLUX  835  1925.00        1.557364E+14   9.3629E-06   9.4108E-06   0.99492
FLUX  836  1935.00        1.549315E+14   9.1366E-06   9.3269E-06   0.97960
FLUX  837  1945.00        1.541350E+14   8.1472E-06   9.2440E-06   0.88135
FLUX  838  1955.00        1.533465E+14   8.9759E-06   9.1623E-06   0.97966
FLUX  839  1965.00        1.525662E+14   9.0419E-06   9.0817E-06   0.99562
FLUX  840  1975.00        1.517937E+14   8.9776E-06   9.0021E-06   0.99728
FLUX  841  1985.00        1.510290E+14   8.9166E-06   8.9235E-06   0.99923
FLUX  842  1995.00        1.502719E+14   8.8403E-06   8.8460E-06   0.99936
FLUX  843  2005.00        1.495224E+14   8.7661E-06   8.7694E-06   0.99962
FLUX  844  2015.00        1.487804E+14   8.6925E-06   8.6939E-06   0.99984
FLUX  845  2025.00        1.480457E+14   8.6137E-06   8.6193E-06   0.99935
FLUX  846  2035.00        1.473182E+14   8.5358E-06   8.5457E-06   0.99885
FLUX  847  2045.00        1.465978E+14   8.4722E-06   8.4730E-06   0.99990
FLUX  848  2055.00        1.458844E+14   8.3995E-06   8.4013E-06   0.99979
FLUX  849  2065.00        1.451780E+14   8.3191E-06   8.3305E-06   0.99863
FLUX  850  2075.00        1.444783E+14   8.2530E-06   8.2605E-06   0.99908
FLUX  851  2085.00        1.437854E+14   8.1870E-06   8.1915E-06   0.99945
FLUX  852  2095.00        1.430990E+14   8.1170E-06   8.1233E-06   0.99922
FLUX  853  2105.00        1.424192E+14   8.0473E-06   8.0560E-06   0.99893
FLUX  854  2115.00        1.417459E+14   7.9651E-06   7.9895E-06   0.99695
FLUX  855  2125.00        1.410788E+14   7.9011E-06   7.9238E-06   0.99714
FLUX  856  2135.00        1.404180E+14   7.8356E-06   7.8589E-06   0.99704
FLUX  857  2145.00        1.397634E+14   7.7620E-06   7.7948E-06   0.99579
FLUX  858  2155.00        1.391148E+14   7.6036E-06   7.7315E-06   0.98346
FLUX  859  2165.00        1.384723E+14   6.8207E-06   7.6690E-06   0.88939
FLUX  860  2175.00        1.378356E+14   7.4074E-06   7.6072E-06   0.97373
FLUX  861  2185.00        1.372048E+14   7.5042E-06   7.5462E-06   0.99443
FLUX  862  2195.00        1.365797E+14   7.4807E-06   7.4859E-06   0.99930
FLUX  863  2205.00        1.359603E+14   7.4148E-06   7.4264E-06   0.99844
FLUX  864  2215.00        1.353465E+14   7.3495E-06   7.3675E-06   0.99755
FLUX  865  2225.00        1.347382E+14   7.3085E-06   7.3094E-06   0.99988
FLUX  866  2235.00        1.341353E+14   7.2508E-06   7.2519E-06   0.99984
FLUX  867  2245.00        1.335379E+14   7.1942E-06   7.1951E-06   0.99988
FLUX  868  2255.00        1.329457E+14   7.1253E-06   7.1390E-06   0.99808
FLUX  869  2265.00        1.323587E+14   7.0800E-06   7.0836E-06   0.99950
FLUX  870  2275.00        1.317769E+14   7.0258E-06   7.0287E-06   0.99958
FLUX  871  2285.00        1.312002E+14   6.9728E-06   7.1234E-06   0.97886
FLUX  872  2295.00        1.306285E+14   6.9165E-06   7.0681E-06   0.97856
FLUX  873  2305.00        1.300618E+14   6.8712E-06   7.0134E-06   0.97972
FLUX  874  2315.00        1.295000E+14   6.8181E-06   6.9593E-06   0.97971
FLUX  875  2325.00        1.289430E+14   6.7701E-06   6.9059E-06   0.98034
FLUX  876  2335.00        1.283908E+14   6.7186E-06   6.8531E-06   0.98038
FLUX  877  2345.00        1.278433E+14   6.6700E-06   6.8009E-06   0.98076
FLUX  878  2355.00        1.273004E+14   6.6212E-06   6.7492E-06   0.98103
FLUX  879  2365.00        1.267622E+14   6.5731E-06   6.6982E-06   0.98132
FLUX  880  2375.00        1.262284E+14   6.5229E-06   6.6478E-06   0.98121
FLUX  881  2385.00        1.256992E+14   6.4746E-06   6.5979E-06   0.98132
FLUX  882  2395.00        1.251743E+14   6.4279E-06   6.5486E-06   0.98158
FLUX  883  2405.00        1.246538E+14   6.3782E-06   6.4998E-06   0.98130
FLUX  884  2415.00        1.241377E+14   6.3311E-06   6.4516E-06   0.98132
FLUX  885  2425.00        1.236258E+14   6.2873E-06   6.4039E-06   0.98179
FLUX  886  2435.00        1.231181E+14   6.2378E-06   6.3567E-06   0.98129
FLUX  887  2445.00        1.226145E+14   6.1904E-06   6.3101E-06   0.98102
FLUX  888  2455.00        1.221151E+14   6.1475E-06   6.2640E-06   0.98141
FLUX  889  2465.00        1.216197E+14   6.0967E-06   6.2184E-06   0.98043
FLUX  890  2475.00        1.211283E+14   6.0527E-06   6.1733E-06   0.98048
FLUX  891  2485.00        1.206408E+14   6.0166E-06   6.1286E-06   0.98173
FLUX  892  2495.00        1.201573E+14   5.9282E-06   6.0845E-06   0.97432
FLUX  893  2505.00        1.196776E+14   5.9426E-06   6.0408E-06   0.98373
FLUX  894  2515.00        1.192018E+14   5.8998E-06   5.9976E-06   0.98370
FLUX  895  2525.00        1.187297E+14   5.7731E-06   5.9549E-06   0.96947
FLUX  896  2535.00        1.182613E+14   5.8096E-06   5.9126E-06   0.98259
FLUX  897  2545.00        1.177967E+14   5.7944E-06   5.8707E-06   0.98701
FLUX  898  2555.00        1.173356E+14   5.7181E-06   5.8293E-06   0.98092
FLUX  899  2565.00        1.168782E+14   5.5463E-06   5.7884E-06   0.95818
FLUX  900  2575.00        1.164243E+14   5.6499E-06   5.7478E-06   0.98297
FLUX  901  2585.00        1.159739E+14   5.6352E-06   5.7077E-06   0.98730
FLUX  902  2595.00        1.155270E+14   5.5990E-06   5.6680E-06   0.98782
FLUX  903  2605.00        1.150835E+14   5.4701E-06   5.6287E-06   0.97182
FLUX  904  2615.00        1.146434E+14   5.2349E-06   5.5899E-06   0.93649
FLUX  905  2625.00        1.142067E+14   4.9243E-06   5.5514E-06   0.88704
FLUX  906  2635.00        1.137732E+14   5.3273E-06   5.5133E-06   0.96625
FLUX  907  2645.00        1.133431E+14   5.4093E-06   5.4757E-06   0.98787
FLUX  908  2655.00        1.129162E+14   5.3828E-06   5.4384E-06   0.98978
FLUX  909  2665.00        1.124925E+14   5.2836E-06   5.4015E-06   0.97818
FLUX  910  2675.00        1.120720E+14   4.9619E-06   5.3649E-06   0.92489
FLUX  911  2685.00        1.116546E+14   5.2171E-06   5.3288E-06   0.97906
FLUX  912  2695.00        1.112403E+14   5.2588E-06   5.2930E-06   0.99355
FLUX  913  2705.00        1.108290E+14   5.2359E-06   5.2575E-06   0.99589
FLUX  914  2715.00        1.104208E+14   5.2078E-06   5.2224E-06   0.99720
FLUX  915  2725.00        1.100156E+14   5.1725E-06   5.1877E-06   0.99707
FLUX  916  2735.00        1.096133E+14   5.1291E-06   5.1533E-06   0.99531
FLUX  917  2745.00        1.092140E+14   5.0505E-06   5.1193E-06   0.98657
FLUX  918  2755.00        1.088176E+14   4.6952E-06   5.0856E-06   0.92323
FLUX  919  2765.00        1.084241E+14   4.8380E-06   5.0522E-06   0.95761
FLUX  920  2775.00        1.080333E+14   4.9769E-06   5.0191E-06   0.99158
FLUX  921  2785.00        1.076454E+14   4.9714E-06   4.9864E-06   0.99699
FLUX  922  2795.00        1.072603E+14   4.9530E-06   4.9540E-06   0.99980
FLUX  923  2805.00        1.068779E+14   4.9213E-06   4.9219E-06   0.99989
FLUX  924  2815.00        1.064982E+14   4.8892E-06   4.8901E-06   0.99980
FLUX  925  2825.00        1.061212E+14   4.8574E-06   4.8587E-06   0.99974
FLUX  926  2835.00        1.057469E+14   4.8270E-06   4.8275E-06   0.99989
FLUX  927  2845.00        1.053752E+14   4.7803E-06   4.7966E-06   0.99659
FLUX  928  2855.00        1.050061E+14   4.7305E-06   4.7660E-06   0.99255
FLUX  929  2865.00        1.046396E+14   4.5739E-06   4.7358E-06   0.96582
FLUX  930  2875.00        1.042757E+14   4.2847E-06   4.7058E-06   0.91053
FLUX  931  2885.00        1.039142E+14   4.5958E-06   4.6761E-06   0.98284
FLUX  932  2895.00        1.035553E+14   4.6219E-06   4.6466E-06   0.99467
FLUX  933  2905.00        1.031988E+14   4.6130E-06   4.6175E-06   0.99904
FLUX  934  2915.00        1.028448E+14   4.5810E-06   4.5886E-06   0.99834
FLUX  935  2925.00        1.024932E+14   4.5580E-06   4.5600E-06   0.99955
FLUX  936  2935.00        1.021440E+14   4.5311E-06   4.5317E-06   0.99989
FLUX  937  2945.00        1.017971E+14   4.5029E-06   4.5036E-06   0.99984
FLUX  938  2955.00        1.014526E+14   4.4755E-06   4.4758E-06   0.99993
FLUX  939  2965.00        1.011105E+14   4.4479E-06   4.4482E-06   0.99993
FLUX  940  2975.00        1.007706E+14   4.4204E-06   4.4209E-06   0.99988
FLUX  941  2985.00        1.004330E+14   4.3937E-06   4.3938E-06   0.99997
FLUX  942  2995.00        1.000977E+14   4.3655E-06   4.3670E-06   0.99964
FLUX  943  3005.00        9.976456E+13   4.3360E-06   4.3404E-06   0.99897
FLUX  944  3015.00        9.943367E+13   4.2960E-06   4.3141E-06   0.99581
FLUX  945  3025.00        9.910496E+13   4.2341E-06   4.2880E-06   0.98742
FLUX  946  3035.00        9.877842E+13   3.9399E-06   4.2622E-06   0.92438
FLUX  947  3045.00        9.845402E+13   4.0102E-06   4.2366E-06   0.94658
FLUX  948  3055.00        9.813175E+13   4.1688E-06   4.2112E-06   0.98994
FLUX  949  3065.00        9.781158E+13   4.1719E-06   4.1860E-06   0.99662
FLUX  950  3075.00        9.749350E+13   4.1580E-06   4.1611E-06   0.99927
FLUX  951  3085.00        9.717747E+13   4.1293E-06   4.1363E-06   0.99829
FLUX  952  3095.00        9.686349E+13   4.1088E-06   4.1119E-06   0.99926
FLUX  953  3105.00        9.655153E+13   4.0840E-06   4.0876E-06   0.99912
FLUX  954  3115.00        9.624157E+13   4.0557E-06   4.0635E-06   0.99809
FLUX  955  3125.00        9.593360E+13   4.0350E-06   4.0397E-06   0.99884
FLUX  956  3135.00        9.562759E+13   4.0123E-06   4.0160E-06   0.99906
FLUX  957  3145.00        9.532353E+13   3.9874E-06   3.9926E-06   0.99870
FLUX  958  3155.00        9.502139E+13   3.9678E-06   3.9694E-06   0.99961
FLUX  959  3165.00        9.472117E+13   3.9462E-06   3.9463E-06   0.99997
FLUX  960  3175.00        9.442283E+13   3.9200E-06   3.9235E-06   0.99912
FLUX  961  3185.00        9.412637E+13   3.9005E-06   3.9009E-06   0.99992
FLUX  962  3195.00        9.383177E+13   3.8777E-06   3.8784E-06   0.99981
FLUX  963  3210.00        9.339330E+13   3.8441E-06   3.8451E-06   0.99972
FLUX  964  3230.00        9.281502E+13   3.8011E-06   3.8014E-06   0.99993
FLUX  965  3250.00        9.224385E+13   3.7580E-06   3.7584E-06   0.99988
FLUX  966  3270.00        9.167966E+13   3.7010E-06   3.7162E-06   0.99591
FLUX  967  3290.00        9.112234E+13   3.4493E-06   3.7070E-06   0.93048
FLUX  968  3310.00        9.057175E+13   3.5486E-06   3.6655E-06   0.96810
FLUX  969  3330.00        9.002778E+13   3.5743E-06   3.6248E-06   0.98607
FLUX  970  3350.00        8.949030E+13   3.5422E-06   3.5848E-06   0.98811
FLUX  971  3370.00        8.895920E+13   3.4998E-06   3.5454E-06   0.98713
FLUX  972  3390.00        8.843437E+13   3.4644E-06   3.5067E-06   0.98793
FLUX  973  3410.00        8.791569E+13   3.4282E-06   3.4686E-06   0.98836
FLUX  974  3430.00        8.740306E+13   3.3940E-06   3.4311E-06   0.98919
FLUX  975  3450.00        8.689638E+13   3.3605E-06   3.3942E-06   0.99005
FLUX  976  3470.00        8.639553E+13   3.3245E-06   3.3580E-06   0.99003
FLUX  977  3490.00        8.590043E+13   3.2901E-06   3.3223E-06   0.99033
FLUX  978  3510.00        8.541097E+13   3.2557E-06   3.2871E-06   0.99045
FLUX  979  3530.00        8.492705E+13   3.2218E-06   3.2525E-06   0.99055
FLUX  980  3550.00        8.444859E+13   3.1883E-06   3.2185E-06   0.99063
FLUX  981  3570.00        8.397549E+13   3.1544E-06   3.1850E-06   0.99039
FLUX  982  3590.00        8.350766E+13   3.1232E-06   3.1520E-06   0.99086
FLUX  983  3610.00        8.304501E+13   3.0891E-06   3.1195E-06   0.99026
FLUX  984  3630.00        8.258747E+13   3.0603E-06   3.0875E-06   0.99119
FLUX  985  3650.00        8.213493E+13   3.0252E-06   3.0560E-06   0.98992
FLUX  986  3670.00        8.168733E+13   2.9989E-06   3.0250E-06   0.99136
FLUX  987  3690.00        8.124458E+13   2.9564E-06   2.9945E-06   0.98728
FLUX  988  3710.00        8.080660E+13   2.9310E-06   2.9644E-06   0.98874
FLUX  989  3730.00        8.037332E+13   2.8167E-06   2.9348E-06   0.95978
FLUX  990  3750.00        7.994467E+13   2.7540E-06   2.9056E-06   0.94785
FLUX  991  3770.00        7.952056E+13   2.8463E-06   2.8768E-06   0.98938
FLUX  992  3790.00        7.910092E+13   2.8275E-06   2.8485E-06   0.99264
FLUX  993  3810.00        7.868570E+13   2.7824E-06   2.8206E-06   0.98648
FLUX  994  3830.00        7.827480E+13   2.7597E-06   2.7931E-06   0.98805
FLUX  995  3850.00        7.786818E+13   2.7504E-06   2.7660E-06   0.99438
FLUX  996  3870.00        7.746576E+13   2.7224E-06   2.7392E-06   0.99384
FLUX  997  3890.00        7.706748E+13   2.6880E-06   2.7129E-06   0.99081
FLUX  998  3910.00        7.667327E+13   2.6270E-06   2.6870E-06   0.97768
FLUX  999  3930.00        7.628308E+13   2.6449E-06   2.6614E-06   0.99379
FLUX 1000  3950.00        7.589684E+13   2.6252E-06   2.6362E-06   0.99582
FLUX 1001  3970.00        7.551448E+13   2.6020E-06   2.6113E-06   0.99641
FLUX 1002  3990.00        7.513596E+13   2.5713E-06   2.5868E-06   0.99399
FLUX 1003  4010.00        7.476122E+13   2.5128E-06   2.5627E-06   0.98055
FLUX 1004  4030.00        7.439020E+13   2.4738E-06   2.5388E-06   0.97437
FLUX 1005  4050.00        7.402284E+13   2.3738E-06   2.5153E-06   0.94371
FLUX 1006  4070.00        7.365909E+13   2.4680E-06   2.4922E-06   0.99031
FLUX 1007  4090.00        7.329890E+13   2.4597E-06   2.4693E-06   0.99613
FLUX 1008  4110.00        7.294221E+13   2.4429E-06   2.4468E-06   0.99842
FLUX 1009  4130.00        7.258898E+13   2.4184E-06   2.4245E-06   0.99747
FLUX 1010  4150.00        7.223916E+13   2.3838E-06   2.4026E-06   0.99218
FLUX 1011  4170.00        7.189269E+13   2.2793E-06   2.3810E-06   0.95732
FLUX 1012  4190.00        7.154952E+13   2.3380E-06   2.3596E-06   0.99083
FLUX 1013  4210.00        7.120962E+13   2.3333E-06   2.3386E-06   0.99776
FLUX 1014  4230.00        7.087293E+13   2.3175E-06   2.3178E-06   0.99990
FLUX 1015  4250.00        7.053941E+13   2.2970E-06   2.2973E-06   0.99987
FLUX 1016  4270.00        7.020902E+13   2.2770E-06   2.2770E-06   0.99997
FLUX 1017  4290.00        6.988170E+13   2.2570E-06   2.2571E-06   0.99998
FLUX 1018  4310.00        6.955742E+13   2.2372E-06   2.2374E-06   0.99991
FLUX 1019  4330.00        6.923614E+13   2.2168E-06   2.2179E-06   0.99952
FLUX 1020  4350.00        6.891782E+13   2.1879E-06   2.1987E-06   0.99508
FLUX 1021  4370.00        6.860240E+13   2.0845E-06   2.1798E-06   0.95629
FLUX 1022  4390.00        6.828986E+13   2.1193E-06   2.1611E-06   0.98070
FLUX 1023  4410.00        6.798016E+13   2.1365E-06   2.1426E-06   0.99717
FLUX 1024  4430.00        6.767325E+13   2.1237E-06   2.1244E-06   0.99969
FLUX 1025  4450.00        6.736910E+13   2.1057E-06   2.1064E-06   0.99969
FLUX 1026  4470.00        6.706767E+13   2.0913E-06   2.0973E-06   0.99713
FLUX 1027  4490.00        6.676893E+13   2.0699E-06   2.0796E-06   0.99535
FLUX 1028  4510.00        6.647284E+13   2.0531E-06   2.0622E-06   0.99561
FLUX 1029  4530.00        6.617936E+13   2.0358E-06   2.0450E-06   0.99551
FLUX 1030  4550.00        6.588846E+13   2.0190E-06   2.0280E-06   0.99558
FLUX 1031  4570.00        6.560011E+13   2.0015E-06   2.0112E-06   0.99520
FLUX 1032  4590.00        6.531427E+13   1.9840E-06   1.9946E-06   0.99471
FLUX 1033  4610.00        6.503091E+13   1.9663E-06   1.9782E-06   0.99398
FLUX 1034  4630.00        6.475000E+13   1.9397E-06   1.9620E-06   0.98863
FLUX 1035  4650.00        6.447151E+13   1.8229E-06   1.9461E-06   0.93669
FLUX 1036  4670.00        6.419540E+13   1.8121E-06   1.9303E-06   0.93880
FLUX 1037  4690.00        6.392164E+13   1.8812E-06   1.9147E-06   0.98251
FLUX 1038  4710.00        6.365021E+13   1.8866E-06   1.8993E-06   0.99336
FLUX 1039  4730.00        6.338108E+13   1.8751E-06   1.8840E-06   0.99526
FLUX 1040  4750.00        6.311421E+13   1.8605E-06   1.8690E-06   0.99543
FLUX 1041  4770.00        6.284958E+13   1.8464E-06   1.8541E-06   0.99583
FLUX 1042  4790.00        6.258716E+13   1.8326E-06   1.8395E-06   0.99627
FLUX 1043  4810.00        6.232692E+13   1.8183E-06   1.8249E-06   0.99635
FLUX 1044  4830.00        6.206884E+13   1.8041E-06   1.8106E-06   0.99641
FLUX 1045  4850.00        6.181289E+13   1.7902E-06   1.7964E-06   0.99651
FLUX 1046  4870.00        6.155903E+13   1.7763E-06   1.7824E-06   0.99656
FLUX 1047  4890.00        6.130726E+13   1.7625E-06   1.7686E-06   0.99656
FLUX 1048  4910.00        6.105754E+13   1.7486E-06   1.7549E-06   0.99641
FLUX 1049  4930.00        6.080984E+13   1.7354E-06   1.7414E-06   0.99654
FLUX 1050  4950.00        6.056414E+13   1.7222E-06   1.7280E-06   0.99664
FLUX 1051  4970.00        6.032042E+13   1.7087E-06   1.7148E-06   0.99644
FLUX 1052  4990.00        6.007866E+13   1.6959E-06   1.7017E-06   0.99659
FLUX 1053  5010.00        5.983882E+13   1.6829E-06   1.6888E-06   0.99651
FLUX 1054  5030.00        5.960089E+13   1.6695E-06   1.6760E-06   0.99610
FLUX 1055  5050.00        5.936485E+13   1.6576E-06   1.6634E-06   0.99651
FLUX 1056  5070.00        5.913067E+13   1.6444E-06   1.6509E-06   0.99607
FLUX 1057  5090.00        5.889833E+13   1.6285E-06   1.6386E-06   0.99385
FLUX 1058  5110.00        5.866781E+13   1.6022E-06   1.6264E-06   0.98515
FLUX 1059  5130.00        5.843908E+13   1.5188E-06   1.6143E-06   0.94081
FLUX 1060  5150.00        5.821214E+13   1.5833E-06   1.6024E-06   0.98810
FLUX 1061  5170.00        5.798694E+13   1.5805E-06   1.5906E-06   0.99367
FLUX 1062  5190.00        5.776349E+13   1.5729E-06   1.5789E-06   0.99621
FLUX 1063  5210.00        5.754175E+13   1.5627E-06   1.5673E-06   0.99704
FLUX 1064  5230.00        5.732170E+13   1.5514E-06   1.5559E-06   0.99710
FLUX 1065  5250.00        5.710333E+13   1.5381E-06   1.5446E-06   0.99578
FLUX 1066  5270.00        5.688662E+13   1.5253E-06   1.5334E-06   0.99470
FLUX 1067  5290.00        5.667155E+13   1.5180E-06   1.5224E-06   0.99711
FLUX 1068  5310.00        5.645810E+13   1.5080E-06   1.5114E-06   0.99772
FLUX 1069  5330.00        5.624625E+13   1.4973E-06   1.5006E-06   0.99778
FLUX 1070  5350.00        5.603598E+13   1.4858E-06   1.4899E-06   0.99723
FLUX 1071  5370.00        5.582728E+13   1.4702E-06   1.4793E-06   0.99385
FLUX 1072  5390.00        5.562013E+13   1.4601E-06   1.4689E-06   0.99402
FLUX 1073  5410.00        5.541451E+13   1.4547E-06   1.4585E-06   0.99736
FLUX 1074  5430.00        5.521041E+13   1.4469E-06   1.4482E-06   0.99908
FLUX 1075  5450.00        5.500780E+13   1.4377E-06   1.4381E-06   0.99971
FLUX 1076  5470.00        5.480667E+13   1.4272E-06   1.4281E-06   0.99942
FLUX 1077  5490.00        5.460701E+13   1.4146E-06   1.4181E-06   0.99755
FLUX 1078  5510.00        5.440880E+13   1.4001E-06   1.4083E-06   0.99420
FLUX 1079  5530.00        5.421203E+13   1.3838E-06   1.3985E-06   0.98947
FLUX 1080  5550.00        5.401667E+13   1.3841E-06   1.3889E-06   0.99653
FLUX 1081  5570.00        5.382271E+13   1.3780E-06   1.3794E-06   0.99897
FLUX 1082  5590.00        5.363014E+13   1.3689E-06   1.3700E-06   0.99924
FLUX 1083  5610.00        5.343895E+13   1.3602E-06   1.3606E-06   0.99972
FLUX 1084  5630.00        5.324911E+13   1.3512E-06   1.3514E-06   0.99986
FLUX 1085  5650.00        5.306062E+13   1.3421E-06   1.3422E-06   0.99989
FLUX 1086  5670.00        5.287346E+13   1.3316E-06   1.3332E-06   0.99880
FLUX 1087  5690.00        5.268761E+13   1.3176E-06   1.3242E-06   0.99502
FLUX 1088  5710.00        5.250306E+13   1.2930E-06   1.3153E-06   0.98305
FLUX 1089  5730.00        5.231981E+13   1.2984E-06   1.3065E-06   0.99380
FLUX 1090  5750.00        5.213783E+13   1.2957E-06   1.2978E-06   0.99835
FLUX 1091  5770.00        5.195711E+13   1.2891E-06   1.2892E-06   0.99989
FLUX 1092  5790.00        5.177763E+13   1.2805E-06   1.2807E-06   0.99982
FLUX 1093  5810.00        5.159940E+13   1.2721E-06   1.2722E-06   0.99991
FLUX 1094  5830.00        5.142238E+13   1.2628E-06   1.2639E-06   0.99913
FLUX 1095  5850.00        5.124658E+13   1.2533E-06   1.2584E-06   0.99599
FLUX 1096  5870.00        5.107198E+13   1.2430E-06   1.2501E-06   0.99429
FLUX 1097  5890.00        5.089856E+13   1.2218E-06   1.2420E-06   0.98376
FLUX 1098  5910.00        5.072631E+13   1.1592E-06   1.2339E-06   0.93945
FLUX 1099  5930.00        5.055523E+13   1.2081E-06   1.2259E-06   0.98546
FLUX 1100  5950.00        5.038529E+13   1.1859E-06   1.2180E-06   0.97367
FLUX 1101  5970.00        5.021650E+13   1.1909E-06   1.2102E-06   0.98410
FLUX 1102  5990.00        5.004883E+13   1.1958E-06   1.2024E-06   0.99452
FLUX 1103  6010.00        4.988228E+13   1.1904E-06   1.1947E-06   0.99638
FLUX 1104  6030.00        4.971683E+13   1.1836E-06   1.1871E-06   0.99702
FLUX 1105  6050.00        4.955248E+13   1.1764E-06   1.1796E-06   0.99728
FLUX 1106  6070.00        4.938921E+13   1.1690E-06   1.1721E-06   0.99737
FLUX 1107  6090.00        4.922701E+13   1.1617E-06   1.1647E-06   0.99742
FLUX 1108  6110.00        4.906588E+13   1.1542E-06   1.1574E-06   0.99726
FLUX 1109  6130.00        4.890579E+13   1.1474E-06   1.1501E-06   0.99763
FLUX 1110  6150.00        4.874675E+13   1.1402E-06   1.1429E-06   0.99764
FLUX 1111  6170.00        4.858874E+13   1.1332E-06   1.1358E-06   0.99768
FLUX 1112  6190.00        4.843174E+13   1.1260E-06   1.1288E-06   0.99759
FLUX 1113  6210.00        4.827576E+13   1.1190E-06   1.1218E-06   0.99754
FLUX 1114  6230.00        4.812079E+13   1.1114E-06   1.1148E-06   0.99694
FLUX 1115  6250.00        4.796680E+13   1.1034E-06   1.1080E-06   0.99588
FLUX 1116  6270.00        4.781380E+13   1.0899E-06   1.1012E-06   0.98973
FLUX 1117  6290.00        4.766176E+13   1.0517E-06   1.0944E-06   0.96095
FLUX 1118  6310.00        4.751070E+13   1.0731E-06   1.0878E-06   0.98648
FLUX 1119  6330.00        4.736058E+13   1.0761E-06   1.0811E-06   0.99535
FLUX 1120  6350.00        4.721142E+13   1.0714E-06   1.0746E-06   0.99706
FLUX 1121  6370.00        4.706319E+13   1.0656E-06   1.0681E-06   0.99768
FLUX 1122  6390.00        4.691588E+13   1.0596E-06   1.0616E-06   0.99806
FLUX 1123  6420.00        4.669665E+13   1.0517E-06   1.0521E-06   0.99959
FLUX 1124  6460.00        4.640751E+13   1.0393E-06   1.0396E-06   0.99975
FLUX 1125  6500.00        4.612192E+13   1.0270E-06   1.0273E-06   0.99971
FLUX 1126  6540.00        4.583983E+13   1.0151E-06   1.0152E-06   0.99990
FLUX 1127  6580.00        4.556117E+13   1.0030E-06   1.0033E-06   0.99971
FLUX 1128  6620.00        4.528588E+13   9.9111E-07   9.9160E-07   0.99951
FLUX 1129  6660.00        4.501389E+13   9.7947E-07   9.8013E-07   0.99933
FLUX 1130  6700.00        4.474515E+13   9.6670E-07   9.6885E-07   0.99778
FLUX 1131  6740.00        4.447960E+13   9.5025E-07   9.5777E-07   0.99215
FLUX 1132  6780.00        4.421718E+13   9.1802E-07   9.4687E-07   0.96953
FLUX 1133  6820.00        4.395784E+13   9.3241E-07   9.3616E-07   0.99600
FLUX 1134  6860.00        4.370153E+13   9.2450E-07   9.2563E-07   0.99878
FLUX 1135  6900.00        4.344819E+13   9.1471E-07   9.1527E-07   0.99939
FLUX 1136  6940.00        4.319777E+13   9.0344E-07   9.0509E-07   0.99818
FLUX 1137  6980.00        4.295021E+13   8.9454E-07   8.9507E-07   0.99940
FLUX 1138  7020.00        4.270548E+13   8.8493E-07   8.8522E-07   0.99967
FLUX 1139  7060.00        4.246353E+13   8.7482E-07   8.7554E-07   0.99919
FLUX 1140  7100.00        4.222430E+13   8.6405E-07   8.6601E-07   0.99775
FLUX 1141  7140.00        4.198775E+13   8.5635E-07   8.5663E-07   0.99968
FLUX 1142  7180.00        4.175383E+13   8.4717E-07   8.4741E-07   0.99972
FLUX 1143  7220.00        4.152251E+13   8.3760E-07   8.3833E-07   0.99913
FLUX 1144  7260.00        4.129373E+13   8.2681E-07   8.2940E-07   0.99688
FLUX 1145  7300.00        4.106747E+13   8.1934E-07   8.2061E-07   0.99845
FLUX 1146  7340.00        4.084366E+13   8.1173E-07   8.1195E-07   0.99972
FLUX 1147  7380.00        4.062229E+13   8.0222E-07   8.0344E-07   0.99848
FLUX 1148  7420.00        4.040330E+13   7.9029E-07   7.9508E-07   0.99397
FLUX 1149  7460.00        4.018666E+13   7.5563E-07   7.8685E-07   0.96032
FLUX 1150  7500.00        3.997233E+13   7.3849E-07   7.7875E-07   0.94831
FLUX 1151  7540.00        3.976028E+13   7.6219E-07   7.7077E-07   0.98887
FLUX 1152  7580.00        3.955046E+13   7.6022E-07   7.6292E-07   0.99647
FLUX 1153  7620.00        3.934285E+13   7.5337E-07   7.5518E-07   0.99761
FLUX 1154  7660.00        3.913740E+13   7.4628E-07   7.4756E-07   0.99829
FLUX 1155  7700.00        3.893409E+13   7.3897E-07   7.4005E-07   0.99854
FLUX 1156  7740.00        3.873288E+13   7.3050E-07   7.3266E-07   0.99705
FLUX 1157  7780.00        3.853374E+13   7.1966E-07   7.2537E-07   0.99213
FLUX 1158  7820.00        3.833664E+13   7.1610E-07   7.1820E-07   0.99709
FLUX 1159  7860.00        3.814154E+13   7.1098E-07   7.1113E-07   0.99980
FLUX 1160  7900.00        3.794842E+13   7.0414E-07   7.0416E-07   0.99997
FLUX 1161  7940.00        3.775724E+13   6.9723E-07   6.9729E-07   0.99991
FLUX 1162  7980.00        3.756798E+13   6.9044E-07   6.9052E-07   0.99989
FLUX 1163  8020.00        3.738061E+13   6.8377E-07   6.8385E-07   0.99988
FLUX 1164  8060.00        3.719510E+13   6.7713E-07   6.7728E-07   0.99979
FLUX 1165  8100.00        3.701142E+13   6.6964E-07   6.7080E-07   0.99828
FLUX 1166  8140.00        3.682955E+13   6.5783E-07   6.6441E-07   0.99010
FLUX 1167  8180.00        3.664945E+13   6.5412E-07   6.5811E-07   0.99393
FLUX 1168  8220.00        3.647111E+13   6.5133E-07   6.5190E-07   0.99912
FLUX 1169  8260.00        3.629449E+13   6.4576E-07   6.4578E-07   0.99997
FLUX 1170  8300.00        3.611958E+13   6.3968E-07   6.3974E-07   0.99991
FLUX 1171  8340.00        3.594634E+13   6.3359E-07   6.3379E-07   0.99968
FLUX 1172  8380.00        3.577476E+13   6.2764E-07   6.2792E-07   0.99955
FLUX 1173  8420.00        3.560481E+13   6.2194E-07   6.2213E-07   0.99969
FLUX 1174  8460.00        3.543647E+13   6.1636E-07   6.1642E-07   0.99990
FLUX 1175  8500.00        3.526971E+13   6.1078E-07   6.1079E-07   0.99997
FLUX 1176  8540.00        3.510451E+13   6.0517E-07   6.0524E-07   0.99989
FLUX 1177  8580.00        3.494085E+13   5.9968E-07   5.9976E-07   0.99987
FLUX 1178  8620.00        3.477871E+13   5.9228E-07   5.9435E-07   0.99651
FLUX 1179  8660.00        3.461807E+13   5.7825E-07   5.8902E-07   0.98171
FLUX 1180  8700.00        3.445891E+13   5.8020E-07   5.8375E-07   0.99391
FLUX 1181  8740.00        3.430120E+13   5.6547E-07   5.7856E-07   0.97738
FLUX 1182  8780.00        3.414493E+13   5.6057E-07   5.7344E-07   0.97757
FLUX 1183  8820.00        3.399008E+13   5.6713E-07   5.6838E-07   0.99780
FLUX 1184  8860.00        3.383663E+13   5.6325E-07   5.6339E-07   0.99975
FLUX 1185  8900.00        3.368455E+13   5.5840E-07   5.5847E-07   0.99988
FLUX 1186  8940.00        3.353384E+13   5.5357E-07   5.5360E-07   0.99993
FLUX 1187  8980.00        3.338447E+13   5.4874E-07   5.4881E-07   0.99988
FLUX 1188  9020.00        3.323642E+13   5.4402E-07   5.4407E-07   0.99991
FLUX 1189  9060.00        3.308968E+13   5.3935E-07   5.3940E-07   0.99992
FLUX 1190  9100.00        3.294423E+13   5.3472E-07   5.3478E-07   0.99988
FLUX 1191  9140.00        3.280005E+13   5.3016E-07   5.3022E-07   0.99988
FLUX 1192  9180.00        3.265714E+13   5.2568E-07   5.2572E-07   0.99991
FLUX 1193  9220.00        3.251546E+13   5.2117E-07   5.2128E-07   0.99979
FLUX 1194  9260.00        3.237500E+13   5.1572E-07   5.1689E-07   0.99772
FLUX 1195  9300.00        3.223575E+13   5.1166E-07   5.1256E-07   0.99824
FLUX 1196  9340.00        3.209770E+13   5.0643E-07   5.0828E-07   0.99636
FLUX 1197  9380.00        3.196082E+13   4.9202E-07   5.0406E-07   0.97612
FLUX 1198  9420.00        3.182511E+13   4.9489E-07   4.9989E-07   0.99000
FLUX 1199  9460.00        3.169054E+13   4.9447E-07   4.9576E-07   0.99739
FLUX 1200  9500.00        3.155711E+13   4.9060E-07   4.9169E-07   0.99777
FLUX 1201  9540.00        3.142479E+13   4.8667E-07   4.8767E-07   0.99794
FLUX 1202  9580.00        3.129358E+13   4.8369E-07   4.8370E-07   0.99997
FLUX 1203  9620.00        3.116346E+13   4.7972E-07   4.7978E-07   0.99989
FLUX 1204  9660.00        3.103442E+13   4.7589E-07   4.7590E-07   0.99998
FLUX 1205  9700.00        3.090644E+13   4.7206E-07   4.7207E-07   0.99998
FLUX 1206  9740.00        3.077952E+13   4.6823E-07   4.6828E-07   0.99989
FLUX 1207  9780.00        3.065363E+13   4.6450E-07   4.6455E-07   0.99991
FLUX 1208  9820.00        3.052877E+13   4.6005E-07   4.6085E-07   0.99826
FLUX 1209  9860.00        3.040492E+13   4.5590E-07   4.5720E-07   0.99715
FLUX 1210  9900.00        3.028207E+13   4.5358E-07   4.5359E-07   0.99997
FLUX 1211  9940.00        3.016021E+13   4.4999E-07   4.5003E-07   0.99992
FLUX 1212  9980.00        3.003933E+13   4.4645E-07   4.4650E-07   0.99989
FLUX 1213 10020.00        2.991941E+13   4.4297E-07   4.4302E-07   0.99989
FLUX 1214 20000.00        1.498963E+13   1.1291E-07   1.1292E-07   0.99999
FLUX 1215 40000.00        7.494813E+12   2.8074E-08   2.8074E-08   1.00000
FLUX 1216 60000.00        4.996542E+12   1.2364E-08   1.2364E-08   1.00000
FLUX 1217 80000.00        3.747406E+12   6.8970E-09   6.8970E-09   1.00000
FLUX 1218100000.00        2.997925E+12   4.3822E-09   4.3822E-09   1.00000
FLUX 1219120000.00        2.498271E+12   3.0241E-09   3.0241E-09   1.00000
FLUX 1220140000.00        2.141375E+12   2.2096E-09   2.2096E-09   1.00000
FLUX 1221160000.00        1.873703E+12   1.6835E-09   1.6835E-09   1.00000
FLUX
