TEFF   6750.  GRAVITY 4.00000 LTE 
TITLE  [0.0] VTURB=2  L/H=1.25 NOVER NEW ODF                                    
FLUX    1     9.09        3.298047E+16   1.0000E-50   0.0000E+00   1.00000
FLUX    2     9.35        3.206337E+16   1.0000E-50   0.0000E+00   1.00000
FLUX    3     9.61        3.119589E+16   1.0000E-50   0.0000E+00   1.00000
FLUX    4     9.77        3.068501E+16   1.0000E-50   0.0000E+00   1.00000
FLUX    5     9.96        3.009965E+16   1.0000E-50   0.0000E+00   1.00000
FLUX    6    10.20        2.939142E+16   1.0000E-50   0.0000E+00   1.00000
FLUX    7    10.38        2.888174E+16   1.0000E-50   0.0000E+00   1.00000
FLUX    8    10.56        2.838944E+16   1.0000E-50   0.0000E+00   1.00000
FLUX    9    10.77        2.783589E+16   1.0000E-50   0.0000E+00   1.00000
FLUX   10    11.04        2.715512E+16   1.0000E-50   0.0000E+00   1.00000
FLUX   11    11.40        2.629759E+16   1.0000E-50   0.0000E+00   1.00000
FLUX   12    11.78        2.544928E+16   1.0000E-50   0.0000E+00   1.00000
FLUX   13    12.13        2.471496E+16   1.0000E-50   0.0000E+00   1.00000
FLUX   14    12.48        2.402183E+16   1.0000E-50   0.0000E+00   1.00000
FLUX   15    12.71        2.358714E+16   1.0000E-50   0.0000E+00   1.00000
FLUX   16    12.84        2.334833E+16   1.0000E-50   0.0000E+00   1.00000
FLUX   17    13.05        2.297261E+16   1.0000E-50   0.0000E+00   1.00000
FLUX   18    13.24        2.264294E+16   1.0000E-50   0.0000E+00   1.00000
FLUX   19    13.39        2.238928E+16   1.0000E-50   0.0000E+00   1.00000
FLUX   20    13.66        2.194674E+16   1.0000E-50   0.0000E+00   1.00000
FLUX   21    13.98        2.144438E+16   1.0000E-50   0.0000E+00   1.00000
FLUX   22    14.33        2.092062E+16   8.7431-100   8.7433-100   0.99998
FLUX   23    14.72        2.036634E+16   3.2373E-97   3.2374E-97   0.99998
FLUX   24    15.10        1.985381E+16   7.6489E-95   7.6490E-95   0.99998
FLUX   25    15.52        1.931653E+16   2.3431E-92   2.3431E-92   0.99998
FLUX   26    15.88        1.887862E+16   2.4783E-90   2.4784E-90   0.99998
FLUX   27    16.20        1.850571E+16   1.3092E-88   1.3093E-88   0.99998
FLUX   28    16.60        1.805979E+16   1.4991E-86   1.4992E-86   0.99998
FLUX   29    17.03        1.760379E+16   1.9035E-84   1.9036E-84   0.99998
FLUX   30    17.34        1.728907E+16   5.3736E-83   5.3737E-83   0.99998
FLUX   31    17.68        1.695659E+16   1.8279E-81   1.8279E-81   0.99998
FLUX   32    18.02        1.663665E+16   5.4315E-80   5.4316E-80   0.99998
FLUX   33    18.17        1.649931E+16   2.3276E-79   2.3276E-79   0.99998
FLUX   34    18.61        1.610922E+16   1.4496E-77   1.4496E-77   0.99998
FLUX   35    19.10        1.569594E+16   1.1490E-75   1.1490E-75   0.99998
FLUX   36    19.39        1.546119E+16   1.3720E-74   1.3720E-74   0.99998
FLUX   37    19.84        1.511051E+16   5.5634E-73   5.5635E-73   0.99998
FLUX   38    20.18        1.485592E+16   8.1777E-72   8.1778E-72   0.99998
FLUX   39    20.50        1.462402E+16   9.4581E-71   9.4583E-71   0.99998
FLUX   40    21.05        1.424192E+16   5.3011E-69   5.3012E-69   0.99998
FLUX   41    21.62        1.386644E+16   2.7605E-67   2.7605E-67   0.99998
FLUX   42    21.98        1.363933E+16   3.0091E-66   3.0092E-66   0.99998
FLUX   43    22.30        1.344361E+16   2.3501E-65   2.3501E-65   0.99998
FLUX   44    22.68        1.321836E+16   2.5016E-64   2.5016E-64   0.99998
FLUX   45    23.00        1.303446E+16   1.7250E-63   1.7250E-63   0.99998
FLUX   46    23.40        1.281165E+16   1.7825E-62   1.7825E-62   0.99998
FLUX   47    24.00        1.249135E+16   5.1021E-61   5.1021E-61   0.99998
FLUX   48    24.65        1.216197E+16   1.6009E-59   1.6009E-59   0.99998
FLUX   49    25.24        1.187767E+16   3.1240E-58   3.1241E-58   0.99998
FLUX   50    25.68        1.167416E+16   2.6154E-57   2.6154E-57   0.99998
FLUX   51    26.00        1.153048E+16   1.1711E-56   1.1712E-56   0.99998
FLUX   52    26.40        1.135578E+16   7.2397E-56   7.2398E-56   0.99998
FLUX   53    26.85        1.116546E+16   5.2506E-55   5.2507E-55   0.99998
FLUX   54    27.35        1.096133E+16   4.3864E-54   4.3865E-54   0.99998
FLUX   55    27.85        1.076454E+16   3.3938E-53   3.3939E-53   0.99998
FLUX   56    28.40        1.055607E+16   2.9558E-52   2.9558E-52   0.99998
FLUX   57    29.00        1.033767E+16   2.8453E-51   2.8453E-51   0.99998
FLUX   58    29.60        1.012813E+16   2.4884E-50   2.4884E-50   0.99998
FLUX   59    30.10        9.959884E+15   1.4186E-49   1.4188E-49   0.99985
FLUX   60    30.80        9.733523E+15   1.4711E-48   1.4711E-48   0.99998
FLUX   61    31.80        9.427437E+15   3.4561E-47   3.4562E-47   0.99998
FLUX   62    32.80        9.140015E+15   6.6582E-46   6.6583E-46   0.99998
FLUX   63    33.80        8.869601E+15   1.0696E-44   1.0697E-44   0.99998
FLUX   64    34.80        8.614727E+15   1.4579E-43   1.4579E-43   0.99998
FLUX   65    35.70        8.397549E+15   1.3429E-42   1.3430E-42   0.99998
FLUX   66    36.60        8.191052E+15   1.1065E-41   1.1066E-41   0.99998
FLUX   67    37.50        7.994467E+15   8.2010E-41   8.2012E-41   0.99998
FLUX   68    38.50        7.786818E+15   6.7764E-40   6.7765E-40   0.99998
FLUX   69    39.50        7.589684E+15   5.0072E-39   5.0073E-39   0.99998
FLUX   70    40.50        7.402284E+15   3.3392E-38   3.3393E-38   0.99998
FLUX   71    41.40        7.241365E+15   1.6983E-37   1.6984E-37   0.99998
FLUX   72    42.20        7.104088E+15   6.7820E-37   6.7821E-37   0.99998
FLUX   73    43.00        6.971919E+15   2.5667E-36   2.5668E-36   0.99998
FLUX   74    44.10        6.798016E+15   1.4738E-35   1.4738E-35   0.99997
FLUX   75    45.10        6.647284E+15   6.6787E-35   6.6788E-35   0.99998
FLUX   76    46.00        6.517228E+15   2.4539E-34   2.4540E-34   0.99998
FLUX   77    47.00        6.378564E+15   9.8039E-34   9.8042E-34   0.99997
FLUX   78    48.00        6.245677E+15   3.6852E-33   3.6853E-33   0.99998
FLUX   79    49.00        6.118214E+15   1.3095E-32   1.3095E-32   0.99998
FLUX   80    50.00        5.995850E+15   4.4077E-32   4.4078E-32   0.99998
FLUX   81    50.60        5.924753E+15   1.1821E-31   1.3515E-31   0.87469
FLUX   82    51.20        5.855322E+15   2.6401E-31   2.6745E-31   0.98714
FLUX   83    52.00        5.765240E+15   6.4082E-31   6.4743E-31   0.98978
FLUX   84    53.00        5.656462E+15   1.8786E-30   1.8787E-30   0.99993
FLUX   85    54.00        5.551713E+15   5.1966E-30   5.2291E-30   0.99380
FLUX   86    55.00        5.450773E+15   1.3997E-29   1.3999E-29   0.99990
FLUX   87    56.00        5.353438E+15   3.6098E-29   3.6101E-29   0.99993
FLUX   88    57.00        5.259518E+15   8.9862E-29   8.9864E-29   0.99998
FLUX   89    58.00        5.168836E+15   2.1387E-28   2.1640E-28   0.98830
FLUX   90    59.00        5.081229E+15   5.0438E-28   5.0462E-28   0.99952
FLUX   91    60.00        4.996542E+15   1.1411E-27   1.1418E-27   0.99935
FLUX   92    61.00        4.914631E+15   2.5106E-27   2.5107E-27   0.99998
FLUX   93    62.00        4.835363E+15   5.3716E-27   5.3723E-27   0.99986
FLUX   94    63.00        4.758611E+15   1.1201E-26   1.1202E-26   0.99991
FLUX   95    64.00        4.684258E+15   2.2798E-26   2.2802E-26   0.99985
FLUX   96    65.00        4.612192E+15   4.5336E-26   4.5339E-26   0.99993
FLUX   97    65.80        4.556117E+15   7.7305E-26   7.7312E-26   0.99991
FLUX   98    66.50        4.508158E+15   1.2179E-25   1.2193E-25   0.99885
FLUX   99    67.50        4.441370E+15   2.2949E-25   2.2968E-25   0.99917
FLUX  100    68.50        4.376533E+15   4.2404E-25   4.2411E-25   0.99984
FLUX  101    69.50        4.313561E+15   7.6827E-25   7.6832E-25   0.99993
FLUX  102    70.50        4.252376E+15   1.3618E-24   1.3668E-24   0.99641
FLUX  103    71.60        4.187046E+15   2.5238E-24   2.5241E-24   0.99988
FLUX  104    72.60        4.129373E+15   4.3322E-24   4.3323E-24   0.99998
FLUX  105    73.50        4.078810E+15   6.9498E-24   6.9509E-24   0.99984
FLUX  106    74.50        4.024060E+15   1.1578E-23   1.1586E-23   0.99925
FLUX  107    75.50        3.970762E+15   1.9012E-23   1.9030E-23   0.99906
FLUX  108    76.50        3.918856E+15   3.0803E-23   3.0818E-23   0.99950
FLUX  109    77.50        3.868290E+15   4.9194E-23   4.9236E-23   0.99916
FLUX  110    78.50        3.819013E+15   7.7638E-23   7.7640E-23   0.99998
FLUX  111    79.50        3.770975E+15   1.1983E-22   1.2090E-22   0.99107
FLUX  112    80.50        3.724130E+15   1.8531E-22   1.8602E-22   0.99618
FLUX  113    81.50        3.678436E+15   2.8275E-22   2.8292E-22   0.99942
FLUX  114    82.50        3.633848E+15   4.2542E-22   4.2557E-22   0.99967
FLUX  115    83.50        3.590329E+15   6.3331E-22   6.3340E-22   0.99985
FLUX  116    84.50        3.547840E+15   9.3290E-22   9.3302E-22   0.99987
FLUX  117    85.50        3.506345E+15   1.3608E-21   1.3610E-21   0.99992
FLUX  118    86.50        3.465809E+15   1.9656E-21   1.9658E-21   0.99991
FLUX  119    87.50        3.426200E+15   2.8064E-21   2.8132E-21   0.99759
FLUX  120    88.50        3.387486E+15   3.9897E-21   3.9903E-21   0.99983
FLUX  121    89.50        3.349637E+15   5.6110E-21   5.6115E-21   0.99992
FLUX  122    90.50        3.312624E+15   7.8177E-21   7.8254E-21   0.99901
FLUX  123    91.50        3.276421E+15   1.1808E-17   2.9692E-17   0.39770
FLUX  124    92.50        3.241000E+15   4.0049E-17   4.2436E-17   0.94375
FLUX  125    93.50        3.206337E+15   5.6668E-17   6.0103E-17   0.94286
FLUX  126    94.50        3.172407E+15   7.9625E-17   8.4437E-17   0.94301
FLUX  127    95.50        3.139188E+15   1.1532E-16   1.1774E-16   0.97949
FLUX  128    96.50        3.106658E+15   1.5981E-16   1.6292E-16   0.98088
FLUX  129    97.50        3.074795E+15   2.1932E-16   2.2383E-16   0.97986
FLUX  130    98.50        3.043579E+15   2.9961E-16   3.0585E-16   0.97959
FLUX  131    99.50        3.012990E+15   4.0570E-16   4.1481E-16   0.97804
FLUX  132   100.50        2.983010E+15   5.5794E-16   5.5897E-16   0.99816
FLUX  133   101.50        2.953621E+15   7.4714E-16   7.4828E-16   0.99848
FLUX  134   102.50        2.924805E+15   9.7793E-16   9.9708E-16   0.98080
FLUX  135   103.50        2.896546E+15   1.3182E-15   1.3198E-15   0.99879
FLUX  136   104.50        2.868828E+15   1.7362E-15   1.7380E-15   0.99894
FLUX  137   105.50        2.841635E+15   2.2745E-15   2.2765E-15   0.99912
FLUX  138   106.50        2.814953E+15   2.9606E-15   2.9667E-15   0.99794
FLUX  139   107.50        2.788767E+15   3.8416E-15   3.8469E-15   0.99864
FLUX  140   108.50        2.763065E+15   4.9583E-15   4.9634E-15   0.99897
FLUX  141   109.50        2.737831E+15   6.3569E-15   6.3724E-15   0.99758
FLUX  142   110.50        2.713054E+15   1.4666E-14   6.0208E-14   0.24359
FLUX  143   111.50        2.688722E+15   4.7103E-14   8.3789E-14   0.56216
FLUX  144   112.50        2.664822E+15   7.2144E-14   1.1312E-13   0.63777
FLUX  145   113.50        2.641344E+15   1.0734E-13   1.4824E-13   0.72414
FLUX  146   114.50        2.618275E+15   1.4255E-13   1.8888E-13   0.75472
FLUX  147   115.50        2.595606E+15   1.6400E-13   2.3444E-13   0.69956
FLUX  148   116.50        2.573326E+15   2.2992E-13   2.8324E-13   0.81177
FLUX  149   117.50        2.551426E+15   2.8588E-13   3.3116E-13   0.86328
FLUX  150   118.50        2.529895E+15   3.1269E-13   4.5698E-13   0.68425
FLUX  151   119.50        2.508724E+15   1.9062E-13   5.5032E-13   0.34638
FLUX  152   120.50        2.487905E+15   1.8691E-13   6.5830E-13   0.28393
FLUX  153   121.50        2.467428E+15   8.5168E-14   7.8310E-13   0.10876
FLUX  154   122.50        2.447286E+15   2.4064E-13   9.4349E-13   0.25505
FLUX  155   123.50        2.427470E+15   5.6251E-13   1.1124E-12   0.50568
FLUX  156   124.50        2.407972E+15   1.1641E-12   1.9958E-12   0.58326
FLUX  157   125.50        2.388785E+15   2.2090E-12   3.0117E-12   0.73348
FLUX  158   126.50        2.369901E+15   2.2881E-12   4.0213E-12   0.56899
FLUX  159   127.50        2.351314E+15   3.3041E-12   4.9562E-12   0.66667
FLUX  160   128.50        2.333016E+15   4.4953E-12   6.0004E-12   0.74917
FLUX  161   129.50        2.315000E+15   5.5472E-12   7.0811E-12   0.78338
FLUX  162   130.50        2.297261E+15   5.4204E-12   8.2881E-12   0.65400
FLUX  163   131.50        2.279791E+15   7.5378E-12   9.6035E-12   0.78490
FLUX  164   132.50        2.262585E+15   8.8774E-12   1.1066E-11   0.80222
FLUX  165   133.50        2.245637E+15   1.0189E-11   1.2681E-11   0.80354
FLUX  166   134.50        2.228941E+15   1.2223E-11   1.4469E-11   0.84475
FLUX  167   135.50        2.212491E+15   1.3434E-11   1.6503E-11   0.81401
FLUX  168   136.50        2.196282E+15   1.5450E-11   1.8860E-11   0.81920
FLUX  169   137.50        2.180309E+15   1.7016E-11   2.1484E-11   0.79204
FLUX  170   138.50        2.164567E+15   1.8792E-11   2.4404E-11   0.77002
FLUX  171   139.50        2.149050E+15   2.1671E-11   2.7645E-11   0.78388
FLUX  172   140.50        2.133754E+15   2.5169E-11   3.1244E-11   0.80557
FLUX  173   141.50        2.118675E+15   2.7596E-11   3.5227E-11   0.78339
FLUX  174   142.50        2.103807E+15   3.0785E-11   3.9645E-11   0.77650
FLUX  175   143.50        2.089146E+15   3.3759E-11   4.4514E-11   0.75840
FLUX  176   144.20        2.079005E+15   4.0249E-11   4.8219E-11   0.83472
FLUX  177   144.70        2.071821E+15   4.0310E-11   5.1540E-11   0.78212
FLUX  178   145.50        2.060430E+15   4.5919E-11   5.6356E-11   0.81479
FLUX  179   146.50        2.046365E+15   5.0489E-11   6.2912E-11   0.80253
FLUX  180   147.50        2.032492E+15   5.4478E-11   7.0103E-11   0.77712
FLUX  181   148.50        2.018805E+15   6.1776E-11   7.7976E-11   0.79224
FLUX  182   149.50        2.005301E+15   7.4399E-11   8.6589E-11   0.85923
FLUX  183   150.50        1.991977E+15   8.5616E-11   9.5991E-11   0.89192
FLUX  184   151.20        1.982755E+15   8.3055E-11   1.0308E-10   0.80575
FLUX  185   151.70        1.976220E+15   9.4634E-11   1.3276E-10   0.71280
FLUX  186   152.50        1.965852E+15   1.1335E-10   2.8614E-10   0.39614
FLUX  187   153.50        1.953046E+15   2.3112E-10   6.9221E-10   0.33388
FLUX  188   154.50        1.940405E+15   2.9995E-10   7.6494E-10   0.39212
FLUX  189   155.50        1.927926E+15   3.6038E-10   8.4353E-10   0.42722
FLUX  190   156.50        1.915607E+15   3.4813E-10   9.2885E-10   0.37480
FLUX  191   157.50        1.903444E+15   5.0177E-10   1.0905E-09   0.46015
FLUX  192   158.50        1.891435E+15   5.7678E-10   1.1976E-09   0.48159
FLUX  193   159.50        1.879577E+15   6.7866E-10   1.3132E-09   0.51679
FLUX  194   160.50        1.867866E+15   7.0411E-10   1.4368E-09   0.49005
FLUX  195   161.50        1.856300E+15   7.7101E-10   1.5681E-09   0.49168
FLUX  196   162.50        1.844877E+15   8.2132E-10   1.7452E-09   0.47061
FLUX  197   163.50        1.833593E+15   1.0407E-09   1.8997E-09   0.54784
FLUX  198   164.50        1.822447E+15   1.3173E-09   2.0640E-09   0.63821
FLUX  199   165.50        1.811435E+15   9.0407E-10   2.2392E-09   0.40376
FLUX  200   166.50        1.800556E+15   1.5208E-09   2.4258E-09   0.62694
FLUX  201   167.20        1.793017E+15   1.0663E-09   2.5634E-09   0.41596
FLUX  202   167.70        1.787671E+15   1.7150E-09   8.5951E-09   0.19953
FLUX  203   168.50        1.779184E+15   2.6363E-09   1.5995E-07   0.01648
FLUX  204   169.50        1.768687E+15   3.6162E-09   1.6656E-07   0.02171
FLUX  205   170.50        1.758314E+15   7.3317E-09   1.7371E-07   0.04221
FLUX  206   171.50        1.748061E+15   2.0738E-08   2.5001E-07   0.08295
FLUX  207   172.50        1.737928E+15   2.7848E-08   2.5980E-07   0.10719
FLUX  208   173.50        1.727911E+15   4.1588E-08   2.6674E-07   0.15592
FLUX  209   174.50        1.718009E+15   4.0118E-08   2.7546E-07   0.14564
FLUX  210   175.50        1.708219E+15   6.3604E-08   2.8152E-07   0.22593
FLUX  211   176.50        1.698541E+15   3.6477E-08   2.8720E-07   0.12701
FLUX  212   177.50        1.688972E+15   5.7018E-08   2.9258E-07   0.19488
FLUX  213   178.50        1.679510E+15   6.3855E-08   2.9762E-07   0.21455
FLUX  214   179.50        1.670153E+15   1.0339E-07   3.0235E-07   0.34195
FLUX  215   180.50        1.660900E+15   6.7153E-08   3.0743E-07   0.21843
FLUX  216   181.50        1.651749E+15   7.1550E-08   3.1187E-07   0.22942
FLUX  217   182.50        1.642699E+15   6.8380E-08   3.1632E-07   0.21618
FLUX  218   183.50        1.633747E+15   7.2021E-08   3.2030E-07   0.22485
FLUX  219   184.50        1.624892E+15   5.1502E-08   3.2408E-07   0.15892
FLUX  220   185.50        1.616132E+15   8.2957E-08   3.2838E-07   0.25262
FLUX  221   186.50        1.607466E+15   1.2083E-07   3.3160E-07   0.36438
FLUX  222   187.50        1.598893E+15   1.0996E-07   3.5310E-07   0.31141
FLUX  223   188.50        1.590411E+15   1.1983E-07   3.5504E-07   0.33750
FLUX  224   189.50        1.582018E+15   1.4077E-07   3.5657E-07   0.39478
FLUX  225   190.50        1.573714E+15   1.2830E-07   3.5762E-07   0.35876
FLUX  226   191.50        1.565496E+15   1.3937E-07   3.5842E-07   0.38884
FLUX  227   192.50        1.557364E+15   1.0793E-07   3.5891E-07   0.30073
FLUX  228   193.50        1.549315E+15   4.3267E-08   3.5908E-07   0.12049
FLUX  229   194.50        1.541350E+15   1.5449E-07   3.5931E-07   0.42996
FLUX  230   195.50        1.533465E+15   1.7041E-07   3.5970E-07   0.47376
FLUX  231   196.70        1.524110E+15   2.0587E-07   3.6006E-07   0.57175
FLUX  232   197.60        1.517169E+15   1.8434E-07   4.0085E-07   0.45988
FLUX  233   198.40        1.511051E+15   1.7265E-07   4.0208E-07   0.42940
FLUX  234   199.50        1.502719E+15   1.9002E-07   4.2624E-07   0.44581
FLUX  235   200.50        1.495224E+15   1.7899E-07   4.2890E-07   0.41734
FLUX  236   201.50        1.487804E+15   1.8179E-07   4.3229E-07   0.42052
FLUX  237   202.50        1.480457E+15   1.5597E-07   4.3550E-07   0.35815
FLUX  238   203.50        1.473182E+15   2.2213E-07   4.3870E-07   0.50634
FLUX  239   204.50        1.465978E+15   2.5185E-07   4.4231E-07   0.56941
FLUX  240   205.50        1.458844E+15   2.2912E-07   4.4547E-07   0.51434
FLUX  241   206.50        1.451780E+15   2.1730E-07   4.4821E-07   0.48481
FLUX  242   207.40        1.445480E+15   2.5603E-07   4.5045E-07   0.56839
FLUX  243   207.80        1.442697E+15   3.9135E-07   1.0794E-06   0.36255
FLUX  244   208.50        1.437854E+15   3.6713E-07   1.0942E-06   0.33553
FLUX  245   209.50        1.430990E+15   3.6633E-07   1.1148E-06   0.32861
FLUX  246   210.50        1.424192E+15   4.0874E-07   1.1345E-06   0.36027
FLUX  247   211.50        1.417459E+15   4.8354E-07   1.1533E-06   0.41927
FLUX  248   212.50        1.410788E+15   4.5172E-07   1.1719E-06   0.38546
FLUX  249   213.50        1.404180E+15   3.8615E-07   1.1905E-06   0.32435
FLUX  250   214.50        1.397634E+15   5.1339E-07   1.2085E-06   0.42481
FLUX  251   215.50        1.391148E+15   5.3422E-07   1.2264E-06   0.43560
FLUX  252   216.50        1.384723E+15   4.7188E-07   1.2444E-06   0.37919
FLUX  253   217.50        1.378356E+15   4.8901E-07   1.2626E-06   0.38729
FLUX  254   218.50        1.372048E+15   5.8006E-07   1.2813E-06   0.45270
FLUX  255   219.50        1.365797E+15   6.2155E-07   1.3004E-06   0.47798
FLUX  256   220.50        1.359603E+15   5.8453E-07   1.3197E-06   0.44292
FLUX  257   221.50        1.353465E+15   4.4685E-07   1.3395E-06   0.33360
FLUX  258   222.50        1.347382E+15   4.8138E-07   1.3662E-06   0.35235
FLUX  259   223.50        1.341353E+15   6.4543E-07   1.3867E-06   0.46546
FLUX  260   224.50        1.335379E+15   6.0024E-07   1.4074E-06   0.42649
FLUX  261   225.50        1.329457E+15   4.5885E-07   1.4713E-06   0.31187
FLUX  262   226.50        1.323587E+15   4.6058E-07   1.4907E-06   0.30896
FLUX  263   227.50        1.317769E+15   5.5343E-07   1.5102E-06   0.36646
FLUX  264   228.50        1.312002E+15   6.4761E-07   1.5296E-06   0.42339
FLUX  265   229.50        1.306285E+15   5.4431E-07   1.5489E-06   0.35141
FLUX  266   230.50        1.300618E+15   6.4762E-07   1.5682E-06   0.41296
FLUX  267   231.50        1.295000E+15   5.8301E-07   1.5876E-06   0.36724
FLUX  268   232.50        1.289430E+15   5.6401E-07   1.6070E-06   0.35098
FLUX  269   233.50        1.283908E+15   3.7251E-07   1.6362E-06   0.22767
FLUX  270   234.50        1.278433E+15   2.3465E-07   1.6552E-06   0.14176
FLUX  271   235.50        1.273004E+15   5.1136E-07   1.6742E-06   0.30544
FLUX  272   236.50        1.267622E+15   2.6266E-07   1.6931E-06   0.15513
FLUX  273   237.50        1.262284E+15   3.8261E-07   1.7121E-06   0.22347
FLUX  274   238.50        1.256992E+15   1.8486E-07   1.7317E-06   0.10675
FLUX  275   239.50        1.251743E+15   2.6314E-07   1.7509E-06   0.15029
FLUX  276   240.50        1.246538E+15   2.6108E-07   1.7702E-06   0.14748
FLUX  277   241.50        1.241377E+15   3.3409E-07   1.7896E-06   0.18669
FLUX  278   242.50        1.236258E+15   6.0029E-07   1.8091E-06   0.33182
FLUX  279   243.50        1.231181E+15   5.9517E-07   1.8287E-06   0.32546
FLUX  280   244.50        1.226145E+15   7.1299E-07   1.8635E-06   0.38261
FLUX  281   245.50        1.221151E+15   7.4545E-07   1.8826E-06   0.39598
FLUX  282   246.50        1.216197E+15   6.8630E-07   1.9016E-06   0.36091
FLUX  283   247.50        1.211283E+15   6.0997E-07   1.9206E-06   0.31760
FLUX  284   248.50        1.206408E+15   5.0915E-07   1.9396E-06   0.26250
FLUX  285   249.50        1.201573E+15   5.2935E-07   1.9587E-06   0.27025
FLUX  286   250.50        1.196776E+15   7.9993E-07   1.9897E-06   0.40204
FLUX  287   251.30        1.192967E+15   4.7103E-07   2.0045E-06   0.23499
FLUX  288   251.80        1.190598E+15   4.0962E-07   2.6395E-06   0.15519
FLUX  289   252.50        1.187297E+15   3.4520E-07   2.6594E-06   0.12980
FLUX  290   253.50        1.182613E+15   3.3913E-07   2.6879E-06   0.12617
FLUX  291   254.50        1.177967E+15   3.9192E-07   2.7165E-06   0.14428
FLUX  292   255.50        1.173356E+15   6.4303E-07   2.7450E-06   0.23425
FLUX  293   256.50        1.168782E+15   5.6005E-07   2.7735E-06   0.20193
FLUX  294   257.50        1.164243E+15   7.2984E-07   2.8020E-06   0.26047
FLUX  295   258.50        1.159739E+15   6.7780E-07   2.8306E-06   0.23945
FLUX  296   259.50        1.155270E+15   6.2307E-07   2.8593E-06   0.21791
FLUX  297   260.50        1.150835E+15   5.2784E-07   2.8880E-06   0.18277
FLUX  298   261.50        1.146434E+15   4.7521E-07   2.9167E-06   0.16293
FLUX  299   262.50        1.142067E+15   6.9412E-07   2.9454E-06   0.23566
FLUX  300   263.50        1.137732E+15   1.0093E-06   2.9801E-06   0.33870
FLUX  301   264.50        1.133431E+15   1.4065E-06   3.0088E-06   0.46746
FLUX  302   265.50        1.129162E+15   1.6486E-06   3.0376E-06   0.54273
FLUX  303   266.50        1.124925E+15   1.1467E-06   3.0665E-06   0.37393
FLUX  304   267.50        1.120720E+15   1.3483E-06   3.0954E-06   0.43558
FLUX  305   268.50        1.116546E+15   1.4253E-06   3.1244E-06   0.45617
FLUX  306   269.50        1.112403E+15   1.1778E-06   3.1535E-06   0.37349
FLUX  307   270.50        1.108290E+15   1.3931E-06   3.1890E-06   0.43685
FLUX  308   271.50        1.104208E+15   1.1043E-06   3.2177E-06   0.34320
FLUX  309   272.50        1.100156E+15   1.0959E-06   3.2465E-06   0.33755
FLUX  310   273.50        1.096133E+15   1.2427E-06   3.2754E-06   0.37942
FLUX  311   274.50        1.092140E+15   6.5002E-07   3.3043E-06   0.19672
FLUX  312   275.50        1.088176E+15   8.6288E-07   3.3331E-06   0.25888
FLUX  313   276.50        1.084241E+15   1.0875E-06   3.3618E-06   0.32348
FLUX  314   277.50        1.080333E+15   1.3134E-06   3.3905E-06   0.38738
FLUX  315   278.50        1.076454E+15   8.2737E-07   3.4193E-06   0.24197
FLUX  316   279.50        1.072603E+15   2.6170E-07   3.4481E-06   0.07590
FLUX  317   280.50        1.068779E+15   3.5529E-07   3.4769E-06   0.10218
FLUX  318   281.50        1.064982E+15   1.2676E-06   3.5058E-06   0.36156
FLUX  319   282.50        1.061212E+15   1.8009E-06   3.5347E-06   0.50948
FLUX  320   283.50        1.057469E+15   1.7077E-06   3.5637E-06   0.47920
FLUX  321   284.50        1.053752E+15   1.5644E-06   3.5927E-06   0.43543
FLUX  322   285.50        1.050061E+15   1.0191E-06   3.6217E-06   0.28138
FLUX  323   286.50        1.046396E+15   1.7951E-06   3.6507E-06   0.49170
FLUX  324   287.50        1.042757E+15   1.8940E-06   3.6798E-06   0.51470
FLUX  325   288.50        1.039142E+15   1.8009E-06   3.7088E-06   0.48557
FLUX  326   289.50        1.035553E+15   1.8204E-06   3.7379E-06   0.48701
FLUX  327   291.00        1.030215E+15   2.3423E-06   3.7856E-06   0.61873
FLUX  328   293.00        1.023183E+15   2.1523E-06   3.8432E-06   0.56002
FLUX  329   295.00        1.016246E+15   2.1457E-06   3.9016E-06   0.54995
FLUX  330   297.00        1.009402E+15   2.4082E-06   3.9591E-06   0.60827
FLUX  331   299.00        1.002651E+15   2.4183E-06   4.0167E-06   0.60208
FLUX  332   301.00        9.959884E+14   2.5967E-06   4.0743E-06   0.63733
FLUX  333   303.00        9.894142E+14   2.5985E-06   4.1319E-06   0.62888
FLUX  334   305.00        9.829262E+14   2.6926E-06   4.1894E-06   0.64272
FLUX  335   307.00        9.765228E+14   2.7581E-06   4.2468E-06   0.64945
FLUX  336   309.00        9.702023E+14   2.8844E-06   4.3076E-06   0.66960
FLUX  337   311.00        9.639630E+14   2.8631E-06   4.3645E-06   0.65600
FLUX  338   313.00        9.578035E+14   2.8644E-06   4.4224E-06   0.64772
FLUX  339   315.00        9.517222E+14   2.9177E-06   4.4789E-06   0.65143
FLUX  340   317.00        9.457177E+14   3.0216E-06   4.5354E-06   0.66621
FLUX  341   319.00        9.397884E+14   2.7685E-06   4.5919E-06   0.60291
FLUX  342   321.00        9.339330E+14   3.0364E-06   4.6483E-06   0.65323
FLUX  343   323.00        9.281502E+14   2.7019E-06   4.7055E-06   0.57419
FLUX  344   325.00        9.224385E+14   3.1489E-06   4.7614E-06   0.66133
FLUX  345   327.00        9.167966E+14   3.4599E-06   4.8171E-06   0.71826
FLUX  346   329.00        9.112234E+14   3.4414E-06   4.8730E-06   0.70621
FLUX  347   331.00        9.057175E+14   3.5777E-06   4.9282E-06   0.72595
FLUX  348   333.00        9.002778E+14   3.5654E-06   4.9833E-06   0.71548
FLUX  349   335.00        8.949030E+14   3.5537E-06   5.0381E-06   0.70536
FLUX  350   337.00        8.895920E+14   3.3540E-06   5.0928E-06   0.65858
FLUX  351   339.00        8.843437E+14   3.5801E-06   5.1477E-06   0.69547
FLUX  352   341.00        8.791569E+14   3.6227E-06   5.2021E-06   0.69640
FLUX  353   343.00        8.740306E+14   3.7019E-06   5.2562E-06   0.70429
FLUX  354   345.00        8.689638E+14   3.8307E-06   5.3104E-06   0.72136
FLUX  355   347.00        8.639553E+14   3.8343E-06   5.3643E-06   0.71478
FLUX  356   349.00        8.590043E+14   3.9484E-06   5.4180E-06   0.72877
FLUX  357   351.00        8.541097E+14   4.1099E-06   5.4714E-06   0.75116
FLUX  358   353.00        8.492705E+14   4.0089E-06   5.5247E-06   0.72562
FLUX  359   355.00        8.444859E+14   4.4477E-06   5.5780E-06   0.79736
FLUX  360   357.00        8.397549E+14   3.9863E-06   5.6312E-06   0.70789
FLUX  361   359.00        8.350766E+14   3.9904E-06   5.6843E-06   0.70199
FLUX  362   361.00        8.304501E+14   4.1390E-06   5.7373E-06   0.72142
FLUX  363   363.00        8.258747E+14   4.2171E-06   5.7898E-06   0.72837
FLUX  364   364.00        8.236058E+14   4.2075E-06   5.8163E-06   0.72339
FLUX  365   365.00        8.213493E+14   4.6528E-06   1.1293E-05   0.41201
FLUX  366   367.00        8.168733E+14   4.6202E-06   1.1359E-05   0.40673
FLUX  367   369.00        8.124458E+14   4.5330E-06   1.1425E-05   0.39677
FLUX  368   371.00        8.080660E+14   4.7964E-06   1.1490E-05   0.41744
FLUX  369   373.00        8.037332E+14   4.6692E-06   1.1553E-05   0.40415
FLUX  370   375.00        7.994467E+14   5.3931E-06   1.1616E-05   0.46430
FLUX  371   377.00        7.952056E+14   5.9084E-06   1.1705E-05   0.50478
FLUX  372   379.00        7.910092E+14   6.6848E-06   1.1767E-05   0.56812
FLUX  373   381.00        7.868570E+14   7.4652E-06   1.1827E-05   0.63118
FLUX  374   383.00        7.827480E+14   5.9560E-06   1.1887E-05   0.50104
FLUX  375   385.00        7.786818E+14   7.8616E-06   1.1949E-05   0.65792
FLUX  376   387.00        7.746576E+14   8.4035E-06   1.2007E-05   0.69986
FLUX  377   389.00        7.706748E+14   6.6004E-06   1.2065E-05   0.54705
FLUX  378   391.00        7.667327E+14   8.4420E-06   1.2123E-05   0.69638
FLUX  379   393.00        7.628308E+14   5.5011E-06   1.2178E-05   0.45171
FLUX  380   395.00        7.589684E+14   8.0400E-06   1.2234E-05   0.65721
FLUX  381   397.00        7.551448E+14   5.3600E-06   1.2288E-05   0.43620
FLUX  382   399.00        7.513596E+14   9.1902E-06   1.2341E-05   0.74467
FLUX  383   401.00        7.476122E+14   9.8692E-06   1.2397E-05   0.79611
FLUX  384   403.00        7.439020E+14   9.9552E-06   1.2450E-05   0.79963
FLUX  385   405.00        7.402284E+14   9.8602E-06   1.2502E-05   0.78871
FLUX  386   407.00        7.365909E+14   9.8072E-06   1.2553E-05   0.78127
FLUX  387   409.00        7.329890E+14   9.5548E-06   1.2603E-05   0.75813
FLUX  388   411.00        7.294221E+14   8.3494E-06   1.2653E-05   0.65989
FLUX  389   413.00        7.258898E+14   1.0303E-05   1.2702E-05   0.81111
FLUX  390   415.00        7.223916E+14   1.0793E-05   1.2750E-05   0.84650
FLUX  391   417.00        7.189269E+14   1.0745E-05   1.2798E-05   0.83961
FLUX  392   419.00        7.154952E+14   1.0736E-05   1.2845E-05   0.83585
FLUX  393   421.00        7.120962E+14   1.0815E-05   1.2891E-05   0.83896
FLUX  394   423.00        7.087293E+14   1.0535E-05   1.2936E-05   0.81439
FLUX  395   425.00        7.053941E+14   1.0908E-05   1.2981E-05   0.84033
FLUX  396   427.00        7.020902E+14   1.0666E-05   1.3024E-05   0.81894
FLUX  397   429.00        6.988170E+14   1.0430E-05   1.3067E-05   0.79820
FLUX  398   431.00        6.955742E+14   9.6497E-06   1.3109E-05   0.73609
FLUX  399   433.00        6.923614E+14   9.9369E-06   1.3151E-05   0.75560
FLUX  400   435.00        6.891782E+14   9.0373E-06   1.3192E-05   0.68506
FLUX  401   437.00        6.860240E+14   1.1462E-05   1.3232E-05   0.86624
FLUX  402   439.00        6.828986E+14   1.1235E-05   1.3272E-05   0.84658
FLUX  403   441.00        6.798016E+14   1.1360E-05   1.3310E-05   0.85348
FLUX  404   443.00        6.767325E+14   1.1414E-05   1.3348E-05   0.85512
FLUX  405   445.00        6.736910E+14   1.1537E-05   1.3386E-05   0.86186
FLUX  406   447.00        6.706767E+14   1.1811E-05   1.3423E-05   0.87990
FLUX  407   449.00        6.676893E+14   1.1864E-05   1.3459E-05   0.88151
FLUX  408   451.00        6.647284E+14   1.2603E-05   1.3494E-05   0.93402
FLUX  409   453.00        6.617936E+14   1.1888E-05   1.3528E-05   0.87880
FLUX  410   455.00        6.588846E+14   1.2070E-05   1.3562E-05   0.88998
FLUX  411   457.00        6.560011E+14   1.2727E-05   1.3595E-05   0.93616
FLUX  412   459.00        6.531427E+14   1.2228E-05   1.3628E-05   0.89727
FLUX  413   461.00        6.503091E+14   1.2593E-05   1.3660E-05   0.92190
FLUX  414   463.00        6.475000E+14   1.2430E-05   1.3691E-05   0.90788
FLUX  415   465.00        6.447151E+14   1.2645E-05   1.3723E-05   0.92145
FLUX  416   467.00        6.419540E+14   1.2906E-05   1.3753E-05   0.93837
FLUX  417   469.00        6.392164E+14   1.2633E-05   1.3783E-05   0.91655
FLUX  418   471.00        6.365021E+14   1.2239E-05   1.3813E-05   0.88609
FLUX  419   473.00        6.338108E+14   1.2937E-05   1.3842E-05   0.93465
FLUX  420   475.00        6.311421E+14   1.3088E-05   1.3870E-05   0.94361
FLUX  421   477.00        6.284958E+14   1.3064E-05   1.3899E-05   0.93997
FLUX  422   479.00        6.258716E+14   1.3089E-05   1.3926E-05   0.93987
FLUX  423   481.00        6.232692E+14   1.3040E-05   1.3953E-05   0.93455
FLUX  424   483.00        6.206884E+14   1.3023E-05   1.3979E-05   0.93159
FLUX  425   485.00        6.181289E+14   1.1595E-05   1.4005E-05   0.82792
FLUX  426   487.00        6.155903E+14   9.9005E-06   1.4031E-05   0.70563
FLUX  427   489.00        6.130726E+14   1.2679E-05   1.4056E-05   0.90207
FLUX  428   491.00        6.105754E+14   1.2932E-05   1.4080E-05   0.91844
FLUX  429   493.00        6.080984E+14   1.2833E-05   1.4104E-05   0.90989
FLUX  430   495.00        6.056414E+14   1.3263E-05   1.4128E-05   0.93879
FLUX  431   497.00        6.032042E+14   1.3469E-05   1.4151E-05   0.95182
FLUX  432   499.00        6.007866E+14   1.2853E-05   1.4174E-05   0.90679
FLUX  433   501.00        5.983882E+14   1.2508E-05   1.4196E-05   0.88110
FLUX  434   503.00        5.960089E+14   1.3153E-05   1.4218E-05   0.92512
FLUX  435   505.00        5.936485E+14   1.3124E-05   1.4239E-05   0.92168
FLUX  436   507.00        5.913067E+14   1.3559E-05   1.4260E-05   0.95084
FLUX  437   509.00        5.889833E+14   1.3334E-05   1.4280E-05   0.93376
FLUX  438   511.00        5.866781E+14   1.3525E-05   1.4300E-05   0.94577
FLUX  439   513.00        5.843908E+14   1.3314E-05   1.4320E-05   0.92975
FLUX  440   515.00        5.821214E+14   1.3098E-05   1.4339E-05   0.91344
FLUX  441   517.00        5.798694E+14   1.2845E-05   1.4358E-05   0.89462
FLUX  442   519.00        5.776349E+14   1.2807E-05   1.4377E-05   0.89081
FLUX  443   521.00        5.754175E+14   1.3190E-05   1.4395E-05   0.91633
FLUX  444   523.00        5.732170E+14   1.3348E-05   1.4412E-05   0.92617
FLUX  445   525.00        5.710333E+14   1.3656E-05   1.4429E-05   0.94645
FLUX  446   527.00        5.688662E+14   1.2651E-05   1.4445E-05   0.87578
FLUX  447   529.00        5.667155E+14   1.3612E-05   1.4462E-05   0.94125
FLUX  448   531.00        5.645810E+14   1.3781E-05   1.4477E-05   0.95193
FLUX  449   533.00        5.624625E+14   1.3096E-05   1.4493E-05   0.90362
FLUX  450   535.00        5.603598E+14   1.3746E-05   1.4508E-05   0.94750
FLUX  451   537.00        5.582728E+14   1.3767E-05   1.4522E-05   0.94800
FLUX  452   539.00        5.562013E+14   1.3731E-05   1.4537E-05   0.94457
FLUX  453   541.00        5.541451E+14   1.3466E-05   1.4550E-05   0.92548
FLUX  454   543.00        5.521041E+14   1.3779E-05   1.4564E-05   0.94612
FLUX  455   545.00        5.500780E+14   1.4024E-05   1.4577E-05   0.96204
FLUX  456   547.00        5.480667E+14   1.3913E-05   1.4590E-05   0.95358
FLUX  457   549.00        5.460701E+14   1.3915E-05   1.4602E-05   0.95294
FLUX  458   551.00        5.440880E+14   1.3985E-05   1.4614E-05   0.95691
FLUX  459   553.00        5.421203E+14   1.4031E-05   1.4626E-05   0.95934
FLUX  460   555.00        5.401667E+14   1.4191E-05   1.4638E-05   0.96950
FLUX  461   557.00        5.382271E+14   1.3992E-05   1.4649E-05   0.95519
FLUX  462   559.00        5.363014E+14   1.3912E-05   1.4660E-05   0.94901
FLUX  463   561.00        5.343895E+14   1.4118E-05   1.4670E-05   0.96236
FLUX  464   563.00        5.324911E+14   1.4253E-05   1.4687E-05   0.97040
FLUX  465   565.00        5.306062E+14   1.4215E-05   1.4697E-05   0.96718
FLUX  466   567.00        5.287346E+14   1.4038E-05   1.4707E-05   0.95456
FLUX  467   569.00        5.268761E+14   1.4226E-05   1.4716E-05   0.96668
FLUX  468   571.00        5.250306E+14   1.4155E-05   1.4725E-05   0.96129
FLUX  469   573.00        5.231981E+14   1.4623E-05   1.4733E-05   0.99251
FLUX  470   575.00        5.213783E+14   1.4394E-05   1.4742E-05   0.97641
FLUX  471   577.00        5.195711E+14   1.4509E-05   1.4750E-05   0.98368
FLUX  472   579.00        5.177763E+14   1.4391E-05   1.4757E-05   0.97519
FLUX  473   581.00        5.159940E+14   1.4535E-05   1.4764E-05   0.98445
FLUX  474   583.00        5.142238E+14   1.4642E-05   1.4771E-05   0.99122
FLUX  475   585.00        5.124658E+14   1.4506E-05   1.4778E-05   0.98155
FLUX  476   587.00        5.107198E+14   1.4558E-05   1.4785E-05   0.98469
FLUX  477   589.00        5.089856E+14   1.4199E-05   1.4791E-05   0.95999
FLUX  478   591.00        5.072631E+14   1.4567E-05   1.4797E-05   0.98450
FLUX  479   593.00        5.055523E+14   1.4567E-05   1.4802E-05   0.98411
FLUX  480   595.00        5.038529E+14   1.4620E-05   1.4807E-05   0.98736
FLUX  481   597.00        5.021650E+14   1.4645E-05   1.4812E-05   0.98874
FLUX  482   599.00        5.004883E+14   1.4589E-05   1.4817E-05   0.98467
FLUX  483   601.00        4.988228E+14   1.4484E-05   1.4821E-05   0.97726
FLUX  484   603.00        4.971683E+14   1.4523E-05   1.4825E-05   0.97961
FLUX  485   605.00        4.955248E+14   1.4684E-05   1.4829E-05   0.99023
FLUX  486   607.00        4.938921E+14   1.4736E-05   1.4832E-05   0.99349
FLUX  487   609.00        4.922701E+14   1.4603E-05   1.4836E-05   0.98429
FLUX  488   611.00        4.906588E+14   1.4526E-05   1.4839E-05   0.97894
FLUX  489   613.00        4.890579E+14   1.4276E-05   1.4842E-05   0.96188
FLUX  490   615.00        4.874675E+14   1.4300E-05   1.4844E-05   0.96330
FLUX  491   617.00        4.858874E+14   1.4192E-05   1.4847E-05   0.95592
FLUX  492   619.00        4.843174E+14   1.4631E-05   1.4849E-05   0.98529
FLUX  493   621.00        4.827576E+14   1.4684E-05   1.4851E-05   0.98878
FLUX  494   623.00        4.812079E+14   1.4509E-05   1.4853E-05   0.97685
FLUX  495   625.00        4.796680E+14   1.4177E-05   1.4854E-05   0.95444
FLUX  496   627.00        4.781380E+14   1.4678E-05   1.4855E-05   0.98808
FLUX  497   629.00        4.766176E+14   1.4718E-05   1.4856E-05   0.99068
FLUX  498   631.00        4.751070E+14   1.4468E-05   1.4857E-05   0.97384
FLUX  499   633.00        4.736058E+14   1.4547E-05   1.4858E-05   0.97912
FLUX  500   635.00        4.721142E+14   1.4542E-05   1.4858E-05   0.97869
FLUX  501   637.00        4.706319E+14   1.4547E-05   1.4858E-05   0.97906
FLUX  502   639.00        4.691588E+14   1.4649E-05   1.4858E-05   0.98589
FLUX  503   641.00        4.676950E+14   1.4457E-05   1.4858E-05   0.97304
FLUX  504   643.00        4.662403E+14   1.4586E-05   1.4858E-05   0.98171
FLUX  505   645.00        4.647946E+14   1.4463E-05   1.4857E-05   0.97352
FLUX  506   647.00        4.633578E+14   1.4530E-05   1.4856E-05   0.97805
FLUX  507   649.00        4.619299E+14   1.4373E-05   1.4855E-05   0.96758
FLUX  508   651.00        4.605108E+14   1.4547E-05   1.4854E-05   0.97936
FLUX  509   653.00        4.591003E+14   1.4451E-05   1.4852E-05   0.97300
FLUX  510   655.00        4.576985E+14   1.3510E-05   1.4859E-05   0.90922
FLUX  511   657.00        4.563052E+14   1.1452E-05   1.4857E-05   0.77077
FLUX  512   659.00        4.549203E+14   1.4183E-05   1.4855E-05   0.95475
FLUX  513   661.00        4.535439E+14   1.4589E-05   1.4853E-05   0.98224
FLUX  514   663.00        4.521757E+14   1.4653E-05   1.4851E-05   0.98668
FLUX  515   665.00        4.508158E+14   1.4676E-05   1.4848E-05   0.98845
FLUX  516   667.00        4.494640E+14   1.4607E-05   1.4845E-05   0.98397
FLUX  517   669.00        4.481203E+14   1.4743E-05   1.4842E-05   0.99333
FLUX  518   671.00        4.467846E+14   1.4661E-05   1.4839E-05   0.98799
FLUX  519   673.00        4.454569E+14   1.4724E-05   1.4836E-05   0.99246
FLUX  520   675.00        4.441370E+14   1.4603E-05   1.4832E-05   0.98456
FLUX  521   677.00        4.428250E+14   1.4709E-05   1.4828E-05   0.99195
FLUX  522   679.00        4.415206E+14   1.4686E-05   1.4824E-05   0.99066
FLUX  523   681.00        4.402239E+14   1.4666E-05   1.4820E-05   0.98957
FLUX  524   683.00        4.389348E+14   1.4686E-05   1.4816E-05   0.99120
FLUX  525   685.00        4.376533E+14   1.4590E-05   1.4812E-05   0.98503
FLUX  526   687.00        4.363792E+14   1.4682E-05   1.4807E-05   0.99158
FLUX  527   689.00        4.351125E+14   1.4697E-05   1.4802E-05   0.99291
FLUX  528   691.00        4.338531E+14   1.4673E-05   1.4797E-05   0.99160
FLUX  529   693.00        4.326010E+14   1.4667E-05   1.4792E-05   0.99154
FLUX  530   695.00        4.313561E+14   1.4669E-05   1.4787E-05   0.99206
FLUX  531   697.00        4.301184E+14   1.4667E-05   1.4781E-05   0.99229
FLUX  532   699.00        4.288877E+14   1.4685E-05   1.4776E-05   0.99383
FLUX  533   701.00        4.276641E+14   1.4447E-05   1.4770E-05   0.97813
FLUX  534   703.00        4.264474E+14   1.4599E-05   1.4764E-05   0.98878
FLUX  535   705.00        4.252376E+14   1.4648E-05   1.4758E-05   0.99253
FLUX  536   707.00        4.240347E+14   1.4622E-05   1.4752E-05   0.99120
FLUX  537   709.00        4.228385E+14   1.4615E-05   1.4746E-05   0.99113
FLUX  538   711.00        4.216491E+14   1.4461E-05   1.4739E-05   0.98115
FLUX  539   713.00        4.204663E+14   1.4513E-05   1.4733E-05   0.98509
FLUX  540   715.00        4.192902E+14   1.4511E-05   1.4726E-05   0.98543
FLUX  541   717.00        4.181206E+14   1.4480E-05   1.4719E-05   0.98374
FLUX  542   719.00        4.169576E+14   1.4357E-05   1.4712E-05   0.97586
FLUX  543   721.00        4.158010E+14   1.4478E-05   1.4705E-05   0.98457
FLUX  544   723.00        4.146508E+14   1.4469E-05   1.4698E-05   0.98442
FLUX  545   725.00        4.135069E+14   1.4506E-05   1.4696E-05   0.98713
FLUX  546   727.00        4.123693E+14   1.4547E-05   1.4688E-05   0.99040
FLUX  547   729.00        4.112380E+14   1.4359E-05   1.4680E-05   0.97810
FLUX  548   731.00        4.101129E+14   1.4473E-05   1.4684E-05   0.98561
FLUX  549   733.00        4.089939E+14   1.4471E-05   1.4676E-05   0.98602
FLUX  550   735.00        4.078810E+14   1.4530E-05   1.4668E-05   0.99057
FLUX  551   737.00        4.067741E+14   1.4542E-05   1.4660E-05   0.99199
FLUX  552   739.00        4.056732E+14   1.4365E-05   1.4652E-05   0.98044
FLUX  553   741.00        4.045783E+14   1.4248E-05   1.4643E-05   0.97302
FLUX  554   743.00        4.034892E+14   1.4330E-05   1.4635E-05   0.97922
FLUX  555   745.00        4.024060E+14   1.4370E-05   1.4626E-05   0.98253
FLUX  556   747.00        4.013286E+14   1.4401E-05   1.4617E-05   0.98524
FLUX  557   749.00        4.002570E+14   1.4374E-05   1.4608E-05   0.98394
FLUX  558   751.00        3.991911E+14   1.4418E-05   1.4599E-05   0.98758
FLUX  559   753.00        3.981308E+14   1.4434E-05   1.4590E-05   0.98928
FLUX  560   755.00        3.970762E+14   1.4491E-05   1.4581E-05   0.99384
FLUX  561   757.00        3.960271E+14   1.4419E-05   1.4572E-05   0.98950
FLUX  562   759.00        3.949835E+14   1.4431E-05   1.4562E-05   0.99097
FLUX  563   761.00        3.939455E+14   1.4396E-05   1.4553E-05   0.98926
FLUX  564   763.00        3.929128E+14   1.4439E-05   1.4543E-05   0.99283
FLUX  565   765.00        3.918856E+14   1.4396E-05   1.4533E-05   0.99057
FLUX  566   767.00        3.908638E+14   1.4220E-05   1.4523E-05   0.97913
FLUX  567   769.00        3.898472E+14   1.4340E-05   1.4513E-05   0.98805
FLUX  568   771.00        3.888359E+14   1.4300E-05   1.4503E-05   0.98600
FLUX  569   773.00        3.878299E+14   1.4346E-05   1.4493E-05   0.98986
FLUX  570   775.00        3.868290E+14   1.4260E-05   1.4483E-05   0.98458
FLUX  571   777.00        3.858333E+14   1.4178E-05   1.4473E-05   0.97964
FLUX  572   779.00        3.848427E+14   1.4391E-05   1.4463E-05   0.99505
FLUX  573   781.00        3.838572E+14   1.4347E-05   1.4452E-05   0.99274
FLUX  574   783.00        3.828768E+14   1.4256E-05   1.4442E-05   0.98712
FLUX  575   785.00        3.819013E+14   1.4237E-05   1.4431E-05   0.98658
FLUX  576   787.00        3.809307E+14   1.4309E-05   1.4420E-05   0.99227
FLUX  577   789.00        3.799651E+14   1.4287E-05   1.4409E-05   0.99151
FLUX  578   791.00        3.790044E+14   1.4229E-05   1.4398E-05   0.98827
FLUX  579   793.00        3.780485E+14   1.4077E-05   1.4387E-05   0.97839
FLUX  580   795.00        3.770975E+14   1.4140E-05   1.4376E-05   0.98354
FLUX  581   797.00        3.761512E+14   1.4293E-05   1.4365E-05   0.99499
FLUX  582   799.00        3.752096E+14   1.4257E-05   1.4354E-05   0.99325
FLUX  583   801.00        3.742728E+14   1.4207E-05   1.4343E-05   0.99053
FLUX  584   803.00        3.733406E+14   1.4180E-05   1.4331E-05   0.98943
FLUX  585   805.00        3.724130E+14   1.4164E-05   1.4320E-05   0.98915
FLUX  586   807.00        3.714901E+14   1.4215E-05   1.4308E-05   0.99347
FLUX  587   809.00        3.705717E+14   1.4123E-05   1.4296E-05   0.98786
FLUX  588   811.00        3.696578E+14   1.4216E-05   1.4285E-05   0.99519
FLUX  589   813.00        3.687485E+14   1.4243E-05   1.4273E-05   0.99794
FLUX  590   815.00        3.678436E+14   1.4208E-05   1.4261E-05   0.99632
FLUX  591   817.00        3.669431E+14   1.4193E-05   1.4249E-05   0.99610
FLUX  592   819.00        3.660470E+14   1.3921E-05   1.4237E-05   0.97777
FLUX  593   821.00        3.651553E+14   1.3975E-05   1.4738E-05   0.94829
FLUX  594   823.00        3.642679E+14   1.3970E-05   1.4725E-05   0.94873
FLUX  595   825.00        3.633848E+14   1.4003E-05   1.4713E-05   0.95172
FLUX  596   827.00        3.625060E+14   1.4151E-05   1.4701E-05   0.96263
FLUX  597   829.00        3.616315E+14   1.4119E-05   1.4689E-05   0.96122
FLUX  598   831.00        3.607611E+14   1.4000E-05   1.4676E-05   0.95396
FLUX  599   833.00        3.598950E+14   1.3898E-05   1.4664E-05   0.94777
FLUX  600   835.00        3.590329E+14   1.4024E-05   1.4651E-05   0.95721
FLUX  601   837.00        3.581750E+14   1.4074E-05   1.4639E-05   0.96143
FLUX  602   839.00        3.573212E+14   1.3959E-05   1.4626E-05   0.95441
FLUX  603   841.00        3.564715E+14   1.4045E-05   1.4613E-05   0.96110
FLUX  604   843.00        3.556257E+14   1.3938E-05   1.4601E-05   0.95458
FLUX  605   845.00        3.547840E+14   1.3827E-05   1.4588E-05   0.94786
FLUX  606   847.00        3.539463E+14   1.3851E-05   1.4575E-05   0.95027
FLUX  607   849.00        3.531125E+14   1.3836E-05   1.4562E-05   0.95011
FLUX  608   851.00        3.522826E+14   1.3260E-05   1.4550E-05   0.91135
FLUX  609   853.00        3.514566E+14   1.3795E-05   1.4537E-05   0.94900
FLUX  610   855.00        3.506345E+14   1.2105E-05   1.4524E-05   0.83344
FLUX  611   857.00        3.498162E+14   1.4033E-05   1.4511E-05   0.96707
FLUX  612   859.00        3.490017E+14   1.3668E-05   1.4498E-05   0.94280
FLUX  613   861.00        3.481911E+14   1.3551E-05   1.4485E-05   0.93554
FLUX  614   863.00        3.473841E+14   1.4026E-05   1.4471E-05   0.96925
FLUX  615   865.00        3.465809E+14   1.3823E-05   1.4458E-05   0.95603
FLUX  616   867.00        3.457814E+14   1.1948E-05   1.4445E-05   0.82717
FLUX  617   869.00        3.449856E+14   1.3676E-05   1.4432E-05   0.94765
FLUX  618   871.00        3.441935E+14   1.4030E-05   1.4419E-05   0.97303
FLUX  619   873.00        3.434049E+14   1.3885E-05   1.4405E-05   0.96389
FLUX  620   875.00        3.426200E+14   1.2682E-05   1.4392E-05   0.88120
FLUX  621   877.00        3.418387E+14   1.3788E-05   1.4379E-05   0.95891
FLUX  622   879.00        3.410609E+14   1.4035E-05   1.4365E-05   0.97702
FLUX  623   881.00        3.402866E+14   1.3967E-05   1.4352E-05   0.97322
FLUX  624   883.00        3.395159E+14   1.3900E-05   1.4338E-05   0.96940
FLUX  625   885.00        3.387486E+14   1.3485E-05   1.4325E-05   0.94140
FLUX  626   887.00        3.379848E+14   1.2458E-05   1.4311E-05   0.87050
FLUX  627   889.00        3.372244E+14   1.3848E-05   1.4298E-05   0.96855
FLUX  628   891.00        3.364675E+14   1.4024E-05   1.4284E-05   0.98178
FLUX  629   893.00        3.357139E+14   1.3937E-05   1.4270E-05   0.97666
FLUX  630   895.00        3.349637E+14   1.4048E-05   1.4257E-05   0.98535
FLUX  631   897.00        3.342168E+14   1.3999E-05   1.4243E-05   0.98285
FLUX  632   899.00        3.334733E+14   1.3864E-05   1.4229E-05   0.97432
FLUX  633   901.00        3.327331E+14   1.2370E-05   1.4215E-05   0.87020
FLUX  634   903.00        3.319961E+14   1.3229E-05   1.4202E-05   0.93153
FLUX  635   905.00        3.312624E+14   1.3943E-05   1.4188E-05   0.98274
FLUX  636   907.00        3.305320E+14   1.3749E-05   1.4174E-05   0.97003
FLUX  637   909.00        3.298047E+14   1.3527E-05   1.4160E-05   0.95531
FLUX  638   911.00        3.290807E+14   1.3810E-05   1.4146E-05   0.97627
FLUX  639   913.00        3.283598E+14   1.4007E-05   1.4132E-05   0.99118
FLUX  640   915.00        3.276421E+14   1.4013E-05   1.4118E-05   0.99258
FLUX  641   917.00        3.269275E+14   1.3956E-05   1.4104E-05   0.98952
FLUX  642   919.00        3.262160E+14   1.3900E-05   1.4090E-05   0.98653
FLUX  643   921.00        3.255076E+14   1.3432E-05   1.4076E-05   0.95426
FLUX  644   923.00        3.248023E+14   1.1900E-05   1.4062E-05   0.84621
FLUX  645   925.00        3.241000E+14   1.3211E-05   1.4048E-05   0.94039
FLUX  646   927.00        3.234008E+14   1.3618E-05   1.4034E-05   0.97033
FLUX  647   929.00        3.227045E+14   1.3881E-05   1.4020E-05   0.99012
FLUX  648   931.00        3.220113E+14   1.3922E-05   1.4006E-05   0.99400
FLUX  649   933.00        3.213210E+14   1.3895E-05   1.3992E-05   0.99310
FLUX  650   935.00        3.206337E+14   1.3900E-05   1.3978E-05   0.99443
FLUX  651   937.00        3.199493E+14   1.3901E-05   1.3964E-05   0.99548
FLUX  652   939.00        3.192678E+14   1.3857E-05   1.3950E-05   0.99335
FLUX  653   941.00        3.185893E+14   1.3361E-05   1.3935E-05   0.95879
FLUX  654   943.00        3.179136E+14   1.3719E-05   1.3921E-05   0.98549
FLUX  655   945.00        3.172407E+14   1.3687E-05   1.3907E-05   0.98418
FLUX  656   947.00        3.165707E+14   1.3801E-05   1.3893E-05   0.99336
FLUX  657   949.00        3.159036E+14   1.3789E-05   1.3879E-05   0.99355
FLUX  658   951.00        3.152392E+14   1.3644E-05   1.3865E-05   0.98408
FLUX  659   953.00        3.145776E+14   1.3255E-05   1.3850E-05   0.95702
FLUX  660   955.00        3.139188E+14   1.1764E-05   1.3836E-05   0.85021
FLUX  661   957.00        3.132628E+14   1.3297E-05   1.3822E-05   0.96205
FLUX  662   959.00        3.126095E+14   1.3624E-05   1.3808E-05   0.98671
FLUX  663   961.00        3.119589E+14   1.3558E-05   1.3793E-05   0.98294
FLUX  664   963.00        3.113110E+14   1.3480E-05   1.3779E-05   0.97829
FLUX  665   965.00        3.106658E+14   1.3582E-05   1.3765E-05   0.98675
FLUX  666   967.00        3.100233E+14   1.3471E-05   1.3750E-05   0.97971
FLUX  667   969.00        3.093834E+14   1.3530E-05   1.3736E-05   0.98499
FLUX  668   971.00        3.087461E+14   1.3657E-05   1.3722E-05   0.99531
FLUX  669   973.00        3.081115E+14   1.3646E-05   1.3707E-05   0.99553
FLUX  670   975.00        3.074795E+14   1.3503E-05   1.3693E-05   0.98611
FLUX  671   977.00        3.068501E+14   1.3594E-05   1.3678E-05   0.99380
FLUX  672   979.00        3.062232E+14   1.3568E-05   1.3664E-05   0.99294
FLUX  673   981.00        3.055989E+14   1.3592E-05   1.3650E-05   0.99579
FLUX  674   983.00        3.049771E+14   1.3557E-05   1.3635E-05   0.99428
FLUX  675   985.00        3.043579E+14   1.3509E-05   1.3621E-05   0.99180
FLUX  676   987.00        3.037411E+14   1.3467E-05   1.3606E-05   0.98978
FLUX  677   989.00        3.031269E+14   1.3407E-05   1.3592E-05   0.98639
FLUX  678   991.00        3.025151E+14   1.3384E-05   1.3578E-05   0.98577
FLUX  679   993.00        3.019058E+14   1.3479E-05   1.3563E-05   0.99379
FLUX  680   995.00        3.012990E+14   1.3460E-05   1.3549E-05   0.99343
FLUX  681   997.00        3.006946E+14   1.3442E-05   1.3534E-05   0.99319
FLUX  682   999.00        3.000926E+14   1.3401E-05   1.3520E-05   0.99119
FLUX  683  1002.50        2.990449E+14   1.2922E-05   1.3494E-05   0.95757
FLUX  684  1007.50        2.975608E+14   1.2568E-05   1.3458E-05   0.93387
FLUX  685  1012.50        2.960914E+14   1.3241E-05   1.3422E-05   0.98651
FLUX  686  1017.50        2.946364E+14   1.3227E-05   1.3386E-05   0.98805
FLUX  687  1022.50        2.931956E+14   1.3268E-05   1.3351E-05   0.99380
FLUX  688  1027.50        2.917689E+14   1.3278E-05   1.3315E-05   0.99727
FLUX  689  1032.50        2.903559E+14   1.3157E-05   1.3279E-05   0.99079
FLUX  690  1037.50        2.889566E+14   1.3151E-05   1.3243E-05   0.99304
FLUX  691  1042.50        2.875707E+14   1.3142E-05   1.3208E-05   0.99507
FLUX  692  1047.50        2.861981E+14   1.2951E-05   1.3172E-05   0.98321
FLUX  693  1052.50        2.848385E+14   1.3021E-05   1.3136E-05   0.99121
FLUX  694  1057.50        2.834917E+14   1.2977E-05   1.3100E-05   0.99059
FLUX  695  1062.50        2.821576E+14   1.2934E-05   1.3064E-05   0.99005
FLUX  696  1067.50        2.808361E+14   1.2661E-05   1.3029E-05   0.97181
FLUX  697  1072.50        2.795268E+14   1.2780E-05   1.2993E-05   0.98358
FLUX  698  1077.50        2.782297E+14   1.2757E-05   1.2957E-05   0.98457
FLUX  699  1082.50        2.769446E+14   1.2637E-05   1.2922E-05   0.97791
FLUX  700  1087.50        2.756713E+14   1.2591E-05   1.2887E-05   0.97705
FLUX  701  1092.50        2.744096E+14   1.1648E-05   1.2851E-05   0.90640
FLUX  702  1097.50        2.731595E+14   1.2250E-05   1.2816E-05   0.95587
FLUX  703  1102.50        2.719206E+14   1.2629E-05   1.2781E-05   0.98810
FLUX  704  1107.50        2.706930E+14   1.2683E-05   1.2745E-05   0.99507
FLUX  705  1112.50        2.694764E+14   1.2603E-05   1.2710E-05   0.99154
FLUX  706  1117.50        2.682707E+14   1.2559E-05   1.2675E-05   0.99081
FLUX  707  1122.50        2.670757E+14   1.2577E-05   1.2640E-05   0.99503
FLUX  708  1127.50        2.658914E+14   1.2343E-05   1.2605E-05   0.97922
FLUX  709  1132.50        2.647174E+14   1.2341E-05   1.2571E-05   0.98176
FLUX  710  1137.50        2.635538E+14   1.2390E-05   1.2536E-05   0.98835
FLUX  711  1142.50        2.624004E+14   1.2258E-05   1.2501E-05   0.98057
FLUX  712  1147.50        2.612571E+14   1.2412E-05   1.2467E-05   0.99558
FLUX  713  1152.50        2.601236E+14   1.2382E-05   1.2432E-05   0.99595
FLUX  714  1157.50        2.590000E+14   1.2306E-05   1.2397E-05   0.99259
FLUX  715  1162.50        2.578860E+14   1.2126E-05   1.2363E-05   0.98086
FLUX  716  1167.50        2.567816E+14   1.2059E-05   1.2329E-05   0.97817
FLUX  717  1172.50        2.556866E+14   1.2250E-05   1.2294E-05   0.99644
FLUX  718  1177.50        2.546008E+14   1.1972E-05   1.2260E-05   0.97646
FLUX  719  1182.50        2.535243E+14   1.2028E-05   1.2226E-05   0.98381
FLUX  720  1187.50        2.524568E+14   1.1923E-05   1.2192E-05   0.97794
FLUX  721  1192.50        2.513983E+14   1.2140E-05   1.2158E-05   0.99847
FLUX  722  1197.50        2.503486E+14   1.1874E-05   1.2124E-05   0.97936
FLUX  723  1202.50        2.493077E+14   1.1972E-05   1.2090E-05   0.99021
FLUX  724  1207.50        2.482754E+14   1.1899E-05   1.2057E-05   0.98693
FLUX  725  1212.50        2.472515E+14   1.1897E-05   1.2023E-05   0.98951
FLUX  726  1217.50        2.462361E+14   1.1949E-05   1.1989E-05   0.99661
FLUX  727  1222.50        2.452290E+14   1.1902E-05   1.1956E-05   0.99546
FLUX  728  1227.50        2.442301E+14   1.1831E-05   1.1923E-05   0.99235
FLUX  729  1232.50        2.432394E+14   1.1817E-05   1.1889E-05   0.99393
FLUX  730  1237.50        2.422566E+14   1.1792E-05   1.1856E-05   0.99459
FLUX  731  1242.50        2.412817E+14   1.1771E-05   1.1823E-05   0.99558
FLUX  732  1247.50        2.403146E+14   1.1745E-05   1.1790E-05   0.99620
FLUX  733  1252.50        2.393553E+14   1.1673E-05   1.1757E-05   0.99280
FLUX  734  1257.50        2.384036E+14   1.1599E-05   1.1724E-05   0.98928
FLUX  735  1262.50        2.374594E+14   1.1597E-05   1.1692E-05   0.99187
FLUX  736  1267.50        2.365227E+14   1.1575E-05   1.1659E-05   0.99277
FLUX  737  1272.50        2.355933E+14   1.1542E-05   1.1627E-05   0.99274
FLUX  738  1277.50        2.346712E+14   1.1319E-05   1.1594E-05   0.97625
FLUX  739  1282.50        2.337563E+14   1.0157E-05   1.1562E-05   0.87852
FLUX  740  1287.50        2.328485E+14   1.1284E-05   1.1530E-05   0.97867
FLUX  741  1292.50        2.319478E+14   1.1380E-05   1.1498E-05   0.98976
FLUX  742  1297.50        2.310539E+14   1.1408E-05   1.1466E-05   0.99494
FLUX  743  1302.50        2.301670E+14   1.1362E-05   1.1434E-05   0.99372
FLUX  744  1307.50        2.292868E+14   1.1372E-05   1.1402E-05   0.99734
FLUX  745  1312.50        2.284133E+14   1.1276E-05   1.1370E-05   0.99170
FLUX  746  1317.50        2.275465E+14   1.1218E-05   1.1338E-05   0.98938
FLUX  747  1322.50        2.266862E+14   1.1272E-05   1.1307E-05   0.99690
FLUX  748  1327.50        2.258324E+14   1.1191E-05   1.1275E-05   0.99251
FLUX  749  1332.50        2.249850E+14   1.1193E-05   1.1243E-05   0.99549
FLUX  750  1337.50        2.241439E+14   1.1150E-05   1.1212E-05   0.99451
FLUX  751  1342.50        2.233091E+14   1.1144E-05   1.1180E-05   0.99678
FLUX  752  1347.50        2.224805E+14   1.1110E-05   1.1149E-05   0.99651
FLUX  753  1352.50        2.216580E+14   1.1056E-05   1.1118E-05   0.99445
FLUX  754  1357.50        2.208416E+14   1.0975E-05   1.1087E-05   0.98999
FLUX  755  1362.50        2.200312E+14   1.0999E-05   1.1055E-05   0.99491
FLUX  756  1367.50        2.192267E+14   1.0947E-05   1.1024E-05   0.99299
FLUX  757  1372.50        2.184281E+14   1.0834E-05   1.0993E-05   0.98551
FLUX  758  1377.50        2.176352E+14   1.0861E-05   1.0962E-05   0.99082
FLUX  759  1382.50        2.168481E+14   1.0846E-05   1.0931E-05   0.99220
FLUX  760  1387.50        2.160667E+14   1.0869E-05   1.0900E-05   0.99717
FLUX  761  1392.50        2.152908E+14   1.0786E-05   1.0869E-05   0.99237
FLUX  762  1397.50        2.145206E+14   1.0769E-05   1.0838E-05   0.99364
FLUX  763  1402.50        2.137558E+14   1.0717E-05   1.0807E-05   0.99175
FLUX  764  1407.50        2.129964E+14   1.0728E-05   1.0776E-05   0.99556
FLUX  765  1412.50        2.122425E+14   1.0640E-05   1.0745E-05   0.99026
FLUX  766  1417.50        2.114938E+14   1.0668E-05   1.0714E-05   0.99571
FLUX  767  1422.50        2.107504E+14   1.0558E-05   1.0683E-05   0.98835
FLUX  768  1427.50        2.100123E+14   1.0485E-05   1.0652E-05   0.98436
FLUX  769  1432.50        2.092792E+14   1.0553E-05   1.0621E-05   0.99363
FLUX  770  1437.50        2.085513E+14   1.0561E-05   1.0590E-05   0.99729
FLUX  771  1442.50        2.078284E+14   1.0237E-05   1.0559E-05   0.96957
FLUX  772  1447.50        2.071105E+14   1.0467E-05   1.0528E-05   0.99426
FLUX  773  1452.50        2.063976E+14   1.0287E-05   1.0496E-05   0.98003
FLUX  774  1457.00        2.057601E+14   1.0375E-05   1.0468E-05   0.99112
FLUX  775  1462.00        2.050564E+14   1.0320E-05   1.0680E-05   0.96629
FLUX  776  1467.50        2.042879E+14   1.0327E-05   1.0647E-05   0.97000
FLUX  777  1472.50        2.035942E+14   1.0217E-05   1.0617E-05   0.96237
FLUX  778  1477.50        2.029052E+14   1.0173E-05   1.0587E-05   0.96096
FLUX  779  1482.50        2.022209E+14   1.0186E-05   1.0556E-05   0.96488
FLUX  780  1487.50        2.015412E+14   1.0056E-05   1.0526E-05   0.95532
FLUX  781  1492.50        2.008660E+14   1.0213E-05   1.0495E-05   0.97315
FLUX  782  1497.50        2.001953E+14   1.0120E-05   1.0465E-05   0.96708
FLUX  783  1502.50        1.995291E+14   1.0010E-05   1.0434E-05   0.95938
FLUX  784  1507.50        1.988673E+14   9.9627E-06   1.0403E-05   0.95769
FLUX  785  1512.50        1.982099E+14   1.0052E-05   1.0372E-05   0.96919
FLUX  786  1517.50        1.975568E+14   1.0044E-05   1.0341E-05   0.97129
FLUX  787  1522.50        1.969080E+14   9.9476E-06   1.0309E-05   0.96494
FLUX  788  1527.50        1.962635E+14   9.9601E-06   1.0277E-05   0.96913
FLUX  789  1532.50        1.956232E+14   9.9063E-06   1.0245E-05   0.96690
FLUX  790  1537.50        1.949870E+14   9.8831E-06   1.0213E-05   0.96769
FLUX  791  1542.50        1.943549E+14   9.7820E-06   1.0181E-05   0.96083
FLUX  792  1547.50        1.937270E+14   9.7992E-06   1.0148E-05   0.96561
FLUX  793  1552.50        1.931031E+14   9.7654E-06   1.0115E-05   0.96541
FLUX  794  1557.50        1.924831E+14   9.6564E-06   1.0082E-05   0.95778
FLUX  795  1562.50        1.918672E+14   9.7761E-06   1.0049E-05   0.97287
FLUX  796  1567.50        1.912552E+14   9.5942E-06   1.0015E-05   0.95799
FLUX  797  1572.50        1.906471E+14   9.5171E-06   9.9808E-06   0.95354
FLUX  798  1577.50        1.900428E+14   9.5029E-06   9.9465E-06   0.95540
FLUX  799  1582.50        1.894423E+14   9.5596E-06   9.9117E-06   0.96448
FLUX  800  1587.50        1.888457E+14   9.1005E-06   9.8765E-06   0.92143
FLUX  801  1592.50        1.882527E+14   9.4379E-06   9.8409E-06   0.95905
FLUX  802  1597.50        1.876635E+14   9.5225E-06   9.8049E-06   0.97120
FLUX  803  1605.00        1.867866E+14   9.3790E-06   9.7501E-06   0.96194
FLUX  804  1615.00        1.856300E+14   9.0905E-06   9.6749E-06   0.93960
FLUX  805  1625.00        1.844877E+14   9.4110E-06   9.5969E-06   0.98063
FLUX  806  1635.00        1.833593E+14   9.1223E-06   9.5147E-06   0.95876
FLUX  807  1645.00        1.822447E+14   8.7591E-06   9.4266E-06   0.92920
FLUX  808  1655.00        1.811435E+14   9.1918E-06   9.3349E-06   0.98467
FLUX  809  1665.00        1.800556E+14   9.1315E-06   9.2445E-06   0.98777
FLUX  810  1675.00        1.789806E+14   8.7736E-06   9.1554E-06   0.95830
FLUX  811  1685.00        1.779184E+14   8.3710E-06   9.0675E-06   0.92319
FLUX  812  1695.00        1.768687E+14   8.8960E-06   8.9808E-06   0.99055
FLUX  813  1705.00        1.758314E+14   8.7744E-06   8.8953E-06   0.98641
FLUX  814  1715.00        1.748061E+14   8.7247E-06   8.8109E-06   0.99022
FLUX  815  1725.00        1.737928E+14   8.5289E-06   8.7277E-06   0.97721
FLUX  816  1735.00        1.727911E+14   7.7928E-06   8.6457E-06   0.90135
FLUX  817  1745.00        1.718009E+14   8.2850E-06   8.5648E-06   0.96734
FLUX  818  1755.00        1.708219E+14   8.3685E-06   8.4850E-06   0.98628
FLUX  819  1765.00        1.698541E+14   8.2977E-06   8.4062E-06   0.98709
FLUX  820  1775.00        1.688972E+14   8.2457E-06   8.3285E-06   0.99005
FLUX  821  1785.00        1.679510E+14   8.1765E-06   8.2519E-06   0.99086
FLUX  822  1795.00        1.670153E+14   8.1322E-06   8.1763E-06   0.99461
FLUX  823  1805.00        1.660900E+14   7.9770E-06   8.1017E-06   0.98460
FLUX  824  1815.00        1.651749E+14   7.3291E-06   8.0281E-06   0.91292
FLUX  825  1825.00        1.642699E+14   7.6829E-06   7.9555E-06   0.96574
FLUX  826  1835.00        1.633747E+14   7.7982E-06   7.8837E-06   0.98915
FLUX  827  1845.00        1.624892E+14   7.7210E-06   7.8128E-06   0.98825
FLUX  828  1855.00        1.616132E+14   7.6531E-06   7.7429E-06   0.98840
FLUX  829  1865.00        1.607466E+14   7.5242E-06   7.6739E-06   0.98050
FLUX  830  1875.00        1.598893E+14   6.8442E-06   7.6058E-06   0.89987
FLUX  831  1885.00        1.590411E+14   7.3686E-06   7.5386E-06   0.97745
FLUX  832  1895.00        1.582018E+14   7.2853E-06   7.4722E-06   0.97498
FLUX  833  1905.00        1.573714E+14   7.3650E-06   7.4067E-06   0.99437
FLUX  834  1915.00        1.565496E+14   7.2866E-06   7.3421E-06   0.99244
FLUX  835  1925.00        1.557364E+14   7.2148E-06   7.2782E-06   0.99128
FLUX  836  1935.00        1.549315E+14   7.0697E-06   7.2152E-06   0.97983
FLUX  837  1945.00        1.541350E+14   6.4682E-06   7.1530E-06   0.90426
FLUX  838  1955.00        1.533465E+14   6.9685E-06   7.0915E-06   0.98265
FLUX  839  1965.00        1.525662E+14   6.9676E-06   7.0309E-06   0.99099
FLUX  840  1975.00        1.517937E+14   6.8978E-06   6.9710E-06   0.98951
FLUX  841  1985.00        1.510290E+14   6.8701E-06   6.9118E-06   0.99397
FLUX  842  1995.00        1.502719E+14   6.8115E-06   6.8534E-06   0.99388
FLUX  843  2005.00        1.495224E+14   6.7701E-06   6.7957E-06   0.99623
FLUX  844  2015.00        1.487804E+14   6.7286E-06   6.7387E-06   0.99850
FLUX  845  2025.00        1.480457E+14   6.6454E-06   6.6825E-06   0.99446
FLUX  846  2035.00        1.473182E+14   6.5639E-06   6.6269E-06   0.99050
FLUX  847  2045.00        1.465978E+14   6.5626E-06   6.5720E-06   0.99856
FLUX  848  2055.00        1.458844E+14   6.4987E-06   6.5178E-06   0.99707
FLUX  849  2065.00        1.451780E+14   6.4224E-06   6.4642E-06   0.99352
FLUX  850  2075.00        1.444783E+14   6.3832E-06   6.4113E-06   0.99562
FLUX  851  2085.00        1.437854E+14   6.3338E-06   6.3590E-06   0.99603
FLUX  852  2095.00        1.430990E+14   6.2650E-06   6.3074E-06   0.99327
FLUX  853  2105.00        1.424192E+14   6.2336E-06   6.2564E-06   0.99636
FLUX  854  2115.00        1.417459E+14   6.1675E-06   6.2060E-06   0.99381
FLUX  855  2125.00        1.410788E+14   6.1167E-06   6.1561E-06   0.99360
FLUX  856  2135.00        1.404180E+14   6.0753E-06   6.1069E-06   0.99484
FLUX  857  2145.00        1.397634E+14   6.0366E-06   6.0582E-06   0.99643
FLUX  858  2155.00        1.391148E+14   5.9459E-06   6.0101E-06   0.98932
FLUX  859  2165.00        1.384723E+14   5.4506E-06   5.9626E-06   0.91413
FLUX  860  2175.00        1.378356E+14   5.8007E-06   5.9156E-06   0.98057
FLUX  861  2185.00        1.372048E+14   5.8241E-06   5.8692E-06   0.99231
FLUX  862  2195.00        1.365797E+14   5.8159E-06   5.8233E-06   0.99873
FLUX  863  2205.00        1.359603E+14   5.7373E-06   5.7779E-06   0.99298
FLUX  864  2215.00        1.353465E+14   5.7069E-06   5.7331E-06   0.99544
FLUX  865  2225.00        1.347382E+14   5.6779E-06   5.6887E-06   0.99809
FLUX  866  2235.00        1.341353E+14   5.6337E-06   5.6449E-06   0.99802
FLUX  867  2245.00        1.335379E+14   5.5909E-06   5.6016E-06   0.99809
FLUX  868  2255.00        1.329457E+14   5.5170E-06   5.5587E-06   0.99249
FLUX  869  2265.00        1.323587E+14   5.4915E-06   5.5164E-06   0.99549
FLUX  870  2275.00        1.317769E+14   5.4606E-06   5.4745E-06   0.99745
FLUX  871  2285.00        1.312002E+14   5.4072E-06   5.4745E-06   0.98770
FLUX  872  2295.00        1.306285E+14   5.3695E-06   5.4330E-06   0.98830
FLUX  873  2305.00        1.300618E+14   5.3465E-06   5.3920E-06   0.99155
FLUX  874  2315.00        1.295000E+14   5.2979E-06   5.3515E-06   0.98999
FLUX  875  2325.00        1.289430E+14   5.2671E-06   5.3114E-06   0.99167
FLUX  876  2335.00        1.283908E+14   5.2199E-06   5.2717E-06   0.99017
FLUX  877  2345.00        1.278433E+14   5.1915E-06   5.2325E-06   0.99217
FLUX  878  2355.00        1.273004E+14   5.1507E-06   5.1937E-06   0.99171
FLUX  879  2365.00        1.267622E+14   5.1184E-06   5.1553E-06   0.99283
FLUX  880  2375.00        1.262284E+14   5.0601E-06   5.1174E-06   0.98880
FLUX  881  2385.00        1.256992E+14   5.0273E-06   5.0799E-06   0.98965
FLUX  882  2395.00        1.251743E+14   5.0025E-06   5.0428E-06   0.99202
FLUX  883  2405.00        1.246538E+14   4.9610E-06   5.0060E-06   0.99101
FLUX  884  2415.00        1.241377E+14   4.9177E-06   4.9697E-06   0.98953
FLUX  885  2425.00        1.236258E+14   4.8912E-06   4.9338E-06   0.99137
FLUX  886  2435.00        1.231181E+14   4.8459E-06   4.8982E-06   0.98933
FLUX  887  2445.00        1.226145E+14   4.8211E-06   4.8630E-06   0.99138
FLUX  888  2455.00        1.221151E+14   4.7659E-06   4.8283E-06   0.98708
FLUX  889  2465.00        1.216197E+14   4.7520E-06   4.7938E-06   0.99128
FLUX  890  2475.00        1.211283E+14   4.7087E-06   4.7598E-06   0.98928
FLUX  891  2485.00        1.206408E+14   4.6637E-06   4.7261E-06   0.98680
FLUX  892  2495.00        1.201573E+14   4.6337E-06   4.6927E-06   0.98742
FLUX  893  2505.00        1.196776E+14   4.6222E-06   4.6598E-06   0.99194
FLUX  894  2515.00        1.192018E+14   4.5896E-06   4.6271E-06   0.99189
FLUX  895  2525.00        1.187297E+14   4.5407E-06   4.5948E-06   0.98823
FLUX  896  2535.00        1.182613E+14   4.5257E-06   4.5628E-06   0.99187
FLUX  897  2545.00        1.177967E+14   4.4910E-06   4.5312E-06   0.99113
FLUX  898  2555.00        1.173356E+14   4.4514E-06   4.4999E-06   0.98923
FLUX  899  2565.00        1.168782E+14   4.3798E-06   4.4689E-06   0.98005
FLUX  900  2575.00        1.164243E+14   4.4035E-06   4.4383E-06   0.99218
FLUX  901  2585.00        1.159739E+14   4.3555E-06   4.4079E-06   0.98811
FLUX  902  2595.00        1.155270E+14   4.3480E-06   4.3779E-06   0.99318
FLUX  903  2605.00        1.150835E+14   4.2981E-06   4.3481E-06   0.98849
FLUX  904  2615.00        1.146434E+14   4.1947E-06   4.3187E-06   0.97128
FLUX  905  2625.00        1.142067E+14   3.9522E-06   4.2895E-06   0.92136
FLUX  906  2635.00        1.137732E+14   4.1854E-06   4.2607E-06   0.98234
FLUX  907  2645.00        1.133431E+14   4.1913E-06   4.2321E-06   0.99035
FLUX  908  2655.00        1.129162E+14   4.1703E-06   4.2038E-06   0.99201
FLUX  909  2665.00        1.124925E+14   4.1142E-06   4.1758E-06   0.98523
FLUX  910  2675.00        1.120720E+14   4.0087E-06   4.1481E-06   0.96641
FLUX  911  2685.00        1.116546E+14   4.0863E-06   4.1206E-06   0.99167
FLUX  912  2695.00        1.112403E+14   4.0820E-06   4.0934E-06   0.99720
FLUX  913  2705.00        1.108290E+14   4.0568E-06   4.0665E-06   0.99761
FLUX  914  2715.00        1.104208E+14   4.0314E-06   4.0399E-06   0.99789
FLUX  915  2725.00        1.100156E+14   4.0052E-06   4.0135E-06   0.99793
FLUX  916  2735.00        1.096133E+14   3.9785E-06   3.9873E-06   0.99778
FLUX  917  2745.00        1.092140E+14   3.9416E-06   3.9614E-06   0.99499
FLUX  918  2755.00        1.088176E+14   3.7846E-06   3.9358E-06   0.96158
FLUX  919  2765.00        1.084241E+14   3.8379E-06   3.9104E-06   0.98146
FLUX  920  2775.00        1.080333E+14   3.8681E-06   3.8853E-06   0.99558
FLUX  921  2785.00        1.076454E+14   3.8521E-06   3.8604E-06   0.99786
FLUX  922  2795.00        1.072603E+14   3.8332E-06   3.8357E-06   0.99936
FLUX  923  2805.00        1.068779E+14   3.8078E-06   3.8113E-06   0.99908
FLUX  924  2815.00        1.064982E+14   3.7845E-06   3.7871E-06   0.99931
FLUX  925  2825.00        1.061212E+14   3.7596E-06   3.7631E-06   0.99906
FLUX  926  2835.00        1.057469E+14   3.7386E-06   3.7394E-06   0.99978
FLUX  927  2845.00        1.053752E+14   3.7058E-06   3.7159E-06   0.99728
FLUX  928  2855.00        1.050061E+14   3.6816E-06   3.6926E-06   0.99703
FLUX  929  2865.00        1.046396E+14   3.6191E-06   3.6695E-06   0.98625
FLUX  930  2875.00        1.042757E+14   3.4686E-06   3.6466E-06   0.95119
FLUX  931  2885.00        1.039142E+14   3.5974E-06   3.6240E-06   0.99266
FLUX  932  2895.00        1.035553E+14   3.5951E-06   3.6015E-06   0.99821
FLUX  933  2905.00        1.031988E+14   3.5767E-06   3.5793E-06   0.99926
FLUX  934  2915.00        1.028448E+14   3.5500E-06   3.5573E-06   0.99796
FLUX  935  2925.00        1.024932E+14   3.5255E-06   3.5354E-06   0.99718
FLUX  936  2935.00        1.021440E+14   3.5111E-06   3.5138E-06   0.99923
FLUX  937  2945.00        1.017971E+14   3.4868E-06   3.4924E-06   0.99842
FLUX  938  2955.00        1.014526E+14   3.4686E-06   3.4711E-06   0.99928
FLUX  939  2965.00        1.011105E+14   3.4484E-06   3.4501E-06   0.99950
FLUX  940  2975.00        1.007706E+14   3.4265E-06   3.4292E-06   0.99922
FLUX  941  2985.00        1.004330E+14   3.4071E-06   3.4086E-06   0.99956
FLUX  942  2995.00        1.000977E+14   3.3823E-06   3.3881E-06   0.99828
FLUX  943  3005.00        9.976456E+13   3.3617E-06   3.3678E-06   0.99818
FLUX  944  3015.00        9.943367E+13   3.3424E-06   3.3477E-06   0.99842
FLUX  945  3025.00        9.910496E+13   3.3108E-06   3.3278E-06   0.99490
FLUX  946  3035.00        9.877842E+13   3.1634E-06   3.3080E-06   0.95629
FLUX  947  3045.00        9.845402E+13   3.2075E-06   3.2884E-06   0.97539
FLUX  948  3055.00        9.813175E+13   3.2555E-06   3.2690E-06   0.99590
FLUX  949  3065.00        9.781158E+13   3.2419E-06   3.2497E-06   0.99760
FLUX  950  3075.00        9.749350E+13   3.2280E-06   3.2306E-06   0.99921
FLUX  951  3085.00        9.717747E+13   3.2018E-06   3.2117E-06   0.99693
FLUX  952  3095.00        9.686349E+13   3.1856E-06   3.1929E-06   0.99773
FLUX  953  3105.00        9.655153E+13   3.1690E-06   3.1743E-06   0.99832
FLUX  954  3115.00        9.624157E+13   3.1356E-06   3.1559E-06   0.99356
FLUX  955  3125.00        9.593360E+13   3.1304E-06   3.1376E-06   0.99771
FLUX  956  3135.00        9.562759E+13   3.1131E-06   3.1195E-06   0.99798
FLUX  957  3145.00        9.532353E+13   3.0957E-06   3.1015E-06   0.99812
FLUX  958  3155.00        9.502139E+13   3.0752E-06   3.0837E-06   0.99725
FLUX  959  3165.00        9.472117E+13   3.0626E-06   3.0660E-06   0.99890
FLUX  960  3175.00        9.442283E+13   3.0418E-06   3.0485E-06   0.99779
FLUX  961  3185.00        9.412637E+13   3.0284E-06   3.0311E-06   0.99909
FLUX  962  3195.00        9.383177E+13   3.0125E-06   3.0139E-06   0.99954
FLUX  963  3210.00        9.339330E+13   2.9840E-06   2.9884E-06   0.99855
FLUX  964  3230.00        9.281502E+13   2.9528E-06   2.9548E-06   0.99931
FLUX  965  3250.00        9.224385E+13   2.9185E-06   2.9218E-06   0.99889
FLUX  966  3270.00        9.167966E+13   2.8836E-06   2.8893E-06   0.99800
FLUX  967  3290.00        9.112234E+13   2.7569E-06   2.8634E-06   0.96279
FLUX  968  3310.00        9.057175E+13   2.7964E-06   2.8319E-06   0.98746
FLUX  969  3330.00        9.002778E+13   2.7818E-06   2.8009E-06   0.99319
FLUX  970  3350.00        8.949030E+13   2.7573E-06   2.7704E-06   0.99526
FLUX  971  3370.00        8.895920E+13   2.7222E-06   2.7404E-06   0.99335
FLUX  972  3390.00        8.843437E+13   2.6930E-06   2.7109E-06   0.99342
FLUX  973  3410.00        8.791569E+13   2.6634E-06   2.6818E-06   0.99313
FLUX  974  3430.00        8.740306E+13   2.6407E-06   2.6532E-06   0.99526
FLUX  975  3450.00        8.689638E+13   2.6175E-06   2.6251E-06   0.99709
FLUX  976  3470.00        8.639553E+13   2.5881E-06   2.5974E-06   0.99642
FLUX  977  3490.00        8.590043E+13   2.5622E-06   2.5702E-06   0.99690
FLUX  978  3510.00        8.541097E+13   2.5359E-06   2.5434E-06   0.99708
FLUX  979  3530.00        8.492705E+13   2.5079E-06   2.5170E-06   0.99641
FLUX  980  3550.00        8.444859E+13   2.4834E-06   2.4910E-06   0.99697
FLUX  981  3570.00        8.397549E+13   2.4560E-06   2.4654E-06   0.99619
FLUX  982  3590.00        8.350766E+13   2.4326E-06   2.4402E-06   0.99690
FLUX  983  3610.00        8.304501E+13   2.4087E-06   2.4154E-06   0.99726
FLUX  984  3630.00        8.258747E+13   2.3870E-06   2.3909E-06   0.99835
FLUX  985  3650.00        8.213493E+13   2.3550E-06   2.3668E-06   0.99501
FLUX  986  3670.00        8.168733E+13   2.3345E-06   2.3431E-06   0.99631
FLUX  987  3690.00        8.124458E+13   2.3001E-06   2.3198E-06   0.99152
FLUX  988  3710.00        8.080660E+13   2.2797E-06   2.2968E-06   0.99255
FLUX  989  3730.00        8.037332E+13   2.2320E-06   2.2741E-06   0.98149
FLUX  990  3750.00        7.994467E+13   2.1841E-06   2.2518E-06   0.96993
FLUX  991  3770.00        7.952056E+13   2.2177E-06   2.2297E-06   0.99459
FLUX  992  3790.00        7.910092E+13   2.1989E-06   2.2081E-06   0.99587
FLUX  993  3810.00        7.868570E+13   2.1739E-06   2.1867E-06   0.99415
FLUX  994  3830.00        7.827480E+13   2.1572E-06   2.1656E-06   0.99612
FLUX  995  3850.00        7.786818E+13   2.1418E-06   2.1449E-06   0.99857
FLUX  996  3870.00        7.746576E+13   2.1174E-06   2.1244E-06   0.99673
FLUX  997  3890.00        7.706748E+13   2.0958E-06   2.1042E-06   0.99598
FLUX  998  3910.00        7.667327E+13   2.0700E-06   2.0843E-06   0.99314
FLUX  999  3930.00        7.628308E+13   2.0613E-06   2.0647E-06   0.99835
FLUX 1000  3950.00        7.589684E+13   2.0393E-06   2.0454E-06   0.99703
FLUX 1001  3970.00        7.551448E+13   2.0231E-06   2.0263E-06   0.99843
FLUX 1002  3990.00        7.513596E+13   1.9965E-06   2.0075E-06   0.99454
FLUX 1003  4010.00        7.476122E+13   1.9737E-06   1.9890E-06   0.99234
FLUX 1004  4030.00        7.439020E+13   1.9548E-06   1.9707E-06   0.99194
FLUX 1005  4050.00        7.402284E+13   1.8961E-06   1.9526E-06   0.97104
FLUX 1006  4070.00        7.365909E+13   1.9273E-06   1.9349E-06   0.99607
FLUX 1007  4090.00        7.329890E+13   1.9118E-06   1.9173E-06   0.99711
FLUX 1008  4110.00        7.294221E+13   1.8980E-06   1.9000E-06   0.99893
FLUX 1009  4130.00        7.258898E+13   1.8818E-06   1.8829E-06   0.99940
FLUX 1010  4150.00        7.223916E+13   1.8606E-06   1.8661E-06   0.99705
FLUX 1011  4170.00        7.189269E+13   1.8246E-06   1.8495E-06   0.98654
FLUX 1012  4190.00        7.154952E+13   1.8278E-06   1.8331E-06   0.99711
FLUX 1013  4210.00        7.120962E+13   1.8093E-06   1.8169E-06   0.99582
FLUX 1014  4230.00        7.087293E+13   1.8006E-06   1.8009E-06   0.99985
FLUX 1015  4250.00        7.053941E+13   1.7831E-06   1.7852E-06   0.99883
FLUX 1016  4270.00        7.020902E+13   1.7691E-06   1.7696E-06   0.99970
FLUX 1017  4290.00        6.988170E+13   1.7532E-06   1.7543E-06   0.99940
FLUX 1018  4310.00        6.955742E+13   1.7373E-06   1.7391E-06   0.99896
FLUX 1019  4330.00        6.923614E+13   1.7207E-06   1.7241E-06   0.99799
FLUX 1020  4350.00        6.891782E+13   1.7047E-06   1.7094E-06   0.99727
FLUX 1021  4370.00        6.860240E+13   1.6645E-06   1.6948E-06   0.98211
FLUX 1022  4390.00        6.828986E+13   1.6700E-06   1.6804E-06   0.99380
FLUX 1023  4410.00        6.798016E+13   1.6584E-06   1.6662E-06   0.99534
FLUX 1024  4430.00        6.767325E+13   1.6468E-06   1.6522E-06   0.99677
FLUX 1025  4450.00        6.736910E+13   1.6334E-06   1.6383E-06   0.99699
FLUX 1026  4470.00        6.706767E+13   1.6205E-06   1.6258E-06   0.99674
FLUX 1027  4490.00        6.676893E+13   1.6074E-06   1.6122E-06   0.99703
FLUX 1028  4510.00        6.647284E+13   1.5941E-06   1.5989E-06   0.99705
FLUX 1029  4530.00        6.617936E+13   1.5806E-06   1.5857E-06   0.99682
FLUX 1030  4550.00        6.588846E+13   1.5681E-06   1.5726E-06   0.99711
FLUX 1031  4570.00        6.560011E+13   1.5549E-06   1.5598E-06   0.99687
FLUX 1032  4590.00        6.531427E+13   1.5415E-06   1.5470E-06   0.99641
FLUX 1033  4610.00        6.503091E+13   1.5306E-06   1.5345E-06   0.99746
FLUX 1034  4630.00        6.475000E+13   1.5170E-06   1.5221E-06   0.99666
FLUX 1035  4650.00        6.447151E+13   1.4627E-06   1.5098E-06   0.96882
FLUX 1036  4670.00        6.419540E+13   1.4623E-06   1.4977E-06   0.97638
FLUX 1037  4690.00        6.392164E+13   1.4791E-06   1.4857E-06   0.99554
FLUX 1038  4710.00        6.365021E+13   1.4704E-06   1.4739E-06   0.99767
FLUX 1039  4730.00        6.338108E+13   1.4597E-06   1.4622E-06   0.99832
FLUX 1040  4750.00        6.311421E+13   1.4476E-06   1.4506E-06   0.99792
FLUX 1041  4770.00        6.284958E+13   1.4364E-06   1.4392E-06   0.99806
FLUX 1042  4790.00        6.258716E+13   1.4258E-06   1.4279E-06   0.99848
FLUX 1043  4810.00        6.232692E+13   1.4142E-06   1.4168E-06   0.99817
FLUX 1044  4830.00        6.206884E+13   1.4037E-06   1.4058E-06   0.99849
FLUX 1045  4850.00        6.181289E+13   1.3924E-06   1.3949E-06   0.99824
FLUX 1046  4870.00        6.155903E+13   1.3817E-06   1.3841E-06   0.99828
FLUX 1047  4890.00        6.130726E+13   1.3713E-06   1.3735E-06   0.99840
FLUX 1048  4910.00        6.105754E+13   1.3604E-06   1.3630E-06   0.99810
FLUX 1049  4930.00        6.080984E+13   1.3503E-06   1.3526E-06   0.99832
FLUX 1050  4950.00        6.056414E+13   1.3395E-06   1.3423E-06   0.99787
FLUX 1051  4970.00        6.032042E+13   1.3296E-06   1.3321E-06   0.99810
FLUX 1052  4990.00        6.007866E+13   1.3204E-06   1.3221E-06   0.99873
FLUX 1053  5010.00        5.983882E+13   1.3098E-06   1.3122E-06   0.99819
FLUX 1054  5030.00        5.960089E+13   1.3004E-06   1.3023E-06   0.99852
FLUX 1055  5050.00        5.936485E+13   1.2904E-06   1.2926E-06   0.99828
FLUX 1056  5070.00        5.913067E+13   1.2811E-06   1.2830E-06   0.99849
FLUX 1057  5090.00        5.889833E+13   1.2711E-06   1.2735E-06   0.99811
FLUX 1058  5110.00        5.866781E+13   1.2592E-06   1.2641E-06   0.99612
FLUX 1059  5130.00        5.843908E+13   1.2257E-06   1.2549E-06   0.97674
FLUX 1060  5150.00        5.821214E+13   1.2426E-06   1.2457E-06   0.99757
FLUX 1061  5170.00        5.798694E+13   1.2347E-06   1.2366E-06   0.99844
FLUX 1062  5190.00        5.776349E+13   1.2261E-06   1.2276E-06   0.99875
FLUX 1063  5210.00        5.754175E+13   1.2165E-06   1.2187E-06   0.99822
FLUX 1064  5230.00        5.732170E+13   1.2079E-06   1.2099E-06   0.99833
FLUX 1065  5250.00        5.710333E+13   1.1998E-06   1.2012E-06   0.99882
FLUX 1066  5270.00        5.688662E+13   1.1909E-06   1.1926E-06   0.99860
FLUX 1067  5290.00        5.667155E+13   1.1827E-06   1.1841E-06   0.99880
FLUX 1068  5310.00        5.645810E+13   1.1744E-06   1.1757E-06   0.99889
FLUX 1069  5330.00        5.624625E+13   1.1661E-06   1.1673E-06   0.99892
FLUX 1070  5350.00        5.603598E+13   1.1578E-06   1.1591E-06   0.99887
FLUX 1071  5370.00        5.582728E+13   1.1477E-06   1.1509E-06   0.99723
FLUX 1072  5390.00        5.562013E+13   1.1409E-06   1.1429E-06   0.99828
FLUX 1073  5410.00        5.541451E+13   1.1339E-06   1.1349E-06   0.99915
FLUX 1074  5430.00        5.521041E+13   1.1249E-06   1.1270E-06   0.99819
FLUX 1075  5450.00        5.500780E+13   1.1181E-06   1.1191E-06   0.99903
FLUX 1076  5470.00        5.480667E+13   1.1090E-06   1.1114E-06   0.99781
FLUX 1077  5490.00        5.460701E+13   1.1024E-06   1.1037E-06   0.99880
FLUX 1078  5510.00        5.440880E+13   1.0949E-06   1.0962E-06   0.99884
FLUX 1079  5530.00        5.421203E+13   1.0855E-06   1.0887E-06   0.99709
FLUX 1080  5550.00        5.401667E+13   1.0803E-06   1.0812E-06   0.99913
FLUX 1081  5570.00        5.382271E+13   1.0731E-06   1.0739E-06   0.99924
FLUX 1082  5590.00        5.363014E+13   1.0639E-06   1.0666E-06   0.99745
FLUX 1083  5610.00        5.343895E+13   1.0586E-06   1.0594E-06   0.99923
FLUX 1084  5630.00        5.324911E+13   1.0511E-06   1.0523E-06   0.99888
FLUX 1085  5650.00        5.306062E+13   1.0448E-06   1.0452E-06   0.99960
FLUX 1086  5670.00        5.287346E+13   1.0377E-06   1.0382E-06   0.99952
FLUX 1087  5690.00        5.268761E+13   1.0301E-06   1.0313E-06   0.99880
FLUX 1088  5710.00        5.250306E+13   1.0204E-06   1.0244E-06   0.99601
FLUX 1089  5730.00        5.231981E+13   1.0170E-06   1.0177E-06   0.99936
FLUX 1090  5750.00        5.213783E+13   1.0105E-06   1.0109E-06   0.99952
FLUX 1091  5770.00        5.195711E+13   1.0037E-06   1.0043E-06   0.99941
FLUX 1092  5790.00        5.177763E+13   9.9690E-07   9.9771E-07   0.99919
FLUX 1093  5810.00        5.159940E+13   9.9062E-07   9.9119E-07   0.99942
FLUX 1094  5830.00        5.142238E+13   9.8444E-07   9.8474E-07   0.99970
FLUX 1095  5850.00        5.124658E+13   9.7828E-07   9.7861E-07   0.99966
FLUX 1096  5870.00        5.107198E+13   9.7155E-07   9.7228E-07   0.99925
FLUX 1097  5890.00        5.089856E+13   9.6268E-07   9.6601E-07   0.99656
FLUX 1098  5910.00        5.072631E+13   9.3812E-07   9.5980E-07   0.97742
FLUX 1099  5930.00        5.055523E+13   9.5221E-07   9.5364E-07   0.99850
FLUX 1100  5950.00        5.038529E+13   9.4005E-07   9.4755E-07   0.99209
FLUX 1101  5970.00        5.021650E+13   9.3920E-07   9.4152E-07   0.99753
FLUX 1102  5990.00        5.004883E+13   9.3495E-07   9.3554E-07   0.99937
FLUX 1103  6010.00        4.988228E+13   9.2864E-07   9.2962E-07   0.99894
FLUX 1104  6030.00        4.971683E+13   9.2348E-07   9.2375E-07   0.99971
FLUX 1105  6050.00        4.955248E+13   9.1774E-07   9.1795E-07   0.99977
FLUX 1106  6070.00        4.938921E+13   9.1158E-07   9.1219E-07   0.99933
FLUX 1107  6090.00        4.922701E+13   9.0556E-07   9.0649E-07   0.99897
FLUX 1108  6110.00        4.906588E+13   8.9906E-07   9.0084E-07   0.99802
FLUX 1109  6130.00        4.890579E+13   8.9478E-07   8.9524E-07   0.99948
FLUX 1110  6150.00        4.874675E+13   8.8949E-07   8.8970E-07   0.99976
FLUX 1111  6170.00        4.858874E+13   8.8392E-07   8.8421E-07   0.99967
FLUX 1112  6190.00        4.843174E+13   8.7833E-07   8.7877E-07   0.99950
FLUX 1113  6210.00        4.827576E+13   8.7322E-07   8.7337E-07   0.99983
FLUX 1114  6230.00        4.812079E+13   8.6639E-07   8.6803E-07   0.99811
FLUX 1115  6250.00        4.796680E+13   8.6213E-07   8.6274E-07   0.99930
FLUX 1116  6270.00        4.781380E+13   8.5638E-07   8.5749E-07   0.99870
FLUX 1117  6290.00        4.766176E+13   8.4434E-07   8.5229E-07   0.99066
FLUX 1118  6310.00        4.751070E+13   8.4505E-07   8.4714E-07   0.99753
FLUX 1119  6330.00        4.736058E+13   8.4179E-07   8.4204E-07   0.99971
FLUX 1120  6350.00        4.721142E+13   8.3671E-07   8.3698E-07   0.99967
FLUX 1121  6370.00        4.706319E+13   8.3163E-07   8.3197E-07   0.99959
FLUX 1122  6390.00        4.691588E+13   8.2663E-07   8.2700E-07   0.99955
FLUX 1123  6420.00        4.669665E+13   8.1950E-07   8.1963E-07   0.99984
FLUX 1124  6460.00        4.640751E+13   8.0947E-07   8.0996E-07   0.99939
FLUX 1125  6500.00        4.612192E+13   7.9982E-07   8.0046E-07   0.99920
FLUX 1126  6540.00        4.583983E+13   7.9101E-07   7.9112E-07   0.99986
FLUX 1127  6580.00        4.556117E+13   7.8182E-07   7.8194E-07   0.99984
FLUX 1128  6620.00        4.528588E+13   7.7267E-07   7.7293E-07   0.99966
FLUX 1129  6660.00        4.501389E+13   7.6397E-07   7.6407E-07   0.99988
FLUX 1130  6700.00        4.474515E+13   7.5511E-07   7.5536E-07   0.99967
FLUX 1131  6740.00        4.447960E+13   7.4616E-07   7.4680E-07   0.99915
FLUX 1132  6780.00        4.421718E+13   7.3347E-07   7.3838E-07   0.99335
FLUX 1133  6820.00        4.395784E+13   7.2990E-07   7.3010E-07   0.99972
FLUX 1134  6860.00        4.370153E+13   7.2174E-07   7.2197E-07   0.99969
FLUX 1135  6900.00        4.344819E+13   7.1369E-07   7.1396E-07   0.99961
FLUX 1136  6940.00        4.319777E+13   7.0571E-07   7.0609E-07   0.99946
FLUX 1137  6980.00        4.295021E+13   6.9816E-07   6.9835E-07   0.99972
FLUX 1138  7020.00        4.270548E+13   6.9024E-07   6.9074E-07   0.99927
FLUX 1139  7060.00        4.246353E+13   6.8300E-07   6.8325E-07   0.99963
FLUX 1140  7100.00        4.222430E+13   6.7580E-07   6.7588E-07   0.99988
FLUX 1141  7140.00        4.198775E+13   6.6846E-07   6.6863E-07   0.99975
FLUX 1142  7180.00        4.175383E+13   6.6127E-07   6.6149E-07   0.99967
FLUX 1143  7220.00        4.152251E+13   6.5397E-07   6.5447E-07   0.99924
FLUX 1144  7260.00        4.129373E+13   6.4723E-07   6.4756E-07   0.99950
FLUX 1145  7300.00        4.106747E+13   6.4070E-07   6.4076E-07   0.99991
FLUX 1146  7340.00        4.084366E+13   6.3373E-07   6.3406E-07   0.99949
FLUX 1147  7380.00        4.062229E+13   6.2738E-07   6.2747E-07   0.99986
FLUX 1148  7420.00        4.040330E+13   6.2062E-07   6.2098E-07   0.99943
FLUX 1149  7460.00        4.018666E+13   6.0666E-07   6.1459E-07   0.98709
FLUX 1150  7500.00        3.997233E+13   5.9779E-07   6.0830E-07   0.98271
FLUX 1151  7540.00        3.976028E+13   6.0155E-07   6.0211E-07   0.99907
FLUX 1152  7580.00        3.955046E+13   5.9589E-07   5.9601E-07   0.99980
FLUX 1153  7620.00        3.934285E+13   5.8990E-07   5.9000E-07   0.99983
FLUX 1154  7660.00        3.913740E+13   5.8402E-07   5.8408E-07   0.99989
FLUX 1155  7700.00        3.893409E+13   5.7806E-07   5.7825E-07   0.99966
FLUX 1156  7740.00        3.873288E+13   5.7245E-07   5.7251E-07   0.99990
FLUX 1157  7780.00        3.853374E+13   5.6649E-07   5.6685E-07   0.99937
FLUX 1158  7820.00        3.833664E+13   5.6126E-07   5.6128E-07   0.99997
FLUX 1159  7860.00        3.814154E+13   5.5577E-07   5.5578E-07   0.99997
FLUX 1160  7900.00        3.794842E+13   5.5035E-07   5.5037E-07   0.99997
FLUX 1161  7940.00        3.775724E+13   5.4500E-07   5.4504E-07   0.99992
FLUX 1162  7980.00        3.756798E+13   5.3973E-07   5.3978E-07   0.99990
FLUX 1163  8020.00        3.738061E+13   5.3445E-07   5.3460E-07   0.99971
FLUX 1164  8060.00        3.719510E+13   5.2931E-07   5.2949E-07   0.99965
FLUX 1165  8100.00        3.701142E+13   5.2442E-07   5.2446E-07   0.99993
FLUX 1166  8140.00        3.682955E+13   5.1863E-07   5.1950E-07   0.99833
FLUX 1167  8180.00        3.664945E+13   5.1428E-07   5.1460E-07   0.99937
FLUX 1168  8220.00        3.647111E+13   5.0974E-07   5.0978E-07   0.99993
FLUX 1169  8260.00        3.629449E+13   5.0497E-07   5.0502E-07   0.99989
FLUX 1170  8300.00        3.611958E+13   5.0028E-07   5.0033E-07   0.99990
FLUX 1171  8340.00        3.594634E+13   4.9544E-07   4.9570E-07   0.99947
FLUX 1172  8380.00        3.577476E+13   4.9092E-07   4.9114E-07   0.99954
FLUX 1173  8420.00        3.560481E+13   4.8655E-07   4.8664E-07   0.99981
FLUX 1174  8460.00        3.543647E+13   4.8216E-07   4.8220E-07   0.99990
FLUX 1175  8500.00        3.526971E+13   4.7781E-07   4.7782E-07   0.99997
FLUX 1176  8540.00        3.510451E+13   4.7345E-07   4.7351E-07   0.99989
FLUX 1177  8580.00        3.494085E+13   4.6919E-07   4.6924E-07   0.99989
FLUX 1178  8620.00        3.477871E+13   4.6495E-07   4.6504E-07   0.99981
FLUX 1179  8660.00        3.461807E+13   4.5975E-07   4.6089E-07   0.99753
FLUX 1180  8700.00        3.445891E+13   4.5679E-07   4.5680E-07   0.99997
FLUX 1181  8740.00        3.430120E+13   4.5071E-07   4.5276E-07   0.99546
FLUX 1182  8780.00        3.414493E+13   4.4679E-07   4.4878E-07   0.99557
FLUX 1183  8820.00        3.399008E+13   4.4469E-07   4.4484E-07   0.99966
FLUX 1184  8860.00        3.383663E+13   4.4083E-07   4.4096E-07   0.99969
FLUX 1185  8900.00        3.368455E+13   4.3700E-07   4.3713E-07   0.99970
FLUX 1186  8940.00        3.353384E+13   4.3327E-07   4.3335E-07   0.99982
FLUX 1187  8980.00        3.338447E+13   4.2939E-07   4.2962E-07   0.99948
FLUX 1188  9020.00        3.323642E+13   4.2580E-07   4.2593E-07   0.99970
FLUX 1189  9060.00        3.308968E+13   4.2229E-07   4.2229E-07   0.99998
FLUX 1190  9100.00        3.294423E+13   4.1852E-07   4.1870E-07   0.99958
FLUX 1191  9140.00        3.280005E+13   4.1501E-07   4.1516E-07   0.99964
FLUX 1192  9180.00        3.265714E+13   4.1161E-07   4.1166E-07   0.99990
FLUX 1193  9220.00        3.251546E+13   4.0819E-07   4.0820E-07   0.99998
FLUX 1194  9260.00        3.237500E+13   4.0475E-07   4.0479E-07   0.99991
FLUX 1195  9300.00        3.223575E+13   4.0141E-07   4.0141E-07   0.99998
FLUX 1196  9340.00        3.209770E+13   3.9804E-07   3.9809E-07   0.99989
FLUX 1197  9380.00        3.196082E+13   3.9331E-07   3.9480E-07   0.99624
FLUX 1198  9420.00        3.182511E+13   3.9137E-07   3.9155E-07   0.99953
FLUX 1199  9460.00        3.169054E+13   3.8831E-07   3.8834E-07   0.99991
FLUX 1200  9500.00        3.155711E+13   3.8514E-07   3.8517E-07   0.99991
FLUX 1201  9540.00        3.142479E+13   3.8191E-07   3.8204E-07   0.99966
FLUX 1202  9580.00        3.129358E+13   3.7892E-07   3.7895E-07   0.99992
FLUX 1203  9620.00        3.116346E+13   3.7580E-07   3.7590E-07   0.99975
FLUX 1204  9660.00        3.103442E+13   3.7285E-07   3.7288E-07   0.99993
FLUX 1205  9700.00        3.090644E+13   3.6989E-07   3.6990E-07   0.99998
FLUX 1206  9740.00        3.077952E+13   3.6676E-07   3.6695E-07   0.99948
FLUX 1207  9780.00        3.065363E+13   3.6393E-07   3.6404E-07   0.99970
FLUX 1208  9820.00        3.052877E+13   3.6110E-07   3.6116E-07   0.99982
FLUX 1209  9860.00        3.040492E+13   3.5828E-07   3.5832E-07   0.99990
FLUX 1210  9900.00        3.028207E+13   3.5550E-07   3.5551E-07   0.99997
FLUX 1211  9940.00        3.016021E+13   3.5265E-07   3.5273E-07   0.99977
FLUX 1212  9980.00        3.003933E+13   3.4994E-07   3.4999E-07   0.99985
FLUX 1213 10020.00        2.991941E+13   3.4722E-07   3.4727E-07   0.99985
FLUX 1214 20000.00        1.498963E+13   8.9207E-08   8.9209E-08   0.99998
FLUX 1215 40000.00        7.494813E+12   2.2329E-08   2.2329E-08   0.99999
FLUX 1216 60000.00        4.996542E+12   9.8623E-09   9.8623E-09   1.00000
FLUX 1217 80000.00        3.747406E+12   5.5115E-09   5.5115E-09   1.00000
FLUX 1218100000.00        2.997925E+12   3.5064E-09   3.5064E-09   1.00000
FLUX 1219120000.00        2.498271E+12   2.4222E-09   2.4222E-09   1.00000
FLUX 1220140000.00        2.141375E+12   1.7712E-09   1.7712E-09   1.00000
FLUX 1221160000.00        1.873703E+12   1.3504E-09   1.3504E-09   1.00000
FLUX
