TEFF  20000.  GRAVITY 4.00000 LTE 
TITLE  [0.0] VTURB=2  L/H=1.25 NOVER NEW ODF                                    
FLUX    1     9.09        3.298047E+16   1.0000E-50   0.0000E+00   1.00000
FLUX    2     9.35        3.206337E+16   1.0000E-50   0.0000E+00   1.00000
FLUX    3     9.61        3.119589E+16   1.0000E-50   0.0000E+00   1.00000
FLUX    4     9.77        3.068501E+16   1.0000E-50   0.0000E+00   1.00000
FLUX    5     9.96        3.009965E+16   1.0000E-50   0.0000E+00   1.00000
FLUX    6    10.20        2.939142E+16   1.0000E-50   0.0000E+00   1.00000
FLUX    7    10.38        2.888174E+16   1.0000E-50   0.0000E+00   1.00000
FLUX    8    10.56        2.838944E+16   1.0000E-50   0.0000E+00   1.00000
FLUX    9    10.77        2.783589E+16   1.0000E-50   0.0000E+00   1.00000
FLUX   10    11.04        2.715512E+16   1.0000E-50   0.0000E+00   1.00000
FLUX   11    11.40        2.629759E+16   1.0000E-50   0.0000E+00   1.00000
FLUX   12    11.78        2.544928E+16   1.0000E-50   0.0000E+00   1.00000
FLUX   13    12.13        2.471496E+16   1.0000E-50   0.0000E+00   1.00000
FLUX   14    12.48        2.402183E+16   1.0000E-50   0.0000E+00   1.00000
FLUX   15    12.71        2.358714E+16   1.0000E-50   0.0000E+00   1.00000
FLUX   16    12.84        2.334833E+16   1.0000E-50   0.0000E+00   1.00000
FLUX   17    13.05        2.297261E+16   1.0000E-50   0.0000E+00   1.00000
FLUX   18    13.24        2.264294E+16   1.0000E-50   0.0000E+00   1.00000
FLUX   19    13.39        2.238928E+16   1.9772E-38   1.9823E-38   0.99744
FLUX   20    13.66        2.194674E+16   1.7297E-37   1.7341E-37   0.99746
FLUX   21    13.98        2.144438E+16   1.0797E-36   1.0824E-36   0.99753
FLUX   22    14.33        2.092062E+16   6.9904E-36   7.0072E-36   0.99760
FLUX   23    14.72        2.036634E+16   5.0246E-35   5.0364E-35   0.99765
FLUX   24    15.10        1.985381E+16   3.1236E-34   3.1308E-34   0.99772
FLUX   25    15.52        1.931653E+16   2.1293E-33   2.1340E-33   0.99778
FLUX   26    15.88        1.887862E+16   1.0206E-32   1.0228E-32   0.99785
FLUX   27    16.20        1.850571E+16   3.8901E-32   3.8983E-32   0.99789
FLUX   28    16.60        1.805979E+16   1.9342E-31   1.9378E-31   0.99816
FLUX   29    17.03        1.760379E+16   1.0012E-30   1.0030E-30   0.99822
FLUX   30    17.34        1.728907E+16   3.1268E-30   3.1269E-30   0.99997
FLUX   31    17.68        1.695659E+16   1.0422E-29   1.0422E-29   0.99997
FLUX   32    18.02        1.663665E+16   3.3282E-29   3.3283E-29   0.99997
FLUX   33    18.17        1.649931E+16   5.4814E-29   5.4830E-29   0.99970
FLUX   34    18.61        1.610922E+16   2.2715E-28   2.2722E-28   0.99966
FLUX   35    19.10        1.569594E+16   1.0292E-27   1.0293E-27   0.99997
FLUX   36    19.39        1.546119E+16   2.4306E-27   2.4307E-27   0.99997
FLUX   37    19.84        1.511051E+16   8.8059E-27   8.8061E-27   0.99997
FLUX   38    20.18        1.485592E+16   2.2491E-26   2.2491E-26   0.99998
FLUX   39    20.50        1.462402E+16   5.2945E-26   5.2946E-26   0.99997
FLUX   40    21.05        1.424192E+16   2.1755E-25   2.1756E-25   0.99998
FLUX   41    21.62        1.386644E+16   8.7622E-25   8.7623E-25   0.99998
FLUX   42    21.98        1.363933E+16   2.0395E-24   2.0395E-24   0.99998
FLUX   43    22.30        1.344361E+16   4.2272E-24   4.2273E-24   0.99998
FLUX   44    22.68        1.321836E+16   9.7969E-24   9.7976E-24   0.99992
FLUX   45    23.00        1.303446E+16   8.0741E-23   9.7435E-23   0.82867
FLUX   46    23.40        1.281165E+16   2.1418E-22   2.1776E-22   0.98354
FLUX   47    24.00        1.249135E+16   6.8817E-22   6.9327E-22   0.99264
FLUX   48    24.65        1.216197E+16   2.2713E-21   2.2860E-21   0.99358
FLUX   49    25.24        1.187767E+16   6.4115E-21   6.4124E-21   0.99985
FLUX   50    25.68        1.167416E+16   1.3187E-20   1.3430E-20   0.98189
FLUX   51    26.00        1.153048E+16   2.2721E-20   2.2723E-20   0.99989
FLUX   52    26.40        1.135578E+16   4.2883E-20   4.2898E-20   0.99967
FLUX   53    26.85        1.116546E+16   8.5545E-20   8.5565E-20   0.99977
FLUX   54    27.35        1.096133E+16   1.7921E-19   1.7945E-19   0.99865
FLUX   55    27.85        1.076454E+16   3.6745E-19   3.6750E-19   0.99986
FLUX   56    28.40        1.055607E+16   7.8919E-19   7.8927E-19   0.99989
FLUX   57    29.00        1.033767E+16   1.7459E-18   1.7467E-18   0.99954
FLUX   58    29.60        1.012813E+16   3.7357E-18   3.7371E-18   0.99961
FLUX   59    30.10        9.959884E+15   6.8901E-18   6.8994E-18   0.99865
FLUX   60    30.80        9.733523E+15   1.5547E-17   1.5840E-17   0.98148
FLUX   61    31.80        9.427437E+15   4.8206E-17   4.8244E-17   0.99920
FLUX   62    32.80        9.140015E+15   1.3592E-16   1.3738E-16   0.98933
FLUX   63    33.80        8.869601E+15   3.6738E-16   3.6743E-16   0.99986
FLUX   64    34.80        8.614727E+15   9.2901E-16   9.2951E-16   0.99946
FLUX   65    35.70        8.397549E+15   2.1070E-15   2.1316E-15   0.98849
FLUX   66    36.60        8.191052E+15   4.5057E-15   4.5155E-15   0.99782
FLUX   67    37.50        7.994467E+15   9.1156E-15   9.1970E-15   0.99115
FLUX   68    38.50        7.786818E+15   1.9364E-14   1.9497E-14   0.99318
FLUX   69    39.50        7.589684E+15   3.9489E-14   3.9793E-14   0.99235
FLUX   70    40.50        7.402284E+15   7.7718E-14   7.8278E-14   0.99285
FLUX   71    41.40        7.241365E+15   1.3938E-13   1.3993E-13   0.99613
FLUX   72    42.20        7.104088E+15   2.2758E-13   2.3012E-13   0.98896
FLUX   73    43.00        6.971919E+15   3.6586E-13   3.7031E-13   0.98801
FLUX   74    44.10        6.798016E+15   6.8658E-13   6.9211E-13   0.99201
FLUX   75    45.10        6.647284E+15   1.1821E-12   1.1891E-12   0.99416
FLUX   76    46.00        6.517228E+15   1.8805E-12   1.8954E-12   0.99218
FLUX   77    47.00        6.378564E+15   3.0987E-12   3.1144E-12   0.99496
FLUX   78    48.00        6.245677E+15   4.9803E-12   5.0076E-12   0.99455
FLUX   79    49.00        6.118214E+15   7.8727E-12   7.8958E-12   0.99708
FLUX   80    50.00        5.995850E+15   1.2195E-11   1.2208E-11   0.99893
FLUX   81    50.60        5.924753E+15   9.6021E-11   1.9031E-10   0.50456
FLUX   82    51.20        5.855322E+15   6.2564E-10   8.4512E-10   0.74030
FLUX   83    52.00        5.765240E+15   8.2303E-10   1.0739E-09   0.76638
FLUX   84    53.00        5.656462E+15   1.2122E-09   1.4341E-09   0.84530
FLUX   85    54.00        5.551713E+15   1.4591E-09   1.8945E-09   0.77020
FLUX   86    55.00        5.450773E+15   2.2884E-09   2.4779E-09   0.92355
FLUX   87    56.00        5.353438E+15   2.9218E-09   3.2093E-09   0.91041
FLUX   88    57.00        5.259518E+15   3.9594E-09   4.1184E-09   0.96138
FLUX   89    58.00        5.168836E+15   4.1946E-09   5.3414E-09   0.78530
FLUX   90    59.00        5.081229E+15   6.0449E-09   6.7280E-09   0.89847
FLUX   91    60.00        4.996542E+15   7.9205E-09   8.4078E-09   0.94204
FLUX   92    61.00        4.914631E+15   1.0310E-08   1.0428E-08   0.98865
FLUX   93    62.00        4.835363E+15   1.2477E-08   1.2841E-08   0.97161
FLUX   94    63.00        4.758611E+15   1.5318E-08   1.5705E-08   0.97535
FLUX   95    64.00        4.684258E+15   1.7342E-08   1.9089E-08   0.90847
FLUX   96    65.00        4.612192E+15   1.7617E-08   2.3059E-08   0.76399
FLUX   97    65.80        4.556117E+15   2.5231E-08   2.6707E-08   0.94471
FLUX   98    66.50        4.508158E+15   2.8869E-08   3.0279E-08   0.95346
FLUX   99    67.50        4.441370E+15   3.3468E-08   3.6055E-08   0.92823
FLUX  100    68.50        4.376533E+15   3.8881E-08   4.2706E-08   0.91043
FLUX  101    69.50        4.313561E+15   4.8989E-08   5.0328E-08   0.97340
FLUX  102    70.50        4.252376E+15   5.6178E-08   5.9022E-08   0.95182
FLUX  103    71.60        4.187046E+15   6.7143E-08   6.9952E-08   0.95985
FLUX  104    72.60        4.129373E+15   7.6763E-08   8.1253E-08   0.94473
FLUX  105    73.50        4.078810E+15   8.6458E-08   9.2646E-08   0.93321
FLUX  106    74.50        4.024060E+15   1.0289E-07   1.0678E-07   0.96364
FLUX  107    75.50        3.970762E+15   1.1877E-07   1.2258E-07   0.96891
FLUX  108    76.50        3.918856E+15   1.3661E-07   1.4022E-07   0.97426
FLUX  109    77.50        3.868290E+15   1.5695E-07   1.5977E-07   0.98239
FLUX  110    78.50        3.819013E+15   1.7901E-07   1.8140E-07   0.98683
FLUX  111    79.50        3.770975E+15   1.9930E-07   2.0526E-07   0.97096
FLUX  112    80.50        3.724130E+15   2.2329E-07   2.3151E-07   0.96452
FLUX  113    81.50        3.678436E+15   2.4795E-07   2.6029E-07   0.95262
FLUX  114    82.50        3.633848E+15   2.8298E-07   2.9177E-07   0.96987
FLUX  115    83.50        3.590329E+15   2.9952E-07   3.2611E-07   0.91845
FLUX  116    84.50        3.547840E+15   3.4027E-07   3.6347E-07   0.93618
FLUX  117    85.50        3.506345E+15   3.7687E-07   4.0401E-07   0.93283
FLUX  118    86.50        3.465809E+15   4.2188E-07   4.4786E-07   0.94199
FLUX  119    87.50        3.426200E+15   4.7331E-07   4.9522E-07   0.95575
FLUX  120    88.50        3.387486E+15   5.3264E-07   5.4625E-07   0.97509
FLUX  121    89.50        3.349637E+15   5.8640E-07   6.0111E-07   0.97552
FLUX  122    90.50        3.312624E+15   6.1578E-07   6.5996E-07   0.93305
FLUX  123    91.50        3.276421E+15   1.0603E-06   4.8515E-04   0.00219
FLUX  124    92.50        3.241000E+15   5.7720E-06   4.8590E-04   0.01188
FLUX  125    93.50        3.206337E+15   1.8962E-05   4.8559E-04   0.03905
FLUX  126    94.50        3.172407E+15   6.3116E-05   4.8481E-04   0.13019
FLUX  127    95.50        3.139188E+15   1.1710E-04   4.8381E-04   0.24204
FLUX  128    96.50        3.106658E+15   1.5526E-04   4.8251E-04   0.32177
FLUX  129    97.50        3.074795E+15   2.3420E-05   4.8099E-04   0.04869
FLUX  130    98.50        3.043579E+15   1.7251E-04   4.7979E-04   0.35955
FLUX  131    99.50        3.012990E+15   1.7860E-04   4.7810E-04   0.37355
FLUX  132   100.50        2.983010E+15   2.2603E-04   4.7614E-04   0.47472
FLUX  133   101.50        2.953621E+15   2.1227E-04   4.7376E-04   0.44806
FLUX  134   102.50        2.924805E+15   5.5065E-05   4.7406E-04   0.11615
FLUX  135   103.50        2.896546E+15   1.4014E-04   4.7319E-04   0.29616
FLUX  136   104.50        2.868828E+15   2.9971E-04   4.7213E-04   0.63481
FLUX  137   105.50        2.841635E+15   2.9108E-04   4.7105E-04   0.61794
FLUX  138   106.50        2.814953E+15   2.3215E-04   4.7021E-04   0.49372
FLUX  139   107.50        2.788767E+15   2.9026E-04   4.6959E-04   0.61812
FLUX  140   108.50        2.763065E+15   2.5553E-04   4.6901E-04   0.54483
FLUX  141   109.50        2.737831E+15   3.0483E-04   4.6832E-04   0.65091
FLUX  142   110.50        2.713054E+15   2.6913E-04   4.7869E-04   0.56223
FLUX  143   111.50        2.688722E+15   2.5576E-04   4.7760E-04   0.53550
FLUX  144   112.50        2.664822E+15   2.3438E-04   4.7634E-04   0.49204
FLUX  145   113.50        2.641344E+15   3.1182E-04   4.7537E-04   0.65596
FLUX  146   114.50        2.618275E+15   2.7590E-04   4.7387E-04   0.58224
FLUX  147   115.50        2.595606E+15   2.9904E-04   4.7228E-04   0.63318
FLUX  148   116.50        2.573326E+15   3.1319E-04   4.7061E-04   0.66550
FLUX  149   117.50        2.551426E+15   2.1800E-04   4.6910E-04   0.46471
FLUX  150   118.50        2.529895E+15   3.2484E-04   4.6787E-04   0.69430
FLUX  151   119.50        2.508724E+15   2.4364E-04   4.6620E-04   0.52260
FLUX  152   120.50        2.487905E+15   1.3359E-04   4.6450E-04   0.28760
FLUX  153   121.50        2.467428E+15   6.6936E-05   4.6280E-04   0.14463
FLUX  154   122.50        2.447286E+15   2.1903E-04   4.6178E-04   0.47432
FLUX  155   123.50        2.427470E+15   3.3140E-04   4.6006E-04   0.72036
FLUX  156   124.50        2.407972E+15   3.4747E-04   4.5913E-04   0.75679
FLUX  157   125.50        2.388785E+15   3.4368E-04   4.5788E-04   0.75059
FLUX  158   126.50        2.369901E+15   3.2696E-04   4.5636E-04   0.71645
FLUX  159   127.50        2.351314E+15   3.5375E-04   4.5471E-04   0.77798
FLUX  160   128.50        2.333016E+15   3.6487E-04   4.5303E-04   0.80541
FLUX  161   129.50        2.315000E+15   2.3545E-04   4.5132E-04   0.52170
FLUX  162   130.50        2.297261E+15   2.3300E-04   4.4960E-04   0.51825
FLUX  163   131.50        2.279791E+15   3.6035E-04   4.4788E-04   0.80456
FLUX  164   132.50        2.262585E+15   3.4091E-04   4.4619E-04   0.76405
FLUX  165   133.50        2.245637E+15   3.0649E-04   4.4449E-04   0.68953
FLUX  166   134.50        2.228941E+15   3.5635E-04   4.4279E-04   0.80479
FLUX  167   135.50        2.212491E+15   3.5015E-04   4.4109E-04   0.79383
FLUX  168   136.50        2.196282E+15   3.1548E-04   4.3939E-04   0.71799
FLUX  169   137.50        2.180309E+15   3.2165E-04   4.3770E-04   0.73487
FLUX  170   138.50        2.164567E+15   3.2858E-04   4.3601E-04   0.75360
FLUX  171   139.50        2.149050E+15   2.7842E-04   4.3432E-04   0.64104
FLUX  172   140.50        2.133754E+15   2.9965E-04   4.3264E-04   0.69260
FLUX  173   141.50        2.118675E+15   3.0410E-04   4.3097E-04   0.70562
FLUX  174   142.50        2.103807E+15   3.1527E-04   4.2934E-04   0.73432
FLUX  175   143.50        2.089146E+15   3.2274E-04   4.2768E-04   0.75462
FLUX  176   144.20        2.079005E+15   3.3778E-04   4.2652E-04   0.79195
FLUX  177   144.70        2.071821E+15   3.3368E-04   4.2580E-04   0.78366
FLUX  178   145.50        2.060430E+15   3.2882E-04   4.2448E-04   0.77464
FLUX  179   146.50        2.046365E+15   3.0813E-04   4.2283E-04   0.72875
FLUX  180   147.50        2.032492E+15   3.1396E-04   4.2118E-04   0.74542
FLUX  181   148.50        2.018805E+15   3.1200E-04   4.1953E-04   0.74368
FLUX  182   149.50        2.005301E+15   3.1356E-04   4.1790E-04   0.75033
FLUX  183   150.50        1.991977E+15   2.9166E-04   4.1627E-04   0.70067
FLUX  184   151.20        1.982755E+15   2.6205E-04   4.1513E-04   0.63126
FLUX  185   151.70        1.976220E+15   2.7652E-04   4.1431E-04   0.66742
FLUX  186   152.50        1.965852E+15   2.8817E-04   4.1302E-04   0.69772
FLUX  187   153.50        1.953046E+15   2.5662E-04   4.1141E-04   0.62376
FLUX  188   154.50        1.940405E+15   2.6451E-04   4.0980E-04   0.64546
FLUX  189   155.50        1.927926E+15   2.5557E-04   4.0820E-04   0.62608
FLUX  190   156.50        1.915607E+15   2.6854E-04   4.0661E-04   0.66044
FLUX  191   157.50        1.903444E+15   2.8753E-04   4.0502E-04   0.70992
FLUX  192   158.50        1.891435E+15   2.9281E-04   4.0344E-04   0.72580
FLUX  193   159.50        1.879577E+15   2.9749E-04   4.0186E-04   0.74028
FLUX  194   160.50        1.867866E+15   2.9987E-04   4.0029E-04   0.74912
FLUX  195   161.50        1.856300E+15   3.0237E-04   3.9873E-04   0.75833
FLUX  196   162.50        1.844877E+15   2.9366E-04   3.9718E-04   0.73938
FLUX  197   163.50        1.833593E+15   3.1342E-04   3.9563E-04   0.79221
FLUX  198   164.50        1.822447E+15   3.1481E-04   3.9408E-04   0.79884
FLUX  199   165.50        1.811435E+15   3.0193E-04   3.9255E-04   0.76915
FLUX  200   166.50        1.800556E+15   3.2641E-04   3.9103E-04   0.83475
FLUX  201   167.20        1.793017E+15   3.1512E-04   3.8997E-04   0.80805
FLUX  202   167.70        1.787671E+15   3.2695E-04   3.8922E-04   0.84001
FLUX  203   168.50        1.779184E+15   3.3221E-04   3.8802E-04   0.85618
FLUX  204   169.50        1.768687E+15   3.1662E-04   3.8652E-04   0.81916
FLUX  205   170.50        1.758314E+15   3.0562E-04   3.8503E-04   0.79375
FLUX  206   171.50        1.748061E+15   2.9112E-04   3.8355E-04   0.75902
FLUX  207   172.50        1.737928E+15   2.9115E-04   3.8208E-04   0.76201
FLUX  208   173.50        1.727911E+15   3.0986E-04   3.8061E-04   0.81413
FLUX  209   174.50        1.718009E+15   3.0121E-04   3.7915E-04   0.79444
FLUX  210   175.50        1.708219E+15   3.1373E-04   3.7770E-04   0.83065
FLUX  211   176.50        1.698541E+15   2.9811E-04   3.7625E-04   0.79233
FLUX  212   177.50        1.688972E+15   2.9694E-04   3.7481E-04   0.79226
FLUX  213   178.50        1.679510E+15   3.0418E-04   3.7337E-04   0.81467
FLUX  214   179.50        1.670153E+15   3.2044E-04   3.7194E-04   0.86153
FLUX  215   180.50        1.660900E+15   3.2495E-04   3.7052E-04   0.87702
FLUX  216   181.50        1.651749E+15   2.9288E-04   3.6911E-04   0.79347
FLUX  217   182.50        1.642699E+15   3.1002E-04   3.6770E-04   0.84313
FLUX  218   183.50        1.633747E+15   2.9858E-04   3.6632E-04   0.81509
FLUX  219   184.50        1.624892E+15   2.7724E-04   3.6495E-04   0.75967
FLUX  220   185.50        1.616132E+15   2.7126E-04   3.6358E-04   0.74608
FLUX  221   186.50        1.607466E+15   2.8028E-04   3.6222E-04   0.77376
FLUX  222   187.50        1.598893E+15   3.0816E-04   3.6087E-04   0.85393
FLUX  223   188.50        1.590411E+15   2.7759E-04   3.5953E-04   0.77208
FLUX  224   189.50        1.582018E+15   2.6151E-04   3.5819E-04   0.73009
FLUX  225   190.50        1.573714E+15   2.8835E-04   3.5686E-04   0.80803
FLUX  226   191.50        1.565496E+15   2.7128E-04   3.5561E-04   0.76286
FLUX  227   192.50        1.557364E+15   2.6497E-04   3.5429E-04   0.74790
FLUX  228   193.50        1.549315E+15   2.8129E-04   3.5298E-04   0.79688
FLUX  229   194.50        1.541350E+15   2.8825E-04   3.5168E-04   0.81963
FLUX  230   195.50        1.533465E+15   2.6646E-04   3.5039E-04   0.76045
FLUX  231   196.70        1.524110E+15   2.9422E-04   3.4890E-04   0.84329
FLUX  232   197.60        1.517169E+15   3.0790E-04   3.4778E-04   0.88532
FLUX  233   198.40        1.511051E+15   2.8723E-04   3.4681E-04   0.82821
FLUX  234   199.50        1.502719E+15   2.8330E-04   3.4546E-04   0.82009
FLUX  235   200.50        1.495224E+15   2.9668E-04   3.4423E-04   0.86186
FLUX  236   201.50        1.487804E+15   2.8997E-04   3.4301E-04   0.84537
FLUX  237   202.50        1.480457E+15   3.0876E-04   3.4180E-04   0.90335
FLUX  238   203.50        1.473182E+15   2.8445E-04   3.4059E-04   0.83517
FLUX  239   204.50        1.465978E+15   2.9312E-04   3.3938E-04   0.86367
FLUX  240   205.50        1.458844E+15   2.8565E-04   3.3819E-04   0.84465
FLUX  241   206.50        1.451780E+15   2.9110E-04   3.3700E-04   0.86381
FLUX  242   207.40        1.445480E+15   3.0857E-04   3.3593E-04   0.91855
FLUX  243   207.80        1.442697E+15   2.8127E-04   3.3546E-04   0.83845
FLUX  244   208.50        1.437854E+15   2.9776E-04   3.3464E-04   0.88979
FLUX  245   209.50        1.430990E+15   2.8270E-04   3.3346E-04   0.84777
FLUX  246   210.50        1.424192E+15   2.9268E-04   3.3230E-04   0.88077
FLUX  247   211.50        1.417459E+15   2.9555E-04   3.3114E-04   0.89254
FLUX  248   212.50        1.410788E+15   3.0250E-04   3.2998E-04   0.91672
FLUX  249   213.50        1.404180E+15   2.9604E-04   3.2883E-04   0.90028
FLUX  250   214.50        1.397634E+15   2.8690E-04   3.2769E-04   0.87552
FLUX  251   215.50        1.391148E+15   3.0138E-04   3.2655E-04   0.92293
FLUX  252   216.50        1.384723E+15   2.9998E-04   3.2541E-04   0.92184
FLUX  253   217.50        1.378356E+15   2.9902E-04   3.2429E-04   0.92208
FLUX  254   218.50        1.372048E+15   2.9176E-04   3.2316E-04   0.90282
FLUX  255   219.50        1.365797E+15   3.0026E-04   3.2205E-04   0.93236
FLUX  256   220.50        1.359603E+15   2.9720E-04   3.2094E-04   0.92602
FLUX  257   221.50        1.353465E+15   2.9282E-04   3.1984E-04   0.91553
FLUX  258   222.50        1.347382E+15   2.8567E-04   3.1874E-04   0.89624
FLUX  259   223.50        1.341353E+15   2.9298E-04   3.1765E-04   0.92235
FLUX  260   224.50        1.335379E+15   2.9384E-04   3.1656E-04   0.92821
FLUX  261   225.50        1.329457E+15   2.8463E-04   3.1548E-04   0.90221
FLUX  262   226.50        1.323587E+15   2.9337E-04   3.1441E-04   0.93310
FLUX  263   227.50        1.317769E+15   2.9401E-04   3.1334E-04   0.93832
FLUX  264   228.50        1.312002E+15   2.9764E-04   3.1228E-04   0.95314
FLUX  265   229.50        1.306285E+15   2.8539E-04   3.1122E-04   0.91701
FLUX  266   230.50        1.300618E+15   2.8953E-04   3.1017E-04   0.93346
FLUX  267   231.50        1.295000E+15   2.8232E-04   3.0912E-04   0.91330
FLUX  268   232.50        1.289430E+15   2.8090E-04   3.0808E-04   0.91177
FLUX  269   233.50        1.283908E+15   2.7169E-04   3.0705E-04   0.88485
FLUX  270   234.50        1.278433E+15   2.7175E-04   3.0602E-04   0.88803
FLUX  271   235.50        1.273004E+15   2.7701E-04   3.0499E-04   0.90824
FLUX  272   236.50        1.267622E+15   2.7191E-04   3.0397E-04   0.89451
FLUX  273   237.50        1.262284E+15   2.7361E-04   3.0296E-04   0.90314
FLUX  274   238.50        1.256992E+15   2.6892E-04   3.0195E-04   0.89063
FLUX  275   239.50        1.251743E+15   2.7675E-04   3.0094E-04   0.91960
FLUX  276   240.50        1.246538E+15   2.6863E-04   2.9995E-04   0.89561
FLUX  277   241.50        1.241377E+15   2.7198E-04   2.9895E-04   0.90978
FLUX  278   242.50        1.236258E+15   2.7589E-04   2.9796E-04   0.92593
FLUX  279   243.50        1.231181E+15   2.6727E-04   2.9698E-04   0.89996
FLUX  280   244.50        1.226145E+15   2.7368E-04   2.9600E-04   0.92459
FLUX  281   245.50        1.221151E+15   2.7483E-04   2.9503E-04   0.93154
FLUX  282   246.50        1.216197E+15   2.7105E-04   2.9406E-04   0.92173
FLUX  283   247.50        1.211283E+15   2.6833E-04   2.9310E-04   0.91550
FLUX  284   248.50        1.206408E+15   2.7339E-04   2.9214E-04   0.93582
FLUX  285   249.50        1.201573E+15   2.6391E-04   2.9119E-04   0.90631
FLUX  286   250.50        1.196776E+15   2.7318E-04   2.9025E-04   0.94120
FLUX  287   251.30        1.192967E+15   2.6069E-04   2.8949E-04   0.90050
FLUX  288   251.80        1.190598E+15   2.7112E-04   2.8902E-04   0.93805
FLUX  289   252.50        1.187297E+15   2.6368E-04   2.8837E-04   0.91439
FLUX  290   253.50        1.182613E+15   2.6264E-04   2.8745E-04   0.91371
FLUX  291   254.50        1.177967E+15   2.5774E-04   2.8653E-04   0.89954
FLUX  292   255.50        1.173356E+15   2.6627E-04   2.8562E-04   0.93224
FLUX  293   256.50        1.168782E+15   2.6429E-04   2.8471E-04   0.92826
FLUX  294   257.50        1.164243E+15   2.6981E-04   2.8381E-04   0.95067
FLUX  295   258.50        1.159739E+15   2.7041E-04   2.8291E-04   0.95580
FLUX  296   259.50        1.155270E+15   2.7025E-04   2.8202E-04   0.95826
FLUX  297   260.50        1.150835E+15   2.6870E-04   2.8378E-04   0.94688
FLUX  298   261.50        1.146434E+15   2.6824E-04   2.8286E-04   0.94834
FLUX  299   262.50        1.142067E+15   2.6783E-04   2.8194E-04   0.94996
FLUX  300   263.50        1.137732E+15   2.6826E-04   2.8103E-04   0.95457
FLUX  301   264.50        1.133431E+15   2.7267E-04   2.8012E-04   0.97340
FLUX  302   265.50        1.129162E+15   2.7288E-04   2.7922E-04   0.97730
FLUX  303   266.50        1.124925E+15   2.6598E-04   2.7833E-04   0.95564
FLUX  304   267.50        1.120720E+15   2.7000E-04   2.7743E-04   0.97320
FLUX  305   268.50        1.116546E+15   2.6985E-04   2.7655E-04   0.97578
FLUX  306   269.50        1.112403E+15   2.6467E-04   2.7566E-04   0.96013
FLUX  307   270.50        1.108290E+15   2.6566E-04   2.7479E-04   0.96679
FLUX  308   271.50        1.104208E+15   2.6389E-04   2.7391E-04   0.96341
FLUX  309   272.50        1.100156E+15   2.6191E-04   2.7305E-04   0.95923
FLUX  310   273.50        1.096133E+15   2.6604E-04   2.7218E-04   0.97743
FLUX  311   274.50        1.092140E+15   2.5620E-04   2.7132E-04   0.94429
FLUX  312   275.50        1.088176E+15   2.5763E-04   2.7046E-04   0.95255
FLUX  313   276.50        1.084241E+15   2.5889E-04   2.6961E-04   0.96021
FLUX  314   277.50        1.080333E+15   2.6359E-04   2.6877E-04   0.98073
FLUX  315   278.50        1.076454E+15   2.6195E-04   2.6792E-04   0.97772
FLUX  316   279.50        1.072603E+15   2.5353E-04   2.6709E-04   0.94923
FLUX  317   280.50        1.068779E+15   2.5965E-04   2.6625E-04   0.97520
FLUX  318   281.50        1.064982E+15   2.6174E-04   2.6542E-04   0.98611
FLUX  319   282.50        1.061212E+15   2.5904E-04   2.6460E-04   0.97897
FLUX  320   283.50        1.057469E+15   2.5094E-04   2.6378E-04   0.95133
FLUX  321   284.50        1.053752E+15   2.5388E-04   2.6296E-04   0.96545
FLUX  322   285.50        1.050061E+15   2.5501E-04   2.6215E-04   0.97276
FLUX  323   286.50        1.046396E+15   2.5831E-04   2.6135E-04   0.98840
FLUX  324   287.50        1.042757E+15   2.5602E-04   2.6054E-04   0.98263
FLUX  325   288.50        1.039142E+15   2.5598E-04   2.5974E-04   0.98551
FLUX  326   289.50        1.035553E+15   2.5522E-04   2.5895E-04   0.98560
FLUX  327   291.00        1.030215E+15   2.5487E-04   2.5776E-04   0.98878
FLUX  328   293.00        1.023183E+15   2.5245E-04   2.5620E-04   0.98538
FLUX  329   295.00        1.016246E+15   2.4931E-04   2.5465E-04   0.97902
FLUX  330   297.00        1.009402E+15   2.5027E-04   2.5311E-04   0.98874
FLUX  331   299.00        1.002651E+15   2.4790E-04   2.5160E-04   0.98532
FLUX  332   301.00        9.959884E+14   2.4689E-04   2.5009E-04   0.98718
FLUX  333   303.00        9.894142E+14   2.4772E-04   2.4860E-04   0.99645
FLUX  334   305.00        9.829262E+14   2.4595E-04   2.4713E-04   0.99524
FLUX  335   307.00        9.765228E+14   2.4459E-04   2.4567E-04   0.99563
FLUX  336   309.00        9.702023E+14   2.4221E-04   2.4422E-04   0.99175
FLUX  337   311.00        9.639630E+14   2.4138E-04   2.4279E-04   0.99423
FLUX  338   313.00        9.578035E+14   2.4051E-04   2.4168E-04   0.99515
FLUX  339   315.00        9.517222E+14   2.3917E-04   2.4027E-04   0.99545
FLUX  340   317.00        9.457177E+14   2.3700E-04   2.3887E-04   0.99215
FLUX  341   319.00        9.397884E+14   2.3368E-04   2.3749E-04   0.98395
FLUX  342   321.00        9.339330E+14   2.3467E-04   2.3612E-04   0.99385
FLUX  343   323.00        9.281502E+14   2.3354E-04   2.3476E-04   0.99481
FLUX  344   325.00        9.224385E+14   2.3247E-04   2.3342E-04   0.99593
FLUX  345   327.00        9.167966E+14   2.3132E-04   2.3209E-04   0.99668
FLUX  346   329.00        9.112234E+14   2.2985E-04   2.3077E-04   0.99602
FLUX  347   331.00        9.057175E+14   2.2914E-04   2.2946E-04   0.99857
FLUX  348   333.00        9.002778E+14   2.2768E-04   2.2817E-04   0.99787
FLUX  349   335.00        8.949030E+14   2.2596E-04   2.2689E-04   0.99590
FLUX  350   337.00        8.895920E+14   2.2504E-04   2.2561E-04   0.99744
FLUX  351   339.00        8.843437E+14   2.2401E-04   2.2435E-04   0.99844
FLUX  352   341.00        8.791569E+14   2.2289E-04   2.2311E-04   0.99903
FLUX  353   343.00        8.740306E+14   2.2069E-04   2.2343E-04   0.98773
FLUX  354   345.00        8.689638E+14   2.1880E-04   2.2217E-04   0.98481
FLUX  355   347.00        8.639553E+14   2.1811E-04   2.2092E-04   0.98727
FLUX  356   349.00        8.590043E+14   2.1691E-04   2.1968E-04   0.98738
FLUX  357   351.00        8.541097E+14   2.1637E-04   2.1846E-04   0.99045
FLUX  358   353.00        8.492705E+14   2.1583E-04   2.1724E-04   0.99349
FLUX  359   355.00        8.444859E+14   2.1476E-04   2.1604E-04   0.99406
FLUX  360   357.00        8.397549E+14   2.1455E-04   2.1485E-04   0.99861
FLUX  361   359.00        8.350766E+14   2.1167E-04   2.1366E-04   0.99069
FLUX  362   361.00        8.304501E+14   2.1074E-04   2.1249E-04   0.99177
FLUX  363   363.00        8.258747E+14   2.0990E-04   2.1133E-04   0.99327
FLUX  364   364.00        8.236058E+14   2.1073E-04   2.1075E-04   0.99989
FLUX  365   365.00        8.213493E+14   2.0856E-04   3.1221E-04   0.66799
FLUX  366   367.00        8.168733E+14   2.0845E-04   3.0987E-04   0.67271
FLUX  367   369.00        8.124458E+14   2.0583E-04   3.1177E-04   0.66020
FLUX  368   371.00        8.080660E+14   2.0154E-04   3.0945E-04   0.65129
FLUX  369   373.00        8.037332E+14   1.9709E-04   3.0715E-04   0.64165
FLUX  370   375.00        7.994467E+14   2.1638E-04   3.0488E-04   0.70971
FLUX  371   377.00        7.952056E+14   2.2148E-04   3.0264E-04   0.73184
FLUX  372   379.00        7.910092E+14   2.3946E-04   3.0042E-04   0.79709
FLUX  373   381.00        7.868570E+14   2.5456E-04   2.9822E-04   0.85359
FLUX  374   383.00        7.827480E+14   2.2150E-04   2.9605E-04   0.74820
FLUX  375   385.00        7.786818E+14   2.6843E-04   2.9390E-04   0.91334
FLUX  376   387.00        7.746576E+14   2.7423E-04   2.9177E-04   0.93990
FLUX  377   389.00        7.706748E+14   2.1583E-04   2.8966E-04   0.74510
FLUX  378   391.00        7.667327E+14   2.7853E-04   2.8758E-04   0.96854
FLUX  379   393.00        7.628308E+14   2.7356E-04   2.8552E-04   0.95811
FLUX  380   395.00        7.589684E+14   2.7474E-04   2.8349E-04   0.96913
FLUX  381   397.00        7.551448E+14   2.0939E-04   2.8147E-04   0.74391
FLUX  382   399.00        7.513596E+14   2.6842E-04   2.7948E-04   0.96043
FLUX  383   401.00        7.476122E+14   2.7159E-04   2.7751E-04   0.97868
FLUX  384   403.00        7.439020E+14   2.5699E-04   2.7556E-04   0.93261
FLUX  385   405.00        7.402284E+14   2.7069E-04   2.7362E-04   0.98928
FLUX  386   407.00        7.365909E+14   2.6439E-04   2.7171E-04   0.97305
FLUX  387   409.00        7.329890E+14   2.4493E-04   2.6982E-04   0.90774
FLUX  388   411.00        7.294221E+14   2.1364E-04   2.6795E-04   0.79731
FLUX  389   413.00        7.258898E+14   2.5582E-04   2.6610E-04   0.96137
FLUX  390   415.00        7.223916E+14   2.5744E-04   2.6427E-04   0.97419
FLUX  391   417.00        7.189269E+14   2.5856E-04   2.6245E-04   0.98518
FLUX  392   419.00        7.154952E+14   2.5880E-04   2.6066E-04   0.99286
FLUX  393   421.00        7.120962E+14   2.5807E-04   2.5888E-04   0.99685
FLUX  394   423.00        7.087293E+14   2.5553E-04   2.5712E-04   0.99381
FLUX  395   425.00        7.053941E+14   2.5300E-04   2.5538E-04   0.99064
FLUX  396   427.00        7.020902E+14   2.4778E-04   2.5366E-04   0.97683
FLUX  397   429.00        6.988170E+14   2.4902E-04   2.5196E-04   0.98835
FLUX  398   431.00        6.955742E+14   2.4521E-04   2.5027E-04   0.97978
FLUX  399   433.00        6.923614E+14   2.2121E-04   2.4860E-04   0.88982
FLUX  400   435.00        6.891782E+14   2.0219E-04   2.4695E-04   0.81875
FLUX  401   437.00        6.860240E+14   2.3901E-04   2.4531E-04   0.97432
FLUX  402   439.00        6.828986E+14   2.3438E-04   2.4369E-04   0.96181
FLUX  403   441.00        6.798016E+14   2.3934E-04   2.4209E-04   0.98868
FLUX  404   443.00        6.767325E+14   2.3719E-04   2.4050E-04   0.98626
FLUX  405   445.00        6.736910E+14   2.3755E-04   2.3892E-04   0.99424
FLUX  406   447.00        6.706767E+14   2.2518E-04   2.3736E-04   0.94867
FLUX  407   449.00        6.676893E+14   2.3258E-04   2.3582E-04   0.98627
FLUX  408   451.00        6.647284E+14   2.3362E-04   2.3429E-04   0.99713
FLUX  409   453.00        6.617936E+14   2.3117E-04   2.3278E-04   0.99309
FLUX  410   455.00        6.588846E+14   2.3006E-04   2.3128E-04   0.99469
FLUX  411   457.00        6.560011E+14   2.2875E-04   2.2980E-04   0.99541
FLUX  412   459.00        6.531427E+14   2.2736E-04   2.2833E-04   0.99571
FLUX  413   461.00        6.503091E+14   2.2518E-04   2.2688E-04   0.99250
FLUX  414   463.00        6.475000E+14   2.2328E-04   2.2544E-04   0.99041
FLUX  415   465.00        6.447151E+14   2.2138E-04   2.2401E-04   0.98823
FLUX  416   467.00        6.419540E+14   2.2131E-04   2.2260E-04   0.99419
FLUX  417   469.00        6.392164E+14   2.2073E-04   2.2120E-04   0.99786
FLUX  418   471.00        6.365021E+14   2.1448E-04   2.1982E-04   0.97573
FLUX  419   473.00        6.338108E+14   2.1575E-04   2.1844E-04   0.98769
FLUX  420   475.00        6.311421E+14   2.1441E-04   2.1708E-04   0.98769
FLUX  421   477.00        6.284958E+14   2.1563E-04   2.1573E-04   0.99952
FLUX  422   479.00        6.258716E+14   2.1374E-04   2.1440E-04   0.99694
FLUX  423   481.00        6.232692E+14   2.1087E-04   2.1307E-04   0.98966
FLUX  424   483.00        6.206884E+14   2.0873E-04   2.1176E-04   0.98566
FLUX  425   485.00        6.181289E+14   1.9233E-04   2.1046E-04   0.91384
FLUX  426   487.00        6.155903E+14   1.7144E-04   2.0918E-04   0.81961
FLUX  427   489.00        6.130726E+14   2.0471E-04   2.0790E-04   0.98464
FLUX  428   491.00        6.105754E+14   2.0506E-04   2.0664E-04   0.99236
FLUX  429   493.00        6.080984E+14   1.9887E-04   2.0539E-04   0.96827
FLUX  430   495.00        6.056414E+14   2.0342E-04   2.0415E-04   0.99644
FLUX  431   497.00        6.032042E+14   2.0274E-04   2.0292E-04   0.99910
FLUX  432   499.00        6.007866E+14   2.0114E-04   2.0170E-04   0.99724
FLUX  433   501.00        5.983882E+14   1.9491E-04   2.0049E-04   0.97217
FLUX  434   503.00        5.960089E+14   1.9811E-04   1.9930E-04   0.99406
FLUX  435   505.00        5.936485E+14   1.9427E-04   1.9812E-04   0.98058
FLUX  436   507.00        5.913067E+14   1.9637E-04   1.9694E-04   0.99711
FLUX  437   509.00        5.889833E+14   1.9508E-04   1.9578E-04   0.99644
FLUX  438   511.00        5.866781E+14   1.9346E-04   1.9463E-04   0.99403
FLUX  439   513.00        5.843908E+14   1.9137E-04   1.9348E-04   0.98909
FLUX  440   515.00        5.821214E+14   1.9034E-04   1.9235E-04   0.98952
FLUX  441   517.00        5.798694E+14   1.9058E-04   1.9123E-04   0.99659
FLUX  442   519.00        5.776349E+14   1.8949E-04   1.9012E-04   0.99671
FLUX  443   521.00        5.754175E+14   1.8674E-04   1.8901E-04   0.98799
FLUX  444   523.00        5.732170E+14   1.8726E-04   1.8792E-04   0.99649
FLUX  445   525.00        5.710333E+14   1.8629E-04   1.8684E-04   0.99705
FLUX  446   527.00        5.688662E+14   1.8498E-04   1.8576E-04   0.99579
FLUX  447   529.00        5.667155E+14   1.8437E-04   1.8470E-04   0.99820
FLUX  448   531.00        5.645810E+14   1.8314E-04   1.8365E-04   0.99722
FLUX  449   533.00        5.624625E+14   1.8190E-04   1.8260E-04   0.99618
FLUX  450   535.00        5.603598E+14   1.8039E-04   1.8157E-04   0.99352
FLUX  451   537.00        5.582728E+14   1.8025E-04   1.8054E-04   0.99838
FLUX  452   539.00        5.562013E+14   1.7918E-04   1.7952E-04   0.99813
FLUX  453   541.00        5.541451E+14   1.7810E-04   1.7851E-04   0.99768
FLUX  454   543.00        5.521041E+14   1.7653E-04   1.7751E-04   0.99451
FLUX  455   545.00        5.500780E+14   1.7580E-04   1.7652E-04   0.99593
FLUX  456   547.00        5.480667E+14   1.7474E-04   1.7553E-04   0.99548
FLUX  457   549.00        5.460701E+14   1.7417E-04   1.7456E-04   0.99779
FLUX  458   551.00        5.440880E+14   1.7315E-04   1.7359E-04   0.99745
FLUX  459   553.00        5.421203E+14   1.7215E-04   1.7263E-04   0.99726
FLUX  460   555.00        5.401667E+14   1.7142E-04   1.7168E-04   0.99849
FLUX  461   557.00        5.382271E+14   1.7035E-04   1.7073E-04   0.99775
FLUX  462   559.00        5.363014E+14   1.6955E-04   1.6980E-04   0.99855
FLUX  463   561.00        5.343895E+14   1.6837E-04   1.6887E-04   0.99708
FLUX  464   563.00        5.324911E+14   1.6788E-04   1.6795E-04   0.99960
FLUX  465   565.00        5.306062E+14   1.6552E-04   1.6703E-04   0.99095
FLUX  466   567.00        5.287346E+14   1.6470E-04   1.6613E-04   0.99142
FLUX  467   569.00        5.268761E+14   1.6422E-04   1.6523E-04   0.99389
FLUX  468   571.00        5.250306E+14   1.6400E-04   1.6434E-04   0.99792
FLUX  469   573.00        5.231981E+14   1.6319E-04   1.6346E-04   0.99837
FLUX  470   575.00        5.213783E+14   1.6223E-04   1.6258E-04   0.99786
FLUX  471   577.00        5.195711E+14   1.6160E-04   1.6171E-04   0.99931
FLUX  472   579.00        5.177763E+14   1.6070E-04   1.6085E-04   0.99905
FLUX  473   581.00        5.159940E+14   1.5981E-04   1.5999E-04   0.99884
FLUX  474   583.00        5.142238E+14   1.5887E-04   1.5915E-04   0.99826
FLUX  475   585.00        5.124658E+14   1.5813E-04   1.5831E-04   0.99888
FLUX  476   587.00        5.107198E+14   1.5241E-04   1.5747E-04   0.96789
FLUX  477   589.00        5.089856E+14   1.5525E-04   1.5664E-04   0.99111
FLUX  478   591.00        5.072631E+14   1.5548E-04   1.5582E-04   0.99781
FLUX  479   593.00        5.055523E+14   1.5469E-04   1.5501E-04   0.99797
FLUX  480   595.00        5.038529E+14   1.5344E-04   1.5420E-04   0.99505
FLUX  481   597.00        5.021650E+14   1.5326E-04   1.5340E-04   0.99912
FLUX  482   599.00        5.004883E+14   1.5216E-04   1.5260E-04   0.99707
FLUX  483   601.00        4.988228E+14   1.5174E-04   1.5181E-04   0.99948
FLUX  484   603.00        4.971683E+14   1.5085E-04   1.5103E-04   0.99882
FLUX  485   605.00        4.955248E+14   1.5014E-04   1.5026E-04   0.99922
FLUX  486   607.00        4.938921E+14   1.4940E-04   1.4949E-04   0.99944
FLUX  487   609.00        4.922701E+14   1.4854E-04   1.4872E-04   0.99880
FLUX  488   611.00        4.906588E+14   1.4789E-04   1.4797E-04   0.99947
FLUX  489   613.00        4.890579E+14   1.4718E-04   1.4721E-04   0.99976
FLUX  490   615.00        4.874675E+14   1.4576E-04   1.4647E-04   0.99519
FLUX  491   617.00        4.858874E+14   1.4556E-04   1.4573E-04   0.99882
FLUX  492   619.00        4.843174E+14   1.4494E-04   1.4499E-04   0.99964
FLUX  493   621.00        4.827576E+14   1.4421E-04   1.4427E-04   0.99964
FLUX  494   623.00        4.812079E+14   1.4345E-04   1.4354E-04   0.99933
FLUX  495   625.00        4.796680E+14   1.4241E-04   1.4283E-04   0.99707
FLUX  496   627.00        4.781380E+14   1.4196E-04   1.4211E-04   0.99895
FLUX  497   629.00        4.766176E+14   1.4126E-04   1.4141E-04   0.99895
FLUX  498   631.00        4.751070E+14   1.4041E-04   1.4071E-04   0.99787
FLUX  499   633.00        4.736058E+14   1.3993E-04   1.4001E-04   0.99944
FLUX  500   635.00        4.721142E+14   1.3849E-04   1.3932E-04   0.99407
FLUX  501   637.00        4.706319E+14   1.3809E-04   1.3863E-04   0.99610
FLUX  502   639.00        4.691588E+14   1.3775E-04   1.3795E-04   0.99857
FLUX  503   641.00        4.676950E+14   1.3706E-04   1.3728E-04   0.99842
FLUX  504   643.00        4.662403E+14   1.3659E-04   1.3660E-04   0.99988
FLUX  505   645.00        4.647946E+14   1.3581E-04   1.3594E-04   0.99906
FLUX  506   647.00        4.633578E+14   1.3496E-04   1.3528E-04   0.99766
FLUX  507   649.00        4.619299E+14   1.3439E-04   1.3462E-04   0.99829
FLUX  508   651.00        4.605108E+14   1.3356E-04   1.3397E-04   0.99695
FLUX  509   653.00        4.591003E+14   1.3234E-04   1.3332E-04   0.99265
FLUX  510   655.00        4.576985E+14   1.2631E-04   1.3268E-04   0.95201
FLUX  511   657.00        4.563052E+14   1.1157E-04   1.3204E-04   0.84494
FLUX  512   659.00        4.549203E+14   1.2874E-04   1.3141E-04   0.97969
FLUX  513   661.00        4.535439E+14   1.3024E-04   1.3078E-04   0.99581
FLUX  514   663.00        4.521757E+14   1.3004E-04   1.3016E-04   0.99908
FLUX  515   665.00        4.508158E+14   1.2954E-04   1.2964E-04   0.99922
FLUX  516   667.00        4.494640E+14   1.2762E-04   1.2902E-04   0.98915
FLUX  517   669.00        4.481203E+14   1.2709E-04   1.2841E-04   0.98974
FLUX  518   671.00        4.467846E+14   1.2772E-04   1.2781E-04   0.99935
FLUX  519   673.00        4.454569E+14   1.2707E-04   1.2720E-04   0.99896
FLUX  520   675.00        4.441370E+14   1.2657E-04   1.2661E-04   0.99972
FLUX  521   677.00        4.428250E+14   1.2599E-04   1.2601E-04   0.99981
FLUX  522   679.00        4.415206E+14   1.2477E-04   1.2542E-04   0.99478
FLUX  523   681.00        4.402239E+14   1.2469E-04   1.2484E-04   0.99877
FLUX  524   683.00        4.389348E+14   1.2412E-04   1.2426E-04   0.99886
FLUX  525   685.00        4.376533E+14   1.2363E-04   1.2368E-04   0.99958
FLUX  526   687.00        4.363792E+14   1.2307E-04   1.2311E-04   0.99967
FLUX  527   689.00        4.351125E+14   1.2249E-04   1.2254E-04   0.99958
FLUX  528   691.00        4.338531E+14   1.2192E-04   1.2198E-04   0.99952
FLUX  529   693.00        4.326010E+14   1.2124E-04   1.2141E-04   0.99857
FLUX  530   695.00        4.313561E+14   1.2082E-04   1.2086E-04   0.99970
FLUX  531   697.00        4.301184E+14   1.2029E-04   1.2031E-04   0.99988
FLUX  532   699.00        4.288877E+14   1.1970E-04   1.1976E-04   0.99956
FLUX  533   701.00        4.276641E+14   1.1915E-04   1.1921E-04   0.99950
FLUX  534   703.00        4.264474E+14   1.1862E-04   1.1867E-04   0.99955
FLUX  535   705.00        4.252376E+14   1.1797E-04   1.1813E-04   0.99860
FLUX  536   707.00        4.240347E+14   1.1564E-04   1.1760E-04   0.98330
FLUX  537   709.00        4.228385E+14   1.1705E-04   1.1707E-04   0.99987
FLUX  538   711.00        4.216491E+14   1.1623E-04   1.1654E-04   0.99735
FLUX  539   713.00        4.204663E+14   1.1578E-04   1.1602E-04   0.99791
FLUX  540   715.00        4.192902E+14   1.1542E-04   1.1550E-04   0.99931
FLUX  541   717.00        4.181206E+14   1.1492E-04   1.1499E-04   0.99946
FLUX  542   719.00        4.169576E+14   1.1446E-04   1.1447E-04   0.99989
FLUX  543   721.00        4.158010E+14   1.1395E-04   1.1396E-04   0.99990
FLUX  544   723.00        4.146508E+14   1.1210E-04   1.1346E-04   0.98800
FLUX  545   725.00        4.135069E+14   1.1286E-04   1.1296E-04   0.99912
FLUX  546   727.00        4.123693E+14   1.1244E-04   1.1246E-04   0.99985
FLUX  547   729.00        4.112380E+14   1.1109E-04   1.1196E-04   0.99215
FLUX  548   731.00        4.101129E+14   1.1144E-04   1.1147E-04   0.99970
FLUX  549   733.00        4.089939E+14   1.1097E-04   1.1098E-04   0.99983
FLUX  550   735.00        4.078810E+14   1.1050E-04   1.1050E-04   0.99999
FLUX  551   737.00        4.067741E+14   1.1001E-04   1.1002E-04   0.99998
FLUX  552   739.00        4.056732E+14   1.0953E-04   1.0954E-04   0.99997
FLUX  553   741.00        4.045783E+14   1.0906E-04   1.0906E-04   0.99998
FLUX  554   743.00        4.034892E+14   1.0849E-04   1.0859E-04   0.99911
FLUX  555   745.00        4.024060E+14   1.0809E-04   1.0814E-04   0.99960
FLUX  556   747.00        4.013286E+14   1.0751E-04   1.0767E-04   0.99852
FLUX  557   749.00        4.002570E+14   1.0713E-04   1.0721E-04   0.99927
FLUX  558   751.00        3.991911E+14   1.0665E-04   1.0674E-04   0.99911
FLUX  559   753.00        3.981308E+14   1.0622E-04   1.0629E-04   0.99937
FLUX  560   755.00        3.970762E+14   1.0581E-04   1.0583E-04   0.99977
FLUX  561   757.00        3.960271E+14   1.0537E-04   1.0538E-04   0.99989
FLUX  562   759.00        3.949835E+14   1.0489E-04   1.0493E-04   0.99962
FLUX  563   761.00        3.939455E+14   1.0447E-04   1.0449E-04   0.99987
FLUX  564   763.00        3.929128E+14   1.0403E-04   1.0404E-04   0.99988
FLUX  565   765.00        3.918856E+14   1.0359E-04   1.0360E-04   0.99988
FLUX  566   767.00        3.908638E+14   1.0315E-04   1.0317E-04   0.99989
FLUX  567   769.00        3.898472E+14   1.0272E-04   1.0273E-04   0.99986
FLUX  568   771.00        3.888359E+14   1.0229E-04   1.0230E-04   0.99990
FLUX  569   773.00        3.878299E+14   1.0184E-04   1.0187E-04   0.99972
FLUX  570   775.00        3.868290E+14   1.0142E-04   1.0144E-04   0.99979
FLUX  571   777.00        3.858333E+14   1.0031E-04   1.0102E-04   0.99294
FLUX  572   779.00        3.848427E+14   1.0059E-04   1.0060E-04   0.99989
FLUX  573   781.00        3.838572E+14   1.0012E-04   1.0018E-04   0.99939
FLUX  574   783.00        3.828768E+14   9.9764E-05   9.9766E-05   0.99998
FLUX  575   785.00        3.819013E+14   9.9222E-05   9.9463E-05   0.99757
FLUX  576   787.00        3.809307E+14   9.8834E-05   9.9052E-05   0.99780
FLUX  577   789.00        3.799651E+14   9.8229E-05   9.8643E-05   0.99580
FLUX  578   791.00        3.790044E+14   9.8155E-05   9.8237E-05   0.99916
FLUX  579   793.00        3.780485E+14   9.7788E-05   9.7834E-05   0.99953
FLUX  580   795.00        3.770975E+14   9.7141E-05   9.7433E-05   0.99701
FLUX  581   797.00        3.761512E+14   9.6796E-05   9.7034E-05   0.99755
FLUX  582   799.00        3.752096E+14   9.6114E-05   9.6638E-05   0.99458
FLUX  583   801.00        3.742728E+14   9.5990E-05   9.6244E-05   0.99735
FLUX  584   803.00        3.733406E+14   9.5606E-05   9.5853E-05   0.99742
FLUX  585   805.00        3.724130E+14   9.5215E-05   9.5465E-05   0.99739
FLUX  586   807.00        3.714901E+14   9.4915E-05   9.5078E-05   0.99828
FLUX  587   809.00        3.705717E+14   9.4351E-05   9.4694E-05   0.99638
FLUX  588   811.00        3.696578E+14   9.4076E-05   9.4312E-05   0.99749
FLUX  589   813.00        3.687485E+14   9.3799E-05   9.3933E-05   0.99857
FLUX  590   815.00        3.678436E+14   9.3309E-05   9.3556E-05   0.99736
FLUX  591   817.00        3.669431E+14   9.3104E-05   9.3181E-05   0.99917
FLUX  592   819.00        3.660470E+14   9.2568E-05   9.2809E-05   0.99740
FLUX  593   821.00        3.651553E+14   9.1903E-05   9.8942E-05   0.92886
FLUX  594   823.00        3.642679E+14   9.1644E-05   9.8532E-05   0.93009
FLUX  595   825.00        3.633848E+14   9.1555E-05   9.8125E-05   0.93304
FLUX  596   827.00        3.625060E+14   9.0746E-05   9.7780E-05   0.92807
FLUX  597   829.00        3.616315E+14   9.0741E-05   9.7378E-05   0.93185
FLUX  598   831.00        3.607611E+14   9.0416E-05   9.6978E-05   0.93233
FLUX  599   833.00        3.598950E+14   9.0071E-05   9.6581E-05   0.93260
FLUX  600   835.00        3.590329E+14   8.9307E-05   9.6186E-05   0.92848
FLUX  601   837.00        3.581750E+14   8.9164E-05   9.5793E-05   0.93080
FLUX  602   839.00        3.573212E+14   8.9004E-05   9.5403E-05   0.93293
FLUX  603   841.00        3.564715E+14   8.8610E-05   9.5015E-05   0.93259
FLUX  604   843.00        3.556257E+14   8.8125E-05   9.4630E-05   0.93126
FLUX  605   845.00        3.547840E+14   8.6958E-05   9.4247E-05   0.92266
FLUX  606   847.00        3.539463E+14   8.7173E-05   9.3867E-05   0.92869
FLUX  607   849.00        3.531125E+14   8.6938E-05   9.3489E-05   0.92993
FLUX  608   851.00        3.522826E+14   8.6055E-05   9.3113E-05   0.92421
FLUX  609   853.00        3.514566E+14   8.6535E-05   9.2739E-05   0.93311
FLUX  610   855.00        3.506345E+14   8.4079E-05   9.2368E-05   0.91027
FLUX  611   857.00        3.498162E+14   8.7078E-05   9.1999E-05   0.94652
FLUX  612   859.00        3.490017E+14   8.3312E-05   9.1632E-05   0.90920
FLUX  613   861.00        3.481911E+14   8.3244E-05   9.1267E-05   0.91209
FLUX  614   863.00        3.473841E+14   8.7098E-05   9.0904E-05   0.95813
FLUX  615   865.00        3.465809E+14   8.4580E-05   9.0544E-05   0.93414
FLUX  616   867.00        3.457814E+14   7.8454E-05   9.0186E-05   0.86991
FLUX  617   869.00        3.449856E+14   8.6118E-05   8.9830E-05   0.95868
FLUX  618   871.00        3.441935E+14   8.7387E-05   8.9476E-05   0.97665
FLUX  619   873.00        3.434049E+14   8.4732E-05   8.9124E-05   0.95073
FLUX  620   875.00        3.426200E+14   7.5640E-05   8.8774E-05   0.85205
FLUX  621   877.00        3.418387E+14   8.2638E-05   8.8426E-05   0.93454
FLUX  622   879.00        3.410609E+14   8.6566E-05   8.8081E-05   0.98280
FLUX  623   881.00        3.402866E+14   8.6716E-05   8.7737E-05   0.98836
FLUX  624   883.00        3.395159E+14   8.5735E-05   8.7395E-05   0.98101
FLUX  625   885.00        3.387486E+14   7.9955E-05   8.7056E-05   0.91843
FLUX  626   887.00        3.379848E+14   7.3733E-05   8.6718E-05   0.85027
FLUX  627   889.00        3.372244E+14   8.3642E-05   8.6382E-05   0.96828
FLUX  628   891.00        3.364675E+14   8.5071E-05   8.6049E-05   0.98863
FLUX  629   893.00        3.357139E+14   8.4893E-05   8.5717E-05   0.99039
FLUX  630   895.00        3.349637E+14   8.4953E-05   8.5387E-05   0.99492
FLUX  631   897.00        3.342168E+14   8.4374E-05   8.5060E-05   0.99194
FLUX  632   899.00        3.334733E+14   8.1986E-05   8.4734E-05   0.96757
FLUX  633   901.00        3.327331E+14   7.2344E-05   8.4410E-05   0.85705
FLUX  634   903.00        3.319961E+14   7.6550E-05   8.4088E-05   0.91036
FLUX  635   905.00        3.312624E+14   8.2279E-05   8.3767E-05   0.98223
FLUX  636   907.00        3.305320E+14   8.2044E-05   8.3449E-05   0.98316
FLUX  637   909.00        3.298047E+14   8.2356E-05   8.3132E-05   0.99066
FLUX  638   911.00        3.290807E+14   8.2571E-05   8.2818E-05   0.99702
FLUX  639   913.00        3.283598E+14   8.2407E-05   8.2505E-05   0.99882
FLUX  640   915.00        3.276421E+14   8.1992E-05   8.2193E-05   0.99755
FLUX  641   917.00        3.269275E+14   8.1283E-05   8.1884E-05   0.99266
FLUX  642   919.00        3.262160E+14   8.0660E-05   8.1576E-05   0.98877
FLUX  643   921.00        3.255076E+14   7.6979E-05   8.1270E-05   0.94719
FLUX  644   923.00        3.248023E+14   6.7517E-05   8.0966E-05   0.83389
FLUX  645   925.00        3.241000E+14   7.6189E-05   8.0664E-05   0.94453
FLUX  646   927.00        3.234008E+14   7.8721E-05   8.0363E-05   0.97957
FLUX  647   929.00        3.227045E+14   7.9641E-05   8.0064E-05   0.99472
FLUX  648   931.00        3.220113E+14   7.9215E-05   7.9767E-05   0.99309
FLUX  649   933.00        3.213210E+14   7.9309E-05   7.9471E-05   0.99797
FLUX  650   935.00        3.206337E+14   7.9074E-05   7.9177E-05   0.99869
FLUX  651   937.00        3.199493E+14   7.8852E-05   7.8885E-05   0.99959
FLUX  652   939.00        3.192678E+14   7.8544E-05   7.8594E-05   0.99936
FLUX  653   941.00        3.185893E+14   7.7910E-05   7.8305E-05   0.99496
FLUX  654   943.00        3.179136E+14   7.7988E-05   7.8017E-05   0.99963
FLUX  655   945.00        3.172407E+14   7.7693E-05   7.7731E-05   0.99950
FLUX  656   947.00        3.165707E+14   7.6763E-05   7.7447E-05   0.99117
FLUX  657   949.00        3.159036E+14   7.6788E-05   7.7164E-05   0.99513
FLUX  658   951.00        3.152392E+14   7.5358E-05   7.6883E-05   0.98017
FLUX  659   953.00        3.145776E+14   7.1816E-05   7.6603E-05   0.93750
FLUX  660   955.00        3.139188E+14   6.3981E-05   7.6325E-05   0.83827
FLUX  661   957.00        3.132628E+14   7.2935E-05   7.6048E-05   0.95907
FLUX  662   959.00        3.126095E+14   7.5006E-05   7.5773E-05   0.98988
FLUX  663   961.00        3.119589E+14   7.4951E-05   7.5499E-05   0.99274
FLUX  664   963.00        3.113110E+14   7.4407E-05   7.5227E-05   0.98910
FLUX  665   965.00        3.106658E+14   7.4946E-05   7.4956E-05   0.99987
FLUX  666   967.00        3.100233E+14   7.4635E-05   7.4687E-05   0.99931
FLUX  667   969.00        3.093834E+14   7.4329E-05   7.4419E-05   0.99879
FLUX  668   971.00        3.087461E+14   7.3920E-05   7.4153E-05   0.99685
FLUX  669   973.00        3.081115E+14   7.3882E-05   7.3888E-05   0.99992
FLUX  670   975.00        3.074795E+14   7.3595E-05   7.3624E-05   0.99961
FLUX  671   977.00        3.068501E+14   7.3361E-05   7.3362E-05   0.99998
FLUX  672   979.00        3.062232E+14   7.3095E-05   7.3101E-05   0.99991
FLUX  673   981.00        3.055989E+14   7.2829E-05   7.2842E-05   0.99983
FLUX  674   983.00        3.049771E+14   7.2551E-05   7.2584E-05   0.99954
FLUX  675   985.00        3.043579E+14   7.2319E-05   7.2328E-05   0.99988
FLUX  676   987.00        3.037411E+14   7.2047E-05   7.2072E-05   0.99965
FLUX  677   989.00        3.031269E+14   7.1745E-05   7.1818E-05   0.99898
FLUX  678   991.00        3.025151E+14   7.1249E-05   7.1566E-05   0.99557
FLUX  679   993.00        3.019058E+14   7.1303E-05   7.1315E-05   0.99984
FLUX  680   995.00        3.012990E+14   7.1047E-05   7.1065E-05   0.99975
FLUX  681   997.00        3.006946E+14   7.0678E-05   7.0816E-05   0.99805
FLUX  682   999.00        3.000926E+14   7.0279E-05   7.0569E-05   0.99589
FLUX  683  1002.50        2.990449E+14   6.6697E-05   7.0140E-05   0.95092
FLUX  684  1007.50        2.975608E+14   6.4962E-05   6.9533E-05   0.93426
FLUX  685  1012.50        2.960914E+14   6.8462E-05   6.8934E-05   0.99315
FLUX  686  1017.50        2.946364E+14   6.8305E-05   6.8343E-05   0.99943
FLUX  687  1022.50        2.931956E+14   6.7720E-05   6.7760E-05   0.99942
FLUX  688  1027.50        2.917689E+14   6.7175E-05   6.7184E-05   0.99987
FLUX  689  1032.50        2.903559E+14   6.6349E-05   6.6615E-05   0.99600
FLUX  690  1037.50        2.889566E+14   6.6046E-05   6.6054E-05   0.99988
FLUX  691  1042.50        2.875707E+14   6.5495E-05   6.5500E-05   0.99994
FLUX  692  1047.50        2.861981E+14   6.4944E-05   6.4952E-05   0.99986
FLUX  693  1052.50        2.848385E+14   6.4386E-05   6.4412E-05   0.99960
FLUX  694  1057.50        2.834917E+14   6.3864E-05   6.3878E-05   0.99978
FLUX  695  1062.50        2.821576E+14   6.3347E-05   6.3352E-05   0.99993
FLUX  696  1067.50        2.808361E+14   6.2611E-05   6.2831E-05   0.99650
FLUX  697  1072.50        2.795268E+14   6.2301E-05   6.2318E-05   0.99973
FLUX  698  1077.50        2.782297E+14   6.1797E-05   6.1810E-05   0.99979
FLUX  699  1082.50        2.769446E+14   6.0603E-05   6.1309E-05   0.98848
FLUX  700  1087.50        2.756713E+14   6.0518E-05   6.0814E-05   0.99514
FLUX  701  1092.50        2.744096E+14   5.5102E-05   6.0324E-05   0.91342
FLUX  702  1097.50        2.731595E+14   5.8194E-05   5.9841E-05   0.97248
FLUX  703  1102.50        2.719206E+14   5.8860E-05   5.9364E-05   0.99151
FLUX  704  1107.50        2.706930E+14   5.8833E-05   5.8893E-05   0.99899
FLUX  705  1112.50        2.694764E+14   5.8422E-05   5.8427E-05   0.99992
FLUX  706  1117.50        2.682707E+14   5.7958E-05   5.7966E-05   0.99985
FLUX  707  1122.50        2.670757E+14   5.7476E-05   5.7512E-05   0.99938
FLUX  708  1127.50        2.658914E+14   5.6931E-05   5.7062E-05   0.99771
FLUX  709  1132.50        2.647174E+14   5.6533E-05   5.6618E-05   0.99851
FLUX  710  1137.50        2.635538E+14   5.6172E-05   5.6179E-05   0.99988
FLUX  711  1142.50        2.624004E+14   5.5720E-05   5.5744E-05   0.99955
FLUX  712  1147.50        2.612571E+14   5.5314E-05   5.5316E-05   0.99997
FLUX  713  1152.50        2.601236E+14   5.4887E-05   5.4891E-05   0.99991
FLUX  714  1157.50        2.590000E+14   5.4454E-05   5.4472E-05   0.99966
FLUX  715  1162.50        2.578860E+14   5.4022E-05   5.4058E-05   0.99934
FLUX  716  1167.50        2.567816E+14   5.3622E-05   5.3648E-05   0.99951
FLUX  717  1172.50        2.556866E+14   5.3232E-05   5.3244E-05   0.99978
FLUX  718  1177.50        2.546008E+14   5.2765E-05   5.2843E-05   0.99853
FLUX  719  1182.50        2.535243E+14   5.2440E-05   5.2447E-05   0.99986
FLUX  720  1187.50        2.524568E+14   5.2041E-05   5.2056E-05   0.99970
FLUX  721  1192.50        2.513983E+14   5.1668E-05   5.1669E-05   0.99998
FLUX  722  1197.50        2.503486E+14   5.0809E-05   5.1286E-05   0.99069
FLUX  723  1202.50        2.493077E+14   5.0907E-05   5.0908E-05   0.99998
FLUX  724  1207.50        2.482754E+14   5.0532E-05   5.0534E-05   0.99997
FLUX  725  1212.50        2.472515E+14   5.0160E-05   5.0164E-05   0.99992
FLUX  726  1217.50        2.462361E+14   4.9795E-05   4.9798E-05   0.99994
FLUX  727  1222.50        2.452290E+14   4.9432E-05   4.9436E-05   0.99992
FLUX  728  1227.50        2.442301E+14   4.9073E-05   4.9078E-05   0.99990
FLUX  729  1232.50        2.432394E+14   4.8719E-05   4.8724E-05   0.99990
FLUX  730  1237.50        2.422566E+14   4.8369E-05   4.8373E-05   0.99992
FLUX  731  1242.50        2.412817E+14   4.8026E-05   4.8027E-05   0.99998
FLUX  732  1247.50        2.403146E+14   4.7650E-05   4.7684E-05   0.99929
FLUX  733  1252.50        2.393553E+14   4.7249E-05   4.7345E-05   0.99796
FLUX  734  1257.50        2.384036E+14   4.6987E-05   4.7010E-05   0.99951
FLUX  735  1262.50        2.374594E+14   4.6667E-05   4.6678E-05   0.99976
FLUX  736  1267.50        2.365227E+14   4.6346E-05   4.6350E-05   0.99991
FLUX  737  1272.50        2.355933E+14   4.5967E-05   4.6025E-05   0.99873
FLUX  738  1277.50        2.346712E+14   4.4824E-05   4.5704E-05   0.98074
FLUX  739  1282.50        2.337563E+14   4.1575E-05   4.5386E-05   0.91604
FLUX  740  1287.50        2.328485E+14   4.4678E-05   4.5071E-05   0.99127
FLUX  741  1292.50        2.319478E+14   4.4728E-05   4.4760E-05   0.99930
FLUX  742  1297.50        2.310539E+14   4.4158E-05   4.4452E-05   0.99338
FLUX  743  1302.50        2.301670E+14   4.4146E-05   4.4147E-05   0.99998
FLUX  744  1307.50        2.292868E+14   4.3845E-05   4.3845E-05   0.99999
FLUX  745  1312.50        2.284133E+14   4.3546E-05   4.3546E-05   1.00000
FLUX  746  1317.50        2.275465E+14   4.3234E-05   4.3251E-05   0.99961
FLUX  747  1322.50        2.266862E+14   4.2958E-05   4.2958E-05   0.99999
FLUX  748  1327.50        2.258324E+14   4.2668E-05   4.2668E-05   1.00000
FLUX  749  1332.50        2.249850E+14   4.2381E-05   4.2382E-05   0.99998
FLUX  750  1337.50        2.241439E+14   4.2097E-05   4.2098E-05   0.99999
FLUX  751  1342.50        2.233091E+14   4.1781E-05   4.1817E-05   0.99914
FLUX  752  1347.50        2.224805E+14   4.1536E-05   4.1539E-05   0.99994
FLUX  753  1352.50        2.216580E+14   4.1258E-05   4.1263E-05   0.99987
FLUX  754  1357.50        2.208416E+14   4.0988E-05   4.0990E-05   0.99994
FLUX  755  1362.50        2.200312E+14   4.0716E-05   4.0720E-05   0.99990
FLUX  756  1367.50        2.192267E+14   4.0446E-05   4.0453E-05   0.99982
FLUX  757  1372.50        2.184281E+14   4.0181E-05   4.0188E-05   0.99983
FLUX  758  1377.50        2.176352E+14   3.9926E-05   3.9926E-05   0.99999
FLUX  759  1382.50        2.168481E+14   3.9666E-05   3.9667E-05   0.99999
FLUX  760  1387.50        2.160667E+14   3.9409E-05   3.9410E-05   0.99998
FLUX  761  1392.50        2.152908E+14   3.9142E-05   3.9155E-05   0.99966
FLUX  762  1397.50        2.145206E+14   3.8896E-05   3.8903E-05   0.99983
FLUX  763  1402.50        2.137558E+14   3.8653E-05   3.8654E-05   0.99999
FLUX  764  1407.50        2.129964E+14   3.8404E-05   3.8406E-05   0.99994
FLUX  765  1412.50        2.122425E+14   3.8159E-05   3.8162E-05   0.99993
FLUX  766  1417.50        2.114938E+14   3.7919E-05   3.7919E-05   0.99999
FLUX  767  1422.50        2.107504E+14   3.7679E-05   3.7679E-05   0.99999
FLUX  768  1427.50        2.100123E+14   3.7441E-05   3.7441E-05   0.99999
FLUX  769  1432.50        2.092792E+14   3.7205E-05   3.7205E-05   0.99998
FLUX  770  1437.50        2.085513E+14   3.6971E-05   3.6972E-05   0.99998
FLUX  771  1442.50        2.078284E+14   3.6726E-05   3.6741E-05   0.99959
FLUX  772  1447.50        2.071105E+14   3.6505E-05   3.6512E-05   0.99982
FLUX  773  1452.50        2.063976E+14   3.6278E-05   3.6285E-05   0.99981
FLUX  774  1457.00        2.057601E+14   3.6082E-05   3.6083E-05   0.99999
FLUX  775  1462.00        2.050564E+14   3.5856E-05   3.6487E-05   0.98270
FLUX  776  1467.50        2.042879E+14   3.5620E-05   3.6238E-05   0.98295
FLUX  777  1472.50        2.035942E+14   3.5404E-05   3.6014E-05   0.98306
FLUX  778  1477.50        2.029052E+14   3.5186E-05   3.5792E-05   0.98308
FLUX  779  1482.50        2.022209E+14   3.4981E-05   3.5572E-05   0.98340
FLUX  780  1487.50        2.015412E+14   3.4772E-05   3.5354E-05   0.98354
FLUX  781  1492.50        2.008660E+14   3.4566E-05   3.5138E-05   0.98373
FLUX  782  1497.50        2.001953E+14   3.4358E-05   3.4924E-05   0.98380
FLUX  783  1502.50        1.995291E+14   3.4154E-05   3.4712E-05   0.98394
FLUX  784  1507.50        1.988673E+14   3.3886E-05   3.4502E-05   0.98215
FLUX  785  1512.50        1.982099E+14   3.3744E-05   3.4293E-05   0.98399
FLUX  786  1517.50        1.975568E+14   3.3540E-05   3.4087E-05   0.98396
FLUX  787  1522.50        1.969080E+14   3.3341E-05   3.3883E-05   0.98401
FLUX  788  1527.50        1.962635E+14   3.3124E-05   3.3680E-05   0.98348
FLUX  789  1532.50        1.956232E+14   3.2913E-05   3.3479E-05   0.98310
FLUX  790  1537.50        1.949870E+14   3.2748E-05   3.3280E-05   0.98402
FLUX  791  1542.50        1.943549E+14   3.2470E-05   3.3083E-05   0.98148
FLUX  792  1547.50        1.937270E+14   3.2359E-05   3.2887E-05   0.98393
FLUX  793  1552.50        1.931031E+14   3.2155E-05   3.2694E-05   0.98353
FLUX  794  1557.50        1.924831E+14   3.1779E-05   3.2501E-05   0.97776
FLUX  795  1562.50        1.918672E+14   3.1912E-05   3.2311E-05   0.98765
FLUX  796  1567.50        1.912552E+14   3.1477E-05   3.2122E-05   0.97989
FLUX  797  1572.50        1.906471E+14   3.1116E-05   3.1935E-05   0.97433
FLUX  798  1577.50        1.900428E+14   3.1422E-05   3.1750E-05   0.98967
FLUX  799  1582.50        1.894423E+14   3.1206E-05   3.1566E-05   0.98859
FLUX  800  1587.50        1.888457E+14   3.0157E-05   3.1384E-05   0.96092
FLUX  801  1592.50        1.882527E+14   3.0674E-05   3.1203E-05   0.98305
FLUX  802  1597.50        1.876635E+14   3.0807E-05   3.1024E-05   0.99299
FLUX  803  1605.00        1.867866E+14   3.0343E-05   3.0758E-05   0.98651
FLUX  804  1615.00        1.856300E+14   2.9494E-05   3.0409E-05   0.96990
FLUX  805  1625.00        1.844877E+14   2.9970E-05   3.0066E-05   0.99681
FLUX  806  1635.00        1.833593E+14   2.9286E-05   2.9729E-05   0.98512
FLUX  807  1645.00        1.822447E+14   2.8389E-05   2.9397E-05   0.96572
FLUX  808  1655.00        1.811435E+14   2.9043E-05   2.9071E-05   0.99904
FLUX  809  1665.00        1.800556E+14   2.8744E-05   2.8750E-05   0.99979
FLUX  810  1675.00        1.789806E+14   2.7978E-05   2.8435E-05   0.98394
FLUX  811  1685.00        1.779184E+14   2.7083E-05   2.8125E-05   0.96295
FLUX  812  1695.00        1.768687E+14   2.7784E-05   2.7819E-05   0.99874
FLUX  813  1705.00        1.758314E+14   2.7374E-05   2.7519E-05   0.99472
FLUX  814  1715.00        1.748061E+14   2.7217E-05   2.7224E-05   0.99977
FLUX  815  1725.00        1.737928E+14   2.6877E-05   2.6933E-05   0.99791
FLUX  816  1735.00        1.727911E+14   2.5372E-05   2.6647E-05   0.95216
FLUX  817  1745.00        1.718009E+14   2.6189E-05   2.6366E-05   0.99330
FLUX  818  1755.00        1.708219E+14   2.6082E-05   2.6089E-05   0.99976
FLUX  819  1765.00        1.698541E+14   2.5813E-05   2.5816E-05   0.99988
FLUX  820  1775.00        1.688972E+14   2.5541E-05   2.5548E-05   0.99973
FLUX  821  1785.00        1.679510E+14   2.5267E-05   2.5283E-05   0.99936
FLUX  822  1795.00        1.670153E+14   2.5023E-05   2.5023E-05   0.99998
FLUX  823  1805.00        1.660900E+14   2.4713E-05   2.4767E-05   0.99784
FLUX  824  1815.00        1.651749E+14   2.3410E-05   2.4514E-05   0.95495
FLUX  825  1825.00        1.642699E+14   2.3987E-05   2.4266E-05   0.98851
FLUX  826  1835.00        1.633747E+14   2.4014E-05   2.4021E-05   0.99970
FLUX  827  1845.00        1.624892E+14   2.3777E-05   2.3780E-05   0.99984
FLUX  828  1855.00        1.616132E+14   2.3514E-05   2.3543E-05   0.99878
FLUX  829  1865.00        1.607466E+14   2.3114E-05   2.3309E-05   0.99165
FLUX  830  1875.00        1.598893E+14   2.2014E-05   2.3079E-05   0.95386
FLUX  831  1885.00        1.590411E+14   2.2796E-05   2.2851E-05   0.99759
FLUX  832  1895.00        1.582018E+14   2.2616E-05   2.2628E-05   0.99946
FLUX  833  1905.00        1.573714E+14   2.2328E-05   2.2407E-05   0.99646
FLUX  834  1915.00        1.565496E+14   2.2188E-05   2.2190E-05   0.99988
FLUX  835  1925.00        1.557364E+14   2.1975E-05   2.1976E-05   0.99997
FLUX  836  1935.00        1.549315E+14   2.1685E-05   2.1765E-05   0.99631
FLUX  837  1945.00        1.541350E+14   2.0459E-05   2.1557E-05   0.94903
FLUX  838  1955.00        1.533465E+14   2.1248E-05   2.1352E-05   0.99510
FLUX  839  1965.00        1.525662E+14   2.1150E-05   2.1150E-05   0.99998
FLUX  840  1975.00        1.517937E+14   2.0951E-05   2.0951E-05   0.99998
FLUX  841  1985.00        1.510290E+14   2.0755E-05   2.0755E-05   0.99999
FLUX  842  1995.00        1.502719E+14   2.0561E-05   2.0561E-05   0.99999
FLUX  843  2005.00        1.495224E+14   2.0370E-05   2.0370E-05   1.00000
FLUX  844  2015.00        1.487804E+14   2.0182E-05   2.0182E-05   0.99999
FLUX  845  2025.00        1.480457E+14   1.9996E-05   1.9996E-05   0.99999
FLUX  846  2035.00        1.473182E+14   1.9813E-05   1.9813E-05   0.99999
FLUX  847  2045.00        1.465978E+14   1.9627E-05   1.9633E-05   0.99971
FLUX  848  2055.00        1.458844E+14   1.9416E-05   1.9454E-05   0.99804
FLUX  849  2065.00        1.451780E+14   1.9278E-05   1.9279E-05   0.99999
FLUX  850  2075.00        1.444783E+14   1.9105E-05   1.9105E-05   0.99999
FLUX  851  2085.00        1.437854E+14   1.8934E-05   1.8934E-05   1.00000
FLUX  852  2095.00        1.430990E+14   1.8765E-05   1.8765E-05   0.99998
FLUX  853  2105.00        1.424192E+14   1.8599E-05   1.8599E-05   0.99998
FLUX  854  2115.00        1.417459E+14   1.8374E-05   1.8435E-05   0.99671
FLUX  855  2125.00        1.410788E+14   1.8271E-05   1.8272E-05   0.99992
FLUX  856  2135.00        1.404180E+14   1.8110E-05   1.8112E-05   0.99987
FLUX  857  2145.00        1.397634E+14   1.7948E-05   1.7954E-05   0.99967
FLUX  858  2155.00        1.391148E+14   1.7745E-05   1.7799E-05   0.99697
FLUX  859  2165.00        1.384723E+14   1.6755E-05   1.7645E-05   0.94957
FLUX  860  2175.00        1.378356E+14   1.7389E-05   1.7493E-05   0.99409
FLUX  861  2185.00        1.372048E+14   1.7333E-05   1.7343E-05   0.99941
FLUX  862  2195.00        1.365797E+14   1.7193E-05   1.7195E-05   0.99988
FLUX  863  2205.00        1.359603E+14   1.7048E-05   1.7049E-05   0.99999
FLUX  864  2215.00        1.353465E+14   1.6904E-05   1.6904E-05   0.99998
FLUX  865  2225.00        1.347382E+14   1.6759E-05   1.6762E-05   0.99984
FLUX  866  2235.00        1.341353E+14   1.6621E-05   1.6621E-05   1.00000
FLUX  867  2245.00        1.335379E+14   1.6482E-05   1.6482E-05   0.99999
FLUX  868  2255.00        1.329457E+14   1.6345E-05   1.6345E-05   0.99999
FLUX  869  2265.00        1.323587E+14   1.6209E-05   1.6210E-05   1.00000
FLUX  870  2275.00        1.317769E+14   1.6076E-05   1.6076E-05   1.00000
FLUX  871  2285.00        1.312002E+14   1.5944E-05   1.6042E-05   0.99386
FLUX  872  2295.00        1.306285E+14   1.5814E-05   1.5911E-05   0.99393
FLUX  873  2305.00        1.300618E+14   1.5683E-05   1.5781E-05   0.99382
FLUX  874  2315.00        1.295000E+14   1.5559E-05   1.5652E-05   0.99408
FLUX  875  2325.00        1.289430E+14   1.5434E-05   1.5525E-05   0.99415
FLUX  876  2335.00        1.283908E+14   1.5311E-05   1.5400E-05   0.99422
FLUX  877  2345.00        1.278433E+14   1.5189E-05   1.5276E-05   0.99429
FLUX  878  2355.00        1.273004E+14   1.5068E-05   1.5153E-05   0.99434
FLUX  879  2365.00        1.267622E+14   1.4948E-05   1.5032E-05   0.99440
FLUX  880  2375.00        1.262284E+14   1.4830E-05   1.4913E-05   0.99447
FLUX  881  2385.00        1.256992E+14   1.4714E-05   1.4795E-05   0.99452
FLUX  882  2395.00        1.251743E+14   1.4597E-05   1.4678E-05   0.99450
FLUX  883  2405.00        1.246538E+14   1.4482E-05   1.4563E-05   0.99446
FLUX  884  2415.00        1.241377E+14   1.4368E-05   1.4449E-05   0.99441
FLUX  885  2425.00        1.236258E+14   1.4259E-05   1.4336E-05   0.99463
FLUX  886  2435.00        1.231181E+14   1.4146E-05   1.4225E-05   0.99446
FLUX  887  2445.00        1.226145E+14   1.4033E-05   1.4115E-05   0.99422
FLUX  888  2455.00        1.221151E+14   1.3931E-05   1.4006E-05   0.99462
FLUX  889  2465.00        1.216197E+14   1.3816E-05   1.3899E-05   0.99405
FLUX  890  2475.00        1.211283E+14   1.3693E-05   1.3792E-05   0.99283
FLUX  891  2485.00        1.206408E+14   1.3621E-05   1.3687E-05   0.99517
FLUX  892  2495.00        1.201573E+14   1.3473E-05   1.3583E-05   0.99190
FLUX  893  2505.00        1.196776E+14   1.3418E-05   1.3481E-05   0.99536
FLUX  894  2515.00        1.192018E+14   1.3319E-05   1.3379E-05   0.99551
FLUX  895  2525.00        1.187297E+14   1.3141E-05   1.3279E-05   0.98962
FLUX  896  2535.00        1.182613E+14   1.3114E-05   1.3180E-05   0.99500
FLUX  897  2545.00        1.177967E+14   1.3038E-05   1.3081E-05   0.99669
FLUX  898  2555.00        1.173356E+14   1.2916E-05   1.2984E-05   0.99474
FLUX  899  2565.00        1.168782E+14   1.2700E-05   1.2888E-05   0.98542
FLUX  900  2575.00        1.164243E+14   1.2737E-05   1.2793E-05   0.99558
FLUX  901  2585.00        1.159739E+14   1.2666E-05   1.2700E-05   0.99736
FLUX  902  2595.00        1.155270E+14   1.2570E-05   1.2607E-05   0.99711
FLUX  903  2605.00        1.150835E+14   1.2412E-05   1.2515E-05   0.99178
FLUX  904  2615.00        1.146434E+14   1.2121E-05   1.2424E-05   0.97562
FLUX  905  2625.00        1.142067E+14   1.1695E-05   1.2334E-05   0.94814
FLUX  906  2635.00        1.137732E+14   1.2146E-05   1.2245E-05   0.99192
FLUX  907  2645.00        1.133431E+14   1.2131E-05   1.2157E-05   0.99785
FLUX  908  2655.00        1.129162E+14   1.2049E-05   1.2070E-05   0.99824
FLUX  909  2665.00        1.124925E+14   1.1915E-05   1.1984E-05   0.99419
FLUX  910  2675.00        1.120720E+14   1.1543E-05   1.1899E-05   0.97004
FLUX  911  2685.00        1.116546E+14   1.1740E-05   1.1815E-05   0.99371
FLUX  912  2695.00        1.112403E+14   1.1730E-05   1.1731E-05   0.99990
FLUX  913  2705.00        1.108290E+14   1.1649E-05   1.1649E-05   0.99998
FLUX  914  2715.00        1.104208E+14   1.1567E-05   1.1567E-05   0.99999
FLUX  915  2725.00        1.100156E+14   1.1486E-05   1.1487E-05   0.99999
FLUX  916  2735.00        1.096133E+14   1.1406E-05   1.1407E-05   0.99998
FLUX  917  2745.00        1.092140E+14   1.1294E-05   1.1328E-05   0.99707
FLUX  918  2755.00        1.088176E+14   1.0887E-05   1.1249E-05   0.96775
FLUX  919  2765.00        1.084241E+14   1.1012E-05   1.1172E-05   0.98572
FLUX  920  2775.00        1.080333E+14   1.1084E-05   1.1095E-05   0.99899
FLUX  921  2785.00        1.076454E+14   1.1019E-05   1.1019E-05   0.99999
FLUX  922  2795.00        1.072603E+14   1.0944E-05   1.0944E-05   0.99999
FLUX  923  2805.00        1.068779E+14   1.0869E-05   1.0870E-05   0.99994
FLUX  924  2815.00        1.064982E+14   1.0796E-05   1.0796E-05   0.99999
FLUX  925  2825.00        1.061212E+14   1.0723E-05   1.0723E-05   0.99998
FLUX  926  2835.00        1.057469E+14   1.0650E-05   1.0651E-05   0.99991
FLUX  927  2845.00        1.053752E+14   1.0579E-05   1.0580E-05   0.99998
FLUX  928  2855.00        1.050061E+14   1.0497E-05   1.0509E-05   0.99882
FLUX  929  2865.00        1.046396E+14   1.0326E-05   1.0439E-05   0.98918
FLUX  930  2875.00        1.042757E+14   9.9530E-06   1.0370E-05   0.95982
FLUX  931  2885.00        1.039142E+14   1.0259E-05   1.0301E-05   0.99592
FLUX  932  2895.00        1.035553E+14   1.0231E-05   1.0233E-05   0.99981
FLUX  933  2905.00        1.031988E+14   1.0166E-05   1.0166E-05   0.99999
FLUX  934  2915.00        1.028448E+14   1.0099E-05   1.0099E-05   0.99997
FLUX  935  2925.00        1.024932E+14   1.0033E-05   1.0033E-05   0.99999
FLUX  936  2935.00        1.021440E+14   9.9678E-06   9.9681E-06   0.99998
FLUX  937  2945.00        1.017971E+14   9.9032E-06   9.9034E-06   0.99998
FLUX  938  2955.00        1.014526E+14   9.8393E-06   9.8394E-06   1.00000
FLUX  939  2965.00        1.011105E+14   9.7759E-06   9.7759E-06   1.00000
FLUX  940  2975.00        1.007706E+14   9.7131E-06   9.7131E-06   1.00000
FLUX  941  2985.00        1.004330E+14   9.6509E-06   9.6509E-06   1.00000
FLUX  942  2995.00        1.000977E+14   9.5892E-06   9.5893E-06   1.00000
FLUX  943  3005.00        9.976456E+13   9.5281E-06   9.5283E-06   0.99999
FLUX  944  3015.00        9.943367E+13   9.4665E-06   9.4678E-06   0.99986
FLUX  945  3025.00        9.910496E+13   9.3846E-06   9.4079E-06   0.99753
FLUX  946  3035.00        9.877842E+13   9.0226E-06   9.3486E-06   0.96513
FLUX  947  3045.00        9.845402E+13   9.0944E-06   9.2898E-06   0.97897
FLUX  948  3055.00        9.813175E+13   9.2154E-06   9.2316E-06   0.99825
FLUX  949  3065.00        9.781158E+13   9.1738E-06   9.1739E-06   0.99998
FLUX  950  3075.00        9.749350E+13   9.1154E-06   9.1168E-06   0.99984
FLUX  951  3085.00        9.717747E+13   9.0577E-06   9.0602E-06   0.99972
FLUX  952  3095.00        9.686349E+13   9.0041E-06   9.0041E-06   0.99999
FLUX  953  3105.00        9.655153E+13   8.9485E-06   8.9486E-06   0.99999
FLUX  954  3115.00        9.624157E+13   8.8931E-06   8.8935E-06   0.99996
FLUX  955  3125.00        9.593360E+13   8.8381E-06   8.8390E-06   0.99990
FLUX  956  3135.00        9.562759E+13   8.7849E-06   8.7849E-06   0.99999
FLUX  957  3145.00        9.532353E+13   8.7312E-06   8.7314E-06   0.99999
FLUX  958  3155.00        9.502139E+13   8.6783E-06   8.6783E-06   1.00000
FLUX  959  3165.00        9.472117E+13   8.6255E-06   8.6257E-06   0.99998
FLUX  960  3175.00        9.442283E+13   8.5735E-06   8.5736E-06   0.99999
FLUX  961  3185.00        9.412637E+13   8.5219E-06   8.5219E-06   1.00000
FLUX  962  3195.00        9.383177E+13   8.4707E-06   8.4707E-06   0.99999
FLUX  963  3210.00        9.339330E+13   8.3948E-06   8.3948E-06   1.00000
FLUX  964  3230.00        9.281502E+13   8.2951E-06   8.2952E-06   1.00000
FLUX  965  3250.00        9.224385E+13   8.1972E-06   8.1972E-06   0.99999
FLUX  966  3270.00        9.167966E+13   8.0993E-06   8.1010E-06   0.99979
FLUX  967  3290.00        9.112234E+13   7.7737E-06   8.0284E-06   0.96829
FLUX  968  3310.00        9.057175E+13   7.8547E-06   7.9351E-06   0.98987
FLUX  969  3330.00        9.002778E+13   7.8116E-06   7.8435E-06   0.99594
FLUX  970  3350.00        8.949030E+13   7.7257E-06   7.7534E-06   0.99642
FLUX  971  3370.00        8.895920E+13   7.6382E-06   7.6649E-06   0.99651
FLUX  972  3390.00        8.843437E+13   7.5522E-06   7.5779E-06   0.99661
FLUX  973  3410.00        8.791569E+13   7.4675E-06   7.4923E-06   0.99668
FLUX  974  3430.00        8.740306E+13   7.3840E-06   7.4082E-06   0.99673
FLUX  975  3450.00        8.689638E+13   7.3021E-06   7.3255E-06   0.99680
FLUX  976  3470.00        8.639553E+13   7.2212E-06   7.2441E-06   0.99683
FLUX  977  3490.00        8.590043E+13   7.1418E-06   7.1641E-06   0.99688
FLUX  978  3510.00        8.541097E+13   7.0638E-06   7.0854E-06   0.99695
FLUX  979  3530.00        8.492705E+13   6.9868E-06   7.0080E-06   0.99697
FLUX  980  3550.00        8.444859E+13   6.9110E-06   6.9319E-06   0.99698
FLUX  981  3570.00        8.397549E+13   6.8361E-06   6.8570E-06   0.99696
FLUX  982  3590.00        8.350766E+13   6.7640E-06   6.7833E-06   0.99715
FLUX  983  3610.00        8.304501E+13   6.6899E-06   6.7108E-06   0.99689
FLUX  984  3630.00        8.258747E+13   6.6210E-06   6.6394E-06   0.99724
FLUX  985  3650.00        8.213493E+13   6.5476E-06   6.5691E-06   0.99672
FLUX  986  3670.00        8.168733E+13   6.4833E-06   6.5000E-06   0.99743
FLUX  987  3690.00        8.124458E+13   6.4070E-06   6.4319E-06   0.99612
FLUX  988  3710.00        8.080660E+13   6.3391E-06   6.3649E-06   0.99594
FLUX  989  3730.00        8.037332E+13   6.1955E-06   6.2990E-06   0.98358
FLUX  990  3750.00        7.994467E+13   6.0849E-06   6.2340E-06   0.97608
FLUX  991  3770.00        7.952056E+13   6.1529E-06   6.1701E-06   0.99722
FLUX  992  3790.00        7.910092E+13   6.1008E-06   6.1071E-06   0.99897
FLUX  993  3810.00        7.868570E+13   6.0176E-06   6.0451E-06   0.99545
FLUX  994  3830.00        7.827480E+13   5.9597E-06   5.9840E-06   0.99593
FLUX  995  3850.00        7.786818E+13   5.9237E-06   5.9238E-06   0.99997
FLUX  996  3870.00        7.746576E+13   5.8641E-06   5.8646E-06   0.99991
FLUX  997  3890.00        7.706748E+13   5.7938E-06   5.8062E-06   0.99786
FLUX  998  3910.00        7.667327E+13   5.7000E-06   5.7487E-06   0.99152
FLUX  999  3930.00        7.628308E+13   5.6868E-06   5.6920E-06   0.99908
FLUX 1000  3950.00        7.589684E+13   5.6353E-06   5.6362E-06   0.99984
FLUX 1001  3970.00        7.551448E+13   5.5810E-06   5.5811E-06   0.99998
FLUX 1002  3990.00        7.513596E+13   5.5264E-06   5.5269E-06   0.99991
FLUX 1003  4010.00        7.476122E+13   5.4353E-06   5.4735E-06   0.99302
FLUX 1004  4030.00        7.439020E+13   5.3605E-06   5.4208E-06   0.98887
FLUX 1005  4050.00        7.402284E+13   5.2243E-06   5.3688E-06   0.97307
FLUX 1006  4070.00        7.365909E+13   5.3099E-06   5.3177E-06   0.99854
FLUX 1007  4090.00        7.329890E+13   5.2671E-06   5.2672E-06   0.99998
FLUX 1008  4110.00        7.294221E+13   5.2173E-06   5.2174E-06   0.99998
FLUX 1009  4130.00        7.258898E+13   5.1651E-06   5.1684E-06   0.99936
FLUX 1010  4150.00        7.223916E+13   5.1119E-06   5.1200E-06   0.99843
FLUX 1011  4170.00        7.189269E+13   4.9773E-06   5.0723E-06   0.98127
FLUX 1012  4190.00        7.154952E+13   5.0146E-06   5.0253E-06   0.99787
FLUX 1013  4210.00        7.120962E+13   4.9788E-06   4.9789E-06   0.99998
FLUX 1014  4230.00        7.087293E+13   4.9331E-06   4.9331E-06   1.00000
FLUX 1015  4250.00        7.053941E+13   4.8862E-06   4.8880E-06   0.99964
FLUX 1016  4270.00        7.020902E+13   4.8435E-06   4.8435E-06   1.00000
FLUX 1017  4290.00        6.988170E+13   4.7932E-06   4.7996E-06   0.99868
FLUX 1018  4310.00        6.955742E+13   4.7562E-06   4.7562E-06   1.00000
FLUX 1019  4330.00        6.923614E+13   4.7135E-06   4.7135E-06   0.99999
FLUX 1020  4350.00        6.891782E+13   4.6682E-06   4.6713E-06   0.99933
FLUX 1021  4370.00        6.860240E+13   4.5341E-06   4.6297E-06   0.97935
FLUX 1022  4390.00        6.828986E+13   4.5572E-06   4.5887E-06   0.99315
FLUX 1023  4410.00        6.798016E+13   4.5481E-06   4.5482E-06   0.99998
FLUX 1024  4430.00        6.767325E+13   4.5082E-06   4.5082E-06   1.00000
FLUX 1025  4450.00        6.736910E+13   4.4687E-06   4.4687E-06   1.00000
FLUX 1026  4470.00        6.706767E+13   4.4360E-06   4.4361E-06   0.99997
FLUX 1027  4490.00        6.676893E+13   4.3974E-06   4.3976E-06   0.99997
FLUX 1028  4510.00        6.647284E+13   4.3594E-06   4.3595E-06   0.99997
FLUX 1029  4530.00        6.617936E+13   4.3215E-06   4.3220E-06   0.99989
FLUX 1030  4550.00        6.588846E+13   4.2848E-06   4.2850E-06   0.99997
FLUX 1031  4570.00        6.560011E+13   4.2480E-06   4.2484E-06   0.99991
FLUX 1032  4590.00        6.531427E+13   4.2121E-06   4.2123E-06   0.99997
FLUX 1033  4610.00        6.503091E+13   4.1732E-06   4.1766E-06   0.99917
FLUX 1034  4630.00        6.475000E+13   4.1279E-06   4.1414E-06   0.99674
FLUX 1035  4650.00        6.447151E+13   3.9635E-06   4.1067E-06   0.96514
FLUX 1036  4670.00        6.419540E+13   3.9476E-06   4.0723E-06   0.96936
FLUX 1037  4690.00        6.392164E+13   4.0121E-06   4.0384E-06   0.99348
FLUX 1038  4710.00        6.365021E+13   4.0005E-06   4.0050E-06   0.99889
FLUX 1039  4730.00        6.338108E+13   3.9718E-06   3.9719E-06   0.99997
FLUX 1040  4750.00        6.311421E+13   3.9387E-06   3.9392E-06   0.99988
FLUX 1041  4770.00        6.284958E+13   3.9069E-06   3.9070E-06   0.99997
FLUX 1042  4790.00        6.258716E+13   3.8750E-06   3.8751E-06   0.99998
FLUX 1043  4810.00        6.232692E+13   3.8435E-06   3.8436E-06   0.99998
FLUX 1044  4830.00        6.206884E+13   3.8124E-06   3.8125E-06   0.99998
FLUX 1045  4850.00        6.181289E+13   3.7817E-06   3.7818E-06   0.99998
FLUX 1046  4870.00        6.155903E+13   3.7513E-06   3.7514E-06   0.99998
FLUX 1047  4890.00        6.130726E+13   3.7213E-06   3.7214E-06   0.99998
FLUX 1048  4910.00        6.105754E+13   3.6917E-06   3.6917E-06   0.99998
FLUX 1049  4930.00        6.080984E+13   3.6624E-06   3.6625E-06   0.99998
FLUX 1050  4950.00        6.056414E+13   3.6334E-06   3.6335E-06   0.99998
FLUX 1051  4970.00        6.032042E+13   3.6048E-06   3.6049E-06   0.99998
FLUX 1052  4990.00        6.007866E+13   3.5765E-06   3.5766E-06   0.99998
FLUX 1053  5010.00        5.983882E+13   3.5486E-06   3.5487E-06   0.99997
FLUX 1054  5030.00        5.960089E+13   3.5207E-06   3.5210E-06   0.99991
FLUX 1055  5050.00        5.936485E+13   3.4937E-06   3.4937E-06   0.99998
FLUX 1056  5070.00        5.913067E+13   3.4667E-06   3.4667E-06   0.99997
FLUX 1057  5090.00        5.889833E+13   3.4353E-06   3.4401E-06   0.99861
FLUX 1058  5110.00        5.866781E+13   3.3964E-06   3.4137E-06   0.99494
FLUX 1059  5130.00        5.843908E+13   3.2780E-06   3.3876E-06   0.96763
FLUX 1060  5150.00        5.821214E+13   3.3487E-06   3.3618E-06   0.99608
FLUX 1061  5170.00        5.798694E+13   3.3299E-06   3.3364E-06   0.99807
FLUX 1062  5190.00        5.776349E+13   3.3111E-06   3.3112E-06   0.99997
FLUX 1063  5210.00        5.754175E+13   3.2862E-06   3.2862E-06   0.99998
FLUX 1064  5230.00        5.732170E+13   3.2615E-06   3.2616E-06   0.99998
FLUX 1065  5250.00        5.710333E+13   3.2352E-06   3.2372E-06   0.99936
FLUX 1066  5270.00        5.688662E+13   3.2076E-06   3.2131E-06   0.99828
FLUX 1067  5290.00        5.667155E+13   3.1892E-06   3.1893E-06   0.99998
FLUX 1068  5310.00        5.645810E+13   3.1657E-06   3.1658E-06   0.99999
FLUX 1069  5330.00        5.624625E+13   3.1424E-06   3.1424E-06   0.99999
FLUX 1070  5350.00        5.603598E+13   3.1193E-06   3.1194E-06   0.99998
FLUX 1071  5370.00        5.582728E+13   3.0903E-06   3.0966E-06   0.99795
FLUX 1072  5390.00        5.562013E+13   3.0679E-06   3.0740E-06   0.99800
FLUX 1073  5410.00        5.541451E+13   3.0517E-06   3.0517E-06   0.99998
FLUX 1074  5430.00        5.521041E+13   3.0296E-06   3.0297E-06   0.99999
FLUX 1075  5450.00        5.500780E+13   3.0078E-06   3.0078E-06   0.99999
FLUX 1076  5470.00        5.480667E+13   2.9862E-06   2.9863E-06   0.99999
FLUX 1077  5490.00        5.460701E+13   2.9648E-06   2.9649E-06   0.99998
FLUX 1078  5510.00        5.440880E+13   2.9388E-06   2.9438E-06   0.99830
FLUX 1079  5530.00        5.421203E+13   2.9092E-06   2.9228E-06   0.99534
FLUX 1080  5550.00        5.401667E+13   2.9019E-06   2.9022E-06   0.99990
FLUX 1081  5570.00        5.382271E+13   2.8816E-06   2.8817E-06   0.99999
FLUX 1082  5590.00        5.363014E+13   2.8614E-06   2.8614E-06   0.99999
FLUX 1083  5610.00        5.343895E+13   2.8413E-06   2.8414E-06   0.99999
FLUX 1084  5630.00        5.324911E+13   2.8215E-06   2.8215E-06   0.99999
FLUX 1085  5650.00        5.306062E+13   2.8019E-06   2.8019E-06   0.99999
FLUX 1086  5670.00        5.287346E+13   2.7824E-06   2.7825E-06   0.99998
FLUX 1087  5690.00        5.268761E+13   2.7604E-06   2.7633E-06   0.99896
FLUX 1088  5710.00        5.250306E+13   2.7225E-06   2.7442E-06   0.99210
FLUX 1089  5730.00        5.231981E+13   2.7205E-06   2.7254E-06   0.99822
FLUX 1090  5750.00        5.213783E+13   2.7067E-06   2.7067E-06   0.99998
FLUX 1091  5770.00        5.195711E+13   2.6883E-06   2.6883E-06   0.99999
FLUX 1092  5790.00        5.177763E+13   2.6700E-06   2.6700E-06   0.99999
FLUX 1093  5810.00        5.159940E+13   2.6519E-06   2.6519E-06   0.99999
FLUX 1094  5830.00        5.142238E+13   2.6340E-06   2.6340E-06   0.99998
FLUX 1095  5850.00        5.124658E+13   2.6184E-06   2.6185E-06   0.99997
FLUX 1096  5870.00        5.107198E+13   2.5987E-06   2.6009E-06   0.99913
FLUX 1097  5890.00        5.089856E+13   2.5681E-06   2.5835E-06   0.99401
FLUX 1098  5910.00        5.072631E+13   2.4734E-06   2.5663E-06   0.96380
FLUX 1099  5930.00        5.055523E+13   2.5360E-06   2.5493E-06   0.99478
FLUX 1100  5950.00        5.038529E+13   2.5010E-06   2.5324E-06   0.98758
FLUX 1101  5970.00        5.021650E+13   2.4989E-06   2.5157E-06   0.99331
FLUX 1102  5990.00        5.004883E+13   2.4964E-06   2.4992E-06   0.99889
FLUX 1103  6010.00        4.988228E+13   2.4827E-06   2.4828E-06   0.99998
FLUX 1104  6030.00        4.971683E+13   2.4665E-06   2.4665E-06   0.99998
FLUX 1105  6050.00        4.955248E+13   2.4504E-06   2.4505E-06   0.99998
FLUX 1106  6070.00        4.938921E+13   2.4345E-06   2.4346E-06   0.99998
FLUX 1107  6090.00        4.922701E+13   2.4188E-06   2.4188E-06   0.99998
FLUX 1108  6110.00        4.906588E+13   2.4032E-06   2.4032E-06   0.99998
FLUX 1109  6130.00        4.890579E+13   2.3877E-06   2.3877E-06   0.99999
FLUX 1110  6150.00        4.874675E+13   2.3724E-06   2.3724E-06   0.99998
FLUX 1111  6170.00        4.858874E+13   2.3572E-06   2.3573E-06   0.99998
FLUX 1112  6190.00        4.843174E+13   2.3422E-06   2.3422E-06   0.99998
FLUX 1113  6210.00        4.827576E+13   2.3273E-06   2.3274E-06   0.99998
FLUX 1114  6230.00        4.812079E+13   2.3126E-06   2.3126E-06   0.99998
FLUX 1115  6250.00        4.796680E+13   2.2979E-06   2.2980E-06   0.99997
FLUX 1116  6270.00        4.781380E+13   2.2746E-06   2.2836E-06   0.99610
FLUX 1117  6290.00        4.766176E+13   2.2221E-06   2.2692E-06   0.97922
FLUX 1118  6310.00        4.751070E+13   2.2428E-06   2.2550E-06   0.99457
FLUX 1119  6330.00        4.736058E+13   2.2396E-06   2.2410E-06   0.99939
FLUX 1120  6350.00        4.721142E+13   2.2270E-06   2.2270E-06   0.99998
FLUX 1121  6370.00        4.706319E+13   2.2132E-06   2.2132E-06   0.99998
FLUX 1122  6390.00        4.691588E+13   2.1995E-06   2.1996E-06   0.99999
FLUX 1123  6420.00        4.669665E+13   2.1793E-06   2.1793E-06   0.99999
FLUX 1124  6460.00        4.640751E+13   2.1526E-06   2.1527E-06   0.99999
FLUX 1125  6500.00        4.612192E+13   2.1265E-06   2.1265E-06   0.99999
FLUX 1126  6540.00        4.583983E+13   2.1009E-06   2.1009E-06   0.99999
FLUX 1127  6580.00        4.556117E+13   2.0757E-06   2.0757E-06   0.99999
FLUX 1128  6620.00        4.528588E+13   2.0509E-06   2.0509E-06   0.99997
FLUX 1129  6660.00        4.501389E+13   2.0266E-06   2.0266E-06   0.99999
FLUX 1130  6700.00        4.474515E+13   2.0027E-06   2.0027E-06   0.99998
FLUX 1131  6740.00        4.447960E+13   1.9744E-06   1.9793E-06   0.99753
FLUX 1132  6780.00        4.421718E+13   1.9239E-06   1.9562E-06   0.98347
FLUX 1133  6820.00        4.395784E+13   1.9323E-06   1.9336E-06   0.99937
FLUX 1134  6860.00        4.370153E+13   1.9112E-06   1.9113E-06   0.99998
FLUX 1135  6900.00        4.344819E+13   1.8894E-06   1.8894E-06   0.99999
FLUX 1136  6940.00        4.319777E+13   1.8678E-06   1.8679E-06   0.99997
FLUX 1137  6980.00        4.295021E+13   1.8467E-06   1.8467E-06   0.99999
FLUX 1138  7020.00        4.270548E+13   1.8259E-06   1.8259E-06   0.99999
FLUX 1139  7060.00        4.246353E+13   1.8054E-06   1.8055E-06   0.99998
FLUX 1140  7100.00        4.222430E+13   1.7853E-06   1.7853E-06   0.99997
FLUX 1141  7140.00        4.198775E+13   1.7655E-06   1.7656E-06   0.99997
FLUX 1142  7180.00        4.175383E+13   1.7461E-06   1.7461E-06   0.99999
FLUX 1143  7220.00        4.152251E+13   1.7269E-06   1.7270E-06   0.99999
FLUX 1144  7260.00        4.129373E+13   1.7071E-06   1.7081E-06   0.99937
FLUX 1145  7300.00        4.106747E+13   1.6896E-06   1.6896E-06   0.99997
FLUX 1146  7340.00        4.084366E+13   1.6714E-06   1.6714E-06   0.99998
FLUX 1147  7380.00        4.062229E+13   1.6534E-06   1.6535E-06   0.99998
FLUX 1148  7420.00        4.040330E+13   1.6319E-06   1.6358E-06   0.99762
FLUX 1149  7460.00        4.018666E+13   1.5796E-06   1.6185E-06   0.97599
FLUX 1150  7500.00        3.997233E+13   1.5463E-06   1.6014E-06   0.96562
FLUX 1151  7540.00        3.976028E+13   1.5771E-06   1.5846E-06   0.99526
FLUX 1152  7580.00        3.955046E+13   1.5680E-06   1.5680E-06   0.99997
FLUX 1153  7620.00        3.934285E+13   1.5517E-06   1.5517E-06   0.99998
FLUX 1154  7660.00        3.913740E+13   1.5357E-06   1.5357E-06   0.99998
FLUX 1155  7700.00        3.893409E+13   1.5199E-06   1.5199E-06   0.99998
FLUX 1156  7740.00        3.873288E+13   1.5042E-06   1.5043E-06   0.99990
FLUX 1157  7780.00        3.853374E+13   1.4831E-06   1.4890E-06   0.99603
FLUX 1158  7820.00        3.833664E+13   1.4736E-06   1.4739E-06   0.99980
FLUX 1159  7860.00        3.814154E+13   1.4591E-06   1.4591E-06   0.99999
FLUX 1160  7900.00        3.794842E+13   1.4444E-06   1.4444E-06   0.99999
FLUX 1161  7940.00        3.775724E+13   1.4300E-06   1.4300E-06   0.99999
FLUX 1162  7980.00        3.756798E+13   1.4158E-06   1.4158E-06   0.99999
FLUX 1163  8020.00        3.738061E+13   1.4018E-06   1.4018E-06   0.99999
FLUX 1164  8060.00        3.719510E+13   1.3880E-06   1.3880E-06   0.99999
FLUX 1165  8100.00        3.701142E+13   1.3744E-06   1.3744E-06   0.99998
FLUX 1166  8140.00        3.682955E+13   1.3542E-06   1.3610E-06   0.99499
FLUX 1167  8180.00        3.664945E+13   1.3447E-06   1.3478E-06   0.99770
FLUX 1168  8220.00        3.647111E+13   1.3348E-06   1.3348E-06   0.99998
FLUX 1169  8260.00        3.629449E+13   1.3220E-06   1.3220E-06   0.99999
FLUX 1170  8300.00        3.611958E+13   1.3093E-06   1.3093E-06   0.99999
FLUX 1171  8340.00        3.594634E+13   1.2969E-06   1.2969E-06   0.99999
FLUX 1172  8380.00        3.577476E+13   1.2846E-06   1.2846E-06   0.99999
FLUX 1173  8420.00        3.560481E+13   1.2725E-06   1.2725E-06   0.99999
FLUX 1174  8460.00        3.543647E+13   1.2605E-06   1.2605E-06   0.99999
FLUX 1175  8500.00        3.526971E+13   1.2487E-06   1.2488E-06   0.99999
FLUX 1176  8540.00        3.510451E+13   1.2371E-06   1.2371E-06   0.99999
FLUX 1177  8580.00        3.494085E+13   1.2257E-06   1.2257E-06   0.99999
FLUX 1178  8620.00        3.477871E+13   1.2136E-06   1.2144E-06   0.99932
FLUX 1179  8660.00        3.461807E+13   1.1910E-06   1.2032E-06   0.98979
FLUX 1180  8700.00        3.445891E+13   1.1895E-06   1.1922E-06   0.99768
FLUX 1181  8740.00        3.430120E+13   1.1651E-06   1.1814E-06   0.98621
FLUX 1182  8780.00        3.414493E+13   1.1546E-06   1.1707E-06   0.98627
FLUX 1183  8820.00        3.399008E+13   1.1601E-06   1.1602E-06   0.99997
FLUX 1184  8860.00        3.383663E+13   1.1497E-06   1.1497E-06   0.99999
FLUX 1185  8900.00        3.368455E+13   1.1395E-06   1.1395E-06   0.99999
FLUX 1186  8940.00        3.353384E+13   1.1293E-06   1.1293E-06   0.99999
FLUX 1187  8980.00        3.338447E+13   1.1193E-06   1.1193E-06   0.99999
FLUX 1188  9020.00        3.323642E+13   1.1094E-06   1.1095E-06   0.99999
FLUX 1189  9060.00        3.308968E+13   1.0997E-06   1.0997E-06   0.99999
FLUX 1190  9100.00        3.294423E+13   1.0901E-06   1.0901E-06   0.99999
FLUX 1191  9140.00        3.280005E+13   1.0806E-06   1.0806E-06   0.99999
FLUX 1192  9180.00        3.265714E+13   1.0712E-06   1.0712E-06   0.99999
FLUX 1193  9220.00        3.251546E+13   1.0620E-06   1.0620E-06   0.99998
FLUX 1194  9260.00        3.237500E+13   1.0528E-06   1.0529E-06   0.99998
FLUX 1195  9300.00        3.223575E+13   1.0438E-06   1.0438E-06   0.99998
FLUX 1196  9340.00        3.209770E+13   1.0342E-06   1.0349E-06   0.99930
FLUX 1197  9380.00        3.196082E+13   1.0113E-06   1.0262E-06   0.98556
FLUX 1198  9420.00        3.182511E+13   1.0125E-06   1.0175E-06   0.99509
FLUX 1199  9460.00        3.169054E+13   1.0089E-06   1.0089E-06   0.99997
FLUX 1200  9500.00        3.155711E+13   1.0004E-06   1.0005E-06   0.99997
FLUX 1201  9540.00        3.142479E+13   9.9207E-07   9.9210E-07   0.99997
FLUX 1202  9580.00        3.129358E+13   9.8383E-07   9.8384E-07   0.99999
FLUX 1203  9620.00        3.116346E+13   9.7568E-07   9.7569E-07   0.99999
FLUX 1204  9660.00        3.103442E+13   9.6763E-07   9.6764E-07   0.99999
FLUX 1205  9700.00        3.090644E+13   9.5968E-07   9.5969E-07   0.99999
FLUX 1206  9740.00        3.077952E+13   9.5183E-07   9.5184E-07   0.99999
FLUX 1207  9780.00        3.065363E+13   9.4407E-07   9.4408E-07   0.99999
FLUX 1208  9820.00        3.052877E+13   9.3638E-07   9.3641E-07   0.99997
FLUX 1209  9860.00        3.040492E+13   9.2827E-07   9.2884E-07   0.99939
FLUX 1210  9900.00        3.028207E+13   9.2134E-07   9.2136E-07   0.99998
FLUX 1211  9940.00        3.016021E+13   9.1396E-07   9.1396E-07   0.99999
FLUX 1212  9980.00        3.003933E+13   9.0665E-07   9.0666E-07   0.99999
FLUX 1213 10020.00        2.991941E+13   8.9943E-07   8.9944E-07   0.99999
FLUX 1214 20000.00        1.498963E+13   2.2396E-07   2.2396E-07   1.00000
FLUX 1215 40000.00        7.494813E+12   5.5060E-08   5.5060E-08   1.00000
FLUX 1216 60000.00        4.996542E+12   2.4215E-08   2.4215E-08   1.00000
FLUX 1217 80000.00        3.747406E+12   1.3521E-08   1.3521E-08   1.00000
FLUX 1218100000.00        2.997925E+12   8.6054E-09   8.6054E-09   1.00000
FLUX 1219120000.00        2.498271E+12   5.9485E-09   5.9485E-09   1.00000
FLUX 1220140000.00        2.141375E+12   4.3530E-09   4.3530E-09   1.00000
FLUX 1221160000.00        1.873703E+12   3.3211E-09   3.3211E-09   1.00000
FLUX
