TEFF   6000.  GRAVITY 4.00000 LTE 
TITLE  [0.0] VTURB=2  L/H=1.25 NOVER NEW ODF                                    
FLUX    1     9.09        3.298047E+16   2.5000E-39   2.5000E-39   1.00000
FLUX    2     9.35        3.206337E+16   2.5000E-39   2.5000E-39   1.00000
FLUX    3     9.61        3.119589E+16   2.5000E-39   2.5000E-39   1.00000
FLUX    4     9.77        3.068500E+16   2.5000E-39   2.5000E-39   1.00000
FLUX    5     9.96        3.009965E+16   2.5000E-39   2.5000E-39   1.00000
FLUX    6    10.20        2.939142E+16   2.5000E-39   2.5000E-39   1.00000
FLUX    7    10.38        2.888174E+16   2.5000E-39   2.5000E-39   1.00000
FLUX    8    10.56        2.838944E+16   2.5000E-39   2.5000E-39   1.00000
FLUX    9    10.77        2.783589E+16   2.5000E-39   2.5000E-39   1.00000
FLUX   10    11.04        2.715512E+16   2.5000E-39   2.5000E-39   1.00000
FLUX   11    11.40        2.629759E+16   2.5000E-39   2.5000E-39   1.00000
FLUX   12    11.78        2.544928E+16   2.5000E-39   2.5000E-39   1.00000
FLUX   13    12.13        2.471496E+16   2.5000E-39   2.5000E-39   1.00000
FLUX   14    12.48        2.402184E+16   2.5000E-39   2.5000E-39   1.00000
FLUX   15    12.71        2.358714E+16   2.5000E-39   2.5000E-39   1.00000
FLUX   16    12.84        2.334833E+16   2.5000E-39   2.5000E-39   1.00000
FLUX   17    13.05        2.297260E+16   6.5407-124   6.5408-124   0.99998
FLUX   18    13.24        2.264294E+16   3.6167-122   3.6168-122   0.99998
FLUX   19    13.39        2.238928E+16   7.9234-121   7.9236-121   0.99998
FLUX   20    13.66        2.194674E+16   1.7258-118   1.7258-118   0.99998
FLUX   21    13.98        2.144439E+16   7.7615-116   7.7616-116   0.99998
FLUX   22    14.33        2.092062E+16   4.5065-113   4.5066-113   0.99998
FLUX   23    14.72        2.036634E+16   3.7769-110   3.7769-110   0.99998
FLUX   24    15.10        1.985381E+16   1.8994-107   1.8994-107   0.99998
FLUX   25    15.52        1.931653E+16   1.2845-104   1.2846-104   0.99998
FLUX   26    15.88        1.887862E+16   2.5910-102   2.5910-102   0.99998
FLUX   27    16.20        1.850571E+16   2.3717-100   2.3718-100   0.99998
FLUX   28    16.60        1.805979E+16   5.2407E-98   5.2408E-98   0.99998
FLUX   29    17.03        1.760379E+16   1.3034E-95   1.3034E-95   0.99998
FLUX   30    17.34        1.728907E+16   5.8521E-94   5.8522E-94   0.99998
FLUX   31    17.68        1.695659E+16   3.2502E-92   3.2502E-92   0.99998
FLUX   32    18.02        1.663665E+16   1.5479E-90   1.5480E-90   0.99998
FLUX   33    18.17        1.649931E+16   8.1225E-90   8.1226E-90   0.99998
FLUX   34    18.61        1.610921E+16   8.9923E-88   8.9925E-88   0.99998
FLUX   35    19.10        1.569594E+16   1.3110E-85   1.3111E-85   0.99998
FLUX   36    19.39        1.546119E+16   2.2132E-84   2.2132E-84   0.99998
FLUX   37    19.84        1.511051E+16   1.5053E-82   1.5053E-82   0.99998
FLUX   38    20.18        1.485592E+16   3.2210E-81   3.2210E-81   0.99998
FLUX   39    20.50        1.462402E+16   5.2446E-80   5.2447E-80   0.99998
FLUX   40    21.05        1.424192E+16   5.1647E-78   5.1648E-78   0.99998
FLUX   41    21.62        1.386644E+16   4.6796E-76   4.6797E-76   0.99998
FLUX   42    21.98        1.363933E+16   7.1312E-75   7.1313E-75   0.99998
FLUX   43    22.30        1.344361E+16   7.4335E-74   7.4337E-74   0.99998
FLUX   44    22.68        1.321836E+16   1.1032E-72   1.1032E-72   0.99998
FLUX   45    23.00        1.303446E+16   9.9781E-72   9.9782E-72   0.99998
FLUX   46    23.40        1.281165E+16   1.4324E-70   1.4324E-70   0.99998
FLUX   47    24.00        1.249135E+16   6.5765E-69   6.5767E-69   0.99998
FLUX   48    24.65        1.216197E+16   3.3550E-67   3.3550E-67   0.99998
FLUX   49    25.24        1.187767E+16   9.9589E-66   9.9590E-66   0.99998
FLUX   50    25.68        1.167416E+16   1.1258E-64   1.1258E-64   0.99998
FLUX   51    26.00        1.153048E+16   6.2316E-64   6.2317E-64   0.99998
FLUX   52    26.40        1.135578E+16   4.9851E-63   4.9852E-63   0.99998
FLUX   53    26.85        1.116546E+16   4.7878E-62   4.7879E-62   0.99998
FLUX   54    27.35        1.096133E+16   5.4058E-61   5.4059E-61   0.99998
FLUX   55    27.85        1.076454E+16   5.5920E-60   5.5921E-60   0.99998
FLUX   56    28.40        1.055607E+16   6.6247E-59   6.6248E-59   0.99998
FLUX   57    29.00        1.033767E+16   8.8025E-58   8.8026E-58   0.99998
FLUX   58    29.60        1.012812E+16   1.0488E-56   1.0489E-56   0.99998
FLUX   59    30.10        9.959883E+15   7.6645E-56   7.6657E-56   0.99985
FLUX   60    30.80        9.733523E+15   1.1102E-54   1.1102E-54   0.99998
FLUX   61    31.80        9.427437E+15   4.0976E-53   4.0977E-53   0.99998
FLUX   62    32.80        9.140015E+15   1.2066E-51   1.2066E-51   0.99998
FLUX   63    33.80        8.869601E+15   2.8893E-50   2.8894E-50   0.99998
FLUX   64    34.80        8.614727E+15   5.7369E-49   5.7370E-49   0.99998
FLUX   65    35.70        8.397549E+15   7.2821E-48   7.2823E-48   0.99998
FLUX   66    36.60        8.191052E+15   8.1390E-47   8.1392E-47   0.99998
FLUX   67    37.50        7.994467E+15   8.0634E-46   8.0635E-46   0.99998
FLUX   68    38.50        7.786818E+15   9.0530E-45   9.0532E-45   0.99998
FLUX   69    39.50        7.589683E+15   8.9493E-44   8.9494E-44   0.99998
FLUX   70    40.50        7.402284E+15   7.8706E-43   7.8707E-43   0.99998
FLUX   71    41.40        7.241364E+15   5.0767E-42   5.0768E-42   0.99998
FLUX   72    42.20        7.104087E+15   2.4828E-41   2.4828E-41   0.99998
FLUX   73    43.00        6.971919E+15   1.1421E-40   1.1422E-40   0.99998
FLUX   74    44.10        6.798016E+15   8.4781E-40   8.4783E-40   0.99998
FLUX   75    45.10        6.647284E+15   4.7997E-39   4.7998E-39   0.99998
FLUX   76    46.00        6.517228E+15   2.1370E-38   2.1370E-38   0.99998
FLUX   77    47.00        6.378564E+15   1.0478E-37   1.0478E-37   0.99998
FLUX   78    48.00        6.245677E+15   4.7923E-37   4.7924E-37   0.99998
FLUX   79    49.00        6.118214E+15   2.0556E-36   2.0557E-36   0.99998
FLUX   80    50.00        5.995850E+15   8.2896E-36   8.2897E-36   0.99998
FLUX   81    50.60        5.924753E+15   2.4746E-35   2.8232E-35   0.87653
FLUX   82    51.20        5.855322E+15   6.1135E-35   6.1898E-35   0.98768
FLUX   83    52.00        5.765240E+15   1.6949E-34   1.7116E-34   0.99023
FLUX   84    53.00        5.656462E+15   5.8322E-34   5.8324E-34   0.99998
FLUX   85    54.00        5.551713E+15   1.8837E-33   1.8949E-33   0.99409
FLUX   86    55.00        5.450773E+15   5.8882E-33   5.8884E-33   0.99998
FLUX   87    56.00        5.353437E+15   1.7533E-32   1.7533E-32   0.99998
FLUX   88    57.00        5.259517E+15   5.0138E-32   5.0139E-32   0.99998
FLUX   89    58.00        5.168836E+15   1.3647E-31   1.3804E-31   0.98862
FLUX   90    59.00        5.081229E+15   3.6624E-31   3.6637E-31   0.99964
FLUX   91    60.00        4.996542E+15   9.3893E-31   9.3944E-31   0.99946
FLUX   92    61.00        4.914631E+15   2.3313E-30   2.3313E-30   0.99998
FLUX   93    62.00        4.835363E+15   5.6075E-30   5.6083E-30   0.99986
FLUX   94    63.00        4.758611E+15   1.3096E-29   1.3098E-29   0.99991
FLUX   95    64.00        4.684258E+15   2.9753E-29   2.9755E-29   0.99993
FLUX   96    65.00        4.612192E+15   6.5808E-29   6.5810E-29   0.99997
FLUX   97    65.80        4.556117E+15   1.2190E-28   1.2191E-28   0.99991
FLUX   98    66.50        4.508158E+15   2.0617E-28   2.0639E-28   0.99894
FLUX   99    67.50        4.441370E+15   4.2875E-28   4.2908E-28   0.99921
FLUX  100    68.50        4.376533E+15   8.7186E-28   8.7193E-28   0.99992
FLUX  101    69.50        4.313561E+15   1.7335E-27   1.7336E-27   0.99993
FLUX  102    70.50        4.252376E+15   3.3641E-27   3.3756E-27   0.99661
FLUX  103    71.60        4.187046E+15   6.8648E-27   6.8656E-27   0.99989
FLUX  104    72.60        4.129373E+15   1.2831E-26   1.2832E-26   0.99998
FLUX  105    73.50        4.078809E+15   2.2181E-26   2.2185E-26   0.99984
FLUX  106    74.50        4.024060E+15   4.0069E-26   4.0093E-26   0.99939
FLUX  107    75.50        3.970762E+15   7.1183E-26   7.1247E-26   0.99910
FLUX  108    76.50        3.918856E+15   1.2455E-25   1.2458E-25   0.99980
FLUX  109    77.50        3.868290E+15   2.1429E-25   2.1446E-25   0.99921
FLUX  110    78.50        3.819013E+15   3.6371E-25   3.6372E-25   0.99998
FLUX  111    79.50        3.770975E+15   6.0291E-25   6.0806E-25   0.99153
FLUX  112    80.50        3.724130E+15   9.9899E-25   1.0026E-24   0.99640
FLUX  113    81.50        3.678436E+15   1.6304E-24   1.6313E-24   0.99945
FLUX  114    82.50        3.633848E+15   2.6200E-24   2.6209E-24   0.99968
FLUX  115    83.50        3.590329E+15   4.1593E-24   4.1599E-24   0.99985
FLUX  116    84.50        3.547840E+15   6.5238E-24   6.5247E-24   0.99987
FLUX  117    85.50        3.506345E+15   1.0119E-23   1.0119E-23   0.99998
FLUX  118    86.50        3.465809E+15   1.5517E-23   1.5518E-23   0.99991
FLUX  119    87.50        3.426200E+15   2.3500E-23   2.3545E-23   0.99807
FLUX  120    88.50        3.387486E+15   3.5358E-23   3.5364E-23   0.99983
FLUX  121    89.50        3.349637E+15   5.2587E-23   5.2591E-23   0.99992
FLUX  122    90.50        3.312624E+15   7.7434E-23   7.7462E-23   0.99964
FLUX  123    91.50        3.276421E+15   9.0834E-20   2.2934E-19   0.39607
FLUX  124    92.50        3.241000E+15   3.2430E-19   3.4514E-19   0.93962
FLUX  125    93.50        3.206337E+15   4.8201E-19   5.1423E-19   0.93735
FLUX  126    94.50        3.172407E+15   7.1228E-19   7.5920E-19   0.93820
FLUX  127    95.50        3.139188E+15   1.0835E-18   1.1114E-18   0.97483
FLUX  128    96.50        3.106658E+15   1.5768E-18   1.6129E-18   0.97762
FLUX  129    97.50        3.074795E+15   2.2651E-18   2.3213E-18   0.97581
FLUX  130    98.50        3.043579E+15   3.2378E-18   3.3213E-18   0.97486
FLUX  131    99.50        3.012990E+15   4.5877E-18   4.7118E-18   0.97366
FLUX  132   100.50        2.983010E+15   6.6012E-18   6.6356E-18   0.99482
FLUX  133   101.50        2.953621E+15   9.2269E-18   9.2750E-18   0.99482
FLUX  134   102.50        2.924805E+15   1.2602E-17   1.2896E-17   0.97718
FLUX  135   103.50        2.896546E+15   1.7731E-17   1.7796E-17   0.99637
FLUX  136   104.50        2.868828E+15   2.4332E-17   2.4411E-17   0.99674
FLUX  137   105.50        2.841635E+15   3.3161E-17   3.3281E-17   0.99641
FLUX  138   106.50        2.814953E+15   4.4905E-17   4.5108E-17   0.99550
FLUX  139   107.50        2.788767E+15   6.0591E-17   6.0787E-17   0.99677
FLUX  140   108.50        2.763064E+15   8.1249E-17   8.1452E-17   0.99751
FLUX  141   109.50        2.737831E+15   1.0807E-16   1.0853E-16   0.99581
FLUX  142   110.50        2.713054E+15   2.8922E-16   1.3176E-15   0.21950
FLUX  143   111.50        2.688722E+15   9.1520E-16   1.7562E-15   0.52114
FLUX  144   112.50        2.664822E+15   1.3916E-15   2.2887E-15   0.60805
FLUX  145   113.50        2.641344E+15   2.0878E-15   2.9250E-15   0.71377
FLUX  146   114.50        2.618275E+15   2.7861E-15   3.6768E-15   0.75774
FLUX  147   115.50        2.595606E+15   3.2686E-15   4.5533E-15   0.71785
FLUX  148   116.50        2.573326E+15   4.5490E-15   5.5534E-15   0.81915
FLUX  149   117.50        2.551426E+15   5.8040E-15   6.6465E-15   0.87324
FLUX  150   118.50        2.529894E+15   6.5180E-15   8.7455E-15   0.74529
FLUX  151   119.50        2.508724E+15   4.8243E-15   1.0630E-14   0.45384
FLUX  152   120.50        2.487905E+15   5.0068E-15   1.2862E-14   0.38928
FLUX  153   121.50        2.467428E+15   1.9579E-15   1.5501E-14   0.12630
FLUX  154   122.50        2.447286E+15   6.7325E-15   1.8707E-14   0.35989
FLUX  155   123.50        2.427470E+15   1.4489E-14   2.2401E-14   0.64682
FLUX  156   124.50        2.407972E+15   2.2379E-14   2.7151E-14   0.82423
FLUX  157   125.50        2.388785E+15   2.9600E-14   3.4866E-14   0.84897
FLUX  158   126.50        2.369901E+15   3.1643E-14   4.2833E-14   0.73875
FLUX  159   127.50        2.351314E+15   4.0344E-14   5.1457E-14   0.78402
FLUX  160   128.50        2.333016E+15   4.9488E-14   6.1453E-14   0.80530
FLUX  161   129.50        2.315000E+15   6.1254E-14   7.2884E-14   0.84042
FLUX  162   130.50        2.297261E+15   6.4348E-14   8.6154E-14   0.74690
FLUX  163   131.50        2.279791E+15   8.2366E-14   1.0146E-13   0.81179
FLUX  164   132.50        2.262585E+15   9.1932E-14   1.1913E-13   0.77167
FLUX  165   133.50        2.245637E+15   1.0685E-13   1.3945E-13   0.76622
FLUX  166   134.50        2.228940E+15   1.2451E-13   1.6278E-13   0.76493
FLUX  167   135.50        2.212491E+15   1.4520E-13   1.9027E-13   0.76310
FLUX  168   136.50        2.196282E+15   1.6252E-13   2.2324E-13   0.72802
FLUX  169   137.50        2.180309E+15   1.8387E-13   2.6118E-13   0.70400
FLUX  170   138.50        2.164567E+15   2.0826E-13   3.0477E-13   0.68334
FLUX  171   139.50        2.149050E+15   2.3897E-13   3.5473E-13   0.67367
FLUX  172   140.50        2.133754E+15   2.8767E-13   4.1187E-13   0.69846
FLUX  173   141.50        2.118675E+15   3.2755E-13   4.7710E-13   0.68655
FLUX  174   142.50        2.103807E+15   3.7618E-13   5.5145E-13   0.68217
FLUX  175   143.50        2.089146E+15   4.3932E-13   6.3598E-13   0.69078
FLUX  176   144.20        2.079005E+15   5.3391E-13   7.0187E-13   0.76070
FLUX  177   144.70        2.071821E+15   5.1425E-13   7.5291E-13   0.68302
FLUX  178   145.50        2.060430E+15   6.0002E-13   8.4093E-13   0.71352
FLUX  179   146.50        2.046365E+15   7.1406E-13   9.6383E-13   0.74085
FLUX  180   147.50        2.032492E+15   7.4151E-13   1.1025E-12   0.67257
FLUX  181   148.50        2.018805E+15   8.7736E-13   1.2586E-12   0.69707
FLUX  182   149.50        2.005301E+15   1.1172E-12   1.4341E-12   0.77904
FLUX  183   150.50        1.991977E+15   1.3411E-12   1.6310E-12   0.82222
FLUX  184   151.20        1.982755E+15   1.2015E-12   1.7828E-12   0.67394
FLUX  185   151.70        1.976220E+15   1.5110E-12   2.3271E-12   0.64930
FLUX  186   152.50        1.965852E+15   2.1814E-12   6.5189E-12   0.33463
FLUX  187   153.50        1.953046E+15   6.0249E-12   2.3510E-11   0.25628
FLUX  188   154.50        1.940405E+15   6.2108E-12   2.6511E-11   0.23427
FLUX  189   155.50        1.927926E+15   9.4198E-12   2.9839E-11   0.31569
FLUX  190   156.50        1.915607E+15   9.1820E-12   3.3538E-11   0.27378
FLUX  191   157.50        1.903444E+15   1.5364E-11   4.2091E-11   0.36501
FLUX  192   158.50        1.891435E+15   1.8844E-11   4.7082E-11   0.40024
FLUX  193   159.50        1.879577E+15   2.2186E-11   5.2552E-11   0.42216
FLUX  194   160.50        1.867866E+15   2.4706E-11   5.8521E-11   0.42216
FLUX  195   161.50        1.856300E+15   2.7500E-11   6.5005E-11   0.42304
FLUX  196   162.50        1.844877E+15   3.1469E-11   7.4317E-11   0.42344
FLUX  197   163.50        1.833593E+15   3.6643E-11   8.2371E-11   0.44485
FLUX  198   164.50        1.822447E+15   5.0727E-11   9.1119E-11   0.55671
FLUX  199   165.50        1.811435E+15   3.2527E-11   1.0062E-10   0.32327
FLUX  200   166.50        1.800556E+15   5.9254E-11   1.1094E-10   0.53412
FLUX  201   167.20        1.793017E+15   4.2244E-11   1.1867E-10   0.35599
FLUX  202   167.70        1.787671E+15   6.3089E-11   2.3806E-10   0.26501
FLUX  203   168.50        1.779184E+15   1.0620E-10   1.8420E-09   0.05765
FLUX  204   169.50        1.768687E+15   1.7536E-10   2.0447E-09   0.08577
FLUX  205   170.50        1.758314E+15   2.2726E-10   2.2768E-09   0.09981
FLUX  206   171.50        1.748061E+15   2.5603E-10   7.5318E-09   0.03399
FLUX  207   172.50        1.737928E+15   3.1555E-10   8.2750E-09   0.03813
FLUX  208   173.50        1.727911E+15   4.1726E-10   8.7647E-09   0.04761
FLUX  209   174.50        1.718009E+15   5.5400E-10   9.3835E-09   0.05904
FLUX  210   175.50        1.708219E+15   8.2401E-10   9.7609E-09   0.08442
FLUX  211   176.50        1.698541E+15   6.4355E-10   1.0099E-08   0.06373
FLUX  212   177.50        1.688972E+15   8.1812E-10   1.0398E-08   0.07868
FLUX  213   178.50        1.679510E+15   1.0782E-09   1.0649E-08   0.10126
FLUX  214   179.50        1.670153E+15   1.5265E-09   1.0874E-08   0.14038
FLUX  215   180.50        1.660900E+15   1.3079E-09   1.1113E-08   0.11770
FLUX  216   181.50        1.651749E+15   1.1790E-09   1.1298E-08   0.10436
FLUX  217   182.50        1.642699E+15   1.4138E-09   1.1477E-08   0.12319
FLUX  218   183.50        1.633747E+15   1.6326E-09   1.1606E-08   0.14067
FLUX  219   184.50        1.624892E+15   1.1194E-09   1.1728E-08   0.09544
FLUX  220   185.50        1.616132E+15   1.8491E-09   1.1897E-08   0.15542
FLUX  221   186.50        1.607466E+15   2.4672E-09   1.1978E-08   0.20598
FLUX  222   187.50        1.598893E+15   2.6086E-09   1.4122E-08   0.18471
FLUX  223   188.50        1.590411E+15   2.8780E-09   1.4017E-08   0.20533
FLUX  224   189.50        1.582018E+15   3.6267E-09   1.3898E-08   0.26096
FLUX  225   190.50        1.573714E+15   3.3795E-09   1.3759E-08   0.24563
FLUX  226   191.50        1.565496E+15   3.7336E-09   1.3634E-08   0.27384
FLUX  227   192.50        1.557364E+15   3.3032E-09   1.3507E-08   0.24456
FLUX  228   193.50        1.549315E+15   2.0993E-09   1.3384E-08   0.15685
FLUX  229   194.50        1.541350E+15   4.8130E-09   1.3343E-08   0.36072
FLUX  230   195.50        1.533465E+15   5.0551E-09   1.3328E-08   0.37929
FLUX  231   196.70        1.524110E+15   6.6391E-09   1.3323E-08   0.49833
FLUX  232   197.60        1.517168E+15   6.1334E-09   1.6633E-08   0.36875
FLUX  233   198.40        1.511051E+15   6.3003E-09   1.6757E-08   0.37597
FLUX  234   199.50        1.502719E+15   7.1634E-09   1.8998E-08   0.37706
FLUX  235   200.50        1.495224E+15   7.3320E-09   1.9349E-08   0.37894
FLUX  236   201.50        1.487804E+15   8.0839E-09   1.9843E-08   0.40740
FLUX  237   202.50        1.480457E+15   6.6546E-09   2.0312E-08   0.32761
FLUX  238   203.50        1.473182E+15   9.7040E-09   2.0815E-08   0.46619
FLUX  239   204.50        1.465978E+15   1.1403E-08   2.1429E-08   0.53211
FLUX  240   205.50        1.458844E+15   1.0870E-08   2.1981E-08   0.49451
FLUX  241   206.50        1.451780E+15   1.0830E-08   2.2480E-08   0.48178
FLUX  242   207.40        1.445480E+15   1.1139E-08   2.2906E-08   0.48628
FLUX  243   207.80        1.442697E+15   1.7289E-08   2.4476E-07   0.07064
FLUX  244   208.50        1.437854E+15   1.7698E-08   2.5226E-07   0.07016
FLUX  245   209.50        1.430990E+15   2.9779E-08   2.6241E-07   0.11348
FLUX  246   210.50        1.424192E+15   5.3542E-08   2.7121E-07   0.19742
FLUX  247   211.50        1.417459E+15   6.8893E-08   2.7839E-07   0.24747
FLUX  248   212.50        1.410788E+15   5.7677E-08   2.8539E-07   0.20210
FLUX  249   213.50        1.404180E+15   5.5061E-08   2.9232E-07   0.18836
FLUX  250   214.50        1.397634E+15   8.0302E-08   2.9836E-07   0.26914
FLUX  251   215.50        1.391148E+15   8.2695E-08   3.0416E-07   0.27188
FLUX  252   216.50        1.384723E+15   6.9882E-08   3.1007E-07   0.22537
FLUX  253   217.50        1.378356E+15   7.3540E-08   3.1611E-07   0.23264
FLUX  254   218.50        1.372048E+15   1.0100E-07   3.2279E-07   0.31291
FLUX  255   219.50        1.365797E+15   1.0023E-07   3.2969E-07   0.30402
FLUX  256   220.50        1.359603E+15   9.4754E-08   3.3684E-07   0.28130
FLUX  257   221.50        1.353465E+15   6.3701E-08   3.4431E-07   0.18501
FLUX  258   222.50        1.347382E+15   8.2657E-08   3.5821E-07   0.23075
FLUX  259   223.50        1.341353E+15   1.2079E-07   3.6658E-07   0.32951
FLUX  260   224.50        1.335379E+15   1.1314E-07   3.7514E-07   0.30161
FLUX  261   225.50        1.329457E+15   7.8983E-08   4.2475E-07   0.18595
FLUX  262   226.50        1.323587E+15   7.0970E-08   4.3221E-07   0.16420
FLUX  263   227.50        1.317769E+15   9.0155E-08   4.3962E-07   0.20507
FLUX  264   228.50        1.312002E+15   1.2336E-07   4.4692E-07   0.27603
FLUX  265   229.50        1.306285E+15   9.4775E-08   4.5417E-07   0.20868
FLUX  266   230.50        1.300618E+15   1.2727E-07   4.6114E-07   0.27599
FLUX  267   231.50        1.295000E+15   1.0246E-07   4.6807E-07   0.21890
FLUX  268   232.50        1.289430E+15   9.5561E-08   4.7499E-07   0.20118
FLUX  269   233.50        1.283908E+15   6.0228E-08   4.9175E-07   0.12248
FLUX  270   234.50        1.278433E+15   3.4201E-08   4.9826E-07   0.06864
FLUX  271   235.50        1.273004E+15   9.0557E-08   5.0477E-07   0.17940
FLUX  272   236.50        1.267622E+15   4.1177E-08   5.1137E-07   0.08052
FLUX  273   237.50        1.262284E+15   6.0602E-08   5.1803E-07   0.11699
FLUX  274   238.50        1.256992E+15   2.8654E-08   5.2500E-07   0.05458
FLUX  275   239.50        1.251743E+15   4.0607E-08   5.3180E-07   0.07636
FLUX  276   240.50        1.246538E+15   4.0620E-08   5.3866E-07   0.07541
FLUX  277   241.50        1.241377E+15   5.6684E-08   5.4558E-07   0.10390
FLUX  278   242.50        1.236258E+15   1.2060E-07   5.5257E-07   0.21824
FLUX  279   243.50        1.231181E+15   1.2425E-07   5.5965E-07   0.22201
FLUX  280   244.50        1.226145E+15   1.5775E-07   5.8138E-07   0.27135
FLUX  281   245.50        1.221151E+15   1.7088E-07   5.8789E-07   0.29067
FLUX  282   246.50        1.216197E+15   1.4062E-07   5.9440E-07   0.23658
FLUX  283   247.50        1.211283E+15   1.2461E-07   6.0090E-07   0.20738
FLUX  284   248.50        1.206408E+15   6.6259E-08   6.0742E-07   0.10908
FLUX  285   249.50        1.201573E+15   9.5326E-08   6.1398E-07   0.15526
FLUX  286   250.50        1.196776E+15   1.5333E-07   6.3194E-07   0.24263
FLUX  287   251.30        1.192967E+15   6.3996E-08   6.3671E-07   0.10051
FLUX  288   251.80        1.190598E+15   4.4033E-08   1.4018E-06   0.03141
FLUX  289   252.50        1.187297E+15   4.3874E-08   1.4158E-06   0.03099
FLUX  290   253.50        1.182613E+15   5.8470E-08   1.4359E-06   0.04072
FLUX  291   254.50        1.177967E+15   7.8838E-08   1.4559E-06   0.05415
FLUX  292   255.50        1.173356E+15   1.8042E-07   1.4760E-06   0.12223
FLUX  293   256.50        1.168782E+15   1.4242E-07   1.4963E-06   0.09519
FLUX  294   257.50        1.164243E+15   1.9979E-07   1.5166E-06   0.13173
FLUX  295   258.50        1.159739E+15   1.6937E-07   1.5371E-06   0.11019
FLUX  296   259.50        1.155270E+15   1.4670E-07   1.5577E-06   0.09418
FLUX  297   260.50        1.150835E+15   1.1251E-07   1.5784E-06   0.07128
FLUX  298   261.50        1.146434E+15   1.0262E-07   1.5992E-06   0.06417
FLUX  299   262.50        1.142067E+15   1.5550E-07   1.6202E-06   0.09598
FLUX  300   263.50        1.137732E+15   3.2449E-07   1.6518E-06   0.19645
FLUX  301   264.50        1.133431E+15   4.7460E-07   1.6727E-06   0.28374
FLUX  302   265.50        1.129162E+15   6.3599E-07   1.6937E-06   0.37550
FLUX  303   266.50        1.124925E+15   3.8484E-07   1.7148E-06   0.22442
FLUX  304   267.50        1.120720E+15   4.5739E-07   1.7361E-06   0.26346
FLUX  305   268.50        1.116546E+15   5.2848E-07   1.7575E-06   0.30071
FLUX  306   269.50        1.112403E+15   3.9231E-07   1.7789E-06   0.22054
FLUX  307   270.50        1.108290E+15   4.9860E-07   1.8122E-06   0.27513
FLUX  308   271.50        1.104208E+15   3.4474E-07   1.8332E-06   0.18805
FLUX  309   272.50        1.100156E+15   2.8558E-07   1.8542E-06   0.15402
FLUX  310   273.50        1.096133E+15   3.5465E-07   1.8753E-06   0.18911
FLUX  311   274.50        1.092140E+15   1.6271E-07   1.8965E-06   0.08579
FLUX  312   275.50        1.088176E+15   2.4335E-07   1.9177E-06   0.12690
FLUX  313   276.50        1.084240E+15   3.4347E-07   1.9388E-06   0.17715
FLUX  314   277.50        1.080333E+15   3.8052E-07   1.9601E-06   0.19414
FLUX  315   278.50        1.076454E+15   1.8908E-07   1.9814E-06   0.09543
FLUX  316   279.50        1.072603E+15   6.7869E-08   2.0028E-06   0.03389
FLUX  317   280.50        1.068779E+15   8.7601E-08   2.0243E-06   0.04327
FLUX  318   281.50        1.064982E+15   3.2640E-07   2.0459E-06   0.15954
FLUX  319   282.50        1.061212E+15   5.6723E-07   2.0677E-06   0.27432
FLUX  320   283.50        1.057469E+15   5.4748E-07   2.0896E-06   0.26200
FLUX  321   284.50        1.053752E+15   3.8100E-07   2.1116E-06   0.18043
FLUX  322   285.50        1.050061E+15   1.8073E-07   2.1337E-06   0.08470
FLUX  323   286.50        1.046396E+15   5.4276E-07   2.1558E-06   0.25176
FLUX  324   287.50        1.042757E+15   7.1985E-07   2.1780E-06   0.33051
FLUX  325   288.50        1.039142E+15   6.3422E-07   2.2002E-06   0.28825
FLUX  326   289.50        1.035553E+15   7.3841E-07   2.2224E-06   0.33226
FLUX  327   291.00        1.030215E+15   9.9357E-07   2.2634E-06   0.43897
FLUX  328   293.00        1.023183E+15   8.9364E-07   2.3073E-06   0.38731
FLUX  329   295.00        1.016246E+15   8.8054E-07   2.3528E-06   0.37424
FLUX  330   297.00        1.009402E+15   9.8166E-07   2.3966E-06   0.40960
FLUX  331   299.00        1.002650E+15   9.8339E-07   2.4406E-06   0.40293
FLUX  332   301.00        9.959884E+14   1.0495E-06   2.4848E-06   0.42237
FLUX  333   303.00        9.894142E+14   1.0968E-06   2.5291E-06   0.43364
FLUX  334   305.00        9.829262E+14   1.1560E-06   2.5733E-06   0.44923
FLUX  335   307.00        9.765228E+14   1.1633E-06   2.6175E-06   0.44443
FLUX  336   309.00        9.702023E+14   1.1728E-06   2.6683E-06   0.43953
FLUX  337   311.00        9.639630E+14   1.2492E-06   2.7114E-06   0.46074
FLUX  338   313.00        9.578035E+14   1.2171E-06   2.7561E-06   0.44161
FLUX  339   315.00        9.517222E+14   1.1826E-06   2.7984E-06   0.42261
FLUX  340   317.00        9.457177E+14   1.2868E-06   2.8403E-06   0.45303
FLUX  341   319.00        9.397884E+14   1.1641E-06   2.8823E-06   0.40389
FLUX  342   321.00        9.339330E+14   1.3240E-06   2.9242E-06   0.45278
FLUX  343   323.00        9.281501E+14   1.1078E-06   2.9679E-06   0.37325
FLUX  344   325.00        9.224385E+14   1.4786E-06   3.0091E-06   0.49137
FLUX  345   327.00        9.167966E+14   1.7205E-06   3.0501E-06   0.56410
FLUX  346   329.00        9.112234E+14   1.6769E-06   3.0921E-06   0.54231
FLUX  347   331.00        9.057175E+14   1.6687E-06   3.1328E-06   0.53264
FLUX  348   333.00        9.002778E+14   1.6948E-06   3.1732E-06   0.53411
FLUX  349   335.00        8.949030E+14   1.6737E-06   3.2133E-06   0.52087
FLUX  350   337.00        8.895920E+14   1.3868E-06   3.2537E-06   0.42622
FLUX  351   339.00        8.843436E+14   1.5968E-06   3.2947E-06   0.48466
FLUX  352   341.00        8.791569E+14   1.6557E-06   3.3345E-06   0.49655
FLUX  353   343.00        8.740306E+14   1.7289E-06   3.3740E-06   0.51243
FLUX  354   345.00        8.689638E+14   1.8416E-06   3.4141E-06   0.53941
FLUX  355   347.00        8.639553E+14   1.8862E-06   3.4544E-06   0.54603
FLUX  356   349.00        8.590043E+14   2.0148E-06   3.4946E-06   0.57654
FLUX  357   351.00        8.541097E+14   2.1210E-06   3.5346E-06   0.60007
FLUX  358   353.00        8.492705E+14   2.0121E-06   3.5745E-06   0.56289
FLUX  359   355.00        8.444859E+14   2.3340E-06   3.6150E-06   0.64564
FLUX  360   357.00        8.397549E+14   1.8744E-06   3.6569E-06   0.51258
FLUX  361   359.00        8.350766E+14   1.8969E-06   3.6986E-06   0.51287
FLUX  362   361.00        8.304501E+14   2.0825E-06   3.7404E-06   0.55678
FLUX  363   363.00        8.258746E+14   2.1279E-06   3.7819E-06   0.56266
FLUX  364   364.00        8.236058E+14   2.1404E-06   3.8029E-06   0.56283
FLUX  365   365.00        8.213493E+14   2.4318E-06   5.4566E-06   0.44566
FLUX  366   367.00        8.168733E+14   2.4661E-06   5.5081E-06   0.44772
FLUX  367   369.00        8.124458E+14   2.4221E-06   5.5593E-06   0.43568
FLUX  368   371.00        8.080660E+14   2.5948E-06   5.6108E-06   0.46247
FLUX  369   373.00        8.037332E+14   2.2287E-06   5.6613E-06   0.39368
FLUX  370   375.00        7.994467E+14   2.5096E-06   5.7115E-06   0.43940
FLUX  371   377.00        7.952056E+14   2.8705E-06   5.7880E-06   0.49594
FLUX  372   379.00        7.910092E+14   3.0666E-06   5.8405E-06   0.52507
FLUX  373   381.00        7.868569E+14   3.1963E-06   5.8924E-06   0.54244
FLUX  374   383.00        7.827480E+14   2.2515E-06   5.9439E-06   0.37879
FLUX  375   385.00        7.786818E+14   2.9255E-06   5.9976E-06   0.48777
FLUX  376   387.00        7.746576E+14   2.9319E-06   6.0483E-06   0.48475
FLUX  377   389.00        7.706748E+14   2.9882E-06   6.1006E-06   0.48982
FLUX  378   391.00        7.667327E+14   3.5030E-06   6.1530E-06   0.56932
FLUX  379   393.00        7.628308E+14   1.9006E-06   6.2047E-06   0.30632
FLUX  380   395.00        7.589683E+14   3.1722E-06   6.2559E-06   0.50707
FLUX  381   397.00        7.551448E+14   2.1705E-06   6.3064E-06   0.34417
FLUX  382   399.00        7.513596E+14   4.1551E-06   6.3564E-06   0.65369
FLUX  383   401.00        7.476122E+14   4.4640E-06   6.4095E-06   0.69647
FLUX  384   403.00        7.439020E+14   4.4963E-06   6.4609E-06   0.69593
FLUX  385   405.00        7.402284E+14   4.4231E-06   6.5115E-06   0.67928
FLUX  386   407.00        7.365909E+14   4.3807E-06   6.5613E-06   0.66765
FLUX  387   409.00        7.329890E+14   4.7877E-06   6.6103E-06   0.72427
FLUX  388   411.00        7.294221E+14   4.5468E-06   6.6586E-06   0.68284
FLUX  389   413.00        7.258898E+14   4.8695E-06   6.7062E-06   0.72611
FLUX  390   415.00        7.223916E+14   5.0121E-06   6.7544E-06   0.74205
FLUX  391   417.00        7.189269E+14   5.0178E-06   6.8023E-06   0.73766
FLUX  392   419.00        7.154952E+14   4.9042E-06   6.8489E-06   0.71607
FLUX  393   421.00        7.120962E+14   4.9755E-06   6.8946E-06   0.72166
FLUX  394   423.00        7.087293E+14   4.8234E-06   6.9396E-06   0.69505
FLUX  395   425.00        7.053941E+14   4.9590E-06   6.9840E-06   0.71005
FLUX  396   427.00        7.020902E+14   4.7473E-06   7.0276E-06   0.67552
FLUX  397   429.00        6.988170E+14   4.3946E-06   7.0708E-06   0.62151
FLUX  398   431.00        6.955742E+14   3.7552E-06   7.1134E-06   0.52790
FLUX  399   433.00        6.923614E+14   5.0794E-06   7.1555E-06   0.70986
FLUX  400   435.00        6.891782E+14   4.8202E-06   7.1973E-06   0.66972
FLUX  401   437.00        6.860240E+14   5.5186E-06   7.2382E-06   0.76243
FLUX  402   439.00        6.828986E+14   5.1651E-06   7.2785E-06   0.70963
FLUX  403   441.00        6.798016E+14   5.5036E-06   7.3183E-06   0.75203
FLUX  404   443.00        6.767325E+14   5.7564E-06   7.3576E-06   0.78238
FLUX  405   445.00        6.736910E+14   5.7686E-06   7.3966E-06   0.77990
FLUX  406   447.00        6.706767E+14   6.0520E-06   7.4350E-06   0.81399
FLUX  407   449.00        6.676893E+14   6.1328E-06   7.4730E-06   0.82067
FLUX  408   451.00        6.647284E+14   6.6885E-06   7.5106E-06   0.89055
FLUX  409   453.00        6.617936E+14   6.1746E-06   7.5477E-06   0.81808
FLUX  410   455.00        6.588846E+14   6.3686E-06   7.5844E-06   0.83969
FLUX  411   457.00        6.560011E+14   6.7928E-06   7.6207E-06   0.89135
FLUX  412   459.00        6.531427E+14   6.4845E-06   7.6566E-06   0.84691
FLUX  413   461.00        6.503091E+14   6.7032E-06   7.6921E-06   0.87143
FLUX  414   463.00        6.475000E+14   6.6437E-06   7.7272E-06   0.85977
FLUX  415   465.00        6.447150E+14   6.7717E-06   7.7619E-06   0.87242
FLUX  416   467.00        6.419540E+14   6.9688E-06   7.7963E-06   0.89386
FLUX  417   469.00        6.392164E+14   6.8764E-06   7.8303E-06   0.87819
FLUX  418   471.00        6.365021E+14   6.6726E-06   7.8639E-06   0.84851
FLUX  419   473.00        6.338108E+14   7.0427E-06   7.8972E-06   0.89180
FLUX  420   475.00        6.311421E+14   7.1866E-06   7.9302E-06   0.90623
FLUX  421   477.00        6.284958E+14   7.2243E-06   7.9630E-06   0.90724
FLUX  422   479.00        6.258716E+14   7.2498E-06   7.9952E-06   0.90676
FLUX  423   481.00        6.232692E+14   7.2264E-06   8.0270E-06   0.90026
FLUX  424   483.00        6.206884E+14   7.3574E-06   8.0585E-06   0.91300
FLUX  425   485.00        6.181289E+14   6.8934E-06   8.1040E-06   0.85061
FLUX  426   487.00        6.155903E+14   6.1374E-06   8.1349E-06   0.75445
FLUX  427   489.00        6.130726E+14   7.1947E-06   8.1655E-06   0.88110
FLUX  428   491.00        6.105753E+14   7.2425E-06   8.1958E-06   0.88368
FLUX  429   493.00        6.080984E+14   7.1783E-06   8.2257E-06   0.87266
FLUX  430   495.00        6.056414E+14   7.4905E-06   8.2554E-06   0.90734
FLUX  431   497.00        6.032042E+14   7.5987E-06   8.2848E-06   0.91719
FLUX  432   499.00        6.007866E+14   7.1772E-06   8.3138E-06   0.86328
FLUX  433   501.00        5.983882E+14   6.9576E-06   8.3426E-06   0.83398
FLUX  434   503.00        5.960089E+14   7.3795E-06   8.3710E-06   0.88156
FLUX  435   505.00        5.936485E+14   7.4301E-06   8.3992E-06   0.88463
FLUX  436   507.00        5.913067E+14   7.7432E-06   8.4270E-06   0.91886
FLUX  437   509.00        5.889833E+14   7.5375E-06   8.4546E-06   0.89153
FLUX  438   511.00        5.866781E+14   7.6953E-06   8.4819E-06   0.90726
FLUX  439   513.00        5.843908E+14   7.5618E-06   8.5089E-06   0.88869
FLUX  440   515.00        5.821214E+14   7.4041E-06   8.5356E-06   0.86744
FLUX  441   517.00        5.798694E+14   7.0361E-06   8.5620E-06   0.82178
FLUX  442   519.00        5.776349E+14   7.0884E-06   8.5882E-06   0.82537
FLUX  443   521.00        5.754175E+14   7.5599E-06   8.6140E-06   0.87763
FLUX  444   523.00        5.732170E+14   7.6914E-06   8.6395E-06   0.89026
FLUX  445   525.00        5.710333E+14   7.9105E-06   8.6648E-06   0.91294
FLUX  446   527.00        5.688662E+14   7.2009E-06   8.6897E-06   0.82867
FLUX  447   529.00        5.667155E+14   7.9460E-06   8.7144E-06   0.91183
FLUX  448   531.00        5.645810E+14   8.1753E-06   8.7388E-06   0.93552
FLUX  449   533.00        5.624625E+14   7.5961E-06   8.7629E-06   0.86685
FLUX  450   535.00        5.603598E+14   8.1059E-06   8.7867E-06   0.92251
FLUX  451   537.00        5.582728E+14   8.1557E-06   8.8115E-06   0.92558
FLUX  452   539.00        5.562013E+14   8.1196E-06   8.8405E-06   0.91845
FLUX  453   541.00        5.541451E+14   7.9315E-06   8.8635E-06   0.89485
FLUX  454   543.00        5.521040E+14   8.1646E-06   8.8862E-06   0.91880
FLUX  455   545.00        5.500780E+14   8.4022E-06   8.9087E-06   0.94315
FLUX  456   547.00        5.480667E+14   8.2973E-06   8.9309E-06   0.92906
FLUX  457   549.00        5.460701E+14   8.2878E-06   8.9528E-06   0.92573
FLUX  458   551.00        5.440880E+14   8.3439E-06   8.9744E-06   0.92974
FLUX  459   553.00        5.421202E+14   8.4380E-06   8.9959E-06   0.93799
FLUX  460   555.00        5.401667E+14   8.5722E-06   9.0171E-06   0.95066
FLUX  461   557.00        5.382271E+14   8.4205E-06   9.0380E-06   0.93167
FLUX  462   559.00        5.363014E+14   8.3327E-06   9.0587E-06   0.91986
FLUX  463   561.00        5.343895E+14   8.5732E-06   9.0792E-06   0.94427
FLUX  464   563.00        5.324911E+14   8.6493E-06   9.1062E-06   0.94983
FLUX  465   565.00        5.306062E+14   8.6508E-06   9.1262E-06   0.94791
FLUX  466   567.00        5.287346E+14   8.5191E-06   9.1459E-06   0.93146
FLUX  467   569.00        5.268761E+14   8.6818E-06   9.1654E-06   0.94723
FLUX  468   571.00        5.250306E+14   8.5977E-06   9.1846E-06   0.93610
FLUX  469   573.00        5.231981E+14   9.0648E-06   9.2036E-06   0.98492
FLUX  470   575.00        5.213783E+14   8.8641E-06   9.2223E-06   0.96116
FLUX  471   577.00        5.195711E+14   8.9828E-06   9.2407E-06   0.97209
FLUX  472   579.00        5.177763E+14   8.8325E-06   9.2589E-06   0.95395
FLUX  473   581.00        5.159940E+14   9.0246E-06   9.2769E-06   0.97280
FLUX  474   583.00        5.142238E+14   9.1556E-06   9.2946E-06   0.98504
FLUX  475   585.00        5.124658E+14   9.0346E-06   9.3121E-06   0.97020
FLUX  476   587.00        5.107198E+14   9.0931E-06   9.3293E-06   0.97468
FLUX  477   589.00        5.089856E+14   8.6989E-06   9.3464E-06   0.93073
FLUX  478   591.00        5.072631E+14   9.1110E-06   9.3631E-06   0.97307
FLUX  479   593.00        5.055523E+14   9.1275E-06   9.3797E-06   0.97312
FLUX  480   595.00        5.038529E+14   9.1868E-06   9.3985E-06   0.97748
FLUX  481   597.00        5.021650E+14   9.2391E-06   9.4146E-06   0.98136
FLUX  482   599.00        5.004883E+14   9.2012E-06   9.4305E-06   0.97568
FLUX  483   601.00        4.988228E+14   9.1218E-06   9.4463E-06   0.96566
FLUX  484   603.00        4.971683E+14   9.1806E-06   9.4618E-06   0.97028
FLUX  485   605.00        4.955248E+14   9.3555E-06   9.4774E-06   0.98713
FLUX  486   607.00        4.938921E+14   9.3671E-06   9.4925E-06   0.98679
FLUX  487   609.00        4.922701E+14   9.2345E-06   9.5074E-06   0.97130
FLUX  488   611.00        4.906588E+14   9.1992E-06   9.5221E-06   0.96609
FLUX  489   613.00        4.890579E+14   8.9823E-06   9.5365E-06   0.94189
FLUX  490   615.00        4.874675E+14   9.0896E-06   9.5508E-06   0.95172
FLUX  491   617.00        4.858874E+14   8.9315E-06   9.5648E-06   0.93379
FLUX  492   619.00        4.843174E+14   9.3374E-06   9.5786E-06   0.97482
FLUX  493   621.00        4.827576E+14   9.3964E-06   9.5924E-06   0.97957
FLUX  494   623.00        4.812079E+14   9.2341E-06   9.6058E-06   0.96131
FLUX  495   625.00        4.796680E+14   9.0125E-06   9.6190E-06   0.93695
FLUX  496   627.00        4.781380E+14   9.4125E-06   9.6441E-06   0.97599
FLUX  497   629.00        4.766176E+14   9.4736E-06   9.6569E-06   0.98102
FLUX  498   631.00        4.751070E+14   9.2725E-06   9.6695E-06   0.95894
FLUX  499   633.00        4.736058E+14   9.3522E-06   9.6819E-06   0.96594
FLUX  500   635.00        4.721142E+14   9.3971E-06   9.6952E-06   0.96925
FLUX  501   637.00        4.706319E+14   9.4021E-06   9.7072E-06   0.96857
FLUX  502   639.00        4.691588E+14   9.5036E-06   9.7190E-06   0.97783
FLUX  503   641.00        4.676950E+14   9.3510E-06   9.7307E-06   0.96098
FLUX  504   643.00        4.662403E+14   9.4729E-06   9.7421E-06   0.97237
FLUX  505   645.00        4.647946E+14   9.4099E-06   9.7534E-06   0.96479
FLUX  506   647.00        4.633578E+14   9.4438E-06   9.7644E-06   0.96716
FLUX  507   649.00        4.619299E+14   9.3568E-06   9.7753E-06   0.95719
FLUX  508   651.00        4.605107E+14   9.5609E-06   9.7876E-06   0.97685
FLUX  509   653.00        4.591003E+14   9.5825E-06   9.7980E-06   0.97801
FLUX  510   655.00        4.576985E+14   9.2762E-06   9.8167E-06   0.94494
FLUX  511   657.00        4.563052E+14   8.2484E-06   9.8268E-06   0.83938
FLUX  512   659.00        4.549203E+14   9.5049E-06   9.8367E-06   0.96626
FLUX  513   661.00        4.535439E+14   9.6757E-06   9.8464E-06   0.98266
FLUX  514   663.00        4.521757E+14   9.6724E-06   9.8560E-06   0.98137
FLUX  515   665.00        4.508158E+14   9.6920E-06   9.8654E-06   0.98242
FLUX  516   667.00        4.494640E+14   9.6348E-06   9.8746E-06   0.97571
FLUX  517   669.00        4.481203E+14   9.7790E-06   9.8837E-06   0.98942
FLUX  518   671.00        4.467846E+14   9.6687E-06   9.8925E-06   0.97737
FLUX  519   673.00        4.454569E+14   9.7762E-06   9.9012E-06   0.98737
FLUX  520   675.00        4.441370E+14   9.7093E-06   9.9098E-06   0.97977
FLUX  521   677.00        4.428250E+14   9.7561E-06   9.9181E-06   0.98366
FLUX  522   679.00        4.415206E+14   9.7548E-06   9.9264E-06   0.98271
FLUX  523   681.00        4.402239E+14   9.7423E-06   9.9344E-06   0.98066
FLUX  524   683.00        4.389348E+14   9.8102E-06   9.9423E-06   0.98671
FLUX  525   685.00        4.376533E+14   9.6893E-06   9.9501E-06   0.97379
FLUX  526   687.00        4.363792E+14   9.7963E-06   9.9576E-06   0.98380
FLUX  527   689.00        4.351125E+14   9.8327E-06   9.9651E-06   0.98671
FLUX  528   691.00        4.338531E+14   9.8125E-06   9.9723E-06   0.98398
FLUX  529   693.00        4.326010E+14   9.8224E-06   9.9794E-06   0.98426
FLUX  530   695.00        4.313561E+14   9.8277E-06   9.9864E-06   0.98411
FLUX  531   697.00        4.301184E+14   9.8562E-06   9.9932E-06   0.98629
FLUX  532   699.00        4.288877E+14   9.8676E-06   1.0000E-05   0.98676
FLUX  533   701.00        4.276640E+14   9.6595E-06   1.0007E-05   0.96532
FLUX  534   703.00        4.264474E+14   9.8193E-06   1.0013E-05   0.98067
FLUX  535   705.00        4.252376E+14   9.8797E-06   1.0019E-05   0.98608
FLUX  536   707.00        4.240346E+14   9.8486E-06   1.0025E-05   0.98239
FLUX  537   709.00        4.228385E+14   9.8465E-06   1.0031E-05   0.98160
FLUX  538   711.00        4.216491E+14   9.8526E-06   1.0037E-05   0.98165
FLUX  539   713.00        4.204663E+14   9.8071E-06   1.0042E-05   0.97657
FLUX  540   715.00        4.192902E+14   9.7996E-06   1.0048E-05   0.97529
FLUX  541   717.00        4.181206E+14   9.7999E-06   1.0053E-05   0.97480
FLUX  542   719.00        4.169576E+14   9.6415E-06   1.0058E-05   0.95855
FLUX  543   721.00        4.158010E+14   9.8083E-06   1.0063E-05   0.97464
FLUX  544   723.00        4.146508E+14   9.8227E-06   1.0068E-05   0.97560
FLUX  545   725.00        4.135069E+14   9.8931E-06   1.0078E-05   0.98163
FLUX  546   727.00        4.123693E+14   9.9078E-06   1.0083E-05   0.98265
FLUX  547   729.00        4.112380E+14   9.7266E-06   1.0087E-05   0.96424
FLUX  548   731.00        4.101129E+14   9.8722E-06   1.0103E-05   0.97719
FLUX  549   733.00        4.089939E+14   9.8796E-06   1.0107E-05   0.97751
FLUX  550   735.00        4.078809E+14   9.9333E-06   1.0111E-05   0.98243
FLUX  551   737.00        4.067741E+14   9.9647E-06   1.0115E-05   0.98515
FLUX  552   739.00        4.056732E+14   9.7969E-06   1.0119E-05   0.96819
FLUX  553   741.00        4.045783E+14   9.7136E-06   1.0122E-05   0.95961
FLUX  554   743.00        4.034892E+14   9.8258E-06   1.0126E-05   0.97035
FLUX  555   745.00        4.024060E+14   9.8754E-06   1.0130E-05   0.97492
FLUX  556   747.00        4.013286E+14   9.9542E-06   1.0133E-05   0.98237
FLUX  557   749.00        4.002570E+14   9.9105E-06   1.0136E-05   0.97775
FLUX  558   751.00        3.991911E+14   9.9492E-06   1.0139E-05   0.98127
FLUX  559   753.00        3.981308E+14   9.9736E-06   1.0142E-05   0.98338
FLUX  560   755.00        3.970762E+14   1.0023E-05   1.0145E-05   0.98799
FLUX  561   757.00        3.960271E+14   9.9675E-06   1.0148E-05   0.98223
FLUX  562   759.00        3.949835E+14   9.9842E-06   1.0150E-05   0.98363
FLUX  563   761.00        3.939455E+14   9.9644E-06   1.0153E-05   0.98143
FLUX  564   763.00        3.929128E+14   1.0025E-05   1.0155E-05   0.98720
FLUX  565   765.00        3.918856E+14   1.0012E-05   1.0158E-05   0.98565
FLUX  566   767.00        3.908638E+14   9.8407E-06   1.0160E-05   0.96859
FLUX  567   769.00        3.898472E+14   1.0003E-05   1.0162E-05   0.98441
FLUX  568   771.00        3.888359E+14   9.9420E-06   1.0164E-05   0.97818
FLUX  569   773.00        3.878299E+14   9.9809E-06   1.0166E-05   0.98182
FLUX  570   775.00        3.868290E+14   9.9131E-06   1.0167E-05   0.97498
FLUX  571   777.00        3.858333E+14   9.9934E-06   1.0169E-05   0.98272
FLUX  572   779.00        3.848427E+14   1.0070E-05   1.0171E-05   0.99011
FLUX  573   781.00        3.838572E+14   1.0048E-05   1.0172E-05   0.98778
FLUX  574   783.00        3.828768E+14   9.9869E-06   1.0173E-05   0.98167
FLUX  575   785.00        3.819013E+14   9.9980E-06   1.0175E-05   0.98264
FLUX  576   787.00        3.809307E+14   1.0086E-05   1.0176E-05   0.99120
FLUX  577   789.00        3.799651E+14   1.0072E-05   1.0177E-05   0.98965
FLUX  578   791.00        3.790044E+14   1.0002E-05   1.0178E-05   0.98274
FLUX  579   793.00        3.780485E+14   9.8747E-06   1.0179E-05   0.97014
FLUX  580   795.00        3.770975E+14   9.9276E-06   1.0179E-05   0.97527
FLUX  581   797.00        3.761512E+14   1.0074E-05   1.0181E-05   0.98952
FLUX  582   799.00        3.752096E+14   1.0093E-05   1.0181E-05   0.99137
FLUX  583   801.00        3.742728E+14   1.0018E-05   1.0182E-05   0.98388
FLUX  584   803.00        3.733406E+14   1.0018E-05   1.0182E-05   0.98388
FLUX  585   805.00        3.724130E+14   9.9878E-06   1.0182E-05   0.98091
FLUX  586   807.00        3.714901E+14   1.0068E-05   1.0182E-05   0.98876
FLUX  587   809.00        3.705717E+14   9.9591E-06   1.0182E-05   0.97807
FLUX  588   811.00        3.696578E+14   1.0067E-05   1.0182E-05   0.98868
FLUX  589   813.00        3.687485E+14   1.0112E-05   1.0182E-05   0.99310
FLUX  590   815.00        3.678436E+14   1.0085E-05   1.0182E-05   0.99048
FLUX  591   817.00        3.669431E+14   1.0085E-05   1.0182E-05   0.99050
FLUX  592   819.00        3.660470E+14   9.8652E-06   1.0181E-05   0.96895
FLUX  593   821.00        3.651553E+14   9.9125E-06   1.0277E-05   0.96452
FLUX  594   823.00        3.642679E+14   9.9257E-06   1.0277E-05   0.96585
FLUX  595   825.00        3.633848E+14   9.9905E-06   1.0276E-05   0.97221
FLUX  596   827.00        3.625060E+14   1.0100E-05   1.0276E-05   0.98291
FLUX  597   829.00        3.616315E+14   1.0077E-05   1.0275E-05   0.98078
FLUX  598   831.00        3.607611E+14   9.9543E-06   1.0274E-05   0.96886
FLUX  599   833.00        3.598950E+14   9.9198E-06   1.0273E-05   0.96558
FLUX  600   835.00        3.590329E+14   1.0002E-05   1.0273E-05   0.97368
FLUX  601   837.00        3.581750E+14   1.0059E-05   1.0272E-05   0.97934
FLUX  602   839.00        3.573212E+14   9.9490E-06   1.0271E-05   0.96869
FLUX  603   841.00        3.564715E+14   1.0068E-05   1.0269E-05   0.98036
FLUX  604   843.00        3.556257E+14   9.9405E-06   1.0268E-05   0.96808
FLUX  605   845.00        3.547840E+14   9.9677E-06   1.0267E-05   0.97084
FLUX  606   847.00        3.539463E+14   9.9542E-06   1.0266E-05   0.96966
FLUX  607   849.00        3.531125E+14   9.8788E-06   1.0264E-05   0.96243
FLUX  608   851.00        3.522826E+14   9.4693E-06   1.0263E-05   0.92267
FLUX  609   853.00        3.514566E+14   9.8139E-06   1.0261E-05   0.95639
FLUX  610   855.00        3.506345E+14   8.4823E-06   1.0261E-05   0.82667
FLUX  611   857.00        3.498162E+14   1.0073E-05   1.0259E-05   0.98191
FLUX  612   859.00        3.490017E+14   9.9030E-06   1.0257E-05   0.96546
FLUX  613   861.00        3.481911E+14   9.8863E-06   1.0256E-05   0.96399
FLUX  614   863.00        3.473841E+14   1.0061E-05   1.0254E-05   0.98122
FLUX  615   865.00        3.465809E+14   9.9424E-06   1.0252E-05   0.96982
FLUX  616   867.00        3.457814E+14   8.6220E-06   1.0250E-05   0.84119
FLUX  617   869.00        3.449856E+14   9.8270E-06   1.0248E-05   0.95894
FLUX  618   871.00        3.441935E+14   1.0016E-05   1.0246E-05   0.97754
FLUX  619   873.00        3.434049E+14   9.9960E-06   1.0244E-05   0.97583
FLUX  620   875.00        3.426200E+14   9.6285E-06   1.0241E-05   0.94016
FLUX  621   877.00        3.418387E+14   1.0030E-05   1.0239E-05   0.97954
FLUX  622   879.00        3.410609E+14   1.0033E-05   1.0237E-05   0.98013
FLUX  623   881.00        3.402866E+14   9.9053E-06   1.0234E-05   0.96785
FLUX  624   883.00        3.395159E+14   1.0005E-05   1.0232E-05   0.97781
FLUX  625   885.00        3.387486E+14   9.9334E-06   1.0229E-05   0.97106
FLUX  626   887.00        3.379848E+14   9.5385E-06   1.0227E-05   0.93269
FLUX  627   889.00        3.372244E+14   1.0048E-05   1.0224E-05   0.98272
FLUX  628   891.00        3.364674E+14   1.0102E-05   1.0222E-05   0.98832
FLUX  629   893.00        3.357139E+14   9.9759E-06   1.0219E-05   0.97623
FLUX  630   895.00        3.349637E+14   1.0033E-05   1.0216E-05   0.98208
FLUX  631   897.00        3.342168E+14   1.0050E-05   1.0213E-05   0.98400
FLUX  632   899.00        3.334733E+14   1.0062E-05   1.0210E-05   0.98545
FLUX  633   901.00        3.327331E+14   9.4295E-06   1.0207E-05   0.92379
FLUX  634   903.00        3.319961E+14   9.8740E-06   1.0204E-05   0.96762
FLUX  635   905.00        3.312624E+14   1.0124E-05   1.0201E-05   0.99238
FLUX  636   907.00        3.305320E+14   9.9581E-06   1.0198E-05   0.97646
FLUX  637   909.00        3.298047E+14   9.7529E-06   1.0195E-05   0.95664
FLUX  638   911.00        3.290807E+14   9.9133E-06   1.0192E-05   0.97268
FLUX  639   913.00        3.283598E+14   1.0092E-05   1.0188E-05   0.99054
FLUX  640   915.00        3.276421E+14   1.0064E-05   1.0185E-05   0.98807
FLUX  641   917.00        3.269275E+14   1.0040E-05   1.0182E-05   0.98610
FLUX  642   919.00        3.262160E+14   1.0078E-05   1.0178E-05   0.99015
FLUX  643   921.00        3.255076E+14   9.8326E-06   1.0175E-05   0.96636
FLUX  644   923.00        3.248023E+14   9.3287E-06   1.0171E-05   0.91715
FLUX  645   925.00        3.241000E+14   9.7502E-06   1.0168E-05   0.95892
FLUX  646   927.00        3.234008E+14   9.9355E-06   1.0164E-05   0.97749
FLUX  647   929.00        3.227045E+14   1.0019E-05   1.0161E-05   0.98608
FLUX  648   931.00        3.220113E+14   1.0063E-05   1.0157E-05   0.99078
FLUX  649   933.00        3.213210E+14   1.0034E-05   1.0154E-05   0.98821
FLUX  650   935.00        3.206337E+14   1.0029E-05   1.0150E-05   0.98812
FLUX  651   937.00        3.199493E+14   1.0020E-05   1.0146E-05   0.98755
FLUX  652   939.00        3.192678E+14   1.0022E-05   1.0142E-05   0.98812
FLUX  653   941.00        3.185893E+14   9.6688E-06   1.0139E-05   0.95367
FLUX  654   943.00        3.179136E+14   9.9433E-06   1.0135E-05   0.98112
FLUX  655   945.00        3.172407E+14   9.8801E-06   1.0131E-05   0.97525
FLUX  656   947.00        3.165707E+14   1.0021E-05   1.0127E-05   0.98950
FLUX  657   949.00        3.159036E+14   1.0049E-05   1.0123E-05   0.99265
FLUX  658   951.00        3.152392E+14   9.9907E-06   1.0119E-05   0.98733
FLUX  659   953.00        3.145776E+14   9.8948E-06   1.0115E-05   0.97824
FLUX  660   955.00        3.139188E+14   9.3214E-06   1.0111E-05   0.92192
FLUX  661   957.00        3.132628E+14   9.8807E-06   1.0107E-05   0.97763
FLUX  662   959.00        3.126095E+14   1.0006E-05   1.0103E-05   0.99041
FLUX  663   961.00        3.119589E+14   9.9262E-06   1.0098E-05   0.98295
FLUX  664   963.00        3.113110E+14   9.8728E-06   1.0094E-05   0.97807
FLUX  665   965.00        3.106658E+14   9.8945E-06   1.0090E-05   0.98063
FLUX  666   967.00        3.100233E+14   9.8515E-06   1.0086E-05   0.97679
FLUX  667   969.00        3.093834E+14   9.9382E-06   1.0081E-05   0.98581
FLUX  668   971.00        3.087461E+14   9.9723E-06   1.0077E-05   0.98962
FLUX  669   973.00        3.081115E+14   9.9773E-06   1.0073E-05   0.99055
FLUX  670   975.00        3.074795E+14   9.8850E-06   1.0068E-05   0.98181
FLUX  671   977.00        3.068500E+14   9.9365E-06   1.0064E-05   0.98736
FLUX  672   979.00        3.062232E+14   9.9095E-06   1.0059E-05   0.98512
FLUX  673   981.00        3.055989E+14   9.9708E-06   1.0055E-05   0.99166
FLUX  674   983.00        3.049771E+14   9.9466E-06   1.0050E-05   0.98970
FLUX  675   985.00        3.043579E+14   9.9504E-06   1.0046E-05   0.99053
FLUX  676   987.00        3.037411E+14   9.9053E-06   1.0041E-05   0.98649
FLUX  677   989.00        3.031269E+14   9.8899E-06   1.0036E-05   0.98541
FLUX  678   991.00        3.025151E+14   9.8672E-06   1.0032E-05   0.98360
FLUX  679   993.00        3.019058E+14   9.9593E-06   1.0027E-05   0.99325
FLUX  680   995.00        3.012990E+14   9.9525E-06   1.0022E-05   0.99304
FLUX  681   997.00        3.006946E+14   9.9542E-06   1.0018E-05   0.99367
FLUX  682   999.00        3.000926E+14   9.9394E-06   1.0013E-05   0.99266
FLUX  683  1002.50        2.990449E+14   9.8076E-06   1.0005E-05   0.98032
FLUX  684  1007.50        2.975608E+14   9.6503E-06   9.9925E-06   0.96575
FLUX  685  1012.50        2.960914E+14   9.8768E-06   9.9805E-06   0.98961
FLUX  686  1017.50        2.946364E+14   9.8127E-06   9.9683E-06   0.98439
FLUX  687  1022.50        2.931956E+14   9.8587E-06   9.9561E-06   0.99021
FLUX  688  1027.50        2.917689E+14   9.8948E-06   9.9439E-06   0.99506
FLUX  689  1032.50        2.903559E+14   9.8020E-06   9.9316E-06   0.98695
FLUX  690  1037.50        2.889566E+14   9.8083E-06   9.9191E-06   0.98883
FLUX  691  1042.50        2.875707E+14   9.8399E-06   9.9066E-06   0.99327
FLUX  692  1047.50        2.861981E+14   9.7308E-06   9.8940E-06   0.98351
FLUX  693  1052.50        2.848385E+14   9.7948E-06   9.8811E-06   0.99126
FLUX  694  1057.50        2.834917E+14   9.7562E-06   9.8682E-06   0.98866
FLUX  695  1062.50        2.821576E+14   9.7320E-06   9.8553E-06   0.98749
FLUX  696  1067.50        2.808361E+14   9.5622E-06   9.8422E-06   0.97156
FLUX  697  1072.50        2.795268E+14   9.6591E-06   9.8290E-06   0.98272
FLUX  698  1077.50        2.782297E+14   9.6308E-06   9.8158E-06   0.98115
FLUX  699  1082.50        2.769446E+14   9.5308E-06   9.8027E-06   0.97226
FLUX  700  1087.50        2.756713E+14   9.5514E-06   9.7896E-06   0.97567
FLUX  701  1092.50        2.744096E+14   9.2718E-06   9.7764E-06   0.94839
FLUX  702  1097.50        2.731595E+14   9.4233E-06   9.7632E-06   0.96519
FLUX  703  1102.50        2.719206E+14   9.5798E-06   9.7499E-06   0.98255
FLUX  704  1107.50        2.706930E+14   9.6275E-06   9.7365E-06   0.98880
FLUX  705  1112.50        2.694764E+14   9.5774E-06   9.7231E-06   0.98502
FLUX  706  1117.50        2.682707E+14   9.5565E-06   9.7096E-06   0.98423
FLUX  707  1122.50        2.670757E+14   9.5919E-06   9.6962E-06   0.98924
FLUX  708  1127.50        2.658913E+14   9.4462E-06   9.6828E-06   0.97556
FLUX  709  1132.50        2.647174E+14   9.4809E-06   9.6695E-06   0.98049
FLUX  710  1137.50        2.635538E+14   9.4888E-06   9.6562E-06   0.98266
FLUX  711  1142.50        2.624004E+14   9.4139E-06   9.6428E-06   0.97626
FLUX  712  1147.50        2.612571E+14   9.5504E-06   9.6293E-06   0.99180
FLUX  713  1152.50        2.601236E+14   9.5392E-06   9.6158E-06   0.99204
FLUX  714  1157.50        2.590000E+14   9.4774E-06   9.6023E-06   0.98699
FLUX  715  1162.50        2.578860E+14   9.3748E-06   9.5888E-06   0.97768
FLUX  716  1167.50        2.567816E+14   9.3759E-06   9.5753E-06   0.97917
FLUX  717  1172.50        2.556866E+14   9.5065E-06   9.5619E-06   0.99421
FLUX  718  1177.50        2.546008E+14   9.3296E-06   9.5485E-06   0.97707
FLUX  719  1182.50        2.535243E+14   9.3443E-06   9.5351E-06   0.97998
FLUX  720  1187.50        2.524568E+14   9.2989E-06   9.5225E-06   0.97652
FLUX  721  1192.50        2.513983E+14   9.4754E-06   9.5092E-06   0.99645
FLUX  722  1197.50        2.503486E+14   9.2238E-06   9.4959E-06   0.97134
FLUX  723  1202.50        2.493077E+14   9.3441E-06   9.4826E-06   0.98539
FLUX  724  1207.50        2.482754E+14   9.2952E-06   9.4693E-06   0.98161
FLUX  725  1212.50        2.472515E+14   9.3272E-06   9.4560E-06   0.98638
FLUX  726  1217.50        2.462361E+14   9.4001E-06   9.4428E-06   0.99548
FLUX  727  1222.50        2.452290E+14   9.3814E-06   9.4295E-06   0.99490
FLUX  728  1227.50        2.442301E+14   9.3297E-06   9.4164E-06   0.99080
FLUX  729  1232.50        2.432393E+14   9.3396E-06   9.4033E-06   0.99322
FLUX  730  1237.50        2.422566E+14   9.3254E-06   9.3903E-06   0.99309
FLUX  731  1242.50        2.412817E+14   9.3031E-06   9.3773E-06   0.99209
FLUX  732  1247.50        2.403146E+14   9.3217E-06   9.3644E-06   0.99544
FLUX  733  1252.50        2.393553E+14   9.2759E-06   9.3515E-06   0.99191
FLUX  734  1257.50        2.384036E+14   9.2508E-06   9.3387E-06   0.99059
FLUX  735  1262.50        2.374594E+14   9.2495E-06   9.3259E-06   0.99181
FLUX  736  1267.50        2.365227E+14   9.2228E-06   9.3132E-06   0.99030
FLUX  737  1272.50        2.355933E+14   9.2486E-06   9.3005E-06   0.99441
FLUX  738  1277.50        2.346712E+14   9.1910E-06   9.2880E-06   0.98956
FLUX  739  1282.50        2.337563E+14   8.5674E-06   9.2756E-06   0.92365
FLUX  740  1287.50        2.328485E+14   9.1448E-06   9.2632E-06   0.98721
FLUX  741  1292.50        2.319478E+14   9.1496E-06   9.2509E-06   0.98905
FLUX  742  1297.50        2.310539E+14   9.1910E-06   9.2385E-06   0.99485
FLUX  743  1302.50        2.301670E+14   9.1376E-06   9.2262E-06   0.99040
FLUX  744  1307.50        2.292868E+14   9.1721E-06   9.2140E-06   0.99545
FLUX  745  1312.50        2.284133E+14   9.0828E-06   9.2017E-06   0.98707
FLUX  746  1317.50        2.275465E+14   9.0582E-06   9.1895E-06   0.98571
FLUX  747  1322.50        2.266862E+14   9.1294E-06   9.1773E-06   0.99478
FLUX  748  1327.50        2.258324E+14   9.0426E-06   9.1652E-06   0.98662
FLUX  749  1332.50        2.249850E+14   9.0770E-06   9.1531E-06   0.99169
FLUX  750  1337.50        2.241439E+14   9.0542E-06   9.1410E-06   0.99050
FLUX  751  1342.50        2.233091E+14   9.0816E-06   9.1290E-06   0.99481
FLUX  752  1347.50        2.224805E+14   9.0633E-06   9.1170E-06   0.99411
FLUX  753  1352.50        2.216580E+14   9.0450E-06   9.1051E-06   0.99339
FLUX  754  1357.50        2.208416E+14   8.9633E-06   9.0933E-06   0.98570
FLUX  755  1362.50        2.200312E+14   8.9914E-06   9.0815E-06   0.99007
FLUX  756  1367.50        2.192267E+14   8.9710E-06   9.0698E-06   0.98911
FLUX  757  1372.50        2.184280E+14   8.9309E-06   9.0580E-06   0.98597
FLUX  758  1377.50        2.176352E+14   8.9435E-06   9.0461E-06   0.98866
FLUX  759  1382.50        2.168481E+14   8.9466E-06   9.0342E-06   0.99029
FLUX  760  1387.50        2.160667E+14   8.9612E-06   9.0224E-06   0.99322
FLUX  761  1392.50        2.152908E+14   8.9321E-06   9.0105E-06   0.99131
FLUX  762  1397.50        2.145206E+14   8.9200E-06   8.9990E-06   0.99122
FLUX  763  1402.50        2.137558E+14   8.8680E-06   8.9872E-06   0.98674
FLUX  764  1407.50        2.129964E+14   8.8990E-06   8.9753E-06   0.99150
FLUX  765  1412.50        2.122425E+14   8.8159E-06   8.9634E-06   0.98354
FLUX  766  1417.50        2.114938E+14   8.8774E-06   8.9515E-06   0.99172
FLUX  767  1422.50        2.107504E+14   8.7628E-06   8.9398E-06   0.98020
FLUX  768  1427.50        2.100123E+14   8.6917E-06   8.9277E-06   0.97357
FLUX  769  1432.50        2.092792E+14   8.8061E-06   8.9154E-06   0.98774
FLUX  770  1437.50        2.085513E+14   8.8425E-06   8.9031E-06   0.99319
FLUX  771  1442.50        2.078284E+14   8.5705E-06   8.8907E-06   0.96398
FLUX  772  1447.50        2.071105E+14   8.7869E-06   8.8782E-06   0.98972
FLUX  773  1452.50        2.063976E+14   8.6375E-06   8.8656E-06   0.97427
FLUX  774  1457.00        2.057601E+14   8.7179E-06   8.8542E-06   0.98460
FLUX  775  1462.00        2.050564E+14   8.6925E-06   8.9297E-06   0.97344
FLUX  776  1467.50        2.042879E+14   8.7069E-06   8.9180E-06   0.97633
FLUX  777  1472.50        2.035942E+14   8.5999E-06   8.9063E-06   0.96560
FLUX  778  1477.50        2.029052E+14   8.5978E-06   8.8944E-06   0.96666
FLUX  779  1482.50        2.022209E+14   8.6205E-06   8.8823E-06   0.97053
FLUX  780  1487.50        2.015412E+14   8.4782E-06   8.8699E-06   0.95584
FLUX  781  1492.50        2.008660E+14   8.6814E-06   8.8574E-06   0.98014
FLUX  782  1497.50        2.001953E+14   8.5976E-06   8.8446E-06   0.97207
FLUX  783  1502.50        1.995291E+14   8.4533E-06   8.8317E-06   0.95716
FLUX  784  1507.50        1.988673E+14   8.4504E-06   8.8185E-06   0.95826
FLUX  785  1512.50        1.982099E+14   8.5743E-06   8.8050E-06   0.97379
FLUX  786  1517.50        1.975568E+14   8.5935E-06   8.7913E-06   0.97751
FLUX  787  1522.50        1.969080E+14   8.4935E-06   8.7771E-06   0.96768
FLUX  788  1527.50        1.962635E+14   8.5485E-06   8.7627E-06   0.97555
FLUX  789  1532.50        1.956232E+14   8.5056E-06   8.7478E-06   0.97231
FLUX  790  1537.50        1.949870E+14   8.4980E-06   8.7326E-06   0.97314
FLUX  791  1542.50        1.943549E+14   8.4615E-06   8.7169E-06   0.97070
FLUX  792  1547.50        1.937270E+14   8.4644E-06   8.7009E-06   0.97283
FLUX  793  1552.50        1.931031E+14   8.4128E-06   8.6844E-06   0.96873
FLUX  794  1557.50        1.924831E+14   8.3612E-06   8.6673E-06   0.96468
FLUX  795  1562.50        1.918672E+14   8.4600E-06   8.6497E-06   0.97806
FLUX  796  1567.50        1.912552E+14   8.3006E-06   8.6316E-06   0.96165
FLUX  797  1572.50        1.906471E+14   8.3161E-06   8.6129E-06   0.96554
FLUX  798  1577.50        1.900428E+14   8.1561E-06   8.5936E-06   0.94908
FLUX  799  1582.50        1.894423E+14   8.2654E-06   8.5737E-06   0.96404
FLUX  800  1587.50        1.888457E+14   7.9596E-06   8.5530E-06   0.93063
FLUX  801  1592.50        1.882527E+14   8.1945E-06   8.5316E-06   0.96049
FLUX  802  1597.50        1.876635E+14   8.2529E-06   8.5095E-06   0.96984
FLUX  803  1605.00        1.867866E+14   8.1851E-06   8.4747E-06   0.96583
FLUX  804  1615.00        1.856300E+14   8.0248E-06   8.4247E-06   0.95253
FLUX  805  1625.00        1.844877E+14   8.1857E-06   8.3700E-06   0.97798
FLUX  806  1635.00        1.833593E+14   8.0149E-06   8.3081E-06   0.96472
FLUX  807  1645.00        1.822447E+14   7.8099E-06   8.2365E-06   0.94821
FLUX  808  1655.00        1.811435E+14   8.0208E-06   8.1588E-06   0.98309
FLUX  809  1665.00        1.800556E+14   7.9669E-06   8.0821E-06   0.98575
FLUX  810  1675.00        1.789806E+14   7.7449E-06   8.0066E-06   0.96732
FLUX  811  1685.00        1.779184E+14   7.4929E-06   7.9318E-06   0.94466
FLUX  812  1695.00        1.768687E+14   7.7936E-06   7.8581E-06   0.99179
FLUX  813  1705.00        1.758314E+14   7.6526E-06   7.7853E-06   0.98295
FLUX  814  1715.00        1.748061E+14   7.6123E-06   7.7135E-06   0.98688
FLUX  815  1725.00        1.737928E+14   7.4675E-06   7.6426E-06   0.97709
FLUX  816  1735.00        1.727911E+14   7.0292E-06   7.5726E-06   0.92825
FLUX  817  1745.00        1.718009E+14   7.2997E-06   7.5036E-06   0.97284
FLUX  818  1755.00        1.708219E+14   7.3311E-06   7.4354E-06   0.98597
FLUX  819  1765.00        1.698541E+14   7.2633E-06   7.3681E-06   0.98577
FLUX  820  1775.00        1.688972E+14   7.2042E-06   7.3017E-06   0.98664
FLUX  821  1785.00        1.679510E+14   7.1641E-06   7.2362E-06   0.99005
FLUX  822  1795.00        1.670153E+14   7.1172E-06   7.1715E-06   0.99244
FLUX  823  1805.00        1.660900E+14   7.0084E-06   7.1076E-06   0.98604
FLUX  824  1815.00        1.651749E+14   6.6181E-06   7.0445E-06   0.93947
FLUX  825  1825.00        1.642699E+14   6.7999E-06   6.9822E-06   0.97389
FLUX  826  1835.00        1.633747E+14   6.8341E-06   6.9206E-06   0.98751
FLUX  827  1845.00        1.624892E+14   6.7397E-06   6.8598E-06   0.98250
FLUX  828  1855.00        1.616132E+14   6.7130E-06   6.7997E-06   0.98725
FLUX  829  1865.00        1.607466E+14   6.5992E-06   6.7404E-06   0.97905
FLUX  830  1875.00        1.598893E+14   6.1640E-06   6.6818E-06   0.92250
FLUX  831  1885.00        1.590411E+14   6.4954E-06   6.6240E-06   0.98059
FLUX  832  1895.00        1.582018E+14   6.3568E-06   6.5669E-06   0.96801
FLUX  833  1905.00        1.573714E+14   6.4505E-06   6.5105E-06   0.99079
FLUX  834  1915.00        1.565496E+14   6.3765E-06   6.4548E-06   0.98787
FLUX  835  1925.00        1.557364E+14   6.3280E-06   6.3998E-06   0.98879
FLUX  836  1935.00        1.549315E+14   6.2146E-06   6.3454E-06   0.97937
FLUX  837  1945.00        1.541350E+14   5.8426E-06   6.2918E-06   0.92862
FLUX  838  1955.00        1.533465E+14   6.1419E-06   6.2388E-06   0.98447
FLUX  839  1965.00        1.525662E+14   6.1061E-06   6.1864E-06   0.98702
FLUX  840  1975.00        1.517937E+14   6.0376E-06   6.1347E-06   0.98418
FLUX  841  1985.00        1.510290E+14   6.0189E-06   6.0835E-06   0.98938
FLUX  842  1995.00        1.502719E+14   5.9681E-06   6.0330E-06   0.98923
FLUX  843  2005.00        1.495224E+14   5.9440E-06   5.9831E-06   0.99346
FLUX  844  2015.00        1.487804E+14   5.9178E-06   5.9339E-06   0.99729
FLUX  845  2025.00        1.480457E+14   5.8275E-06   5.8852E-06   0.99020
FLUX  846  2035.00        1.473182E+14   5.7481E-06   5.8370E-06   0.98477
FLUX  847  2045.00        1.465978E+14   5.7723E-06   5.7895E-06   0.99703
FLUX  848  2055.00        1.458844E+14   5.7099E-06   5.7425E-06   0.99431
FLUX  849  2065.00        1.451780E+14   5.6381E-06   5.6961E-06   0.98981
FLUX  850  2075.00        1.444783E+14   5.6103E-06   5.6502E-06   0.99294
FLUX  851  2085.00        1.437854E+14   5.5654E-06   5.6049E-06   0.99295
FLUX  852  2095.00        1.430990E+14   5.4957E-06   5.5601E-06   0.98843
FLUX  853  2105.00        1.424192E+14   5.4891E-06   5.5158E-06   0.99515
FLUX  854  2115.00        1.417459E+14   5.4320E-06   5.4720E-06   0.99268
FLUX  855  2125.00        1.410788E+14   5.3862E-06   5.4288E-06   0.99216
FLUX  856  2135.00        1.404180E+14   5.3553E-06   5.3860E-06   0.99430
FLUX  857  2145.00        1.397634E+14   5.3240E-06   5.3437E-06   0.99632
FLUX  858  2155.00        1.391148E+14   5.2648E-06   5.3019E-06   0.99300
FLUX  859  2165.00        1.384723E+14   4.9450E-06   5.2605E-06   0.94002
FLUX  860  2175.00        1.378356E+14   5.1377E-06   5.2197E-06   0.98429
FLUX  861  2185.00        1.372048E+14   5.1324E-06   5.1793E-06   0.99094
FLUX  862  2195.00        1.365797E+14   5.1278E-06   5.1393E-06   0.99776
FLUX  863  2205.00        1.359603E+14   5.0465E-06   5.0998E-06   0.98955
FLUX  864  2215.00        1.353465E+14   5.0381E-06   5.0608E-06   0.99551
FLUX  865  2225.00        1.347382E+14   5.0014E-06   5.0222E-06   0.99586
FLUX  866  2235.00        1.341353E+14   4.9629E-06   4.9840E-06   0.99578
FLUX  867  2245.00        1.335379E+14   4.9269E-06   4.9462E-06   0.99610
FLUX  868  2255.00        1.329457E+14   4.8679E-06   4.9089E-06   0.99165
FLUX  869  2265.00        1.323587E+14   4.8373E-06   4.8720E-06   0.99289
FLUX  870  2275.00        1.317769E+14   4.8189E-06   4.8355E-06   0.99658
FLUX  871  2285.00        1.312002E+14   4.7590E-06   4.8146E-06   0.98846
FLUX  872  2295.00        1.306285E+14   4.7222E-06   4.7787E-06   0.98818
FLUX  873  2305.00        1.300618E+14   4.7116E-06   4.7432E-06   0.99333
FLUX  874  2315.00        1.295000E+14   4.6662E-06   4.7081E-06   0.99109
FLUX  875  2325.00        1.289430E+14   4.6205E-06   4.6734E-06   0.98868
FLUX  876  2335.00        1.283908E+14   4.5878E-06   4.6391E-06   0.98896
FLUX  877  2345.00        1.278433E+14   4.5762E-06   4.6051E-06   0.99373
FLUX  878  2355.00        1.273004E+14   4.5122E-06   4.5715E-06   0.98704
FLUX  879  2365.00        1.267622E+14   4.5061E-06   4.5382E-06   0.99292
FLUX  880  2375.00        1.262284E+14   4.4474E-06   4.5053E-06   0.98715
FLUX  881  2385.00        1.256992E+14   4.4009E-06   4.4727E-06   0.98394
FLUX  882  2395.00        1.251743E+14   4.4030E-06   4.4405E-06   0.99156
FLUX  883  2405.00        1.246538E+14   4.3680E-06   4.4087E-06   0.99077
FLUX  884  2415.00        1.241377E+14   4.3099E-06   4.3771E-06   0.98465
FLUX  885  2425.00        1.236258E+14   4.2999E-06   4.3459E-06   0.98941
FLUX  886  2435.00        1.231181E+14   4.2629E-06   4.3151E-06   0.98790
FLUX  887  2445.00        1.226145E+14   4.2378E-06   4.2845E-06   0.98910
FLUX  888  2455.00        1.221151E+14   4.1773E-06   4.2543E-06   0.98191
FLUX  889  2465.00        1.216197E+14   4.1882E-06   4.2244E-06   0.99142
FLUX  890  2475.00        1.211283E+14   4.1395E-06   4.1948E-06   0.98681
FLUX  891  2485.00        1.206408E+14   4.0898E-06   4.1655E-06   0.98183
FLUX  892  2495.00        1.201573E+14   4.0875E-06   4.1366E-06   0.98813
FLUX  893  2505.00        1.196776E+14   4.0697E-06   4.1079E-06   0.99071
FLUX  894  2515.00        1.192018E+14   4.0357E-06   4.0795E-06   0.98927
FLUX  895  2525.00        1.187297E+14   4.0149E-06   4.0514E-06   0.99099
FLUX  896  2535.00        1.182613E+14   3.9883E-06   4.0236E-06   0.99123
FLUX  897  2545.00        1.177967E+14   3.9474E-06   3.9960E-06   0.98784
FLUX  898  2555.00        1.173356E+14   3.9202E-06   3.9688E-06   0.98776
FLUX  899  2565.00        1.168782E+14   3.8792E-06   3.9418E-06   0.98411
FLUX  900  2575.00        1.164243E+14   3.8902E-06   3.9151E-06   0.99363
FLUX  901  2585.00        1.159739E+14   3.8245E-06   3.8887E-06   0.98351
FLUX  902  2595.00        1.155270E+14   3.8309E-06   3.8625E-06   0.99183
FLUX  903  2605.00        1.150835E+14   3.8051E-06   3.8365E-06   0.99181
FLUX  904  2615.00        1.146434E+14   3.7478E-06   3.8109E-06   0.98344
FLUX  905  2625.00        1.142067E+14   3.5790E-06   3.7855E-06   0.94547
FLUX  906  2635.00        1.137732E+14   3.7088E-06   3.7603E-06   0.98631
FLUX  907  2645.00        1.133431E+14   3.6909E-06   3.7354E-06   0.98809
FLUX  908  2655.00        1.129162E+14   3.6736E-06   3.7107E-06   0.99000
FLUX  909  2665.00        1.124925E+14   3.6271E-06   3.6863E-06   0.98396
FLUX  910  2675.00        1.120720E+14   3.5980E-06   3.6621E-06   0.98252
FLUX  911  2685.00        1.116546E+14   3.6184E-06   3.6381E-06   0.99459
FLUX  912  2695.00        1.112403E+14   3.5998E-06   3.6144E-06   0.99598
FLUX  913  2705.00        1.108290E+14   3.5772E-06   3.5908E-06   0.99620
FLUX  914  2715.00        1.104208E+14   3.5523E-06   3.5676E-06   0.99573
FLUX  915  2725.00        1.100156E+14   3.5300E-06   3.5445E-06   0.99590
FLUX  916  2735.00        1.096133E+14   3.5086E-06   3.5217E-06   0.99628
FLUX  917  2745.00        1.092140E+14   3.4890E-06   3.4991E-06   0.99713
FLUX  918  2755.00        1.088176E+14   3.4072E-06   3.4767E-06   0.98002
FLUX  919  2765.00        1.084240E+14   3.4158E-06   3.4545E-06   0.98881
FLUX  920  2775.00        1.080333E+14   3.4163E-06   3.4325E-06   0.99528
FLUX  921  2785.00        1.076454E+14   3.3981E-06   3.4107E-06   0.99630
FLUX  922  2795.00        1.072603E+14   3.3830E-06   3.3892E-06   0.99817
FLUX  923  2805.00        1.068779E+14   3.3604E-06   3.3678E-06   0.99781
FLUX  924  2815.00        1.064982E+14   3.3414E-06   3.3467E-06   0.99844
FLUX  925  2825.00        1.061212E+14   3.3188E-06   3.3257E-06   0.99793
FLUX  926  2835.00        1.057469E+14   3.3026E-06   3.3049E-06   0.99930
FLUX  927  2845.00        1.053752E+14   3.2710E-06   3.2844E-06   0.99595
FLUX  928  2855.00        1.050061E+14   3.2564E-06   3.2640E-06   0.99769
FLUX  929  2865.00        1.046396E+14   3.2205E-06   3.2438E-06   0.99284
FLUX  930  2875.00        1.042757E+14   3.1425E-06   3.2237E-06   0.97481
FLUX  931  2885.00        1.039142E+14   3.1899E-06   3.2039E-06   0.99562
FLUX  932  2895.00        1.035553E+14   3.1789E-06   3.1843E-06   0.99832
FLUX  933  2905.00        1.031988E+14   3.1595E-06   3.1648E-06   0.99833
FLUX  934  2915.00        1.028448E+14   3.1389E-06   3.1455E-06   0.99791
FLUX  935  2925.00        1.024932E+14   3.1109E-06   3.1264E-06   0.99505
FLUX  936  2935.00        1.021440E+14   3.1022E-06   3.1074E-06   0.99831
FLUX  937  2945.00        1.017971E+14   3.0787E-06   3.0886E-06   0.99678
FLUX  938  2955.00        1.014526E+14   3.0651E-06   3.0700E-06   0.99838
FLUX  939  2965.00        1.011105E+14   3.0474E-06   3.0516E-06   0.99862
FLUX  940  2975.00        1.007706E+14   3.0286E-06   3.0333E-06   0.99846
FLUX  941  2985.00        1.004330E+14   3.0121E-06   3.0152E-06   0.99896
FLUX  942  2995.00        1.000977E+14   2.9883E-06   2.9972E-06   0.99700
FLUX  943  3005.00        9.976456E+13   2.9712E-06   2.9794E-06   0.99723
FLUX  944  3015.00        9.943366E+13   2.9572E-06   2.9618E-06   0.99843
FLUX  945  3025.00        9.910496E+13   2.9357E-06   2.9443E-06   0.99706
FLUX  946  3035.00        9.877842E+13   2.8561E-06   2.9270E-06   0.97577
FLUX  947  3045.00        9.845402E+13   2.8746E-06   2.9098E-06   0.98790
FLUX  948  3055.00        9.813175E+13   2.8852E-06   2.8927E-06   0.99740
FLUX  949  3065.00        9.781158E+13   2.8654E-06   2.8758E-06   0.99639
FLUX  950  3075.00        9.749349E+13   2.8563E-06   2.8590E-06   0.99904
FLUX  951  3085.00        9.717747E+13   2.8310E-06   2.8424E-06   0.99597
FLUX  952  3095.00        9.686349E+13   2.8167E-06   2.8259E-06   0.99674
FLUX  953  3105.00        9.655153E+13   2.8053E-06   2.8096E-06   0.99848
FLUX  954  3115.00        9.624157E+13   2.7699E-06   2.7934E-06   0.99159
FLUX  955  3125.00        9.593360E+13   2.7705E-06   2.7773E-06   0.99756
FLUX  956  3135.00        9.562759E+13   2.7556E-06   2.7614E-06   0.99789
FLUX  957  3145.00        9.532353E+13   2.7411E-06   2.7456E-06   0.99838
FLUX  958  3155.00        9.502139E+13   2.7179E-06   2.7299E-06   0.99560
FLUX  959  3165.00        9.472117E+13   2.7081E-06   2.7144E-06   0.99770
FLUX  960  3175.00        9.442283E+13   2.6916E-06   2.6990E-06   0.99724
FLUX  961  3185.00        9.412637E+13   2.6785E-06   2.6837E-06   0.99805
FLUX  962  3195.00        9.383177E+13   2.6664E-06   2.6686E-06   0.99919
FLUX  963  3210.00        9.339330E+13   2.6398E-06   2.6461E-06   0.99762
FLUX  964  3230.00        9.281501E+13   2.6124E-06   2.6166E-06   0.99842
FLUX  965  3250.00        9.224385E+13   2.5821E-06   2.5875E-06   0.99789
FLUX  966  3270.00        9.167966E+13   2.5529E-06   2.5590E-06   0.99764
FLUX  967  3290.00        9.112234E+13   2.4810E-06   2.5326E-06   0.97962
FLUX  968  3310.00        9.057175E+13   2.4877E-06   2.5049E-06   0.99312
FLUX  969  3330.00        9.002778E+13   2.4644E-06   2.4777E-06   0.99464
FLUX  970  3350.00        8.949030E+13   2.4438E-06   2.4509E-06   0.99709
FLUX  971  3370.00        8.895920E+13   2.4137E-06   2.4246E-06   0.99552
FLUX  972  3390.00        8.843436E+13   2.3855E-06   2.3986E-06   0.99451
FLUX  973  3410.00        8.791569E+13   2.3583E-06   2.3731E-06   0.99376
FLUX  974  3430.00        8.740306E+13   2.3411E-06   2.3480E-06   0.99708
FLUX  975  3450.00        8.689638E+13   2.3198E-06   2.3233E-06   0.99849
FLUX  976  3470.00        8.639553E+13   2.2942E-06   2.2989E-06   0.99796
FLUX  977  3490.00        8.590043E+13   2.2712E-06   2.2750E-06   0.99832
FLUX  978  3510.00        8.541097E+13   2.2479E-06   2.2514E-06   0.99846
FLUX  979  3530.00        8.492705E+13   2.2215E-06   2.2282E-06   0.99699
FLUX  980  3550.00        8.444859E+13   2.2016E-06   2.2053E-06   0.99832
FLUX  981  3570.00        8.397549E+13   2.1766E-06   2.1828E-06   0.99715
FLUX  982  3590.00        8.350766E+13   2.1540E-06   2.1606E-06   0.99694
FLUX  983  3610.00        8.304501E+13   2.1367E-06   2.1388E-06   0.99901
FLUX  984  3630.00        8.258746E+13   2.1149E-06   2.1173E-06   0.99888
FLUX  985  3650.00        8.213493E+13   2.0860E-06   2.0961E-06   0.99518
FLUX  986  3670.00        8.168733E+13   2.0656E-06   2.0752E-06   0.99535
FLUX  987  3690.00        8.124458E+13   2.0366E-06   2.0546E-06   0.99123
FLUX  988  3710.00        8.080660E+13   2.0172E-06   2.0344E-06   0.99154
FLUX  989  3730.00        8.037332E+13   1.9931E-06   2.0144E-06   0.98941
FLUX  990  3750.00        7.994467E+13   1.9513E-06   1.9947E-06   0.97823
FLUX  991  3770.00        7.952056E+13   1.9648E-06   1.9753E-06   0.99467
FLUX  992  3790.00        7.910092E+13   1.9461E-06   1.9562E-06   0.99481
FLUX  993  3810.00        7.868569E+13   1.9278E-06   1.9374E-06   0.99503
FLUX  994  3830.00        7.827480E+13   1.9136E-06   1.9188E-06   0.99728
FLUX  995  3850.00        7.786818E+13   1.8974E-06   1.9005E-06   0.99836
FLUX  996  3870.00        7.746576E+13   1.8757E-06   1.8825E-06   0.99642
FLUX  997  3890.00        7.706748E+13   1.8567E-06   1.8647E-06   0.99572
FLUX  998  3910.00        7.667327E+13   1.8420E-06   1.8472E-06   0.99718
FLUX  999  3930.00        7.628308E+13   1.8265E-06   1.8299E-06   0.99814
FLUX 1000  3950.00        7.589683E+13   1.8043E-06   1.8128E-06   0.99529
FLUX 1001  3970.00        7.551448E+13   1.7920E-06   1.7960E-06   0.99775
FLUX 1002  3990.00        7.513596E+13   1.7665E-06   1.7794E-06   0.99272
FLUX 1003  4010.00        7.476122E+13   1.7521E-06   1.7631E-06   0.99376
FLUX 1004  4030.00        7.439020E+13   1.7403E-06   1.7469E-06   0.99622
FLUX 1005  4050.00        7.402284E+13   1.7015E-06   1.7310E-06   0.98294
FLUX 1006  4070.00        7.365909E+13   1.7083E-06   1.7153E-06   0.99587
FLUX 1007  4090.00        7.329890E+13   1.6940E-06   1.6999E-06   0.99653
FLUX 1008  4110.00        7.294221E+13   1.6813E-06   1.6846E-06   0.99806
FLUX 1009  4130.00        7.258898E+13   1.6678E-06   1.6695E-06   0.99898
FLUX 1010  4150.00        7.223916E+13   1.6491E-06   1.6547E-06   0.99661
FLUX 1011  4170.00        7.189269E+13   1.6313E-06   1.6400E-06   0.99469
FLUX 1012  4190.00        7.154952E+13   1.6213E-06   1.6255E-06   0.99739
FLUX 1013  4210.00        7.120962E+13   1.6013E-06   1.6112E-06   0.99383
FLUX 1014  4230.00        7.087293E+13   1.5967E-06   1.5971E-06   0.99974
FLUX 1015  4250.00        7.053941E+13   1.5797E-06   1.5832E-06   0.99778
FLUX 1016  4270.00        7.020902E+13   1.5683E-06   1.5695E-06   0.99927
FLUX 1017  4290.00        6.988170E+13   1.5429E-06   1.5559E-06   0.99162
FLUX 1018  4310.00        6.955742E+13   1.5205E-06   1.5425E-06   0.98569
FLUX 1019  4330.00        6.923614E+13   1.5112E-06   1.5293E-06   0.98813
FLUX 1020  4350.00        6.891782E+13   1.4839E-06   1.5163E-06   0.97861
FLUX 1021  4370.00        6.860240E+13   1.4616E-06   1.5034E-06   0.97217
FLUX 1022  4390.00        6.828986E+13   1.4601E-06   1.4907E-06   0.97947
FLUX 1023  4410.00        6.798016E+13   1.4310E-06   1.4781E-06   0.96812
FLUX 1024  4430.00        6.767325E+13   1.4266E-06   1.4657E-06   0.97326
FLUX 1025  4450.00        6.736910E+13   1.4170E-06   1.4535E-06   0.97491
FLUX 1026  4470.00        6.706767E+13   1.3921E-06   1.4417E-06   0.96560
FLUX 1027  4490.00        6.676893E+13   1.3903E-06   1.4297E-06   0.97242
FLUX 1028  4510.00        6.647284E+13   1.3779E-06   1.4179E-06   0.97180
FLUX 1029  4530.00        6.617936E+13   1.3571E-06   1.4063E-06   0.96504
FLUX 1030  4550.00        6.588846E+13   1.3529E-06   1.3948E-06   0.96998
FLUX 1031  4570.00        6.560011E+13   1.3450E-06   1.3834E-06   0.97223
FLUX 1032  4590.00        6.531427E+13   1.3244E-06   1.3722E-06   0.96519
FLUX 1033  4610.00        6.503091E+13   1.3212E-06   1.3611E-06   0.97074
FLUX 1034  4630.00        6.475000E+13   1.3100E-06   1.3501E-06   0.97033
FLUX 1035  4650.00        6.447150E+13   1.2882E-06   1.3393E-06   0.96191
FLUX 1036  4670.00        6.419540E+13   1.2851E-06   1.3285E-06   0.96731
FLUX 1037  4690.00        6.392164E+13   1.2837E-06   1.3180E-06   0.97403
FLUX 1038  4710.00        6.365021E+13   1.2739E-06   1.3075E-06   0.97428
FLUX 1039  4730.00        6.338108E+13   1.2690E-06   1.2972E-06   0.97830
FLUX 1040  4750.00        6.311421E+13   1.2576E-06   1.2870E-06   0.97719
FLUX 1041  4770.00        6.284958E+13   1.2472E-06   1.2769E-06   0.97675
FLUX 1042  4790.00        6.258716E+13   1.2395E-06   1.2669E-06   0.97834
FLUX 1043  4810.00        6.232692E+13   1.2267E-06   1.2571E-06   0.97586
FLUX 1044  4830.00        6.206884E+13   1.2230E-06   1.2474E-06   0.98049
FLUX 1045  4850.00        6.181289E+13   1.2117E-06   1.2377E-06   0.97897
FLUX 1046  4870.00        6.155903E+13   1.2024E-06   1.2282E-06   0.97901
FLUX 1047  4890.00        6.130726E+13   1.1944E-06   1.2188E-06   0.97993
FLUX 1048  4910.00        6.105753E+13   1.1860E-06   1.2095E-06   0.98053
FLUX 1049  4930.00        6.080984E+13   1.1771E-06   1.2003E-06   0.98068
FLUX 1050  4950.00        6.056414E+13   1.1677E-06   1.1912E-06   0.98024
FLUX 1051  4970.00        6.032042E+13   1.1593E-06   1.1823E-06   0.98054
FLUX 1052  4990.00        6.007866E+13   1.1534E-06   1.1734E-06   0.98300
FLUX 1053  5010.00        5.983882E+13   1.1417E-06   1.1646E-06   0.98037
FLUX 1054  5030.00        5.960089E+13   1.1367E-06   1.1559E-06   0.98341
FLUX 1055  5050.00        5.936485E+13   1.1248E-06   1.1473E-06   0.98038
FLUX 1056  5070.00        5.913067E+13   1.1183E-06   1.1388E-06   0.98195
FLUX 1057  5090.00        5.889833E+13   1.1121E-06   1.1304E-06   0.98383
FLUX 1058  5110.00        5.866781E+13   1.1014E-06   1.1221E-06   0.98152
FLUX 1059  5130.00        5.843908E+13   1.0879E-06   1.1139E-06   0.97666
FLUX 1060  5150.00        5.821214E+13   1.0871E-06   1.1058E-06   0.98308
FLUX 1061  5170.00        5.798694E+13   1.0827E-06   1.0977E-06   0.98627
FLUX 1062  5190.00        5.776349E+13   1.0722E-06   1.0898E-06   0.98388
FLUX 1063  5210.00        5.754175E+13   1.0637E-06   1.0819E-06   0.98318
FLUX 1064  5230.00        5.732170E+13   1.0562E-06   1.0741E-06   0.98328
FLUX 1065  5250.00        5.710333E+13   1.0509E-06   1.0664E-06   0.98547
FLUX 1066  5270.00        5.688662E+13   1.0450E-06   1.0588E-06   0.98691
FLUX 1067  5290.00        5.667155E+13   1.0342E-06   1.0513E-06   0.98372
FLUX 1068  5310.00        5.645810E+13   1.0294E-06   1.0438E-06   0.98616
FLUX 1069  5330.00        5.624625E+13   1.0215E-06   1.0365E-06   0.98554
FLUX 1070  5350.00        5.603598E+13   1.0155E-06   1.0292E-06   0.98672
FLUX 1071  5370.00        5.582728E+13   1.0073E-06   1.0219E-06   0.98570
FLUX 1072  5390.00        5.562013E+13   1.0019E-06   1.0148E-06   0.98728
FLUX 1073  5410.00        5.541451E+13   9.9561E-07   1.0077E-06   0.98797
FLUX 1074  5430.00        5.521040E+13   9.8594E-07   1.0007E-06   0.98522
FLUX 1075  5450.00        5.500780E+13   9.8239E-07   9.9381E-07   0.98851
FLUX 1076  5470.00        5.480667E+13   9.7449E-07   9.8696E-07   0.98736
FLUX 1077  5490.00        5.460701E+13   9.6790E-07   9.8017E-07   0.98748
FLUX 1078  5510.00        5.440880E+13   9.6311E-07   9.7346E-07   0.98937
FLUX 1079  5530.00        5.421202E+13   9.5770E-07   9.6682E-07   0.99057
FLUX 1080  5550.00        5.401667E+13   9.4917E-07   9.6024E-07   0.98847
FLUX 1081  5570.00        5.382271E+13   9.4583E-07   9.5373E-07   0.99172
FLUX 1082  5590.00        5.363014E+13   9.3591E-07   9.4729E-07   0.98799
FLUX 1083  5610.00        5.343895E+13   9.3194E-07   9.4091E-07   0.99047
FLUX 1084  5630.00        5.324911E+13   9.2518E-07   9.3460E-07   0.98993
FLUX 1085  5650.00        5.306062E+13   9.2145E-07   9.2834E-07   0.99257
FLUX 1086  5670.00        5.287346E+13   9.1560E-07   9.2216E-07   0.99289
FLUX 1087  5690.00        5.268761E+13   9.0759E-07   9.1603E-07   0.99079
FLUX 1088  5710.00        5.250306E+13   9.0330E-07   9.0996E-07   0.99268
FLUX 1089  5730.00        5.231981E+13   8.9799E-07   9.0396E-07   0.99340
FLUX 1090  5750.00        5.213783E+13   8.9200E-07   8.9801E-07   0.99331
FLUX 1091  5770.00        5.195711E+13   8.8622E-07   8.9212E-07   0.99338
FLUX 1092  5790.00        5.177763E+13   8.8095E-07   8.8629E-07   0.99398
FLUX 1093  5810.00        5.159940E+13   8.7508E-07   8.8052E-07   0.99383
FLUX 1094  5830.00        5.142238E+13   8.6996E-07   8.7480E-07   0.99447
FLUX 1095  5850.00        5.124658E+13   8.6505E-07   8.6918E-07   0.99524
FLUX 1096  5870.00        5.107198E+13   8.5871E-07   8.6358E-07   0.99437
FLUX 1097  5890.00        5.089856E+13   8.5208E-07   8.5802E-07   0.99308
FLUX 1098  5910.00        5.072631E+13   8.4253E-07   8.5252E-07   0.98827
FLUX 1099  5930.00        5.055523E+13   8.4314E-07   8.4707E-07   0.99536
FLUX 1100  5950.00        5.038529E+13   8.3494E-07   8.4168E-07   0.99200
FLUX 1101  5970.00        5.021650E+13   8.3286E-07   8.3633E-07   0.99585
FLUX 1102  5990.00        5.004883E+13   8.2789E-07   8.3104E-07   0.99621
FLUX 1103  6010.00        4.988228E+13   8.2231E-07   8.2580E-07   0.99578
FLUX 1104  6030.00        4.971683E+13   8.1791E-07   8.2060E-07   0.99672
FLUX 1105  6050.00        4.955248E+13   8.1280E-07   8.1545E-07   0.99675
FLUX 1106  6070.00        4.938921E+13   8.0737E-07   8.1036E-07   0.99632
FLUX 1107  6090.00        4.922701E+13   8.0212E-07   8.0530E-07   0.99604
FLUX 1108  6110.00        4.906588E+13   7.9605E-07   8.0030E-07   0.99469
FLUX 1109  6130.00        4.890579E+13   7.9290E-07   7.9534E-07   0.99693
FLUX 1110  6150.00        4.874675E+13   7.8852E-07   7.9043E-07   0.99758
FLUX 1111  6170.00        4.858874E+13   7.8366E-07   7.8557E-07   0.99758
FLUX 1112  6190.00        4.843174E+13   7.7907E-07   7.8074E-07   0.99786
FLUX 1113  6210.00        4.827576E+13   7.7450E-07   7.7597E-07   0.99810
FLUX 1114  6230.00        4.812079E+13   7.6789E-07   7.7123E-07   0.99566
FLUX 1115  6250.00        4.796680E+13   7.6428E-07   7.6654E-07   0.99705
FLUX 1116  6270.00        4.781380E+13   7.5979E-07   7.6190E-07   0.99724
FLUX 1117  6290.00        4.766176E+13   7.5446E-07   7.5729E-07   0.99626
FLUX 1118  6310.00        4.751070E+13   7.4993E-07   7.5273E-07   0.99628
FLUX 1119  6330.00        4.736058E+13   7.4729E-07   7.4820E-07   0.99878
FLUX 1120  6350.00        4.721142E+13   7.4257E-07   7.4372E-07   0.99846
FLUX 1121  6370.00        4.706319E+13   7.3814E-07   7.3928E-07   0.99846
FLUX 1122  6390.00        4.691588E+13   7.3354E-07   7.3487E-07   0.99819
FLUX 1123  6420.00        4.669665E+13   7.2750E-07   7.2834E-07   0.99885
FLUX 1124  6460.00        4.640751E+13   7.1840E-07   7.1977E-07   0.99810
FLUX 1125  6500.00        4.612192E+13   7.0987E-07   7.1135E-07   0.99792
FLUX 1126  6540.00        4.583983E+13   7.0244E-07   7.0307E-07   0.99910
FLUX 1127  6580.00        4.556117E+13   6.9448E-07   6.9494E-07   0.99935
FLUX 1128  6620.00        4.528588E+13   6.8628E-07   6.8694E-07   0.99903
FLUX 1129  6660.00        4.501389E+13   6.7872E-07   6.7909E-07   0.99946
FLUX 1130  6700.00        4.474515E+13   6.7080E-07   6.7137E-07   0.99916
FLUX 1131  6740.00        4.447960E+13   6.6295E-07   6.6378E-07   0.99876
FLUX 1132  6780.00        4.421718E+13   6.5508E-07   6.5631E-07   0.99813
FLUX 1133  6820.00        4.395784E+13   6.4857E-07   6.4897E-07   0.99938
FLUX 1134  6860.00        4.370153E+13   6.4140E-07   6.4176E-07   0.99944
FLUX 1135  6900.00        4.344819E+13   6.3429E-07   6.3466E-07   0.99941
FLUX 1136  6940.00        4.319777E+13   6.2712E-07   6.2769E-07   0.99910
FLUX 1137  6980.00        4.295021E+13   6.2064E-07   6.2082E-07   0.99970
FLUX 1138  7020.00        4.270548E+13   6.1331E-07   6.1407E-07   0.99877
FLUX 1139  7060.00        4.246353E+13   6.0719E-07   6.0742E-07   0.99961
FLUX 1140  7100.00        4.222430E+13   6.0074E-07   6.0089E-07   0.99975
FLUX 1141  7140.00        4.198774E+13   5.9426E-07   5.9445E-07   0.99968
FLUX 1142  7180.00        4.175383E+13   5.8791E-07   5.8812E-07   0.99964
FLUX 1143  7220.00        4.152251E+13   5.8156E-07   5.8189E-07   0.99943
FLUX 1144  7260.00        4.129373E+13   5.7544E-07   5.7576E-07   0.99944
FLUX 1145  7300.00        4.106747E+13   5.6967E-07   5.6973E-07   0.99990
FLUX 1146  7340.00        4.084366E+13   5.6336E-07   5.6379E-07   0.99924
FLUX 1147  7380.00        4.062229E+13   5.5786E-07   5.5794E-07   0.99986
FLUX 1148  7420.00        4.040330E+13   5.5180E-07   5.5218E-07   0.99930
FLUX 1149  7460.00        4.018666E+13   5.4338E-07   5.4651E-07   0.99426
FLUX 1150  7500.00        3.997233E+13   5.3802E-07   5.4093E-07   0.99463
FLUX 1151  7540.00        3.976028E+13   5.3513E-07   5.3543E-07   0.99944
FLUX 1152  7580.00        3.955046E+13   5.2992E-07   5.3002E-07   0.99982
FLUX 1153  7620.00        3.934285E+13   5.2456E-07   5.2468E-07   0.99976
FLUX 1154  7660.00        3.913740E+13   5.1937E-07   5.1943E-07   0.99988
FLUX 1155  7700.00        3.893409E+13   5.1393E-07   5.1426E-07   0.99936
FLUX 1156  7740.00        3.873288E+13   5.0910E-07   5.0916E-07   0.99988
FLUX 1157  7780.00        3.853374E+13   5.0410E-07   5.0414E-07   0.99992
FLUX 1158  7820.00        3.833664E+13   4.9915E-07   4.9919E-07   0.99992
FLUX 1159  7860.00        3.814154E+13   4.9428E-07   4.9431E-07   0.99995
FLUX 1160  7900.00        3.794842E+13   4.8947E-07   4.8951E-07   0.99992
FLUX 1161  7940.00        3.775724E+13   4.8471E-07   4.8477E-07   0.99988
FLUX 1162  7980.00        3.756798E+13   4.8005E-07   4.8010E-07   0.99989
FLUX 1163  8020.00        3.738061E+13   4.7531E-07   4.7551E-07   0.99958
FLUX 1164  8060.00        3.719510E+13   4.7070E-07   4.7097E-07   0.99942
FLUX 1165  8100.00        3.701142E+13   4.6646E-07   4.6650E-07   0.99990
FLUX 1166  8140.00        3.682955E+13   4.6163E-07   4.6210E-07   0.99900
FLUX 1167  8180.00        3.664945E+13   4.5750E-07   4.5775E-07   0.99945
FLUX 1168  8220.00        3.647111E+13   4.5342E-07   4.5347E-07   0.99990
FLUX 1169  8260.00        3.629449E+13   4.4914E-07   4.4924E-07   0.99978
FLUX 1170  8300.00        3.611958E+13   4.4502E-07   4.4508E-07   0.99987
FLUX 1171  8340.00        3.594634E+13   4.4063E-07   4.4097E-07   0.99923
FLUX 1172  8380.00        3.577476E+13   4.3672E-07   4.3692E-07   0.99956
FLUX 1173  8420.00        3.560481E+13   4.3286E-07   4.3292E-07   0.99986
FLUX 1174  8460.00        3.543647E+13   4.2892E-07   4.2898E-07   0.99987
FLUX 1175  8500.00        3.526971E+13   4.2505E-07   4.2509E-07   0.99990
FLUX 1176  8540.00        3.510451E+13   4.2120E-07   4.2125E-07   0.99986
FLUX 1177  8580.00        3.494085E+13   4.1742E-07   4.1747E-07   0.99988
FLUX 1178  8620.00        3.477871E+13   4.1361E-07   4.1374E-07   0.99971
FLUX 1179  8660.00        3.461807E+13   4.1001E-07   4.1005E-07   0.99989
FLUX 1180  8700.00        3.445891E+13   4.0639E-07   4.0642E-07   0.99994
FLUX 1181  8740.00        3.430120E+13   4.0241E-07   4.0283E-07   0.99896
FLUX 1182  8780.00        3.414493E+13   3.9888E-07   3.9929E-07   0.99898
FLUX 1183  8820.00        3.399008E+13   3.9559E-07   3.9580E-07   0.99948
FLUX 1184  8860.00        3.383662E+13   3.9216E-07   3.9235E-07   0.99952
FLUX 1185  8900.00        3.368455E+13   3.8873E-07   3.8895E-07   0.99945
FLUX 1186  8940.00        3.353384E+13   3.8548E-07   3.8559E-07   0.99972
FLUX 1187  8980.00        3.338447E+13   3.8194E-07   3.8227E-07   0.99914
FLUX 1188  9020.00        3.323642E+13   3.7882E-07   3.7900E-07   0.99953
FLUX 1189  9060.00        3.308968E+13   3.7576E-07   3.7577E-07   0.99998
FLUX 1190  9100.00        3.294423E+13   3.7231E-07   3.7258E-07   0.99929
FLUX 1191  9140.00        3.280005E+13   3.6921E-07   3.6943E-07   0.99941
FLUX 1192  9180.00        3.265713E+13   3.6624E-07   3.6632E-07   0.99978
FLUX 1193  9220.00        3.251546E+13   3.6322E-07   3.6325E-07   0.99993
FLUX 1194  9260.00        3.237500E+13   3.6014E-07   3.6021E-07   0.99981
FLUX 1195  9300.00        3.223575E+13   3.5721E-07   3.5722E-07   0.99998
FLUX 1196  9340.00        3.209770E+13   3.5417E-07   3.5426E-07   0.99974
FLUX 1197  9380.00        3.196082E+13   3.5113E-07   3.5134E-07   0.99941
FLUX 1198  9420.00        3.182511E+13   3.4843E-07   3.4845E-07   0.99993
FLUX 1199  9460.00        3.169054E+13   3.4552E-07   3.4561E-07   0.99974
FLUX 1200  9500.00        3.155710E+13   3.4276E-07   3.4279E-07   0.99990
FLUX 1201  9540.00        3.142479E+13   3.3989E-07   3.4001E-07   0.99966
FLUX 1202  9580.00        3.129358E+13   3.3717E-07   3.3726E-07   0.99973
FLUX 1203  9620.00        3.116346E+13   3.3442E-07   3.3455E-07   0.99962
FLUX 1204  9660.00        3.103442E+13   3.3177E-07   3.3187E-07   0.99970
FLUX 1205  9700.00        3.090644E+13   3.2919E-07   3.2922E-07   0.99993
FLUX 1206  9740.00        3.077952E+13   3.2629E-07   3.2660E-07   0.99906
FLUX 1207  9780.00        3.065363E+13   3.2377E-07   3.2401E-07   0.99927
FLUX 1208  9820.00        3.052877E+13   3.2138E-07   3.2145E-07   0.99978
FLUX 1209  9860.00        3.040492E+13   3.1888E-07   3.1893E-07   0.99986
FLUX 1210  9900.00        3.028207E+13   3.1638E-07   3.1643E-07   0.99984
FLUX 1211  9940.00        3.016021E+13   3.1380E-07   3.1396E-07   0.99948
FLUX 1212  9980.00        3.003933E+13   3.1146E-07   3.1152E-07   0.99981
FLUX 1213 10020.00        2.991941E+13   3.0905E-07   3.0911E-07   0.99981
FLUX 1214 20000.00        1.498962E+13   7.9552E-08   7.9554E-08   0.99997
FLUX 1215 40000.00        7.494812E+12   1.9954E-08   1.9954E-08   0.99999
FLUX 1216 60000.00        4.996542E+12   8.8232E-09   8.8232E-09   1.00000
FLUX 1217 80000.00        3.747406E+12   4.9338E-09   4.9338E-09   1.00000
FLUX 1218100000.00        2.997925E+12   3.1399E-09   3.1400E-09   1.00000
FLUX 1219120000.00        2.498271E+12   2.1693E-09   2.1693E-09   1.00000
FLUX 1220140000.00        2.141375E+12   1.5864E-09   1.5864E-09   1.00000
FLUX 1221160000.00        1.873703E+12   1.2094E-09   1.2094E-09   1.00000
FLUX
