         0.01   7.25883e-43 6 1.06618714901069e-05 7.73927182914065e-48 0.00998281551989304 
    0.0110668   5.87643e-43 5 1.24817840474644e-05 7.33483859343062e-48 0.0110951085931565 
    0.0122474   4.81578e-43 6 1.52588887825155e-05 7.34835081489448e-48 0.0122561777768572 
     0.013554   3.92435e-43 6 1.87053763819387e-05 7.34063670935363e-48 0.0135779441191329 
        0.015   3.25727e-43 5 1.91273617639915e-05 6.23030084694571e-48 0.0149049052085242 
    0.0161185   2.77834e-43 4 1.87380627012279e-05 5.20607697735768e-48 0.0161400482039256 
    0.0173205   2.41161e-43 4 2.16118297517976e-05 5.21193616165895e-48 0.0173241130585505 
    0.0186121   2.08621e-43 5 2.49687032089518e-05 5.20900819063813e-48 0.0186264349809097 
         0.02   1.77896e-43 6 3.55396824338641e-05 6.32236738701995e-48 0.0201690468669848 
    0.0221336   1.47159e-43 6 4.98809279652599e-05 7.3404040986717e-48 0.022173392530832 
    0.0244949   1.20208e-43 6 6.1079195833439e-05 7.34217787546746e-48 0.0245329643279241 
    0.0271081    9.8084e-44 7 7.48304511872754e-05 7.33967062429643e-48 0.0271594626354269 
         0.03   5.07626e-31 5 7.6589920437116e-05 3.88790582996012e-35 0.031656266607901 
    0.0322371   1.30737e-28 3 7.49100168751417e-05 9.7935073186499e-33 0.0335608199010335 
     0.034641    2.0859e-26 4 8.64530802006712e-05 1.80332437025046e-30 0.0360127562686439 
    0.0372242   2.31842e-24 4 9.98431100326717e-05 2.31478632828253e-28 0.0385699879133093 
         0.04   1.26317e-22 3 0.000101140274658185 1.27757310845783e-26 0.0408897693354341 
    0.0422949   4.22067e-21 4 9.99909099000678e-05 4.22028172533554e-25 0.0434280103225084 
    0.0447214   6.99735e-20 4 0.000111568255345704 7.80682332975264e-24 0.0454799247654245 
    0.0472871   1.46256e-18 3 0.000125015470912756 1.82842331798451e-22 0.0482288157807056 
         0.05   1.59025e-17 4 0.000125771513960104 2.00007596203456e-21 0.050464023488826 
    0.0523318   1.66362e-16 4 0.000125049125386806 2.08034039308563e-20 0.0530723670315489 
    0.0547723   1.15507e-15 4 0.000136759417475234 1.57966604685714e-19 0.0553787793828699 
    0.0573266   8.24331e-15 3 0.000150010342580168 1.23658173993499e-18 0.0580001770616936 
         0.06   7.22444e-14 5 0.000216016521850477 1.56059837072782e-17 0.0613302782709064 
    0.0644742   9.01245e-13 6 0.000299640022938474 2.70048985961707e-16 0.0656823440404874 
     0.069282   1.05789e-11 6 0.000345943033057163 3.65970073590627e-15 0.0704879015498612 
    0.0744484   1.02257e-10 6 0.000399486287869691 4.08501053733195e-14 0.0756193564914223 
         0.08   1.25863e-10 6 0.000404414778050581 5.0900971884792e-14 0.0784484051196063 
    0.0845897   6.76543e-11 6 0.000399732533537747 2.70436386536274e-14 0.0852756502631393 
    0.0894427   6.58958e-08 6 0.000446866202391426 2.94465865087156e-11 0.0922026272144912 
    0.0945742   2.57513e-06 6 0.00049957032365118 1.28645615483874e-09 0.0954899410253911 
          0.1    7.8725e-06 6 0.000503492407234358 3.96374338888022e-09 0.100195114008541 
     0.104664   1.87317e-05 6 0.000499790150153293 9.36191660750503e-09 0.105200278871142 
     0.109545   6.97692e-05 6 0.000547438846618139 3.81943911794706e-08 0.110650561253545 
     0.114653   0.000254291 6 0.000599640193603462 1.52482903294324e-07 0.114946854022384 
         0.12   0.000176629 7 0.000736191522916727 1.30032967901152e-07 0.119814031833159 
     0.126885    0.00331438 9 0.000899285358025619 2.98057192105065e-06 0.1291541663542 
     0.134164     0.0596466 8 0.00100556179781495 5.99783545570727e-05 0.135139103150146 
     0.141861      0.157589 10 0.0011241235385528 0.00017714998590665 0.142927875645268 
         0.15      0.271428 12 0.00145659758375067 0.000395361344353024 0.151071917106743 
     0.161185       0.40181 12 0.00187254014416479 0.000752405318435768 0.162595448416382 
     0.173205      0.769846 15 0.00216233638545751 0.00166466515912168 0.173696615837052 
     0.186121      0.779001 14 0.00249682904871282 0.0019450313740321 0.186387809228211 
          0.2      0.770161 14 0.0025276742462051 0.00194671579848692 0.199368372565885 
     0.211474      0.732063 14 0.00249798647087639 0.00182868441420087 0.211566802394831 
     0.223607      0.680306 13 0.00279301850233687 0.0019001076211695 0.223778581839684 
     0.236435       0.61524 14 0.00312254837338258 0.00192111554084632 0.236552176776539 
         0.25      0.595282 15 0.00314692308707586 0.00187330799072138 0.249467260165239 
     0.261659      0.631728 13 0.00312336406193427 0.00197311664304898 0.261951408621834 
     0.273861      0.614028 13 0.00342148777546342 0.00210088957338653 0.273900217206409 
     0.286633      0.631855 13 0.00374822583826753 0.0023683336831771 0.286906015339127 
          0.3      0.644238 7 0.00410552576188512 0.00264493727619755 0.300200187422752 
     0.313991      0.634032 9 0.00449792338954018 0.00285182796860466 0.314185422746983 
     0.328634      0.621563 8 0.00492713758140304 0.00306252801426794 0.328866410135742 
     0.343959      0.608047 9 0.00539724144502778 0.00328177795070647 0.344185171085695 
         0.36      0.594307 11 0.0062315403166951 0.00370344834432919 0.36062121475133 
     0.378521      0.938197 10 0.00719571463664601 0.00675099706243612 0.380310286402358 
     0.397995       1.43937 11 0.00795490255464937 0.0114500494657969 0.398783447669544 
     0.418471       1.44238 12 0.00879420364923584 0.0126846066556142 0.419236256778771 
         0.44       1.26458 12 0.0103117819652346 0.0130400369882966 0.441396889991777 
     0.465243       1.20951 14 0.012090617883819 0.0146236999275269 0.465404634724003 
     0.491935      0.969146 15 0.0135178722000817 0.0131007893075051 0.492561835695661 
     0.520158      0.902255 16 0.0151128246466378 0.0136356285873659 0.520310489186487 
         0.55      0.776737 17 0.0176407467603308 0.0137022193804469 0.5508266027576 
      0.58418      0.661922 18 0.0206066447762673 0.0136399890051347 0.584407284332522 
     0.620484      0.560383 20 0.0232470525581663 0.0130272472300246 0.620706882301512 
     0.659044      0.455563 21 0.0262260953470199 0.0119476347287014 0.659390174070593 
          0.7      0.402725 20 0.0264618832320159 0.0106568615747922 0.698138546914715 
     0.734815      0.347398 19 0.0262343140602596 0.00911375166890954 0.734963632472178 
     0.771362      0.301491 19 0.028909336781675 0.00871589127100604 0.771522684318204 
     0.809727      0.261555 21 0.0318563828545383 0.0083321978259706 0.80990169106891 
         0.85      0.226137 20 0.0320481901627819 0.00724728710301654 0.84836420344222 
     0.885246      0.207529 19 0.0318618455862336 0.00661224839515101 0.885443680118345 
     0.921954      0.196312 20 0.0345586802615109 0.00678429317891222 0.922190104768337 
     0.960185       0.17502 20 0.0374849632601845 0.00656062822012322 0.960519828732691 
            1      0.154814 317 0.0376461367621117 0.00582816374846162 0.998396754516612 
      1.03556      0.142914 725 0.0374885604737304 0.00535765393545118 1.03564041848205 
      1.07238      0.125873 750 0.0402020020570234 0.00506033069782661 1.07227857459943 
      1.11051      0.110497 778 0.0431118446798024 0.00476371822138761 1.11102933358385 
         1.15      0.101766 753 0.0432521604493654 0.00440158941991987 1.1488409487839 
      1.18579     0.0914975 729 0.0431148753839645 0.00394490481973167 1.18586595956915 
       1.2227     0.0828042 750 0.0458405578766622 0.00379579141926178 1.2227674066764 
      1.26076     0.0738294 774 0.0487385548333441 0.00359833881917425 1.26063509392762 
          1.3     0.0641772 1295 0.0849451323190789 0.00545153832394974 1.31257237448803 
      1.39018     0.0534959 1867 0.129854093359699 0.00694666662517552 1.39047187977623 
      1.48661     0.0424427 1997 0.148493837021643 0.00630247936693071 1.486930749925 
      1.58973     0.0333857 1686 0.169809199935207 0.0056692023635881 1.58999529125953 
          1.7     0.0274013 905 0.152752219998048 0.00418561455149998 1.6890397714303 
      1.77049     0.0234873 721 0.127447416736207 0.00299339845715476 1.7709076856501 
      1.84391     0.0197161 750 0.138236134330147 0.00272547478911292 1.84402529011452 
      1.92037     0.0172467 781 0.149938137656048 0.00258593416637453 1.92009134923264 
            2     0.0154111 641 0.127356301153364 0.00196270103447078 1.99171008072039 
      2.04823     0.0138998 489 0.0999858098723715 0.00138978468369261 2.04825327909723 
      2.09762     0.0127144 501 0.104866001319348 0.00133331345922241 2.09764046650475 
       2.1482     0.0113259 513 0.109984390045217 0.00124567647010365 2.14781471604187 
          2.2     0.0103386 837 0.185442463295924 0.00191721856560346 2.2153073997072 
      2.31557    0.00877885 1187 0.274819982296366 0.00241260350835886 2.31571343275823 
      2.43721    0.00724189 1250 0.304452013301073 0.00220480692370745 2.43730257353257 
      2.56524    0.00590145 1315 0.337279069226118 0.00199043421170149 2.56480732526906 
          2.7     0.0050355 1035 0.277586697300329 0.00139778787965326 2.68363645097356 
      2.77206    0.00444191 731 0.202464886487269 0.000899331678276369 2.77235766478312 
      2.84605     0.0040249 751 0.213416728984594 0.000858981035141772 2.84564396798624 
      2.92201     0.0036962 771 0.224960984238723 0.000831500630756501 2.92210286432562 
            3     0.0032628 980 0.294763966593354 0.000961755987193828 3.00880776067261 
      3.11787    0.00288776 1203 0.37486085282748 0.00108250944310689 3.11795598198402 
      3.24037      0.002469 730 0.404896000124263 0.000999690169220375 3.23996962827013 
      3.36768    0.00213944 650 0.437337662545492 0.000935656426054411 3.3679147090443 
          3.5    0.00186176 629 0.439050054212156 0.000817403747373603 3.49556156639476 
      3.61881    0.00162988 605 0.437378169343105 0.000712872148634846 3.61886306357793 
      3.74166    0.00141732 625 0.467576927452484 0.000662704577719625 3.74173495216759 
      3.86867    0.00125856 647 0.499860764596995 0.000629106783396613 3.86869663211212 
            4    0.00110395 628 0.5013530953211 0.000553468712862543 3.99564468434031 
      4.11953   0.000986687 608 0.499891660710675 0.00049323677211405 4.11939076614417 
      4.24264   0.000887422 626 0.530215169618854 0.000470524850808586 4.24277450147315 
      4.36943    0.00078563 644 0.562378116260632 0.000441821179098076 4.36941081382495 
          4.5   0.000709792 628 0.563700811706971 0.000400110451943995 4.49653666547549 
      4.62011   0.000627636 609 0.562402460354146 0.000352984182934475 4.61949648720197 
      4.74342     0.0005752 626 0.592824249732507 0.000340992604374918 4.74358470557086 
      4.87002   0.000520822 643 0.624891621514956 0.000325457437967447 4.87005134376245 
            5   0.000471237 627 0.626079489176662 0.00029503189590207 4.99688721992615 
      5.12057   0.000423553 611 0.624911309648252 0.000264683346615829 5.12049746309707 
      5.24404   0.000390447 626 0.655412510807671 0.000255904050497025 5.24407408863769 
       5.3705   0.000356054 641 0.687402440032565 0.000244752640314965 5.37050521057833 
          5.5   0.000324918 627 0.688480516175885 0.000223699693535981 5.49709735063178 
      5.62095   0.000298634 612 0.68741868514517 0.000205286582472464 5.62096613076873 
      5.74456   0.000273317 626 0.717985403966741 0.000196237267207868 5.74470781317035 
      5.87089   0.000249151 640 0.749911294416897 0.000186840901525707 5.87051653273726 
            6   0.000230422 627 0.750898224018675 0.000173023562321626 5.99763248254791 
      6.12127   0.000214309 613 0.749924933022883 0.000160715852003719 6.12131317398624 
        6.245   0.000196647 626 0.78054661783497 0.000153492338329197 6.24471358647766 
      6.37122   0.000182967 550 0.812418679261579 0.000148646057645146 6.37133109748527 
          6.5   0.000169751 314 0.813328706754037 0.000138063207337305 6.49760736594796 
      6.62155   0.000157629 307 0.812430302747168 0.000128062720079633 6.62156065119791 
      6.74537    0.00014511 314 0.843098747717441 0.000122341740793428 6.74513361133559 
      6.87151   0.000136157 319 0.874924933961998 0.000119127319733258 6.87156927020658 
            7   0.000126902 314 0.875769207586832 0.000111136814674486 6.99778195876284 
      7.12178   0.000118413 308 0.874934933781325 0.000103603653789159 7.12180828806602 
      7.24569   0.000110611 313 0.905643684669164 0.000100174345341995 7.24568404957749 
      7.37175   0.000103211 319 0.937430286236626 9.67535317852254e-05 7.37166618898239 
          7.5   9.42565e-05 314 0.938217705672175 8.84331230900626e-05 7.49816546590798 
      7.62199   9.06491e-05 309 0.937438973663836 8.49780113266728e-05 7.6220485228409 
      7.74597     8.495e-05 313 0.968182847542785 8.22471091214555e-05 7.74590926693284 
      7.87196   7.99099e-05 318 0.999934907830811 7.99046861657112e-05 7.87199389241975 
            8   7.51102e-05 314 1.0006726813639 7.51606882506261e-05 7.99805495721163 
      8.12217    7.0431e-05 309 0.999942582190992 7.04269606616668e-05 8.12209754059191 
      8.24621    6.6566e-05 313 1.03071719853244 6.86107112498987e-05 8.24625319436456 
      8.37214   6.27498e-05 319 1.06243900277518 6.66678499178857e-05 8.37215457716862 
          8.5   5.91709e-05 313 1.06313294848204 6.29065566691537e-05 8.49816892426844 
      8.62233   5.55836e-05 310 1.06244576450221 5.90545299012472e-05 8.62217163714668 
      8.74643   5.21486e-05 313 1.09324769327914 5.70113751382334e-05 8.74636548599572 
      8.87231   4.99183e-05 318 1.12494257507114 5.61552310916647e-05 8.87233910076129 
            9   4.73664e-05 284 1.01647389603371 4.81467396168017e-05 8.9923225573014 
      9.09838   4.52289e-05 248 0.899973425067623 4.07048218478614e-05 9.09838069529111 
      9.19783   4.33297e-05 251 0.919755408193451 3.98527180208823e-05 9.19782871107036 
      9.29836   4.14724e-05 253 0.93997221236961 3.89829146121237e-05 9.29834312038589 
          9.4   3.95126e-05 175 0.651779293231496 2.57534806441241e-05 9.38378169516031 
      9.43728   3.89737e-05 94 0.352498600737101 1.37381865467884e-05 9.43729778602474 
       9.4747   3.85153e-05 95 0.355299991635666 1.3684492397805e-05 9.47470434302904 
      9.51228    3.7918e-05 95 0.358123590960152 1.35793450187526e-05 9.51227802079967 
         9.55   3.73463e-05 95 0.358140197181007 1.33752143409317e-05 9.54985599040823 
      9.58728   3.67971e-05 95 0.358123625122092 1.31778955341074e-05 9.58728190884474 
      9.62471   3.62371e-05 94 0.360925183196414 1.30788696952218e-05 9.62470876615768 
      9.66228   3.56848e-05 95 0.363748613137981 1.29802917795412e-05 9.66228104564847 
          9.7   3.51423e-05 95 0.36376496317515 1.27835357133386e-05 9.69985593269675 
      9.73728   3.46123e-05 95 0.363748647015565 1.25901820506719e-05 9.73728472005003 
      9.77471   3.40904e-05 94 0.366550371256823 1.24958605074375e-05 9.7747124275564 
      9.81228   3.35569e-05 95 0.369373635144171 1.23950519194149e-05 9.81228185508224 
         9.85   3.30282e-05 95 0.36938973530295 1.22002853358824e-05 9.84985643758772 
      9.88729   3.25671e-05 95 0.369373665784079 1.20294112219623e-05 9.88729283220158 
      9.92472   3.21042e-05 94 0.372175556622773 1.19484053791997e-05 9.92471755363271 
      9.96229   3.16291e-05 95 0.374998656844768 1.18608568175228e-05 9.96228769044967 
           10   3.08145e-05 99 0.804462322303824 2.47890774812189e-05 10.0280888941497 
      10.1227   2.96927e-05 3 1.24994368204564 3.71141427950756e-05 10.1220397285751 
       10.247   2.83141e-05 3 1.2805288979176 3.62570425111911e-05 10.2441242242218 
      10.3727   2.69536e-05 2 1.31242456341624 3.53746030444627e-05 10.3721441114787 
         10.5   2.56643e-05 3 1.31338999133482 3.37071817882505e-05 10.5010348590637 
      10.6228   2.45264e-05 3 1.31239451175087 3.21883247951055e-05 10.6217095911325 
      10.7471   2.34507e-05 2 1.34282745327402 3.14902309778889e-05 10.7425949978461 
      10.8728   2.23219e-05 3 1.37553578387628 3.07046085953603e-05 10.8769964358325 
           11   2.15026e-05 2 1.10594820710366 2.378073076293e-05 10.980068579932 
      11.0742   2.07819e-05 2 0.825065739133663 1.7146435985402e-05 11.0749670931798 
       11.149   2.02351e-05 2 0.836237739208614 1.69213500899054e-05 11.1496338788401 
      11.2242   1.97027e-05 2 0.847560956806538 1.66992153459353e-05 11.2248056941839 
         11.3   1.91849e-05 2 0.847700153181396 1.62630584087181e-05 11.3003865935694 
      11.3743   1.86881e-05 2 0.847606721142144 1.58401551014847e-05 11.3753452104465 
       11.449   1.82102e-05 2 0.858768829328891 1.56383507149221e-05 11.4498371969834 
      11.5243   1.77445e-05 2 0.870077686798229 1.54391037709997e-05 11.524823744411 
         11.6   1.72722e-05 2 1.01229691872336 1.74845527006355e-05 11.6034637759508 
      11.6987   1.67486e-05 3 1.15954490125396 1.94207174766509e-05 11.6938755649148 
      11.7983   1.61409e-05 2 1.18035911813387 1.9052037991206e-05 11.8033239032808 
      11.8987   1.56252e-05 2 1.20019601269944 1.87532480313145e-05 11.9002732995005 
           12   1.51094e-05 2 1.34645602643099 2.0344128016972e-05 12.0013874688756 
      12.1231    1.4509e-05 3 1.50022884798264 2.17668772783656e-05 12.1246045668442 
      12.2474   1.39482e-05 2 1.53074768585098 2.13510997177122e-05 12.2457529539091 
      12.3731   1.33866e-05 3 1.5625597111599 2.09173474319593e-05 12.373194238463 
         12.5   1.28615e-05 2 1.56299566395953 2.01024129510568e-05 12.4987012847317 
      12.6232   1.23792e-05 3 1.56211012831599 1.93375984378475e-05 12.6196738475452 
      12.7475   1.18799e-05 2 1.59395095087414 1.89360049462069e-05 12.7513412727279 
      12.8732   1.14654e-05 2 1.62412802008123 1.86213455685123e-05 12.8660129115935 
           13   1.09884e-05 3 1.62620957358606 1.78693609205674e-05 13.0045825327737 
      13.1232    1.0604e-05 2 1.62486346344298 1.72301142259053e-05 13.121789411307 
      13.2476   1.02242e-05 3 1.65541726207533 1.69253475131829e-05 13.242993787288 
      13.3732   9.81973e-06 2 1.68819718009276 1.6577642238285e-05 13.3784526527003 
         13.5   9.48629e-06 2 1.68755415952354 1.60086329219792e-05 13.4954395933131 
      13.6233    9.1461e-06 3 1.68716866728106 1.54310155175368e-05 13.6202544818883 
      13.7477   8.80199e-06 2 1.71911462489138 1.51316268903472e-05 13.7525736128125 
      13.8733   8.50781e-06 2 1.7497481543194 1.48865273538251e-05 13.8708910217071 
           14   8.21902e-06 3 1.74962543915853 1.43801989999744e-05 13.9922160410896 
      14.1234    7.9061e-06 2 1.75083790487648 1.38423029428355e-05 14.1298048761489 
      14.2478   7.64768e-06 2 1.78113150113252 1.36215288854724e-05 14.2485961249965 
      14.3734   7.39767e-06 2 1.811940395246 1.34041310408529e-05 14.3684990839054 
         14.5   7.14282e-06 3 1.81259369484402 1.29470333249162e-05 14.4960625097744 
      14.6234   6.88973e-06 2 1.81317679667986 1.24923020887648e-05 14.628490161925 
      14.7479   6.66959e-06 2 1.84364694150851 1.22963603290152e-05 14.7486680002033 
      14.8734   6.45644e-06 2 1.87462233521904 1.21033904345148e-05 14.8699226066131 
           15    6.1875e-06 3 2.78515246037592 1.72331326999006e-05 15.0300724797377 
       15.244   5.85579e-06 3 3.74898630761633 2.1953272847326e-05 15.2401435151908 
      15.4919   5.48593e-06 4 3.87314095584405 2.12477749766028e-05 15.4928623728499 
      15.7439   5.14546e-06 3 4.00023510975984 2.05830334597615e-05 15.7450807671824 
           16   4.83616e-06 3 4.00213805450649 1.93549904704586e-05 15.9930839750374 
      16.2443   4.55095e-06 4 3.99888379594402 1.81987321426917e-05 16.2401550660588 
      16.4924   4.27745e-06 3 4.12387991649744 1.76397076679835e-05 16.4958635284525 
      16.7443   4.02975e-06 3 4.25032008810315 1.71277226560124e-05 16.7456699747931 
           17   3.79949e-06 3 4.25265466083909 1.61579145155395e-05 16.9958533980597 
      17.2447   3.58746e-06 3 4.24977753519079 1.52459250554517e-05 17.2436592180987 
      17.4929   3.38995e-06 3 4.37291591682793 1.48239742037638e-05 17.4915849890001 
      17.7446   3.20331e-06 3 4.49962040451963 1.4413684476495e-05 17.7430895542364 
           18   3.02869e-06 3 4.50239273541936 1.36363490580751e-05 17.9956145188272 
       18.245   2.86789e-06 3 4.49998969521556 1.29054874245943e-05 18.2447929428458 
      18.4932   2.71824e-06 3 4.6232717556642 1.25671434223509e-05 18.4929191758886 
      18.7449   2.57639e-06 3 4.74993034308824 1.22376626827064e-05 18.7444272083079 
           19   2.44357e-06 3 4.75241392338453 1.16128543880616e-05 18.9961840054908 
      19.2452   2.32128e-06 3 4.7496999309767 1.10253602221258e-05 19.2436519506187 
      19.4936   2.20681e-06 3 4.8726993746359 1.07531309915458e-05 19.4905749870058 
      19.7452   2.09798e-06 3 4.99887280297112 1.04875502975112e-05 19.740757380905 
           20   1.96903e-06 3 7.39326763314761 1.45575891255552e-05 20.0578464070258 
      20.4823   1.81145e-06 5 9.99807646400015 1.81109896163922e-05 20.4802015792644 
      20.9762   1.64578e-06 4 10.4877506478566 1.72605070208223e-05 20.9774482285409 
       21.482   1.49803e-06 5 10.9963080958064 1.64727654421211e-05 21.4768575136357 
           22   1.37679e-06 3 8.37890147422556 1.15359655303371e-05 21.9357579380467 
      22.2458   1.30325e-06 3 5.49852522409608 7.16595619903519e-06 22.2393540726021 
      22.4944   1.24483e-06 2 5.62407194363579 7.00103148097408e-06 22.4960587153095 
      22.7458   1.19075e-06 3 5.75050137918891 6.84740473730305e-06 22.7471727036502 
           23   1.14171e-06 2 5.74975894167429 6.56457846058824e-06 22.9878935966612 
       23.246   1.09019e-06 3 5.7523034238247 6.27109289899952e-06 23.2548761316431 
      23.4947   1.04886e-06 3 5.87027616501899 6.15711407419321e-06 23.4808107110866 
       23.746   1.00073e-06 2 6.00319259389799 6.00755584487735e-06 23.7583416848781 
           24   9.63452e-07 3 5.99894747818611 5.77969911697268e-06 23.9849215339628 
      24.2462   9.20928e-07 2 6.00284990486749 5.52819306616431e-06 24.2572987777145 
      24.4949   8.87827e-07 2 6.12019895399792 5.43367689574944e-06 24.4804086021769 
      24.7462   8.48561e-07 3 6.25333040731132 5.30633302629992e-06 24.7589255892795 
           25   8.18016e-07 2 6.24936762988959 5.11208295422049e-06 24.9869731627996 
      25.2463   7.84072e-07 3 6.2518600922407 4.90190985233977e-06 25.2531737701818 
      25.4951   7.55014e-07 2 6.37336807766759 4.81198141509179e-06 25.4928625702836 
      25.7463   7.26366e-07 3 6.4987535051137 4.72047514050016e-06 25.7406256389179 
           26   6.97334e-07 2 6.50372758895232 4.53526812687429e-06 26.004665846549 
      26.2465   6.73163e-07 2 6.49734757632532 4.37377647377621e-06 26.2351336649862 
      26.4953   6.46594e-07 3 6.62534773327472 4.28390873970037e-06 26.5006497596011 
      26.7465   6.22971e-07 2 6.75070036281739 4.20548778678812e-06 26.748498536465 
           27   6.01589e-07 2 6.74828070573551 4.059690825597e-06 26.9832523396198 
      27.2466   5.77846e-07 3 6.75258655537889 3.90195633707727e-06 27.2563627328303 
      27.4955   5.57812e-07 2 6.87468253390536 3.8347785563581e-06 27.4979007961534 
      27.7466   5.39002e-07 2 6.99722998727047 3.77152444220446e-06 27.7348739445718 
           28   5.14478e-07 3 10.3907611376326 5.34581474495224e-06 28.0595299468811 
      28.4871   4.84232e-07 4 13.9998216296884 6.77916794763647e-06 28.4873588184463 
      28.9828   4.52116e-07 3 14.4899287466699 6.55112224681719e-06 28.9806289642805 
       29.487   4.21901e-07 4 14.9993136885243 6.32822459939642e-06 29.4862371477481 
           30   3.85382e-07 5 25.5170405371125 9.83380110852618e-06 30.1597108365876 
      31.1787   3.37454e-07 6 37.4841999878684 1.26491754908923e-05 31.1756908296852 
      32.4037   2.89109e-07 7 40.493134287248 1.17069138601967e-05 32.404882352931 
      33.6768    2.4804e-07 6 43.7278528872747 1.08462490379681e-05 33.6708671220326 
           35   2.13548e-07 7 43.9086920134467 9.37660612819609e-06 34.9566496137337 
      36.1881   1.86044e-07 5 43.734283847931 8.13648459561703e-06 36.1839661492891 
      37.4166   1.62676e-07 6 46.762688989294 7.60716983203609e-06 37.4192191952065 
      38.6867   1.42379e-07 6 49.9892603023718 7.11742158917533e-06 38.6871389888747 
           40   1.25167e-07 7 50.1295346977687 6.27456411592701e-06 39.9544630701872 
      41.1953   1.10751e-07 8 49.9871733533585 5.53614464659565e-06 41.193012698998 
      42.4264   9.83799e-08 9 53.0227366742275 5.21637371705744e-06 42.426740892743 
      43.6943   8.74108e-08 8 56.2395294188725 4.91594498822376e-06 43.6947681283804 
           45   7.79238e-08 8 56.369800822974 4.392546447628e-06 44.9639375877955 
      46.2011   6.98936e-08 7 56.2392508231545 3.93076296033596e-06 46.1994166298416 
      47.4342   6.28709e-08 8 59.2837802587984 3.72722619168733e-06 47.4343692835799 
      48.7002   5.65716e-08 7 62.4882015543071 3.53505683455542e-06 48.6985722237407 
           50   5.10317e-08 7 62.6050497943019 3.19483946765481e-06 49.9656372496623 
      51.2057    4.6246e-08 7 62.4934703784537 2.89006994066943e-06 51.2069961825802 
      52.4404   4.20297e-08 7 65.5431163045365 2.75475585149001e-06 52.4410696555772 
       53.705   3.81978e-08 7 68.7415478437042 2.62577298631833e-06 53.7049411167592 
           55   3.47917e-08 7 68.8469366276903 2.39530540419904e-06 54.9695218358993 
      56.2095   3.18118e-08 6 68.7436185199283 2.18685890009068e-06 56.2098892499074 
      57.4456   2.91637e-08 6 71.7930616844706 2.09374971911659e-06 57.4403474310378 
      58.7089   2.67091e-08 7 74.9966801761025 2.00309454330979e-06 58.7123652366213 
           60   2.45295e-08 7 75.087193988332 1.84185161625292e-06 59.9708632624736 
      61.2127    2.2591e-08 8 74.99261147583 1.69415871309e-06 61.2121510001081 
        62.45   2.08447e-08 8 78.0547189759195 1.62702710417306e-06 62.4493394703156 
      63.7122   1.92334e-08 8 81.2418561744516 1.56255545156664e-06 63.7115375682122 
           65   1.77758e-08 8 81.3298865501766 1.44570616365202e-06 64.9729735086159 
      66.2155   1.64701e-08 7 81.2466708929798 1.33813864434037e-06 66.2178855346244 
      67.4537   1.52931e-08 7 84.3063606302366 1.28930695635928e-06 67.4502998203179 
      68.7151   1.41906e-08 8 87.4960707815523 1.24162283674204e-06 68.7172733904156 
           70   1.31911e-08 7 87.577209140912 1.1552399781988e-06 69.9771233988924 
      71.2178   1.22917e-08 7 87.4936849505446 1.07544675059196e-06 71.2172407750136 
      72.4569   1.14682e-08 7 90.5645677173219 1.03861073063811e-06 72.4562643952273 
      73.7175   1.06998e-08 7 93.7432333294911 1.00303641080931e-06 73.7168443542024 
           75   9.99431e-09 7 93.8217864079546 9.37683851469745e-07 74.9783326978651 
      76.2199   9.35825e-09 6 93.738554602786 8.77228506125855e-07 76.2149885257559 
      77.4597   8.76631e-09 7 96.8241047045903 8.48789975356763e-07 77.4637308129629 
      78.7196   8.21829e-09 7 99.9917135871343 8.21760926707908e-07 78.7174083748849 
           80   7.70919e-09 7 100.066895283499 7.71434873998587e-07 79.9795329071943 
      81.2217   7.24621e-09 8 99.9930269696295 7.24570720166955e-07 81.2202363287233 
      82.4621   6.81774e-09 7 103.069158422726 7.02698800598234e-07 82.4597181969669 
      83.7214   6.41297e-09 8 106.2467679355 6.81356988813205e-07 83.7233468094992 
           85   6.03916e-09 8 106.314618095975 6.42051155684805e-07 84.9821277541543 
      86.2233   5.69724e-09 7 106.243429924535 6.05294824205722e-07 86.2219004252668 
      87.4643   5.37864e-09 8 109.324573367273 5.88017598386818e-07 87.4636418473017 
      88.7231   5.07768e-09 7 112.496087353895 5.71218672317252e-07 88.7240102584899 
           90   4.79828e-09 7 112.55795409215 5.40084269984215e-07 89.980645016985 
      91.2248   4.54054e-09 7 112.494096412983 5.10783723052719e-07 91.223713370671 
      92.4662   4.30015e-09 7 115.576531921764 4.96996559877965e-07 92.4650651272448 
      93.7245   4.07249e-09 7 118.743424991802 4.83581494476243e-07 93.723315056858 
           95   3.85916e-09 7 118.80862178829 4.58501960905348e-07 94.9848014804147 
      96.2261   3.66237e-09 7 118.748358886339 4.34900355894486e-07 96.2281773962807 
      97.4679   3.47851e-09 7 121.830256191935 4.23787174654162e-07 97.4675809127721 
      98.7259   3.30387e-09 7 124.992053293441 4.12957073500196e-07 98.7230884842103 
          100   3.13927e-09 7 125.05474288804 3.92580916770639e-07 99.9846880515496 
      101.227   2.98733e-09 8 124.992243701266 3.73393226588784e-07 101.224366371723 
       102.47   2.84362e-09 7 128.08480827581 3.64224546295796e-07 102.471336277711 
      103.727   2.70748e-09 8 131.246109407196 3.5534573035994e-07 103.727376510312 
          105   2.57955e-09 7 131.297508682421 3.38688972259286e-07 104.981790223725 
      106.228   2.45959e-09 8 131.249084496034 3.22818976147015e-07 106.23077357535 
      107.471   2.34734e-09 7 134.333808598862 3.15326695688625e-07 107.470246326987 
      108.728   2.24006e-09 8 137.493132403476 3.07993314666882e-07 108.725973051218 
          110   2.11549e-09 10 203.532100483583 4.30569472844964e-07 110.279934066798 
      112.419   1.95786e-09 13 274.966884894901 5.38347064313844e-07 112.418274456354 
      114.891   1.79366e-09 13 287.193296742129 5.15128279609455e-07 114.890431347257 
      117.418   1.64324e-09 13 299.963346820779 4.9291086737792e-07 117.416960301902 
          120     1.508e-09 13 300.362180704224 4.52947513420088e-07 119.948481197972 
      122.425   1.38886e-09 14 299.97016026259 4.16616501683532e-07 122.425061733432 
        124.9    1.2813e-09 14 312.218828819317 4.00045666349418e-07 124.899540260019 
      127.424   1.18207e-09 14 324.967646184023 3.84133930590012e-07 127.42403384853 
          130   1.09223e-09 13 325.327329551668 3.55330758187748e-07 129.949740701668 
      132.431   1.01213e-09 13 324.971767787722 3.28913443888095e-07 132.430524548275 
      134.907   9.39342e-10 13 337.239111499777 3.16782817981426e-07 134.906938941292 
       137.43   8.71781e-10 14 349.970377828637 3.05097432615054e-07 137.429975295163 
          140   8.10104e-10 13 350.311712192839 2.83788967400843e-07 139.956512103718 
      142.436   7.54791e-10 14 349.973959661482 2.64157261632598e-07 142.435270557276 
      144.914   7.04121e-10 14 362.257195727859 2.55072780326528e-07 144.913240074228 
      147.435   6.56852e-10 14 374.971534238483 2.4630069933417e-07 147.434326680702 
          150   5.79216e-10 35 1046.10534426283 6.05921389014501e-07 152.076167667246 
      161.185   4.99875e-10 21 695.44724011074 3.4763645609252e-07 157.764757639346 
      173.205             0 0 0 0 0 
      186.121             0 0 0 0 0 
          200             0 0 0 0 0 
      211.474             0 0 0 0 0 
      223.607             0 0 0 0 0 
      236.435             0 0 0 0 0 
          250             0 0 0 0 0 
      261.659             0 0 0 0 0 
      273.861             0 0 0 0 0 
      286.633             0 0 0 0 0 
          300             0 0 0 0 0 
      322.371             0 0 0 0 0 
       346.41             0 0 0 0 0 
      372.242             0 0 0 0 0 
          400             0 0 0 0 0 
      422.949             0 0 0 0 0 
      447.214             0 0 0 0 0 
      472.871             0 0 0 0 0 
          500             0 0 0 0 0 
      543.879             0 0 0 0 0 
      591.608             0 0 0 0 0 
      643.526             0 0 0 0 0 
          700             0 0 0 0 0 
      765.286             0 0 0 0 0 
       836.66             0 0 0 0 0 
      914.691             0 0 0 0 0 
         1000             0 0 0 0 0 
      1106.68             0 0 0 0 0 
      1224.74             0 0 0 0 0 
       1355.4             0 0 0 0 0 
         1500             0 0 0 0 0 
      1660.02             0 0 0 0 0 
      1837.12             0 0 0 0 0 
       2033.1             0 0 0 0 0 
         2250             0 0 0 0 0 
      2485.41             0 0 0 0 0 
      2745.45             0 0 0 0 0 
       3032.7             0 0 0 0 0 
         3350             0 0 0 0 0 
      3702.76             0 0 0 0 0 
      4092.68             0 0 0 0 0 
      4523.65             0 0 0 0 0 
         5000             0 0 0 0 0 
      5514.87             0 0 0 0 0 
      6082.76             0 0 0 0 0 
      6709.13             0 0 0 0 0 
         7400             0 0 0 0 0 
      8170.94             0 0 0 0 0 
      9022.19             0 0 0 0 0 
      9962.14             0 0 0 0 0 
        11000             0 0 0 0 0 
      11469.1             0 0 0 0 0 
      11958.3             0 0 0 0 0 
      12468.3             0 0 0 0 0 
        13000             0 0 0 0 0 
      13692.7             0 0 0 0 0 
      14422.2             0 0 0 0 0 
      15190.6             0 0 0 0 0 
        16000             0 0 0 0 0 
      17706.9             0 0 0 0 0 
      19595.9             0 0 0 0 0 
      21686.4             0 0 0 0 0 
        24000             0 0 0 0 0 
      26560.4             0 0 0 0 0 
      29393.9             0 0 0 0 0 
      32529.7             0 0 0 0 0 
        36000             0 0 0 0 0 
