         0.01   2.59188e-43 6 1.06618714901069e-05 2.76343038168141e-48 0.00998281551989304 
    0.0110668   2.09827e-43 5 1.24817840474644e-05 2.61902104762563e-48 0.0110951085931565 
    0.0122474   1.71955e-43 6 1.52588887825155e-05 2.62384580170349e-48 0.0122561777768572 
     0.013554   1.40125e-43 6 1.87053763819387e-05 2.62109135734623e-48 0.0135779441191329 
        0.015   1.16306e-43 5 1.91273617639915e-05 2.22462823732823e-48 0.0149049052085242 
    0.0161185   9.92052e-44 4 1.87380627012279e-05 1.85891277709518e-48 0.0161400482039256 
    0.0173205   8.61105e-44 4 2.16118297517976e-05 1.86100489225374e-48 0.0173241130585505 
    0.0186121   7.44916e-44 5 2.49687032089518e-05 1.85995941352471e-48 0.0186264349809097 
         0.02   4.42219e-32 6 3.55396824338641e-05 1.57163131132318e-36 0.0211725398768904 
    0.0221336   6.61682e-29 6 4.98809279652599e-05 3.30053234141543e-33 0.023107267734087 
    0.0244949    4.5613e-26 6 6.1079195833439e-05 2.78600392746551e-30 0.0255272720381931 
    0.0271081   1.97897e-23 7 7.48304511872754e-05 1.48086938225094e-27 0.0283438762323213 
         0.03   3.07708e-21 5 7.6589920437116e-05 2.35673481415997e-25 0.0311693715350038 
    0.0322371   1.18469e-19 3 7.49100168751417e-05 8.87449311667686e-24 0.0332966519710369 
     0.034641   3.34175e-18 4 8.64530802006712e-05 2.88904735288854e-22 0.0356895442285654 
    0.0372242     7.469e-17 4 9.98431100326717e-05 7.45727730663114e-21 0.0382057969690263 
         0.04   1.10723e-15 3 0.000101140274658185 1.11985357251431e-19 0.0406375749116705 
    0.0422949   1.12717e-14 4 9.99909099000678e-05 1.12706311004449e-18 0.0431188837291464 
    0.0447214   7.77203e-14 4 0.000111568255345704 8.67111786778426e-18 0.0452839519971324 
    0.0472871   5.98421e-13 3 0.000125015470912756 7.48118784543658e-17 0.0479879289877962 
         0.05   3.62416e-11 4 0.000125771513960104 4.55816311130104e-15 0.0508706485281991 
    0.0523318   3.27758e-10 4 0.000125049125386806 4.09858591403715e-14 0.0527953626456061 
    0.0547723   1.02104e-09 4 0.000136759417475234 1.39637482177801e-13 0.0551532260147354 
    0.0573266   3.21622e-09 3 0.000150010342580168 4.82466538739515e-13 0.0577589895374642 
         0.06    1.1355e-08 5 0.000216016521850477 2.45287006645574e-12 0.0609980014619113 
    0.0644742   4.86037e-08 6 0.000299640022938474 1.45636193021317e-11 0.065265175503401 
     0.069282   2.06459e-07 6 0.000345943033057163 7.14228944908035e-11 0.0700765864326693 
    0.0744484   7.94795e-07 6 0.000399486287869691 3.17509670027383e-10 0.07522793652073 
         0.08   2.54942e-06 6 0.000404414778050581 1.03102505260217e-09 0.0802979088421494 
    0.0845897   6.69955e-06 6 0.000399732533537747 2.67802768718728e-09 0.0851096562793366 
    0.0894427   0.000177127 6 0.000446866202391426 7.9151909223302e-08 0.092003278009887 
    0.0945742     0.0096234 6 0.00049957032365118 4.80756286778925e-06 0.0957297890813002 
          0.1     0.0349974 6 0.000503492407234358 1.76209262150904e-05 0.10000844009769 
     0.104664      0.067889 6 0.000499790150153293 3.39302406909933e-05 0.105401361736199 
     0.109545      0.327953 6 0.000547438846618139 0.00017953423756469 0.110905332853851 
     0.114653       1.44023 6 0.000599640193603462 0.0008636172623526 0.115018196245044 
         0.12      0.633487 7 0.000736191522916727 0.000466367956794715 0.119411847278122 
     0.126885       2.82811 9 0.000899285358025619 0.00254327415463837 0.127249750163278 
     0.134164       3.96193 8 0.00100556179781495 0.00398396524923744 0.13458127863027 
     0.141861       4.53246 10 0.0011241235385528 0.00509504409423211 0.142107838578253 
         0.15       4.47275 12 0.00145659758375067 0.00651499526081123 0.150684964548102 
     0.161185       4.02323 12 0.00187254014416479 0.00753366842770614 0.161416727124606 
     0.173205       3.72603 15 0.00216233638545751 0.0080569202282006 0.173460374834601 
     0.186121       3.46967 14 0.00249682904871282 0.00866317183839328 0.186259036313922 
          0.2       3.37618 14 0.0025276742462051 0.00853388988331599 0.199374673519905 
     0.211474        3.0429 14 0.00249798647087639 0.00760111168772185 0.211542850237649 
     0.223607       2.53836 13 0.00279301850233687 0.00708967824379553 0.223664354381122 
     0.236435       1.93384 14 0.00312254837338258 0.00603851103410669 0.236463221459062 
         0.25       1.90865 15 0.00314692308707586 0.00600636536099984 0.249490020471788 
     0.261659       1.92437 13 0.00312336406193427 0.00601052362457622 0.261872794651458 
     0.273861       1.78937 13 0.00342148777546342 0.00612232113548432 0.273888282292101 
     0.286633       1.74397 13 0.00374822583826753 0.00653680724678693 0.286836028687022 
          0.3       1.72044 7 0.00410552576188512 0.00706330655182585 0.30015054033821 
     0.313991       1.58735 9 0.00449792338954018 0.00713978205192893 0.314096682693937 
     0.328634       1.45974 8 0.00492713758140304 0.00719233623001761 0.328768876829436 
     0.343959       1.33556 9 0.00539724144502778 0.00720834874143293 0.344091766811909 
         0.36       1.22783 11 0.0062315403166951 0.00765125092249326 0.360525347161275 
     0.378521        1.5579 10 0.00719571463664601 0.0112102358387554 0.379807745454286 
     0.397995       1.87983 11 0.00795490255464937 0.0149538409449575 0.398394448679209 
     0.418471       1.69813 12 0.00879420364923584 0.0149337007314469 0.418882701751952 
         0.44       1.43964 12 0.0103117819652346 0.0148452296421201 0.440981985516054 
     0.465243       1.27109 14 0.012090617883819 0.0153682803494682 0.465348327587102 
     0.491935       1.02043 15 0.0135178722000817 0.0137939864415628 0.492204447501471 
     0.520158      0.876563 16 0.0151128246466378 0.0132473490621035 0.520241801913563 
         0.55      0.734735 17 0.0176407467603308 0.0129612818849295 0.550747990536546 
      0.58418      0.606952 18 0.0206066447762673 0.0125072475828797 0.584299769112169 
     0.620484      0.496338 20 0.0232470525581663 0.011538392497986 0.620579463337821 
     0.659044      0.397588 21 0.0262260953470199 0.0104271748712722 0.659228275790062 
          0.7      0.334854 20 0.0264618832320159 0.00886086406448223 0.698050003358339 
     0.734815       0.28146 19 0.0262343140602596 0.00738392104313336 0.734885328767483 
     0.771362      0.238251 19 0.028909336781675 0.00688766683428831 0.771432733688215 
     0.809727      0.201731 21 0.0318563828545383 0.00642641756671124 0.809822558330728 
         0.85      0.171338 20 0.0320481901627819 0.00549106861842679 0.848337654341966 
     0.885246      0.154799 19 0.0318618455862336 0.00493219426152761 0.885372936015848 
     0.921954      0.140529 20 0.0345586802615109 0.00485648829525312 0.922066264097954 
     0.960185      0.122768 20 0.0374849632601845 0.00460194622236431 0.960389599701884 
            1       0.10654 317 0.0376461367621117 0.00401081133471379 0.998412188583987 
      1.03556     0.0958125 725 0.0374885604737304 0.00359187174338623 1.03559374990323 
      1.07238     0.0836828 750 0.0402020020570234 0.00336421667296144 1.07230715514184 
      1.11051     0.0728083 778 0.0431118446798024 0.00313890085133909 1.11083053599889 
         1.15     0.0655501 753 0.0432521604493654 0.00283518293815442 1.148808346936 
      1.18579     0.0583523 729 0.0431148753839645 0.00251585429711656 1.18583612306437 
       1.2227     0.0522136 750 0.0458405578766622 0.00239349840030656 1.22273204212402 
      1.26076     0.0463415 774 0.0487385548333441 0.002258617253641 1.2606944833333 
          1.3     0.0398193 1295 0.0849451323190789 0.00338245417244631 1.31232083971273 
      1.39018     0.0324348 1867 0.129854093359699 0.00421179060533621 1.39033510860694 
      1.48661     0.0253044 1997 0.148493837021643 0.00375754360987902 1.48678673831633 
      1.58973     0.0196735 1686 0.169809199935207 0.00334074720519594 1.58993067347636 
          1.7     0.0159105 905 0.152752219998048 0.00243036678537647 1.68896213640366 
      1.77049     0.0134607 721 0.127447416736207 0.00171553099345195 1.77075388192332 
      1.84391     0.0113678 750 0.138236134330147 0.00157143513557264 1.8440095676095 
      1.92037    0.00984687 781 0.149938137656048 0.00147642194192871 1.92017722411294 
            2    0.00868683 641 0.127356301153364 0.00110632222415206 1.99167472753696 
      2.04823    0.00780986 489 0.0999858098723715 0.000780875418234941 2.04824475685915 
      2.09762    0.00712901 501 0.104866001319348 0.000747591059593328 2.09763195368926 
       2.1482     0.0063983 513 0.109984390045217 0.000703713262246083 2.14794622387627 
          2.2     0.0057798 837 0.185442463295924 0.00107182046451429 2.21523725560972 
      2.31557    0.00488302 1187 0.274819982296366 0.00134195064425271 2.31566801144048 
      2.43721    0.00401114 1250 0.304452013301073 0.00122119845851989 2.43727034293034 
      2.56524    0.00326795 1315 0.337279069226118 0.00110221061324434 2.56493254130863 
          2.7    0.00277452 1035 0.277586697300329 0.000770168947035014 2.68353383097797 
      2.77206    0.00244114 731 0.202464886487269 0.000494245598498529 2.77226813471546 
      2.84605    0.00220656 751 0.213416728984594 0.000470916660059017 2.84575926679117 
      2.92201    0.00201424 771 0.224960984238723 0.000453126243222382 2.92206389205721 
            3    0.00178103 980 0.294763966593354 0.000524983039887528 3.00891269475079 
      3.11787    0.00156658 1203 0.37486085282748 0.000587250743097036 3.11792356009082 
      3.24037    0.00133951 730 0.404896000124263 0.000542360629255194 3.24006352329738 
      3.36768    0.00115741 650 0.437337662545492 0.000506180454502584 3.36783795327619 
          3.5    0.00100381 629 0.439050054212156 0.00044072153213212 3.49553993628189 
      3.61881   0.000877123 605 0.437378169343105 0.000383634290698811 3.61884525228237 
      3.74166   0.000763494 625 0.467576927452484 0.000356991993966348 3.74170863676671 
      3.86867   0.000675074 647 0.499860764596995 0.000337442859659535 3.86868142894142 
            4   0.000592185 628 0.5013530953211 0.000296893967329343 3.99572038870088 
      4.11953   0.000528049 608 0.499891660710675 0.000263967112255052 4.11938812716784 
      4.24264   0.000473274 626 0.530215169618854 0.000250937182903854 4.24273409751156 
      4.36943   0.000419054 644 0.562378116260632 0.000235666557131793 4.36941113044896 
          4.5    0.00037735 628 0.563700811706971 0.000212712725676008 4.49652391170729 
      4.62011   0.000334127 609 0.562402460354146 0.000187914023658318 4.61956460643975 
      4.74342   0.000305291 626 0.592824249732507 0.00018098374437953 4.74353944510463 
      4.87002   0.000275902 643 0.624891621514956 0.000172408883698903 4.87003866558691 
            5   0.000249352 627 0.626079489176662 0.000156114216495684 4.99687599017599 
      5.12057   0.000224229 611 0.624911309648252 0.000140122974986906 5.12049724383152 
      5.24404    0.00020628 626 0.655412510807671 0.000135198536630167 5.2440582629129 
       5.3705   0.000187841 641 0.687402440032565 0.000129122544689242 5.37049604503913 
          5.5   0.000171246 627 0.688480516175885 0.000117899263374807 5.49709640801231 
      5.62095   0.000157194 612 0.68741868514517 0.000108057923810485 5.62096003078588 
      5.74456   0.000143786 626 0.717985403966741 0.00010323618637936 5.74468949232967 
      5.87089   0.000131013 640 0.749911294416897 9.82482969813433e-05 5.87052705501618 
            6   0.000121064 627 0.750898224018675 9.09067377486509e-05 5.99762395430637 
      6.12127    0.00011246 613 0.749924933022883 8.43366408947693e-05 6.12128397809444 
        6.245   0.000103123 626 0.78054661783497 8.04921921414694e-05 6.24470783149292 
      6.37122   9.58492e-05 550 0.812418679261579 7.78697111882437e-05 6.37130912519144 
          6.5    8.8829e-05 314 0.813328706754037 7.22471516065462e-05 6.49759875394107 
      6.62155   8.24172e-05 307 0.812430302747168 6.69582322754223e-05 6.62155513426536 
      6.74537   7.58455e-05 314 0.843098747717441 6.39452503276822e-05 6.74512280066745 
      6.87151    7.1098e-05 319 0.874924933961998 6.22053805648277e-05 6.87155553077721 
            7   6.62122e-05 314 0.875769207586832 5.79865708879982e-05 6.9977773354192 
      7.12178   6.17406e-05 308 0.874934933781325 5.40190150928486e-05 7.12180074774035 
      7.24569     5.764e-05 313 0.905643684669164 5.22013336909486e-05 7.24567857287734 
      7.37175   5.37596e-05 319 0.937430286236626 5.03958689180655e-05 7.37166393430917 
          7.5    4.8969e-05 314 0.938217705672175 4.59436247929001e-05 7.49817986076767 
      7.62199   4.71549e-05 309 0.937438973663836 4.42048332521155e-05 7.62203827899687 
      7.74597   4.41524e-05 313 0.968182847542785 4.27475535355959e-05 7.74589850185585 
      7.87196   4.15153e-05 318 0.999934907830811 4.15126144383846e-05 7.87198763161038 
            8   3.89992e-05 314 1.0006726813639 3.90254728669867e-05 7.99804922692805 
      8.12217   3.65386e-05 309 0.999942582190992 3.65364641834863e-05 8.12208557049618 
      8.24621   3.45238e-05 313 1.03071719853244 3.55842550161842e-05 8.24624878110243 
      8.37214   3.25284e-05 319 1.06243900277518 3.45594438048634e-05 8.37214878920268 
          8.5   3.06558e-05 313 1.06313294848204 3.25912310632837e-05 8.49816335510068 
      8.62233   2.87655e-05 310 1.06244576450221 3.05618003557286e-05 8.62214606035355 
      8.74643   2.69527e-05 313 1.09324769327914 2.94659805520712e-05 8.74634681806894 
      8.87231   2.58219e-05 318 1.12494257507114 2.90481487294852e-05 8.87233492336473 
            9   2.44906e-05 284 1.01647389603371 2.48940896301845e-05 8.99231831036537 
      9.09838   2.33757e-05 248 0.899973425067623 2.10375327061881e-05 9.09837763294698 
      9.19783   2.23835e-05 251 0.919755408193451 2.0587347167724e-05 9.19782196077224 
      9.29836    2.1405e-05 253 0.93997221236961 2.01201252064173e-05 9.29834203074109 
          9.4   2.03553e-05 175 0.651779293231496 1.32671955039819e-05 9.3837840743814 
      9.43728   2.01054e-05 94 0.352498600737101 7.0871088030448e-06 9.43729797448029 
       9.4747   1.98692e-05 95 0.355299991635666 7.05951994913536e-06 9.47470422062901 
      9.51228   1.95583e-05 95 0.358123590960152 7.00429562249515e-06 9.512277055084 
         9.55   1.92611e-05 95 0.358140197181007 6.89817325296928e-06 9.54985685281895 
      9.58728   1.89823e-05 95 0.358123625122092 6.79802422455129e-06 9.58728190064201 
      9.62471   1.86917e-05 94 0.360925183196414 6.74629848990707e-06 9.62470833759451 
      9.66228    1.8404e-05 95 0.363748613137981 6.69442867983465e-06 9.66228050829411 
          9.7   1.81212e-05 95 0.36376496317515 6.59184248532608e-06 9.69985552215699 
      9.73728   1.78462e-05 95 0.363748647015565 6.49152096097501e-06 9.73728441445885 
      9.77471   1.75746e-05 94 0.366550371256823 6.44195936186268e-06 9.77471171078625 
      9.81228   1.72926e-05 95 0.369373635144171 6.38744875357938e-06 9.81228034994025 
         9.85   1.70118e-05 95 0.36938973530295 6.28397837795496e-06 9.8498552142177 
      9.88729   1.67782e-05 95 0.369373665784079 6.19743001445535e-06 9.88729447731831 
      9.92472   1.65419e-05 94 0.372175556622773 6.15647245557636e-06 9.92471717935993 
      9.96229   1.62949e-05 95 0.374998656844768 6.11058264806628e-06 9.96228727176245 
           10   1.58717e-05 99 0.804462322303824 1.27681494261438e-05 10.0280841917414 
      10.1227   1.52891e-05 3 1.24994368204564 1.91104932224871e-05 10.1220287673342 
       10.247   1.45735e-05 3 1.2805288979176 1.86617296212795e-05 10.2441145048425 
      10.3727   1.38675e-05 2 1.31242456341624 1.82000229637888e-05 10.3721358848308 
         10.5   1.31987e-05 3 1.31338999133482 1.73350346467601e-05 10.5010251214626 
      10.6228   1.26087e-05 3 1.31239451175087 1.6547632773515e-05 10.6216985932012 
      10.7471   1.20512e-05 2 1.34282745327402 1.61826660699013e-05 10.7425865844297 
      10.8728   1.14664e-05 3 1.37553578387628 1.57724251314743e-05 10.8769876345623 
           11    1.1042e-05 2 1.10594820710366 1.221192287379e-05 10.9800608983812 
      11.0742   1.06689e-05 2 0.825065739133663 8.80255077964572e-06 11.0749624929926 
       11.149   1.03859e-05 2 0.836237739208614 8.68505927083041e-06 11.149628781265 
      11.2242   1.01103e-05 2 0.847560956806538 8.56913406700628e-06 11.2248001205886 
         11.3   9.84247e-06 2 0.847700153181396 8.34346243919418e-06 11.3003805473785 
      11.3743   9.58548e-06 2 0.847606721142144 8.1247158575309e-06 11.3753385259803 
       11.449   9.33833e-06 2 0.858768829328891 8.01946828467628e-06 11.449829797817 
      11.5243   9.09755e-06 2 0.870077686798229 7.91557694467371e-06 11.5248157353044 
         11.6   8.85338e-06 2 1.01229691872336 8.96224761544169e-06 11.6034555696584 
      11.6987   8.58278e-06 3 1.15954490125396 9.95212286920849e-06 11.6938678626415 
      11.7983   8.26882e-06 2 1.18035911813387 9.76017346375329e-06 11.8033161861353 
      11.8987   8.00244e-06 2 1.20019601269944 9.60449737096392e-06 11.900264101043 
           12   7.73612e-06 2 1.34645602643099 1.04163411704926e-05 12.0013781860288 
      12.1231   7.42621e-06 3 1.50022884798264 1.11410199309418e-05 12.1245937181281 
      12.2474   7.13678e-06 2 1.53074768585098 1.09246027396434e-05 12.2457432561537 
      12.3731   6.84709e-06 3 1.5625597111599 1.06989884806353e-05 12.3731830137652 
         12.5   6.57629e-06 2 1.56299566395953 1.02787124333547e-05 12.4986913752357 
      12.6232   6.32765e-06 3 1.56211012831599 9.88448739608192e-06 12.6196632044315 
      12.7475   6.07037e-06 2 1.59395095087414 9.67587518600493e-06 12.7513314433947 
      12.8732   5.85684e-06 2 1.62412802008123 9.51226259991033e-06 12.8660033445593 
           13   5.61114e-06 3 1.62620957358606 9.12488271821773e-06 13.004572670809 
      13.1232   5.41328e-06 2 1.62486346344298 8.7958341031093e-06 13.1217790166295 
      13.2476   5.21779e-06 3 1.65541726207533 8.63761531337567e-06 13.24298332948 
      13.3732   5.00967e-06 2 1.68819718009276 8.45730983406837e-06 13.3784426718139 
         13.5   4.83816e-06 2 1.68755415952354 8.16466110924321e-06 13.4954290527783 
      13.6233   4.66323e-06 3 1.68716866728106 7.86766110621709e-06 13.6202440229423 
      13.7477   4.48634e-06 2 1.71911462489138 7.71253799917853e-06 13.7525634259071 
      13.8733   4.33517e-06 2 1.7497481543194 7.58545352243921e-06 13.870880093125 
           14    4.1868e-06 3 1.74962543915853 7.32533392998906e-06 13.9922061700458 
      14.1234   4.02609e-06 2 1.75083790487648 7.04903629187545e-06 14.1297952611208 
      14.2478   3.89341e-06 2 1.78113150113252 6.93468167887315e-06 14.2485848925515 
      14.3734   3.76508e-06 2 1.811940395246 6.82210614694107e-06 14.3684882511448 
         14.5   3.63431e-06 3 1.81259369484402 6.58752966034609e-06 14.4960522749068 
      14.6234   3.50448e-06 2 1.81317679667986 6.35424029833857e-06 14.6284799878425 
      14.7479   3.39158e-06 2 1.84364694150851 6.25287512738754e-06 14.7486563990612 
      14.8734    3.2823e-06 2 1.87462233521904 6.15307380913224e-06 14.869911154074 
           15   3.14446e-06 3 2.78515246037592 8.7577969866483e-06 15.0300567595021 
       15.244   2.97451e-06 3 3.74898630761633 1.11514098403207e-05 15.2401244387249 
      15.4919   2.78512e-06 4 3.87314095584405 1.07871509699565e-05 15.4928431559685 
      15.7439   2.61086e-06 3 4.00023510975984 1.04440702456219e-05 15.7450605129877 
           16   2.45265e-06 3 4.00213805450649 9.8158509149727e-06 15.9930641046931 
      16.2443   2.30683e-06 4 3.99888379594402 9.22475786772332e-06 16.2401379927203 
      16.4924   2.16707e-06 3 4.12387991649744 8.93675607792094e-06 16.4958462095938 
      16.7443   2.04056e-06 3 4.25032008810315 8.6730410920279e-06 16.7456498311249 
           17   1.92302e-06 3 4.25265466083909 8.17792667889586e-06 16.995832406358 
      17.2447   1.81483e-06 3 4.24977753519079 7.71263737481188e-06 17.2436383283136 
      17.4929    1.7141e-06 3 4.37291591682793 7.4956256670467e-06 17.4915641044229 
      17.7446   1.61896e-06 3 4.49962040451963 7.28471125853477e-06 17.7430689217479 
           18   1.52999e-06 3 4.50239273541936 6.88861018794641e-06 17.9955945034135 
       18.245    1.4481e-06 3 4.49998969521556 6.51642759143331e-06 18.2447729276233 
      18.4932   1.37192e-06 3 4.6232717556642 6.34274009879493e-06 18.4928983692873 
      18.7449   1.29974e-06 3 4.74993034308824 6.17367834095418e-06 18.7444057163046 
           19   1.23219e-06 3 4.75241392338453 5.85587879252546e-06 18.9961622509074 
      19.2452   1.17002e-06 3 4.7496999309767 5.55724068527639e-06 19.2436303983035 
      19.4936   1.11185e-06 3 4.8726993746359 5.41773119554983e-06 19.4905545825253 
      19.7452   1.05658e-06 3 4.99887280297112 5.28168612296204e-06 19.7407396511817 
           20   9.91131e-07 3 7.39326763314761 7.32769548100479e-06 20.0578217653423 
      20.4823    9.1127e-07 5 9.99807646400015 9.1109462182016e-06 20.4801646265127 
      20.9762    8.2737e-07 4 10.4877506478566 8.67725537122982e-06 20.9774107397757 
       21.482   7.52595e-07 5 10.9963080958064 8.27577156228129e-06 21.4768198395313 
           22   6.91275e-07 3 8.37890147422556 5.79212639444249e-06 21.9357335434165 
      22.2458     6.541e-07 3 5.49852522409608 3.59658710840162e-06 22.2393362657663 
      22.4944   6.24579e-07 2 5.62407194363579 3.51267942654458e-06 22.4960435699022 
      22.7458   5.97257e-07 3 5.75050137918891 3.4345289915885e-06 22.7471536710125 
           23   5.72493e-07 2 5.74975894167429 3.29169549876071e-06 22.9878783559017 
       23.246   5.46479e-07 3 5.7523034238247 3.14351312954177e-06 23.2548595051914 
      23.4947   5.25621e-07 3 5.87027616501899 3.0855412218329e-06 23.4807954938047 
       23.746   5.01333e-07 2 6.00319259389799 3.00959956391848e-06 23.7583264067266 
           24   4.82531e-07 3 5.99894747818611 2.89467906237699e-06 23.9849051294636 
      24.2462   4.61087e-07 2 6.00284990486749 2.76783828789693e-06 24.2572831939576 
      24.4949     4.444e-07 2 6.12019895399792 2.71981709271542e-06 24.480393015663 
      24.7462   4.24611e-07 3 6.25333040731132 2.65523198729666e-06 24.7589096017939 
           25   4.09221e-07 2 6.24936762988959 2.5573730476847e-06 24.9869568140305 
      25.2463   3.92124e-07 3 6.2518600922407 2.45150241170369e-06 25.253156093889 
      25.4951   3.77491e-07 2 6.37336807766759 2.40589001917635e-06 25.4928453858203 
      25.7463   3.63069e-07 3 6.4987535051137 2.35949813288673e-06 25.7406070453789 
           26   3.48458e-07 2 6.50372758895232 2.26627420359567e-06 26.0046488042606 
      26.2465   3.36297e-07 2 6.49734757632532 2.18503549549247e-06 26.2351168162529 
      26.4953   3.22932e-07 3 6.62534773327472 2.13953484794037e-06 26.5006317865274 
      26.7465   3.11052e-07 2 6.75070036281739 2.09981984628833e-06 26.7484805887207 
           27   3.00302e-07 2 6.74828070573551 2.02652552001481e-06 26.9832357599032 
      27.2466   2.88369e-07 3 6.75258655537889 1.94723670339709e-06 27.2563458514423 
      27.4955   2.78302e-07 2 6.87468253390536 1.91323836362639e-06 27.4978824029749 
      27.7466   2.68853e-07 2 6.99722998727047 1.88122652679068e-06 27.734856379894 
           28   2.56536e-07 3 10.3907611376326 2.66560766538323e-06 28.059507321462 
      28.4871   2.41353e-07 4 13.9998216296884 3.37889208282462e-06 28.4873246072055 
      28.9828   2.25236e-07 3 14.4899287466699 3.26365560370274e-06 28.9805958228798 
       29.487   2.10082e-07 4 14.9993136885243 3.15108162328332e-06 29.4862016660221 
           30   1.91776e-07 5 25.5170405371125 4.89355094990695e-06 30.159640494172 
      31.1787    1.6777e-07 6 37.4841999878684 6.28870665207306e-06 31.1755689624368 
      32.4037   1.43578e-07 7 40.493134287248 5.81393400140339e-06 32.4047543451948 
      33.6768    1.2305e-07 6 43.7278528872747 5.38071515204472e-06 33.6707366544027 
           35   1.05828e-07 7 43.9086920134467 4.64674776236359e-06 34.9565324570098 
      36.1881    9.2108e-08 5 43.734283847931 4.02827803306301e-06 36.1838601937199 
      37.4166   8.04631e-08 6 46.762688989294 3.7626731678451e-06 37.4191089978311 
      38.6867   7.03579e-08 6 49.9892603023718 3.51714161101074e-06 38.6870188664411 
           40   6.17975e-08 7 50.1295346977687 3.09787764820569e-06 39.9543630378236 
      41.1953   5.46395e-08 8 49.9871733533585 2.73127206150338e-06 41.1929370511272 
      42.4264   4.85021e-08 9 53.0227366742275 2.57171298724574e-06 42.4266635562587 
      43.6943   4.30642e-08 8 56.2395294188725 2.42190840746183e-06 43.6946871912232 
           45   3.83642e-08 8 56.369800822974 2.16258074126662e-06 44.9638615874417 
      46.2011   3.43886e-08 7 56.2392508231545 1.93398807801636e-06 46.1993471663966 
      47.4342    3.0914e-08 8 59.2837802587984 1.8326991398635e-06 47.4342976850347 
      48.7002   2.77993e-08 7 62.4882015543071 1.7371251531214e-06 48.6984989893199 
           50   2.50617e-08 7 62.6050497943019 1.56898699782109e-06 49.9655702575443 
      51.2057   2.26982e-08 7 62.4934703784537 1.41848923842331e-06 51.2069342910805 
      52.4404   2.06171e-08 7 65.5431163045365 1.35131224745875e-06 52.4410043319685 
       53.705   1.87269e-08 7 68.7415478437042 1.28731451868471e-06 53.704872906137 
           55   1.70476e-08 7 68.8469366276903 1.17367761237456e-06 54.969457279798 
      56.2095   1.55793e-08 6 68.7436185199283 1.07097418997046e-06 56.2098286823466 
      57.4456   1.42751e-08 6 71.7930616844706 1.02484958301796e-06 57.44028691916 
      58.7089   1.30668e-08 7 74.9966801761025 9.79966820307124e-07 58.7123035667517 
           60   1.19945e-08 7 75.087193988332 9.00634902970529e-07 59.9708073892083 
      61.2127   1.10417e-08 8 74.99261147583 8.28047939059144e-07 61.2121029568623 
        62.45   1.01838e-08 8 78.0547189759195 7.94897078644978e-07 62.4492905051932 
      63.7122   9.39261e-09 8 81.2418561744516 7.63073333709557e-07 63.7114877078809 
           65   8.67719e-09 8 81.3298865501766 7.05714961981426e-07 64.972927129066 
      66.2155   8.03654e-09 7 81.2466708929798 6.52942089535203e-07 66.2178414784699 
      67.4537   7.45931e-09 7 84.3063606302366 6.28867479225935e-07 67.4502548871084 
      68.7151   6.91881e-09 8 87.4960707815523 6.05369024097812e-07 68.717227642007 
           70     6.429e-09 7 87.577209140912 5.63033829475607e-07 69.9770787165917 
      71.2178   5.98841e-09 7 87.4936849505446 5.23948418093019e-07 71.2171980007048 
      72.4569   5.58514e-09 7 90.5645677173219 5.05816188551427e-07 72.4562208667064 
      73.7175   5.20903e-09 7 93.7432333294911 4.88311458739593e-07 73.716800058683 
           75    4.8638e-09 7 93.8217864079546 4.5633054514139e-07 74.9782901583613 
      76.2199   4.55267e-09 6 93.738554602786 4.26760640302164e-07 76.2149494199733 
      77.4597   4.26322e-09 7 96.8241047045903 4.12782605662481e-07 77.4636910566598 
      78.7196   3.99534e-09 7 99.9917135871343 3.99501107622227e-07 78.7173667213528 
           80   3.74659e-09 7 100.066895283499 3.74909369474471e-07 79.9794960421301 
      81.2217   3.52053e-09 8 99.9930269696295 3.52028778240448e-07 81.2202038057727 
      82.4621   3.31141e-09 7 103.069158422726 3.41303780401738e-07 82.4596861529178 
      83.7214    3.1139e-09 8 106.2467679355 3.30841959664201e-07 83.7233142517571 
           85   2.93156e-09 8 106.314618095975 3.1166773399909e-07 84.9820954405155 
      86.2233   2.76482e-09 7 106.243429924535 2.93744102109591e-07 86.221869471827 
      87.4643   2.60949e-09 8 109.324573367273 2.85281778874134e-07 87.463610645694 
      88.7231   2.46281e-09 7 112.496087353895 2.770559947438e-07 88.7239784527626 
           90   2.32667e-09 7 112.55795409215 2.61884709818932e-07 89.9806143084397 
      91.2248   2.20111e-09 7 112.494096412983 2.47612160136629e-07 91.2236843241049 
      92.4662   2.08404e-09 7 115.576531921764 2.40866445834565e-07 92.4650360621003 
      93.7245    1.9732e-09 7 118.743424991802 2.34304481973315e-07 93.7232860363052 
           95   1.86936e-09 7 118.80862178829 2.22096303932887e-07 94.9847733856625 
      96.2261    1.7736e-09 7 118.748358886339 2.10611524104248e-07 96.2281492388587 
      97.4679   1.68414e-09 7 121.830256191935 2.05179579206956e-07 97.4675516594691 
      98.7259    1.5992e-09 7 124.992053293441 1.99887289071827e-07 98.7230594243402 
          100   1.51917e-09 7 125.05474288804 1.89978836421506e-07 99.9846616450168 
      101.227   1.44532e-09 8 124.992243701266 1.80653912952014e-07 101.224342542791 
       102.47    1.3755e-09 7 128.08480827581 1.76180059536751e-07 102.471312298727 
      103.727   1.30936e-09 8 131.246109407196 1.71848486484337e-07 103.727351545908 
          105   1.24723e-09 7 131.297508682421 1.63758543393816e-07 104.981766546399 
      106.228   1.18898e-09 8 131.249084496034 1.56052865237142e-07 106.230750668274 
      107.471   1.13449e-09 7 134.333808598862 1.5239999210532e-07 107.470222718103 
      108.728   1.08242e-09 8 137.493132403476 1.48825339016302e-07 108.725949493531 
          110   1.02197e-09 10 203.532100483583 2.08003489196045e-07 110.279886880386 
      112.419   9.45503e-10 13 274.966884894901 2.59982013458396e-07 112.418194317536 
      114.891   8.65877e-10 13 287.193296742129 2.48674020623684e-07 114.890349721669 
      117.418   7.92956e-10 13 299.963346820779 2.37857848534311e-07 117.416877228391 
          120   7.27429e-10 13 300.362180704224 2.18492059907655e-07 119.948405729032 
      122.425   6.69731e-10 14 299.97016026259 2.00899427884606e-07 122.424993557284 
        124.9   6.17663e-10 14 312.218828819317 1.92846136342646e-07 124.899470705207 
      127.424   5.69643e-10 14 324.967646184023 1.85115669565086e-07 127.423962890637 
          130    5.2618e-10 13 325.327329551668 1.71180835880332e-07 129.949674032294 
      132.431   4.87445e-10 13 324.971767787722 1.58405713044404e-07 132.430462158191 
      134.907   4.52254e-10 13 337.239111499777 1.52517759492101e-07 134.906875478215 
       137.43     4.196e-10 14 349.970377828637 1.46847622448875e-07 137.429910648678 
          140     3.898e-10 13 350.311712192839 1.36551453114321e-07 139.956451715027 
      142.436   3.63086e-10 14 349.973959661482 1.27070527527625e-07 142.435214413319 
      144.914   3.38621e-10 14 362.257195727859 1.22667843828666e-07 144.913183018357 
      147.435   3.15804e-10 14 374.971534238483 1.18417693180194e-07 147.434268754731 
          150   2.78346e-10 35 1046.10534426283 2.91178865984258e-07 152.075766840876 
      161.185   2.40081e-10 21 695.44724011074 1.66963773547724e-07 157.764598383196 
      173.205             0 0 0 0 0 
      186.121             0 0 0 0 0 
          200             0 0 0 0 0 
      211.474             0 0 0 0 0 
      223.607             0 0 0 0 0 
      236.435             0 0 0 0 0 
          250             0 0 0 0 0 
      261.659             0 0 0 0 0 
      273.861             0 0 0 0 0 
      286.633             0 0 0 0 0 
          300             0 0 0 0 0 
      322.371             0 0 0 0 0 
       346.41             0 0 0 0 0 
      372.242             0 0 0 0 0 
          400             0 0 0 0 0 
      422.949             0 0 0 0 0 
      447.214             0 0 0 0 0 
      472.871             0 0 0 0 0 
          500             0 0 0 0 0 
      543.879             0 0 0 0 0 
      591.608             0 0 0 0 0 
      643.526             0 0 0 0 0 
          700             0 0 0 0 0 
      765.286             0 0 0 0 0 
       836.66             0 0 0 0 0 
      914.691             0 0 0 0 0 
         1000             0 0 0 0 0 
      1106.68             0 0 0 0 0 
      1224.74             0 0 0 0 0 
       1355.4             0 0 0 0 0 
         1500             0 0 0 0 0 
      1660.02             0 0 0 0 0 
      1837.12             0 0 0 0 0 
       2033.1             0 0 0 0 0 
         2250             0 0 0 0 0 
      2485.41             0 0 0 0 0 
      2745.45             0 0 0 0 0 
       3032.7             0 0 0 0 0 
         3350             0 0 0 0 0 
      3702.76             0 0 0 0 0 
      4092.68             0 0 0 0 0 
      4523.65             0 0 0 0 0 
         5000             0 0 0 0 0 
      5514.87             0 0 0 0 0 
      6082.76             0 0 0 0 0 
      6709.13             0 0 0 0 0 
         7400             0 0 0 0 0 
      8170.94             0 0 0 0 0 
      9022.19             0 0 0 0 0 
      9962.14             0 0 0 0 0 
        11000             0 0 0 0 0 
      11469.1             0 0 0 0 0 
      11958.3             0 0 0 0 0 
      12468.3             0 0 0 0 0 
        13000             0 0 0 0 0 
      13692.7             0 0 0 0 0 
      14422.2             0 0 0 0 0 
      15190.6             0 0 0 0 0 
        16000             0 0 0 0 0 
      17706.9             0 0 0 0 0 
      19595.9             0 0 0 0 0 
      21686.4             0 0 0 0 0 
        24000             0 0 0 0 0 
      26560.4             0 0 0 0 0 
      29393.9             0 0 0 0 0 
      32529.7             0 0 0 0 0 
        36000             0 0 0 0 0 
