         0.01   3.74033e-43 6 1.06618714901069e-05 3.98789300329845e-48 0.00998281551989304 
    0.0110668   3.02801e-43 5 1.24817840474644e-05 3.77949659255131e-48 0.0110951085931565 
    0.0122474   2.48148e-43 6 1.52588887825155e-05 3.78645917179964e-48 0.0122561777768572 
     0.013554   2.02214e-43 6 1.87053763819387e-05 3.78248424648467e-48 0.0135779441191329 
        0.015   1.67841e-43 5 1.91273617639915e-05 3.2103502376577e-48 0.0149049052085242 
    0.0161185   1.43163e-43 4 1.87380627012279e-05 2.68258802778647e-48 0.0161400482039256 
    0.0173205   1.24266e-43 4 2.16118297517976e-05 2.6856071490418e-48 0.0173241130585505 
    0.0186121   1.07499e-43 5 2.49687032089518e-05 2.68409842375012e-48 0.0186264349809097 
         0.02   9.16663e-44 6 3.55396824338641e-05 3.25779029650374e-48 0.0201690468669848 
    0.0221336   7.58279e-44 6 4.98809279652599e-05 3.78236438682198e-48 0.022173392530832 
    0.0244949    8.1956e-31 6 6.1079195833439e-05 5.00580445174236e-35 0.0256532749641314 
    0.0271081   1.12123e-27 7 7.48304511872754e-05 8.39023147361477e-32 0.0284491494511225 
         0.03   4.34744e-25 5 7.6589920437116e-05 3.3297021923447e-29 0.0313185686228722 
    0.0322371   3.03284e-23 3 7.49100168751417e-05 2.27190097247006e-27 0.033402567866698 
     0.034641   1.48939e-21 4 8.64530802006712e-05 1.28762237140176e-25 0.0358043055683965 
    0.0372242    5.8455e-20 4 9.98431100326717e-05 5.83632970628106e-24 0.0383484534500892 
         0.04   1.40957e-18 3 0.000101140274658185 1.42564582156585e-22 0.0407411829909821 
    0.0422949   2.24395e-17 4 9.99909099000678e-05 2.24375010235534e-21 0.043244888477213 
    0.0447214   2.18319e-16 4 0.000111568255345704 2.43574268605472e-20 0.0453659622237621 
    0.0472871    2.4841e-15 3 0.000125015470912756 3.10550531486367e-19 0.0480878551457696 
         0.05   2.68838e-14 4 0.000125771513960104 3.38121753260834e-18 0.0505619532076221 
    0.0523318   2.22466e-13 4 0.000125049125386806 2.78192321795767e-17 0.052930078652254 
    0.0547723   1.00891e-12 4 0.000136759417475234 1.37978047463036e-16 0.0552605529637511 
    0.0573266   4.68863e-12 3 0.000150010342580168 7.03342420115367e-16 0.0578774486229895 
         0.06   2.54365e-11 5 0.000216016521850477 5.49470994884178e-15 0.0611648399555481 
    0.0644742   1.85826e-10 6 0.000299640022938474 5.56807690024293e-14 0.0654859407432751 
     0.069282   1.32696e-09 6 0.000345943033057163 4.59051182216644e-13 0.0702944515038229 
    0.0744484   8.22195e-09 6 0.000399486287869691 3.2845545543737e-12 0.0754372219450539 
         0.08   3.94173e-08 6 0.000404414778050581 1.59409272444126e-11 0.0804695847308318 
    0.0845897   1.44575e-07 6 0.000399732533537747 5.77914210672707e-11 0.0852438229649074 
    0.0894427   7.12883e-06 6 0.000446866202391426 3.18563422169681e-09 0.0920891772678032 
    0.0945742   0.000277045 6 0.00049957032365118 1.38403449197311e-07 0.0955145154488804 
          0.1   0.000744986 6 0.000503492407234358 3.75094771151238e-07 0.100119447426832 
     0.104664    0.00146278 6 0.000499790150153293 7.31080783070284e-07 0.105123171876237 
     0.109545     0.0377663 6 0.000547438846618139 2.06747451723555e-05 0.111695052673687 
     0.114653        0.2811 6 0.000599640193603462 0.000168559008224781 0.11496823306314 
         0.12     0.0698535 7 0.000736191522916727 5.14255392487907e-05 0.118335558024181 
     0.126885      0.952323 9 0.000899285358025619 0.00085641032436433 0.127948290296058 
     0.134164       1.82328 8 0.00100556179781495 0.00183341590928088 0.134570126411496 
     0.141861       2.11538 10 0.0011241235385528 0.00237794588469289 0.14212763091604 
         0.15        2.2047 12 0.00145659758375067 0.00321135947852332 0.150786449384003 
     0.161185        2.0881 12 0.00187254014416479 0.00391004613042249 0.161436252242194 
     0.173205       2.02102 15 0.00216233638545751 0.00437012531405371 0.173535228694526 
     0.186121       1.95451 14 0.00249682904871282 0.00488007358068178 0.186312525626667 
          0.2       1.88136 14 0.0025276742462051 0.00475546578909538 0.199339852893909 
     0.211474       1.69699 14 0.00249798647087639 0.00423904641307203 0.211530208574035 
     0.223607       1.45426 13 0.00279301850233687 0.00406177519062073 0.223707642432625 
     0.236435       1.16997 14 0.00312254837338258 0.00365329120322697 0.236481476914896 
         0.25       1.13497 15 0.00314692308707586 0.00357165236428132 0.249471510601424 
     0.261659       1.15802 13 0.00312336406193427 0.00361692238169632 0.261903324592637 
     0.273861       1.08503 13 0.00342148777546342 0.00371240796623342 0.273860731720188 
     0.286633       1.07949 13 0.00374822583826753 0.00404615995299057 0.286872066237085 
          0.3        1.0846 7 0.00410552576188512 0.00445285202447014 0.300170936405815 
     0.313991        1.0229 9 0.00449792338954018 0.00460092623464077 0.314133025022208 
     0.328634      0.964024 8 0.00492713758140304 0.00474988068317748 0.328805615561224 
     0.343959      0.908076 9 0.00539724144502778 0.00490110424072924 0.34413239823538 
         0.36      0.858416 11 0.0062315403166951 0.00534925658889022 0.36057896683939 
     0.378521       1.29575 10 0.00719571463664601 0.00932381272365296 0.380205912353603 
     0.397995       1.75128 11 0.00795490255464937 0.0139312717196369 0.398521877123149 
     0.418471       1.62321 12 0.00879420364923584 0.0142748347764112 0.418996919103614 
         0.44       1.38534 12 0.0103117819652346 0.0142853157688999 0.44111242364688 
     0.465243       1.25107 14 0.012090617883819 0.0151261643738219 0.465371932214699 
     0.491935       1.00211 15 0.0135178722000817 0.0135464279335402 0.492324394907691 
     0.520158       0.88252 16 0.0151128246466378 0.0133373673750987 0.520247088172879 
         0.55      0.742722 17 0.0176407467603308 0.0131021705894256 0.550761522020559 
      0.58418      0.616846 18 0.0206066447762673 0.0127111170212658 0.584323223585456 
     0.620484      0.508045 20 0.0232470525581663 0.0118105477551492 0.620613685424503 
     0.659044      0.407234 21 0.0262260953470199 0.0106801684704713 0.659271431610183 
          0.7      0.347716 20 0.0264618832320159 0.00920121023468243 0.698068027817213 
     0.734815      0.293863 19 0.0262343140602596 0.00770929385696233 0.734902812946249 
     0.771362      0.250233 19 0.028909336781675 0.00723407767591328 0.771455011115709 
     0.809727      0.213397 21 0.0318563828545383 0.00679804280955227 0.809861400162242 
         0.85      0.182559 20 0.0320481901627819 0.00585069790746808 0.848336891813697 
     0.885246      0.168404 19 0.0318618455862336 0.00536565228867879 0.885416720765193 
     0.921954      0.155883 20 0.0345586802615109 0.00538711402393423 0.922101889700705 
     0.960185      0.136759 20 0.0374849632601845 0.0051264024636383 0.960435553812901 
            1       0.11917 317 0.0376461367621117 0.00448630624653361 0.998387427044855 
      1.03556      0.108019 725 0.0374885604737304 0.00404946373121829 1.03559769431337 
      1.07238     0.0943271 750 0.0402020020570234 0.00379213783716847 1.07228618836689 
      1.11051     0.0820119 778 0.0431118446798024 0.00353568432866444 1.11091601161788 
         1.15     0.0743762 753 0.0432521604493654 0.00321693067391226 1.14881581114584 
      1.18579     0.0663123 729 0.0431148753839645 0.00285904500252117 1.18584067753228 
       1.2227     0.0594622 750 0.0458405578766622 0.00272578018732709 1.22273911032507 
      1.26076     0.0527688 774 0.0487385548333441 0.00257187678540548 1.26066720191693 
          1.3     0.0454225 1295 0.0849451323190789 0.00385842206971077 1.31241268661508 
      1.39018     0.0372278 1867 0.129854093359699 0.00483418682274962 1.39036563582371 
      1.48661     0.0291846 1997 0.148493837021643 0.00433372802921409 1.48683454926057 
      1.58973     0.0227693 1686 0.169809199935207 0.00386643777210861 1.589979473588 
          1.7     0.0185652 905 0.152752219998048 0.00283587493707539 1.68899553928635 
      1.77049     0.0157842 721 0.127447416736207 0.00201165006173221 1.77081765579389 
      1.84391     0.0132979 750 0.138236134330147 0.00183824411794158 1.84402334630981 
      1.92037     0.0115652 781 0.149938137656048 0.00173406641110245 1.92013356651015 
            2     0.0102511 641 0.127356301153364 0.00130554268750089 1.99168578777493 
      2.04823    0.00922681 489 0.0999858098723715 0.000922550206809133 2.04824820698188 
      2.09762    0.00842938 501 0.104866001319348 0.000883955526200499 2.09763520639665 
       2.1482    0.00754221 513 0.109984390045217 0.000829525886417744 2.1478903743201 
          2.2    0.00684297 837 0.185442463295924 0.00126897760021353 2.21526273577564 
      2.31557    0.00579515 1187 0.274819982296366 0.00159262276782081 2.31569262153107 
      2.43721      0.004769 1250 0.304452013301073 0.001451930883634 2.43727891028278 
      2.56524    0.00388458 1315 0.337279069226118 0.00131018903890816 2.56487467382085 
          2.7    0.00330823 1035 0.277586697300329 0.000918321823481427 2.68359220323578 
      2.77206    0.00291323 731 0.202464886487269 0.000589825878191289 2.77231838657229 
      2.84605    0.00263662 751 0.213416728984594 0.000562698701862424 2.84569537785866 
      2.92201    0.00241394 771 0.224960984238723 0.000543041298173702 2.92208265933968 
            3    0.00213217 980 0.294763966593354 0.000628487482866274 3.00885562048793 
      3.11787    0.00188113 1203 0.37486085282748 0.000705161909696347 3.11793700060182 
      3.24037    0.00160802 730 0.404896000124263 0.000651080936879364 3.24001300543057 
      3.36768    0.00139123 650 0.437337662545492 0.000608436459289872 3.36787730364895 
          3.5    0.00120857 629 0.439050054212156 0.000530623962724142 3.49554985567994 
      3.61881    0.00105691 605 0.437378169343105 0.000462268531235538 3.61885250727796 
      3.74166   0.000919309 625 0.467576927452484 0.000429847815789368 3.7417219202482 
      3.86867   0.000814458 647 0.499860764596995 0.000407115540630144 3.86868544585669 
            4    0.00071433 628 0.5013530953211 0.000358131539922414 3.99567143091931 
      4.11953   0.000637844 608 0.499891660710675 0.000318852782435891 4.11937362752921 
      4.24264    0.00057284 626 0.530215169618854 0.000303728217598306 4.24276074916184 
      4.36943   0.000506923 644 0.562378116260632 0.000285082508144829 4.36940641434665 
          4.5   0.000457485 628 0.563700811706971 0.000257884829821672 4.49652967283599 
      4.62011   0.000404533 609 0.562402460354146 0.000227510084100504 4.61950880644146 
      4.74342    0.00037031 626 0.592824249732507 0.000219528516935961 4.74357081033647 
      4.87002    0.00033503 643 0.624891621514956 0.000209357145230936 4.87004411731199 
            5   0.000302941 627 0.626079489176662 0.00018966528331926 4.99688044971452 
      5.12057    0.00027217 611 0.624911309648252 0.000170081985732985 5.12049212404505 
      5.24404   0.000250701 626 0.655412510807671 0.00016431246272446 5.24406524907318 
       5.3705   0.000228449 641 0.687402440032565 0.000157036742138691 5.37050198475737 
          5.5   0.000208385 627 0.688480516175885 0.00014346877516815 5.49708570624112 
      5.62095   0.000191456 612 0.68741868514517 0.000131610133934915 5.6209595559138 
      5.74456   0.000175092 626 0.717985403966741 0.000125713540849561 5.74471134970112 
      5.87089   0.000159532 640 0.749911294416897 0.000119634527076726 5.87049846559506 
            6   0.000147464 627 0.750898224018675 0.000110730494533296 5.99763997349474 
      6.12127   0.000136956 613 0.749924933022883 0.000102706666295967 6.12128894909723 
        6.245   0.000125664 626 0.78054661783497 9.80864372426718e-05 6.2447091709078 
      6.37122   0.000116961 550 0.812418679261579 9.50212559055138e-05 6.37133380125379 
          6.5   0.000108504 314 0.813328706754037 8.82492270838891e-05 6.49760166955408 
      6.62155   0.000100703 307 0.812430302747168 8.18142390704811e-05 6.62155577865029 
      6.74537   9.25842e-05 314 0.843098747717441 7.80576270288015e-05 6.74511388608162 
      6.87151   8.68933e-05 319 0.874924933961998 7.60251157614433e-05 6.87156654395475 
            7   8.09671e-05 314 0.875769207586832 7.09084972777589e-05 6.99778299853891 
      7.12178   7.55126e-05 308 0.874934933781325 6.60686545384499e-05 7.121807976924 
      7.24569   7.05077e-05 313 0.905643684669164 6.38548879521428e-05 7.24567573335461 
      7.37175   6.57753e-05 319 0.937430286236626 6.16597508990596e-05 7.37165574030197 
          7.5    5.9898e-05 314 0.938217705672175 5.61973808066887e-05 7.49818164121352 
      7.62199   5.77015e-05 309 0.937438973663836 5.40916235284443e-05 7.62205018858609 
      7.74597   5.40572e-05 313 0.968182847542785 5.23372955462754e-05 7.74589520136906 
      7.87196   5.08596e-05 318 0.999934907830811 5.08562515401761e-05 7.87199874870715 
            8   4.77982e-05 314 1.0006726813639 4.78303622652233e-05 7.99805176103134 
      8.12217    4.4772e-05 309 0.999942582190992 4.47694094203044e-05 8.12208289649323 
      8.24621    4.2323e-05 313 1.03071719853244 4.36230550482079e-05 8.24626041448039 
      8.37214   3.98964e-05 319 1.06243900277518 4.23874825417326e-05 8.37215117579227 
          8.5     3.761e-05 313 1.06313294848204 3.99843944683254e-05 8.49816603743691 
      8.62233   3.52808e-05 310 1.06244576450221 3.74839126682011e-05 8.62213875519074 
      8.74643   3.30584e-05 313 1.09324769327914 3.61410403707811e-05 8.74635095712345 
      8.87231   3.16969e-05 318 1.12494257507114 3.56571585313262e-05 8.87234418273417 
            9   3.00735e-05 284 1.01647389603371 3.05688920917505e-05 8.99232021860126 
      9.09838   2.87095e-05 248 0.899973425067623 2.58377632826516e-05 9.09837899753818 
      9.19783   2.74942e-05 251 0.919755408193451 2.52879732537197e-05 9.19782136134056 
      9.29836   2.62841e-05 253 0.93997221236961 2.47063239217567e-05 9.29834351055572 
          9.4   2.49992e-05 175 0.651779293231496 1.62939550436595e-05 9.38378220039544 
      9.43728   2.46843e-05 94 0.352498600737101 8.70116587124962e-06 9.43729768066536 
       9.4747   2.43983e-05 95 0.355299991635666 8.66870564174428e-06 9.47470587720499 
      9.51228   2.40275e-05 95 0.358123590960152 8.60480228987548e-06 9.51227800066554 
         9.55   2.36692e-05 95 0.358140197181007 8.47690965241937e-06 9.54985781100381 
      9.58728   2.33324e-05 95 0.358123625122092 8.35589442790627e-06 9.58728222819772 
      9.62471   2.29766e-05 94 0.360925183196414 8.29283178760701e-06 9.62470851841962 
      9.66228   2.26246e-05 95 0.363748613137981 8.22965215753105e-06 9.66228081038977 
          9.7   2.22791e-05 95 0.36376496317515 8.10434835641001e-06 9.69985571970746 
      9.73728   2.19416e-05 95 0.363748647015565 7.98121495420599e-06 9.73728450332681 
      9.77471   2.16084e-05 94 0.366550371256823 7.92057743721782e-06 9.7747116806561 
      9.81228   2.12592e-05 95 0.369373635144171 7.85260071627595e-06 9.81227993795785 
         9.85   2.09141e-05 95 0.36938973530295 7.72545068641152e-06 9.84985550917833 
      9.88729   2.06317e-05 95 0.369373665784079 7.62081346114158e-06 9.88729538206426 
      9.92472   2.03441e-05 94 0.372175556622773 7.57158331124212e-06 9.92471737917626 
      9.96229   2.00417e-05 95 0.374998656844768 7.51561159229374e-06 9.96228746210784 
           10   1.95231e-05 99 0.804462322303824 1.5705577370556e-05 10.028086242022 
      10.1227    1.8809e-05 3 1.24994368204564 2.35102041356892e-05 10.1220334934997 
       10.247   1.79317e-05 3 1.2805288979176 2.2962066267496e-05 10.2441186955396 
      10.3727   1.70661e-05 2 1.31242456341624 2.23979492532311e-05 10.3721394319235 
         10.5   1.62459e-05 3 1.31338999133482 2.13372193310683e-05 10.5010293200458 
      10.6228   1.55223e-05 3 1.31239451175087 2.03713601256702e-05 10.6217033351847 
      10.7471   1.48383e-05 2 1.34282745327402 1.99252887408747e-05 10.7425902120696 
      10.8728   1.41208e-05 3 1.37553578387628 1.94236275601778e-05 10.8769914294009 
           11      1.36e-05 2 1.10594820710366 1.50409262659881e-05 10.9800642104888 
      11.0742   1.31421e-05 2 0.825065739133663 1.08430787502799e-05 11.0749644764655 
       11.149   1.27947e-05 2 0.836237739208614 1.06993806906025e-05 11.149630979209 
      11.2242   1.24564e-05 2 0.847560956806538 1.05575846715154e-05 11.2248025237886 
         11.3   1.21276e-05 2 0.847700153181396 1.02805341240866e-05 11.3003831543562 
      11.3743    1.1812e-05 2 0.847606721142144 1.00119495787097e-05 11.3753414081724 
       11.449   1.15085e-05 2 0.858768829328891 9.8831783101852e-06 11.4498329881721 
      11.5243   1.12129e-05 2 0.870077686798229 9.75605456479437e-06 11.5248191886473 
         11.6    1.0913e-05 2 1.01229691872336 1.10471658009688e-05 11.6034591080211 
      11.6987   1.05806e-05 3 1.15954490125396 1.22686826773193e-05 11.6938711836749 
      11.7983   1.01949e-05 2 1.18035911813387 1.20336582528046e-05 11.8033195134941 
      11.8987   9.86764e-06 2 1.20019601269944 1.18431065666751e-05 11.9002680671229 
           12    9.5404e-06 2 1.34645602643099 1.28457304979498e-05 12.0013821885517 
      12.1231   9.15956e-06 3 1.50022884798264 1.3741434433038e-05 12.1245983957778 
      12.2474   8.80382e-06 2 1.53074768585098 1.34764222491358e-05 12.2457474375524 
      12.3731   8.44772e-06 3 1.5625597111599 1.32000643360771e-05 12.3731878535293 
         12.5   8.11479e-06 2 1.56299566395953 1.26833744973321e-05 12.4986956479194 
      12.6232   7.80906e-06 3 1.56211012831599 1.21986043705273e-05 12.6196677934434 
      12.7475   7.49266e-06 2 1.59395095087414 1.19429277494024e-05 12.7513356814865 
      12.8732   7.23002e-06 2 1.62412802008123 1.17424860998968e-05 12.8660074696317 
           13   6.92777e-06 3 1.62620957358606 1.12660099686234e-05 13.0045769229676 
      13.1232   6.68434e-06 2 1.62486346344298 1.0861146257765e-05 13.1217834985206 
      13.2476    6.4438e-06 3 1.65541726207533 1.06671810917684e-05 13.242987838604 
      13.3732   6.18768e-06 2 1.68819718009276 1.04460317306288e-05 13.3784469752376 
         13.5   5.97659e-06 2 1.68755415952354 1.0085824365118e-05 13.495433597577 
      13.6233   5.76126e-06 3 1.68716866728106 9.72022087452552e-06 13.6202485325511 
      13.7477   5.54349e-06 2 1.71911462489138 9.52989092601255e-06 13.7525678181572 
      13.8733   5.35735e-06 2 1.7497481543194 9.37401042161154e-06 13.8708848052306 
           14   5.17464e-06 3 1.74962543915853 9.05368690572085e-06 13.9922104261974 
      14.1234   4.97671e-06 2 1.75083790487648 8.7134199191657e-06 14.1297994067821 
      14.2478   4.81328e-06 2 1.78113150113252 8.57309191240152e-06 14.248589735639 
      14.3734   4.65519e-06 2 1.811940395246 8.43493103899352e-06 14.3684929219628 
         14.5   4.49407e-06 3 1.81259369484402 8.14592894467493e-06 14.4960566879021 
      14.6234   4.33409e-06 2 1.81317679667986 7.8584740117801e-06 14.6284843745509 
      14.7479   4.19496e-06 2 1.84364694150851 7.734018611066e-06 14.7486614011167 
      14.8734   4.06027e-06 2 1.87462233521904 7.61146930163317e-06 14.8699160921147 
           15   3.89035e-06 3 2.78515246037592 1.08352226203064e-05 15.0300635376415 
       15.244   3.68083e-06 3 3.74898630761633 1.37993629123633e-05 15.2401326640229 
      15.4919   3.44727e-06 4 3.87314095584405 1.33517530548396e-05 15.4928514417016 
      15.7439   3.23233e-06 3 4.00023510975984 1.29300956003959e-05 15.7450692459579 
           16   3.03714e-06 3 4.00213805450649 1.21550597143718e-05 15.993072672279 
      16.2443    2.8572e-06 4 3.99888379594402 1.14256120085829e-05 16.2401453543368 
      16.4924    2.6847e-06 3 4.12387991649744 1.10713748016884e-05 16.4958536768844 
      16.7443   2.52851e-06 3 4.25032008810315 1.07469815721661e-05 16.7456585164106 
           17   2.38336e-06 3 4.25265466083909 1.01356248970852e-05 16.9958414573511 
      17.2447   2.24975e-06 3 4.24977753519079 9.56093239447861e-06 17.243647335404 
      17.4929   2.12531e-06 3 4.37291591682793 9.2938144910077e-06 17.4915731092939 
      17.7446   2.00776e-06 3 4.49962040451963 9.03414868102397e-06 17.7430778179477 
           18    1.8978e-06 3 4.50239273541936 8.54465214773615e-06 17.9956031335529 
       18.245   1.79658e-06 3 4.49998969521556 8.08458756482893e-06 18.244781557672 
      18.4932   1.70239e-06 3 4.6232717556642 7.87062482479633e-06 18.4929073405475 
      18.7449   1.61314e-06 3 4.74993034308824 7.6623201861777e-06 18.7444149830784 
           19    1.5296e-06 3 4.75241392338453 7.26927909357354e-06 18.9961716308724 
      19.2452   1.45269e-06 3 4.7496999309767 6.89983907552805e-06 19.2436396910137 
      19.4936   1.38072e-06 3 4.8726993746359 6.72785312632346e-06 19.4905633802899 
      19.7452   1.31232e-06 3 4.99887280297112 6.56010765650462e-06 19.7407472956924 
           20    1.2313e-06 3 7.39326763314761 9.10330620385728e-06 20.0578318082654 
      20.4823   1.13235e-06 5 9.99807646400015 1.13213321708465e-05 20.4801792680618 
      20.9762   1.02837e-06 4 10.4877506478566 1.07853020598947e-05 20.9774255936085 
       21.482   9.35675e-07 5 10.9963080958064 1.0288974357701e-05 21.4768347669797 
           22    8.5964e-07 3 8.37890147422556 7.20284066038231e-06 21.9357432090427 
      22.2458   8.13536e-07 3 5.49852522409608 4.47324604231432e-06 22.2393433212355 
      22.4944   7.76918e-07 2 5.62407194363579 4.36944393069255e-06 22.4960495708506 
      22.7458   7.43024e-07 3 5.75050137918891 4.27275950230839e-06 22.747161212187 
           23   7.12299e-07 2 5.74975894167429 4.09554575330424e-06 22.9878843946728 
       23.246    6.8002e-07 3 5.7523034238247 3.91167875815083e-06 23.2548660929561 
      23.4947   6.54135e-07 3 5.87027616501899 3.83995351730492e-06 23.4808015232895 
       23.746    6.2399e-07 2 6.00319259389799 3.74593373373295e-06 23.7583324602298 
           24   6.00652e-07 3 5.99894747818611 3.60327693282468e-06 23.9849116293348 
      24.2462   5.74031e-07 2 6.00284990486749 3.4458191950124e-06 24.2572893685472 
      24.4949   5.53312e-07 2 6.12019895399792 3.3863800688197e-06 24.480399191455 
      24.7462   5.28739e-07 3 6.25333040731132 3.30638269312229e-06 24.7589159363509 
           25   5.09628e-07 2 6.24936762988959 3.18485027443937e-06 24.9869632918335 
      25.2463   4.88393e-07 3 6.2518600922407 3.05336306513521e-06 25.2531630976221 
      25.4951   4.70217e-07 2 6.37336807766759 2.9968674087794e-06 25.492852194705 
      25.7463   4.52302e-07 3 6.4987535051137 2.93939609785793e-06 25.7406144125762 
           26   4.34148e-07 2 6.50372758895232 2.82358089709081e-06 26.0046555567612 
      26.2465   4.19037e-07 2 6.49734757632532 2.72263171981343e-06 26.2351234921657 
      26.4953   4.02429e-07 3 6.62534773327472 2.66623489218129e-06 26.5006389078517 
      26.7465   3.87666e-07 2 6.75070036281739 2.61701401335337e-06 26.7484877000087 
           27   3.74305e-07 2 6.74828070573551 2.52591251189571e-06 26.9832423292412 
      27.2466   3.59471e-07 3 6.75258655537889 2.42735681053987e-06 27.2563525401877 
      27.4955   3.46956e-07 2 6.87468253390536 2.38520970759684e-06 27.4978896907479 
      27.7466   3.35208e-07 2 6.99722998727047 2.34552483503738e-06 27.7348633394896 
           28   3.19892e-07 3 10.3907611376326 3.3239261921046e-06 28.0595162862254 
      28.4871   3.01009e-07 4 13.9998216296884 4.21407757190164e-06 28.4873381624701 
      28.9828   2.80963e-07 3 14.4899287466699 4.07113459681212e-06 28.9806089542733 
       29.487    2.6211e-07 4 14.9993136885243 3.93146428253688e-06 29.4862157246902 
           30    2.3933e-07 5 25.5170405371125 6.10699810209645e-06 30.1596683653209 
      31.1787   2.09448e-07 6 37.4841999878684 7.85099879925471e-06 31.175617249042 
      32.4037   1.79324e-07 7 40.493134287248 7.26140180265244e-06 32.4048050645336 
      33.6768   1.53751e-07 6 43.7278528872747 6.72319188117316e-06 33.6707883488623 
           35   1.32286e-07 7 43.9086920134467 5.80852254987704e-06 34.9565788768904 
      36.1881   1.15181e-07 5 43.734283847931 5.03735720201205e-06 36.1839021757945 
      37.4166   1.00657e-07 6 46.762688989294 4.70697573606666e-06 37.4191526603519 
      38.6867    8.8048e-08 6 49.9892603023718 4.4014550582579e-06 38.6870664616152 
           40   7.73625e-08 7 50.1295346977687 3.87814401256859e-06 39.9544028109737 
      41.1953   6.84219e-08 8 49.9871733533585 3.42021672435721e-06 41.19296729327 
      42.4264   6.07534e-08 9 53.0227366742275 3.22131049229979e-06 42.4266944733749 
      43.6943   5.39569e-08 8 56.2395294188725 3.03451281197584e-06 43.6947195477786 
           45   4.80812e-08 8 56.369800822974 2.71032529543991e-06 44.9638919704398 
      46.2011   4.31097e-08 7 56.2392508231545 2.4244566863081e-06 46.1993749361327 
      47.4342   3.87636e-08 8 59.2837802587984 2.29805467092986e-06 47.4343263082876 
      48.7002   3.48667e-08 7 62.4882015543071 2.17875559621278e-06 48.6985282665945 
           50   3.14408e-08 7 62.6050497943019 1.96835058640388e-06 49.9655970393496 
      51.2057   2.84823e-08 7 62.4934703784537 1.77995958905832e-06 51.206959033703 
      52.4404   2.58768e-08 7 65.5431163045365 1.69604664606802e-06 52.4410304466819 
       53.705   2.35096e-08 7 68.7415478437042 1.61608699189056e-06 53.7049001750125 
           55   2.14062e-08 7 68.8469366276903 1.47375285705374e-06 54.9694830877018 
      56.2095   1.95666e-08 6 68.7436185199283 1.34507551208767e-06 56.2098528956961 
      57.4456   1.79322e-08 6 71.7930616844706 1.28741004073949e-06 57.4403111103544 
      58.7089   1.64178e-08 7 74.9966801761025 1.23128406689702e-06 58.7123282207299 
           60   1.50735e-08 7 75.087193988332 1.13183051267841e-06 59.9708291578616 
      61.2127   1.38785e-08 8 74.99261147583 1.04078572293725e-06 61.2121210296967 
        62.45   1.28023e-08 8 78.0547189759195 9.99278267705352e-07 62.4493089248165 
      63.7122   1.18095e-08 8 81.2418561744516 9.59426069493165e-07 63.7115064642614 
           65   1.09117e-08 8 81.3298865501766 8.87447881200682e-07 64.9729445760746 
      66.2155   1.01076e-08 7 81.2466708929798 8.21210146090279e-07 66.2178580514205 
      67.4537   9.38302e-09 7 84.3063606302366 7.91048310730244e-07 67.4502717900443 
      68.7151   8.70443e-09 8 87.4960707815523 7.61603417694265e-07 68.7172448515506 
           70   8.08938e-09 7 87.577209140912 7.08445524646141e-07 69.9770955251123 
      71.2178   7.53607e-09 7 87.4936849505446 6.59358627857952e-07 71.2172140914856 
      72.4569   7.02955e-09 7 90.5645677173219 6.3662833064545e-07 72.4562372412055 
      73.7175   6.55708e-09 7 93.7432333294911 6.14681622187962e-07 73.7168167217104 
           75   6.12334e-09 7 93.8217864079546 5.74502543809737e-07 74.9783061608104 
      76.2199   5.73239e-09 6 93.738554602786 5.37345675634442e-07 76.2149641307581 
      77.4597   5.36864e-09 7 96.8241047045903 5.19813308155449e-07 77.4637060121001 
      78.7196   5.03195e-09 7 99.9917135871343 5.03152820018128e-07 78.7173823905264 
           80   4.71925e-09 7 100.066895283499 4.72240439111003e-07 79.9795101563644 
      81.2217   4.43502e-09 8 99.9930269696295 4.43471245895745e-07 81.2202165287115 
      82.4621   4.17204e-09 7 103.069158422726 4.30008947596431e-07 82.459698688517 
      83.7214   3.92365e-09 8 106.2467679355 4.16875407655522e-07 83.7233269882948 
           85   3.69431e-09 8 106.314618095975 3.92758786717042e-07 84.982108081566 
      86.2233   3.48456e-09 7 106.243429924535 3.70211727416706e-07 86.2218815807782 
      87.4643   3.28915e-09 8 109.324573367273 3.59584863212694e-07 87.4636228517242 
      88.7231   3.10459e-09 7 112.496087353895 3.49253926615183e-07 88.7239908951156 
           90   2.93328e-09 7 112.55795409215 3.30163819355517e-07 89.9806263215928 
      91.2248   2.77528e-09 7 112.494096412983 3.12202073536698e-07 91.2236956870912 
      92.4662   2.62793e-09 7 115.576531921764 3.03727371734054e-07 92.4650474323541 
      93.7245   2.48841e-09 7 118.743424991802 2.95482685625103e-07 93.7232973891137 
           95    2.3577e-09 7 118.80862178829 2.80114837215075e-07 94.9847843762899 
      96.2261   2.23713e-09 7 118.748358886339 2.65655658542219e-07 96.2281602540012 
      97.4679    2.1245e-09 7 121.830256191935 2.58828775919087e-07 97.4675631033243 
      98.7259   2.01754e-09 7 124.992053293441 2.52176777695903e-07 98.7230707925296 
          100   1.91675e-09 7 125.05474288804 2.39698848367338e-07 99.9846720136152 
      101.227   1.82374e-09 8 124.992243701266 2.27953128353422e-07 101.224351939811 
       102.47   1.73578e-09 7 128.08480827581 2.22326774471912e-07 102.471321754909 
      103.727   1.65246e-09 8 131.246109407196 2.16878936130329e-07 103.727361390698 
          105   1.57418e-09 7 131.297508682421 2.06686347860655e-07 104.981775883635 
      106.228   1.50079e-09 8 131.249084496034 1.9697683271562e-07 106.230759701744 
      107.471   1.43212e-09 7 134.333808598862 1.92381471556895e-07 107.470232028342 
      108.728    1.3665e-09 8 137.493132403476 1.87884141021508e-07 108.725958783584 
          110   1.29031e-09 10 203.532100483583 2.62619236505913e-07 110.279905488485 
      112.419   1.19392e-09 13 274.966884894901 3.28289477263838e-07 112.418225920518 
      114.891   1.09354e-09 13 287.193296742129 3.1405774699415e-07 114.890381910965 
      117.418    1.0016e-09 13 299.963346820779 3.00442949034997e-07 117.416909988681 
          120   9.18964e-10 13 300.362180704224 2.76022123883108e-07 119.948435671207 
      122.425   8.46188e-10 14 299.97016026259 2.53831191062412e-07 122.425020804197 
        124.9   7.80503e-10 14 312.218828819317 2.4368765303565e-07 124.89949850311 
      127.424   7.19916e-10 14 324.967646184023 2.3394946730164e-07 127.423991249288 
          130   6.65072e-10 13 325.327329551668 2.16366112592667e-07 129.949700677029 
      132.431   6.16187e-10 13 324.971767787722 2.00243369321284e-07 132.43048709268 
      134.907   5.71771e-10 13 337.239111499777 1.92823446837093e-07 134.90690084153 
       137.43   5.30551e-10 14 349.970377828637 1.85677154754532e-07 137.429936484946 
          140   4.92929e-10 13 350.311712192839 1.72678802702679e-07 139.956476199867 
      142.436   4.59198e-10 14 349.973959661482 1.60707512193431e-07 142.435237552129 
      144.914   4.28305e-10 14 362.257195727859 1.55156418323888e-07 144.913206532997 
      147.435   3.99489e-10 14 374.971534238483 1.49797056520266e-07 147.434292627968 
          150   3.52173e-10 35 1046.10534426283 3.68410501956834e-07 152.075932034575 
      161.185   3.03831e-10 21 695.44724011074 2.11298322231139e-07 157.764664017971 
      173.205             0 0 0 0 0 
      186.121             0 0 0 0 0 
          200             0 0 0 0 0 
      211.474             0 0 0 0 0 
      223.607             0 0 0 0 0 
      236.435             0 0 0 0 0 
          250             0 0 0 0 0 
      261.659             0 0 0 0 0 
      273.861             0 0 0 0 0 
      286.633             0 0 0 0 0 
          300             0 0 0 0 0 
      322.371             0 0 0 0 0 
       346.41             0 0 0 0 0 
      372.242             0 0 0 0 0 
          400             0 0 0 0 0 
      422.949             0 0 0 0 0 
      447.214             0 0 0 0 0 
      472.871             0 0 0 0 0 
          500             0 0 0 0 0 
      543.879             0 0 0 0 0 
      591.608             0 0 0 0 0 
      643.526             0 0 0 0 0 
          700             0 0 0 0 0 
      765.286             0 0 0 0 0 
       836.66             0 0 0 0 0 
      914.691             0 0 0 0 0 
         1000             0 0 0 0 0 
      1106.68             0 0 0 0 0 
      1224.74             0 0 0 0 0 
       1355.4             0 0 0 0 0 
         1500             0 0 0 0 0 
      1660.02             0 0 0 0 0 
      1837.12             0 0 0 0 0 
       2033.1             0 0 0 0 0 
         2250             0 0 0 0 0 
      2485.41             0 0 0 0 0 
      2745.45             0 0 0 0 0 
       3032.7             0 0 0 0 0 
         3350             0 0 0 0 0 
      3702.76             0 0 0 0 0 
      4092.68             0 0 0 0 0 
      4523.65             0 0 0 0 0 
         5000             0 0 0 0 0 
      5514.87             0 0 0 0 0 
      6082.76             0 0 0 0 0 
      6709.13             0 0 0 0 0 
         7400             0 0 0 0 0 
      8170.94             0 0 0 0 0 
      9022.19             0 0 0 0 0 
      9962.14             0 0 0 0 0 
        11000             0 0 0 0 0 
      11469.1             0 0 0 0 0 
      11958.3             0 0 0 0 0 
      12468.3             0 0 0 0 0 
        13000             0 0 0 0 0 
      13692.7             0 0 0 0 0 
      14422.2             0 0 0 0 0 
      15190.6             0 0 0 0 0 
        16000             0 0 0 0 0 
      17706.9             0 0 0 0 0 
      19595.9             0 0 0 0 0 
      21686.4             0 0 0 0 0 
        24000             0 0 0 0 0 
      26560.4             0 0 0 0 0 
      29393.9             0 0 0 0 0 
      32529.7             0 0 0 0 0 
        36000             0 0 0 0 0 
