         0.01   4.43638e-13 6 1.06618714901069e-05 4.73000807398265e-18 0.010309284118772 
    0.0110668   1.51936e-11 5 1.24817840474644e-05 1.8964282473187e-16 0.011482446340436 
    0.0122474   2.79926e-10 6 1.52588887825155e-05 4.2713672724634e-15 0.0125956690007836 
     0.013554   4.38661e-09 6 1.87053763819387e-05 8.20531893415751e-14 0.0139230060635176 
        0.015    4.0469e-08 5 1.91273617639915e-05 7.74065344744378e-13 0.0151986594051991 
    0.0161185   2.64189e-07 4 1.87380627012279e-05 4.95038385098408e-12 0.0163971693829392 
    0.0173205   1.17167e-06 4 2.16118297517976e-05 2.53218764678589e-11 0.017537964185609 
    0.0186121   4.95448e-06 5 2.49687032089518e-05 1.23706966901884e-10 0.0188444805044239 
         0.02    2.2384e-05 6 3.55396824338641e-05 7.9552177983237e-10 0.0204577015653383 
    0.0221336    0.00958805 6 4.98809279652599e-05 4.78260864343692e-07 0.0232474467373884 
    0.0244949      0.527007 6 6.1079195833439e-05 3.21891577081502e-05 0.0253482029745783 
    0.0271081       13.9644 7 7.48304511872754e-05 0.00104496240331497 0.0275464168945366 
         0.03       29.4866 5 7.6589920437116e-05 0.00225837680721868 0.0298145945337507 
    0.0322371       14.1962 3 7.49100168751417e-05 0.001063434310286 0.031940331255039 
     0.034641       16.3527 4 8.64530802006712e-05 0.00141374016333475 0.0352346207229231 
    0.0372242       68.4718 4 9.98431100326717e-05 0.00683643741969103 0.0374681313838299 
         0.04       149.577 3 0.000101140274658185 0.015128239407067 0.0401987990593016 
    0.0422949       179.524 4 9.99909099000678e-05 0.0179507960815347 0.0423602746033277 
    0.0447214       193.725 4 0.000111568255345704 0.0216135157357702 0.0447114912132168 
    0.0472871       188.875 3 0.000125015470912756 0.0236122828995437 0.0474145360355331 
         0.05       207.461 4 0.000125771513960104 0.0260927399969571 0.0499437580997068 
    0.0523318        215.44 4 0.000125049125386806 0.026940521171036 0.0523319471306722 
    0.0547723        157.42 4 0.000136759417475234 0.0215286284027437 0.0547462852948511 
    0.0573266       208.729 3 0.000150010342580168 0.0313115632813039 0.0574440876507142 
         0.06        175.69 5 0.000216016521850477 0.0379518688370648 0.060378507235424 
    0.0644742       178.234 6 0.000299640022938474 0.0534061340265995 0.0645809288535713 
     0.069282       169.418 6 0.000345943033057163 0.0586088734708379 0.0693438803452412 
    0.0744484        156.39 6 0.000399486287869691 0.0624758521533829 0.0744485687294562 
         0.08       135.985 6 0.000404414778050581 0.0549943809797956 0.0798011430822443 
    0.0845897        124.51 6 0.000399732533537747 0.0497705327146579 0.0846596949596691 
    0.0894427       112.335 6 0.000446866202391426 0.0501985906991848 0.0894234968663447 
    0.0945742        165.68 6 0.00049957032365118 0.0827686011258055 0.0948876934012577 
          0.1       158.815 6 0.000503492407234358 0.0799623976959661 0.0997708738529579 
     0.104664       158.184 6 0.000499790150153293 0.0790586926978065 0.104745833816284 
     0.109545       143.828 6 0.000547438846618139 0.078737049575318 0.109575612808408 
     0.114653       128.398 6 0.000599640193603462 0.07699258793803 0.114627346546936 
         0.12       103.671 7 0.000736191522916727 0.0763217781618181 0.120297035973232 
     0.126885        92.959 9 0.000899285358025619 0.0835966373636778 0.126986409179404 
     0.134164       79.8543 8 0.00100556179781495 0.0802984250154846 0.134162980026563 
     0.141861       66.4902 10 0.0011241235385528 0.0747431681400198 0.141930447432933 
         0.15       55.6411 12 0.00145659758375067 0.0810466236262963 0.150536138059461 
     0.161185       45.6378 12 0.00187254014416479 0.0854585770995731 0.161306076447756 
     0.173205       38.7657 15 0.00216233638545751 0.0838244177515178 0.173293194474133 
     0.186121       31.2346 14 0.00249682904871282 0.0779875403780008 0.186210143002182 
          0.2       25.1585 14 0.0025276742462051 0.0635925413435158 0.199160757272593 
     0.211474       19.5922 14 0.00249798647087639 0.0489409981513355 0.211787418867755 
     0.223607       17.5597 13 0.00279301850233687 0.049044682366901 0.223652396951733 
     0.236435        14.411 14 0.00312254837338258 0.0449989054696476 0.236446995594968 
         0.25       11.9169 15 0.00314692308707586 0.0375015043359805 0.249385603076119 
     0.261659       10.2047 13 0.00312336406193427 0.0318730612013447 0.261677782170158 
     0.273861       8.68792 13 0.00342148777546342 0.0297256275465096 0.273878045317995 
     0.286633        7.3892 13 0.00374822583826753 0.027696380163116 0.286662662382688 
          0.3       6.26378 7 0.00410552576188512 0.0257161082492053 0.299978050477513 
     0.313991       5.31802 9 0.00449792338954018 0.0239200344031324 0.314023208602299 
     0.328634       4.51149 8 0.00492713758140304 0.0222287192891 0.328655080873916 
     0.343959       3.82236 9 0.00539724144502778 0.0206302053423366 0.343979104936541 
         0.36       3.13215 11 0.0062315403166951 0.0195181113961906 0.360209401031391 
     0.378521       2.61886 10 0.00719571463664601 0.0188445533913667 0.378794974301362 
     0.397995       2.30686 11 0.00795490255464937 0.0183508799622112 0.398058454346472 
     0.418471       1.93112 12 0.00879420364923584 0.0169826741844756 0.418538869307746 
         0.44       1.59054 12 0.0103117819652346 0.0164013131904571 0.440678232601481 
     0.465243       1.30002 14 0.012090617883819 0.01571807177119 0.465284916246907 
     0.491935       1.05542 15 0.0135178722000817 0.0142670716532765 0.491992999793576 
     0.520158      0.860137 16 0.0151128246466378 0.0129991004641506 0.520164706310039 
         0.55      0.691813 17 0.0176407467603308 0.0122040935158529 0.550655167103751 
      0.58418      0.526455 18 0.0206066447762673 0.0108484647022757 0.584371805378451 
     0.620484      0.439176 20 0.0232470525581663 0.0102095516021328 0.620514581999323 
     0.659044      0.346962 21 0.0262260953470199 0.00909944935346884 0.659077758110191 
          0.7       0.27965 20 0.0264618832320159 0.00740006600113005 0.69796623555827 
     0.734815      0.229493 19 0.0262343140602596 0.0060206009271747 0.734831915164437 
     0.771362      0.190061 19 0.028909336781675 0.00549453336874825 0.771396834575249 
     0.809727      0.155761 21 0.0318563828545383 0.00496197057465824 0.809555115969983 
         0.85       0.12651 20 0.0320481901627819 0.00405440339354119 0.848426116561543 
     0.885246      0.110759 19 0.0318618455862336 0.00352898689260723 0.885290288796879 
     0.921954     0.0954213 20 0.0345586802615109 0.00329763580553896 0.921941507086365 
     0.960185     0.0815496 20 0.0374849632601845 0.00305688299943612 0.960221415294127 
            1     0.0698762 317 0.0376461367621117 0.00263056759279868 0.998501851506056 
      1.03556     0.0610087 725 0.0374885604737304 0.00228712705487725 1.03556193106226 
      1.07238     0.0531656 750 0.0402020020570234 0.00213736158401014 1.07235922872402 
      1.11051     0.0462443 778 0.0431118446798024 0.00199367801922729 1.11059655163765 
         1.15     0.0405994 753 0.0432521604493654 0.00175601213952694 1.14874275429843 
      1.18579     0.0358985 729 0.0431148753839645 0.00154775881570284 1.18580700795463 
       1.2227     0.0318458 750 0.0458405578766622 0.001459827891648 1.22270874801458 
      1.26076     0.0281895 774 0.0487385548333441 0.00137391739100563 1.26074086018321 
          1.3       0.02404 1295 0.0849451323190789 0.00204208411465858 1.31204037887588 
      1.39018     0.0191688 1867 0.129854093359699 0.00248915287580709 1.39020262947336 
      1.48661     0.0147057 1997 0.148493837021643 0.00218370804538034 1.48664415688252 
      1.58973     0.0112833 1686 0.169809199935207 0.0019160026045984 1.58974115099746 
          1.7    0.00888305 905 0.152752219998048 0.00135690619599443 1.68885261657938 
      1.77049    0.00738435 721 0.127447416736207 0.00094111675291909 1.77054223817118 
      1.84391    0.00624403 750 0.138236134330147 0.000863151008557811 1.84386370325769 
      1.92037    0.00533983 781 0.149938137656048 0.00080064382895555 1.92030644967644 
            2    0.00463676 641 0.127356301153364 0.000590520446084806 1.99164094562433 
      2.04823    0.00414853 489 0.0999858098723715 0.000414793884794615 2.04822777966778 
      2.09762    0.00377289 501 0.104866001319348 0.000395648122451705 2.09762253792721 
       2.1482    0.00341436 513 0.109984390045217 0.000375526571300481 2.14811249740399 
          2.2    0.00303605 837 0.185442463295924 0.000563013380736925 2.21516139454368 
      2.31557    0.00254572 1187 0.274819982296366 0.000699614493422799 2.31558904007293 
      2.43721    0.00207628 1250 0.304452013301073 0.000632126730662795 2.43721773439041 
      2.56524    0.00168801 1315 0.337279069226118 0.000569330653713483 2.56510034392649 
          2.7    0.00141388 1035 0.277586697300329 0.000392474279164161 2.68335057833446 
      2.77206     0.0012411 731 0.202464886487269 0.00025127860932717 2.77209190039611 
      2.84605    0.00111667 751 0.213416728984594 0.000238315273553347 2.84598665489087 
      2.92201    0.00100742 771 0.224960984238723 0.000226630395557811 2.9220141761102 
            3   0.000893505 980 0.294763966593354 0.000263373119375032 3.00910419802755 
      3.11787   0.000777019 1203 0.37486085282748 0.000291273866112074 3.11786994881453 
      3.24037   0.000664483 730 0.404896000124263 0.000269046556687428 3.24025669731791 
      3.36768   0.000570881 650 0.437337662545492 0.00024966796285182 3.36770875325399 
          3.5   0.000492058 629 0.439050054212156 0.000216038101031623 3.49549522900666 
      3.61881   0.000428297 605 0.437378169343105 0.000187327650730525 3.61881011868288 
      3.74166   0.000373462 625 0.467576927452484 0.000174622008742057 3.74165330689492 
      3.86867   0.000327683 647 0.499860764596995 0.000163795808277067 3.86866325091289 
            4   0.000287014 628 0.5013530953211 0.000143895577516182 3.99592849361918 
      4.11953   0.000254488 608 0.499891660710675 0.000127216355711126 4.11951572163262 
      4.24264   0.000226359 626 0.530215169618854 0.000120018971302313 4.24264111665752 
      4.36943   0.000200872 644 0.562378116260632 0.000112965984604591 4.36941441635968 
          4.5   0.000179335 628 0.563700811706971 0.000101091141862189 4.49650804000008 
      4.62011   0.000159945 609 0.562402460354146 8.99532050435467e-05 4.61989618712002 
      4.74342    0.00014464 626 0.592824249732507 8.57459537774662e-05 4.74343343701715 
      4.87002   0.000130168 643 0.624891621514956 8.13406759726746e-05 4.87001327358781 
            5   0.000117391 627 0.626079489176662 7.34963138888674e-05 4.99685667883008 
      5.12057   0.000106092 611 0.624911309648252 6.62981652356305e-05 5.12053783011743 
      5.24404   9.66827e-05 626 0.655412510807671 6.33670456065024e-05 5.24403889997315 
       5.3705   8.78485e-05 641 0.687402440032565 6.03872600055836e-05 5.37049190706075 
          5.5   7.99881e-05 627 0.688480516175885 5.50702166277134e-05 5.49714347267936 
      5.62095    7.3135e-05 612 0.68741868514517 5.02743507662992e-05 5.62094610010677 
      5.74456   6.69927e-05 626 0.717985403966741 4.80997647705232e-05 5.74456419786961 
      5.87089   6.11714e-05 640 0.749911294416897 4.5873155587771e-05 5.87074673345081 
            6    5.6314e-05 627 0.750898224018675 4.22861152435416e-05 5.99741394278045 
      6.12127   5.19049e-05 613 0.749924933022883 3.892475618993e-05 6.12126821872357 
        6.245   4.78329e-05 626 0.78054661783497 3.7335802378156e-05 6.24494212815517 
      6.37122   4.41758e-05 550 0.812418679261579 3.58892425133895e-05 6.37122370028058 
          6.5   4.08217e-05 314 0.813328706754037 3.32014739999005e-05 6.49758462041669 
      6.62155   3.78307e-05 307 0.812430302747168 3.07348122288133e-05 6.62154284392985 
      6.74537   3.50401e-05 314 0.843098747717441 2.95422801029263e-05 6.74530484291233 
      6.87151   3.25823e-05 319 0.874924933961998 2.85071069725247e-05 6.87150422711885 
            7   3.02805e-05 314 0.875769207586832 2.65187602470302e-05 6.99775752694929 
      7.12178   2.82113e-05 308 0.874934933781325 2.46830660174364e-05 7.1217796167331 
      7.24569    2.6317e-05 313 0.905643684669164 2.38338016494267e-05 7.24568284293083 
      7.37175   2.45378e-05 319 0.937430286236626 2.30024505735472e-05 7.37171386728249 
          7.5   2.26394e-05 314 0.938217705672175 2.12406992594341e-05 7.49806789703853 
      7.62199   2.14588e-05 309 0.937438973663836 2.01163297176245e-05 7.62198880602593 
      7.74597   2.01086e-05 313 0.968182847542785 1.94688091682272e-05 7.7459611618709 
      7.87196   1.88427e-05 318 0.999934907830811 1.88415024079317e-05 7.87195351624283 
            8   1.76737e-05 314 1.0006726813639 1.7685566497894e-05 7.99803840905668 
      8.12217   1.66048e-05 309 0.999942582190992 1.6603864644805e-05 8.12216246022955 
      8.24621   1.56251e-05 313 1.03071719853244 1.61050093018232e-05 8.24620625193559 
      8.37214    1.4699e-05 319 1.06243900277518 1.56168005887716e-05 8.37213899434864 
          8.5   1.38397e-05 313 1.06313294848204 1.47134162626608e-05 8.49815371369167 
      8.62233   1.30427e-05 310 1.06244576450221 1.38571296220323e-05 8.62230068333309 
      8.74643   1.22676e-05 313 1.09324769327914 1.34115601474953e-05 8.74637265990148 
      8.87231   1.16311e-05 318 1.12494257507114 1.30843739558534e-05 8.87230782095648 
            9   1.10187e-05 284 1.01647389603371 1.12002690306236e-05 8.99231148332497 
      9.09838   1.05098e-05 248 0.899973425067623 9.45855739526992e-06 9.09837229076284 
      9.19783   1.00589e-05 251 0.919755408193451 9.25171355417985e-06 9.19782265728947 
      9.29836   9.62664e-06 253 0.93997221236961 9.04877468215583e-06 9.29835767190315 
          9.4   9.25177e-06 175 0.651779293231496 6.03011237896103e-06 9.3837815452119 
      9.43728   9.06247e-06 94 0.352498600737101 3.19450781015424e-06 9.43728004597165 
       9.4747   8.92464e-06 95 0.355299991635666 3.17092457542591e-06 9.47470324180799 
      9.51228   8.78331e-06 95 0.358123590960152 3.1455120099106e-06 9.5122764053233 
         9.55   8.64467e-06 95 0.358140197181007 3.09600503893074e-06 9.54985263177461 
      9.58728   8.50943e-06 95 0.358123625122092 3.04742841869885e-06 9.58728020776694 
      9.62471   8.37654e-06 94 0.360925183196414 3.02330493533561e-06 9.62470765146059 
      9.66228     8.246e-06 95 0.363748613137981 2.99946975717684e-06 9.66227996660766 
          9.7   8.11785e-06 95 0.36376496317515 2.95298839713339e-06 9.69985482724409 
      9.73728   7.99253e-06 95 0.363748647015565 2.90727155485841e-06 9.73728361025075 
      9.77471   7.86972e-06 94 0.366550371256823 2.88464839509971e-06 9.77471211018513 
      9.81228   7.74894e-06 95 0.369373635144171 2.86225470833671e-06 9.81228338705358 
         9.85    7.6304e-06 95 0.36938973530295 2.81859326276603e-06 9.84985707727462 
      9.88729   7.51446e-06 95 0.369373665784079 2.77564343498304e-06 9.88728684765015 
      9.92472   7.40079e-06 94 0.372175556622773 2.75439483847251e-06 9.92471654572697 
      9.96229   7.28869e-06 95 0.374998656844768 2.73325077452902e-06 9.96228651894655 
           10   7.09708e-06 99 0.804462322303824 5.70933449928953e-06 10.0280783803138 
      10.1227   6.83397e-06 3 1.24994368204564 8.54207619245386e-06 10.1220153683342 
       10.247   6.51092e-06 3 1.2805288979176 8.33742666927589e-06 10.2441026240483 
      10.3727    6.1924e-06 2 1.31242456341624 8.12705250780569e-06 10.3721258285539 
         10.5    5.8908e-06 3 1.31338999133482 7.73692074718985e-06 10.501013218067 
      10.6228   5.62488e-06 3 1.31239451175087 7.38206548893586e-06 10.6216851493707 
      10.7471   5.37369e-06 2 1.34282745327402 7.21593314710315e-06 10.7425762996457 
      10.8728   5.11034e-06 3 1.37553578387628 7.02945580922228e-06 10.8769768760263 
           11   4.91933e-06 2 1.10594820710366 5.4405270049541e-06 10.9800515079332 
      11.0742   4.75144e-06 2 0.825065739133663 3.92024900014195e-06 11.0749568696536 
       11.149   4.62413e-06 2 0.836237739208614 3.8668689070087e-06 11.1496225497867 
      11.2242   4.50022e-06 2 0.847560956806538 3.81421478703196e-06 11.2247933071131 
         11.3    4.3798e-06 2 0.847700153181396 3.71275439467535e-06 11.3003731561095 
      11.3743   4.26429e-06 2 0.847606721142144 3.61444434708119e-06 11.3753303543876 
       11.449   4.15325e-06 2 0.858768829328891 3.56667777548589e-06 11.4498207525179 
      11.5243   4.04509e-06 2 0.870077686798229 3.5195391776638e-06 11.5248059444218 
         11.6   3.93543e-06 2 1.01229691872336 3.98382524225449e-06 11.6034455377456 
      11.6987   3.81395e-06 3 1.15954490125396 4.42244271458196e-06 11.6938584469628 
      11.7983   3.67304e-06 2 1.18035911813387 4.33550587492472e-06 11.8033067532417 
      11.8987   3.55353e-06 2 1.20019601269944 4.2649377895791e-06 11.9002528571434 
           12   3.43409e-06 2 1.34645602643099 4.6238537261594e-06 12.0013668383424 
      12.1231   3.29516e-06 3 1.50022884798264 4.94349150237122e-06 12.1245804566603 
      12.2474   3.16545e-06 2 1.53074768585098 4.84550646403999e-06 12.2457314015122 
      12.3731   3.03569e-06 3 1.5625597111599 4.74344367292479e-06 12.3731692926751 
         12.5   2.91443e-06 2 1.56299566395953 4.55524540788143e-06 12.4986792618893 
      12.6232   2.80315e-06 3 1.56211012831599 4.3788231964803e-06 12.6196501941602 
      12.7475   2.68804e-06 2 1.59395095087414 4.28460215139091e-06 12.7513194283491 
      12.8732   2.59254e-06 2 1.62412802008123 4.2106217378569e-06 12.8659916493037 
           13    2.4827e-06 3 1.62620957358606 4.0373911427575e-06 13.0045606159073 
      13.1232   2.39428e-06 2 1.62486346344298 3.89038326978072e-06 13.1217663100724 
      13.2476   2.30696e-06 3 1.65541726207533 3.81897763965115e-06 13.242970545609 
      13.3732   2.21403e-06 2 1.68819718009276 3.73771399269906e-06 13.378430471659 
         13.5   2.13747e-06 2 1.68755415952354 3.60710265338947e-06 13.4954161677227 
      13.6233   2.05942e-06 3 1.68716866728106 3.47459085489809e-06 13.6202312377455 
      13.7477   1.98052e-06 2 1.71911462489138 3.40474732017599e-06 13.7525509739484 
      13.8733   1.91312e-06 2 1.7497481543194 3.34748088493384e-06 13.8708667338072 
           14   1.84699e-06 3 1.74962543915853 3.23154657730756e-06 13.9921941031779 
      14.1234   1.77539e-06 2 1.75083790487648 3.10842373079751e-06 14.1297835083566 
      14.2478    1.7163e-06 2 1.78113150113252 3.05695771085105e-06 14.2485711621783 
      14.3734   1.65917e-06 2 1.811940395246 3.00630904335983e-06 14.3684750086511 
         14.5   1.60096e-06 3 1.81259369484402 2.90189630496268e-06 14.4960397635944 
      14.6234    1.5432e-06 2 1.81317679667986 2.79809598478536e-06 14.6284675516987 
      14.7479   1.49299e-06 2 1.84364694150851 2.75254551720929e-06 14.7486422180305 
      14.8734    1.4444e-06 2 1.87462233521904 2.70771231751737e-06 14.8698971540483 
           15   1.38314e-06 3 2.78515246037592 3.85226794213229e-06 15.0300375427266 
       15.244   1.30765e-06 3 3.74898630761633 4.90237742227556e-06 15.2401011187404 
      15.4919   1.22357e-06 4 3.87314095584405 4.7390769837582e-06 15.4928196655361 
      15.7439   1.14627e-06 3 4.00023510975984 4.58534587863372e-06 15.7450357547888 
           16   1.07612e-06 3 4.00213805450649 4.30680019603893e-06 15.9930398143744 
      16.2443   1.01152e-06 4 3.99888379594402 4.04493371052784e-06 16.240117121263 
      16.4924   9.49631e-07 3 4.12387991649744 3.91616428939197e-06 16.4958250400849 
      16.7443   8.93647e-07 3 4.25032008810315 3.79828425441131e-06 16.745625208351 
           17   8.41662e-07 3 4.25265466083909 3.57929776718161e-06 16.9958067462827 
      17.2447   7.93846e-07 3 4.24977753519079 3.37366785050811e-06 17.2436127923699 
      17.4929    7.4935e-07 3 4.37291591682793 3.27684285519905e-06 17.4915385745561 
      17.7446   7.07347e-07 3 4.49962040451963 3.18279278339651e-06 17.7430436997897 
           18    6.6809e-07 3 4.50239273541936 3.00800439310695e-06 17.9955700357211 
       18.245   6.31979e-07 3 4.49998969521556 2.84389777007553e-06 18.2447484602551 
      18.4932   5.98403e-07 3 4.6232717556642 2.76657964795848e-06 18.4928729346259 
      18.7449   5.66611e-07 3 4.74993034308824 2.69136193721291e-06 18.7443794439384 
           19   5.36872e-07 3 4.75241392338453 2.55143770720445e-06 18.9961356578471 
      19.2452   5.09516e-07 3 4.7496999309767 2.42004754756849e-06 19.2436040529689 
      19.4936   4.83936e-07 3 4.8726993746359 2.35807352247468e-06 19.4905296406667 
      19.7452   4.59638e-07 3 4.99887280297112 2.29766955560529e-06 19.7407179786866 
           20   4.30926e-07 3 7.39326763314761 3.18595481816916e-06 20.0578005939241 
      20.4823   3.96035e-07 5 9.99807646400015 3.95959163911714e-06 20.4801393232787 
      20.9762   3.59407e-07 4 10.4877506478566 3.76937222735341e-06 20.9773850699791 
       21.482   3.26777e-07 5 10.9963080958064 3.59334339707596e-06 21.4767940419569 
           22    3.0003e-07 3 8.37890147422556 2.5139211931447e-06 21.9357168397829 
      22.2458    2.8382e-07 3 5.49852522409608 1.56059213876342e-06 22.2393240727001 
      22.4944   2.70951e-07 2 5.62407194363579 1.52384754500104e-06 22.4960331992387 
      22.7458   2.59043e-07 3 5.75050137918891 1.4896270341226e-06 22.7471406385175 
           23   2.48252e-07 2 5.74975894167429 1.42738821026711e-06 22.987867919744 
       23.246   2.36919e-07 3 5.7523034238247 1.36282892344459e-06 23.2548481204292 
      23.4947   2.27834e-07 3 5.87027616501899 1.33744733726188e-06 23.4807850736455 
       23.746   2.17257e-07 2 6.00319259389799 1.3042353297667e-06 23.7583159453677 
           24   2.09071e-07 3 5.99894747818611 1.25420472952861e-06 23.9848938964448 
      24.2462   1.99736e-07 2 6.00284990486749 1.19898693848862e-06 24.2572725233447 
      24.4949   1.92474e-07 2 6.12019895399792 1.17797752741972e-06 24.4803823426316 
      24.7462   1.83863e-07 3 6.25333040731132 1.14975508255424e-06 24.7588986547261 
           25   1.77168e-07 2 6.24936762988959 1.10718555701481e-06 24.9869456191083 
      25.2463   1.69731e-07 3 6.2518600922407 1.06113391056058e-06 25.2531439902691 
      25.4951   1.63368e-07 2 6.37336807766759 1.04120147153593e-06 25.4928336188527 
      25.7463   1.57097e-07 3 6.4987535051137 1.02093456042143e-06 25.7405943135351 
           26   1.50745e-07 2 6.50372758895232 9.80404996741732e-07 26.0046371348932 
      26.2465   1.45459e-07 2 6.49734757632532 9.45100287776464e-07 26.2351052789234 
      26.4953   1.39652e-07 3 6.62534773327472 9.25240651785979e-07 26.5006194796894 
      26.7465    1.3449e-07 2 6.75070036281739 9.07903443086331e-07 26.7484682992282 
           27   1.29821e-07 2 6.74828070573551 8.76065845293138e-07 26.9832244067044 
      27.2466   1.24638e-07 3 6.75258655537889 8.41626398681425e-07 27.2563342922633 
      27.4955   1.20266e-07 2 6.87468253390536 8.26791566765215e-07 27.4978698085045 
      27.7466   1.16164e-07 2 6.99722998727047 8.12823799667858e-07 27.7348443522822 
           28   1.10817e-07 3 10.3907611376326 1.15147475476431e-06 28.0594918286114 
      28.4871   1.04228e-07 4 13.9998216296884 1.45917120935101e-06 28.48730118137 
      28.9828   9.72359e-08 3 14.4899287466699 1.40894140436921e-06 28.9805731294937 
       29.487   9.06635e-08 4 14.9993136885243 1.35989031917887e-06 29.4861773701923 
           30   8.27275e-08 5 25.5170405371125 2.11095996116219e-06 30.1595923283337 
      31.1787   7.23257e-08 6 37.4841999878684 2.711070952757e-06 31.1754855146873 
      32.4037   6.18508e-08 7 40.493134287248 2.50453339143679e-06 32.4046666940848 
      33.6768   5.29686e-08 6 43.7278528872747 2.31620389121589e-06 33.6706473167071 
           35   4.55221e-08 7 43.9086920134467 1.99881660554854e-06 34.9564522362361 
      36.1881   3.95943e-08 5 43.734283847931 1.73163019299459e-06 36.1837876411762 
      37.4166   3.45663e-08 6 46.762688989294 1.61641167486525e-06 37.4190335419694 
      38.6867   3.02058e-08 6 49.9892603023718 1.50996604286412e-06 38.6869366139002 
           40   2.65151e-08 7 50.1295346977687 1.32919164283657e-06 39.9543060481914 
      41.1953   2.34362e-08 8 49.9871733533585 1.17151070469759e-06 41.1929077660791 
      42.4264   2.07981e-08 9 53.0227366742275 1.10277322984528e-06 42.4266336177157 
      43.6943   1.84613e-08 8 56.2395294188725 1.03825515258579e-06 43.6946558588222 
           45   1.64421e-08 8 56.369800822974 9.26839669053343e-07 44.9638321660705 
      46.2011   1.47346e-08 7 56.2392508231545 8.28663204658148e-07 46.1993202755428 
      47.4342   1.32426e-08 8 59.2837802587984 7.85073522757494e-07 47.4342699677311 
      48.7002   1.19055e-08 7 62.4882015543071 7.4395293623997e-07 48.6984706386432 
           50   1.07305e-08 7 62.6050497943019 6.7178660578597e-07 49.9655443232992 
      51.2057    9.7164e-09 7 62.4934703784537 6.07211865195374e-07 51.2069103315869 
      52.4404   8.82364e-09 7 65.5431163045365 5.78329087119175e-07 52.4409790437835 
       53.705    8.0129e-09 7 68.7415478437042 5.5081924244362e-07 53.7048465003095 
           55   7.29283e-09 7 68.8469366276903 5.02088778872638e-07 54.9694322886866 
      56.2095    6.6633e-09 6 68.7436185199283 4.5805938253758e-07 56.2098052353695 
      57.4456   6.10428e-09 6 71.7930616844706 4.38244652659718e-07 57.4402634935027 
      58.7089   5.58648e-09 7 74.9966801761025 4.18967751464858e-07 58.7122796931503 
           60    5.1271e-09 7 75.087193988332 3.84979193367002e-07 59.9707887515883 
      61.2127   4.71923e-09 8 74.99261147583 3.53907318449315e-07 61.2120903290783 
        62.45   4.35208e-09 8 78.0547189759195 3.39700562510479e-07 62.449277635103 
      63.7122    4.0135e-09 8 81.2418561744516 3.26064069194781e-07 63.7114746024937 
           65   3.70739e-09 8 81.3298865501766 3.01521492452204e-07 64.9729149385417 
      66.2155    3.4333e-09 7 81.2466708929798 2.78944255146348e-07 66.2178298986977 
      67.4537   3.18637e-09 7 84.3063606302366 2.6863154839476e-07 67.4502430767299 
      68.7151   2.95518e-09 8 87.4960707815523 2.5856681391304e-07 68.7172156174344 
           70   2.74569e-09 7 87.577209140912 2.40460011124046e-07 69.9770669722034 
      71.2178   2.55728e-09 7 87.4936849505446 2.23745419295536e-07 71.2171867578088 
      72.4569   2.38483e-09 7 90.5645677173219 2.1598140776423e-07 72.4562094255719 
      73.7175   2.22402e-09 7 93.7432333294911 2.08486808800582e-07 73.7167884159491 
           75   2.07642e-09 7 93.8217864079546 1.94813886212265e-07 74.9782789771864 
      76.2199   1.94342e-09 6 93.738554602786 1.82173378399224e-07 76.2149391412853 
      77.4597    1.8197e-09 7 96.8241047045903 1.76190460684334e-07 77.4636806070676 
      78.7196    1.7052e-09 7 99.9917135871343 1.70506099731269e-07 78.7173557730372 
           80   1.59889e-09 7 100.066895283499 1.59996435959184e-07 79.9794866907461 
      81.2217   1.50231e-09 8 99.9930269696295 1.50220905431046e-07 81.2201959283211 
      82.4621   1.41297e-09 7 103.069158422726 1.45634043435485e-07 82.4596783914543 
      83.7214   1.32861e-09 8 106.2467679355 1.41160071834362e-07 83.7233063658933 
           85   1.25072e-09 8 106.314618095975 1.32969849736467e-07 84.9820876137691 
      86.2233    1.1795e-09 7 106.243429924535 1.2531452739837e-07 86.221861974526 
      87.4643   1.11317e-09 8 109.324573367273 1.21696363358493e-07 87.4636030882888 
      88.7231   1.05052e-09 7 112.496087353895 1.18179569318342e-07 88.7239707490426 
           90   9.92386e-10 7 112.55795409215 1.11700924172664e-07 89.9806068704496 
      91.2248   9.38775e-10 7 112.494096412983 1.05606598398234e-07 91.2236772886693 
      92.4662   8.88789e-10 7 115.576531921764 1.02723134343381e-07 92.4650290221653 
      93.7245   8.41465e-10 7 118.743424991802 9.99183898279028e-08 93.7232790071723 
           95   7.97134e-10 7 118.80862178829 9.47063997431829e-08 94.9847665807812 
      96.2261   7.56252e-10 7 118.748358886339 8.98036574830229e-08 96.2281424187995 
      97.4679   7.18067e-10 7 121.830256191935 8.74823304875817e-08 97.4675445739675 
      98.7259    6.8181e-10 7 124.992053293441 8.52208180582901e-08 98.7230523856843 
          100    6.4765e-10 7 125.05474288804 8.09917086118274e-08 99.9846553151244 
      101.227   6.16137e-10 8 124.992243701266 7.7012304088658e-08 101.224336900567 
       102.47    5.8634e-10 7 128.08480827581 7.51012874870103e-08 102.471306620986 
      103.727    5.5812e-10 8 131.246109407196 7.32511314278249e-08 103.727345634836 
          105   5.31612e-10 7 131.297508682421 6.9799269853924e-08 104.98176094007 
      106.228   5.06758e-10 8 131.249084496034 6.65115850680935e-08 106.230745244342 
      107.471   4.83509e-10 7 134.333808598862 6.49515535797177e-08 107.470217127988 
      108.728   4.61296e-10 8 137.493132403476 6.34250031475635e-08 108.725943915533 
          110   4.35508e-10 10 203.532100483583 8.86397691497324e-08 110.279875707595 
      112.419    4.0289e-10 13 274.966884894901 1.10781343396622e-07 112.418175342272 
      114.891   3.68927e-10 13 287.193296742129 1.0595329121706e-07 114.890330394368 
      117.418   3.37827e-10 13 299.963346820779 1.01335644202305e-07 117.416857558249 
          120   3.09882e-10 13 300.362180704224 9.30766844680739e-08 119.94838522622 
      122.425   2.85274e-10 14 299.97016026259 8.55736228606444e-08 122.424972148462 
        124.9   2.63068e-10 14 312.218828819317 8.21349368926143e-08 124.899448863454 
      127.424   2.42592e-10 14 324.967646184023 7.88344304876307e-08 127.423940608286 
          130    2.2406e-10 13 325.327329551668 7.28927786806021e-08 129.949653096614 
      132.431   2.07545e-10 13 324.971767787722 6.74463419120929e-08 132.430442566317 
      134.907   1.92544e-10 13 337.239111499777 6.49332322985931e-08 134.906855549397 
       137.43   1.78625e-10 14 349.970377828637 6.25133202291196e-08 137.429890348247 
          140   1.65923e-10 13 350.311712192839 5.81248019678593e-08 139.956431881258 
      142.436   1.54538e-10 14 349.973959661482 5.40841013946367e-08 142.435195041608 
      144.914   1.44111e-10 14 362.257195727859 5.22054217828598e-08 144.913163332002 
      147.435   1.34389e-10 14 374.971534238483 5.03919965512117e-08 147.434248768159 
          150   1.18429e-10 35 1046.10534426283 1.23889148346177e-07 152.075628541748 
      161.185   1.02128e-10 21 695.44724011074 7.10248900598299e-08 157.764543434078 
      173.205             0 0 0 0 0 
      186.121             0 0 0 0 0 
          200             0 0 0 0 0 
      211.474             0 0 0 0 0 
      223.607             0 0 0 0 0 
      236.435             0 0 0 0 0 
          250             0 0 0 0 0 
      261.659             0 0 0 0 0 
      273.861             0 0 0 0 0 
      286.633             0 0 0 0 0 
          300             0 0 0 0 0 
      322.371             0 0 0 0 0 
       346.41             0 0 0 0 0 
      372.242             0 0 0 0 0 
          400             0 0 0 0 0 
      422.949             0 0 0 0 0 
      447.214             0 0 0 0 0 
      472.871             0 0 0 0 0 
          500             0 0 0 0 0 
      543.879             0 0 0 0 0 
      591.608             0 0 0 0 0 
      643.526             0 0 0 0 0 
          700             0 0 0 0 0 
      765.286             0 0 0 0 0 
       836.66             0 0 0 0 0 
      914.691             0 0 0 0 0 
         1000             0 0 0 0 0 
      1106.68             0 0 0 0 0 
      1224.74             0 0 0 0 0 
       1355.4             0 0 0 0 0 
         1500             0 0 0 0 0 
      1660.02             0 0 0 0 0 
      1837.12             0 0 0 0 0 
       2033.1             0 0 0 0 0 
         2250             0 0 0 0 0 
      2485.41             0 0 0 0 0 
      2745.45             0 0 0 0 0 
       3032.7             0 0 0 0 0 
         3350             0 0 0 0 0 
      3702.76             0 0 0 0 0 
      4092.68             0 0 0 0 0 
      4523.65             0 0 0 0 0 
         5000             0 0 0 0 0 
      5514.87             0 0 0 0 0 
      6082.76             0 0 0 0 0 
      6709.13             0 0 0 0 0 
         7400             0 0 0 0 0 
      8170.94             0 0 0 0 0 
      9022.19             0 0 0 0 0 
      9962.14             0 0 0 0 0 
        11000             0 0 0 0 0 
      11469.1             0 0 0 0 0 
      11958.3             0 0 0 0 0 
      12468.3             0 0 0 0 0 
        13000             0 0 0 0 0 
      13692.7             0 0 0 0 0 
      14422.2             0 0 0 0 0 
      15190.6             0 0 0 0 0 
        16000             0 0 0 0 0 
      17706.9             0 0 0 0 0 
      19595.9             0 0 0 0 0 
      21686.4             0 0 0 0 0 
        24000             0 0 0 0 0 
      26560.4             0 0 0 0 0 
      29393.9             0 0 0 0 0 
      32529.7             0 0 0 0 0 
        36000             0 0 0 0 0 
