     9.09        3.298047E+16   1.0000E-50   0.0000E+00   1.00000
     9.35        3.206337E+16   1.0000E-50   0.0000E+00   1.00000
     9.61        3.119589E+16   1.0000E-50   0.0000E+00   1.00000
     9.77        3.068501E+16   1.0000E-50   0.0000E+00   1.00000
     9.96        3.009965E+16   1.0000E-50   0.0000E+00   1.00000
    10.20        2.939142E+16   1.0000E-50   0.0000E+00   1.00000
    10.38        2.888174E+16   1.0000E-50   0.0000E+00   1.00000
    10.56        2.838944E+16   1.0000E-50   0.0000E+00   1.00000
    10.77        2.783589E+16   1.0000E-50   0.0000E+00   1.00000
    11.04        2.715512E+16   1.0000E-50   0.0000E+00   1.00000
    11.40        2.629759E+16   1.0000E-50   0.0000E+00   1.00000
    11.78        2.544928E+16   1.0000E-50   0.0000E+00   1.00000
    12.13        2.471496E+16   1.0000E-50   0.0000E+00   1.00000
    12.48        2.402183E+16   1.0000E-50   0.0000E+00   1.00000
    12.71        2.358714E+16   1.0000E-50   0.0000E+00   1.00000
    12.84        2.334833E+16   1.0000E-50   0.0000E+00   1.00000
    13.05        2.297261E+16   1.0000E-50   0.0000E+00   1.00000
    13.24        2.264294E+16   1.0000E-50   0.0000E+00   1.00000
    13.39        2.238928E+16   1.0000E-50   0.0000E+00   1.00000
    13.66        2.194674E+16   1.0000E-50   0.0000E+00   1.00000
    13.98        2.144438E+16   1.0000E-50   0.0000E+00   1.00000
    14.33        2.092062E+16   1.0000E-50   0.0000E+00   1.00000
    14.72        2.036634E+16   1.0000E-50   0.0000E+00   1.00000
    15.10        1.985381E+16   1.0000E-50   0.0000E+00   1.00000
    15.52        1.931653E+16   1.0000E-50   0.0000E+00   1.00000
    15.88        1.887862E+16   1.0000E-50   0.0000E+00   1.00000
    16.20        1.850571E+16   1.0000E-50   0.0000E+00   1.00000
    16.60        1.805979E+16   1.0000E-50   0.0000E+00   1.00000
    17.03        1.760379E+16   1.0000E-50   0.0000E+00   1.00000
    17.34        1.728907E+16   1.0000E-50   0.0000E+00   1.00000
    17.68        1.695659E+16   1.0000E-50   0.0000E+00   1.00000
    18.02        1.663665E+16   1.0000E-50   0.0000E+00   1.00000
    18.17        1.649931E+16   1.0000E-50   0.0000E+00   1.00000
    18.61        1.610922E+16   1.0000E-50   0.0000E+00   1.00000
    19.10        1.569594E+16   1.0000E-50   0.0000E+00   1.00000
    19.39        1.546119E+16   1.0000E-50   0.0000E+00   1.00000
    19.84        1.511051E+16   1.0000E-50   0.0000E+00   1.00000
    20.18        1.485592E+16   1.0000E-50   0.0000E+00   1.00000
    20.50        1.462402E+16   1.0000E-50   0.0000E+00   1.00000
    21.05        1.424192E+16   1.0000E-50   0.0000E+00   1.00000
    21.62        1.386644E+16   1.0000E-50   0.0000E+00   1.00000
    21.98        1.363933E+16   1.0000E-50   0.0000E+00   1.00000
    22.30        1.344361E+16   1.0000E-50   0.0000E+00   1.00000
    22.68        1.321836E+16   1.0000E-50   0.0000E+00   1.00000
    23.00        1.303446E+16   1.0000E-50   0.0000E+00   1.00000
    23.40        1.281165E+16   1.0000E-50   0.0000E+00   1.00000
    24.00        1.249135E+16   1.0000E-50   0.0000E+00   1.00000
    24.65        1.216197E+16   1.0000E-50   0.0000E+00   1.00000
    25.24        1.187767E+16   1.0000E-50   0.0000E+00   1.00000
    25.68        1.167416E+16   1.0000E-50   0.0000E+00   1.00000
    26.00        1.153048E+16   1.0000E-50   0.0000E+00   1.00000
    26.40        1.135578E+16   1.0000E-50   0.0000E+00   1.00000
    26.85        1.116546E+16   1.0000E-50   0.0000E+00   1.00000
    27.35        1.096133E+16   1.0000E-50   0.0000E+00   1.00000
    27.85        1.076454E+16   1.0000E-50   0.0000E+00   1.00000
    28.40        1.055607E+16   1.0000E-50   0.0000E+00   1.00000
    29.00        1.033767E+16   9.0855E-38   9.0984E-38   0.99858
    29.60        1.012813E+16   5.2552E-37   5.2553E-37   0.99997
    30.10        9.959884E+15   1.9308E-36   1.9313E-36   0.99972
    30.80        9.733523E+15   1.0975E-35   1.0975E-35   0.99997
    31.80        9.427437E+15   1.1562E-34   1.1563E-34   0.99998
    32.80        9.140015E+15   1.0697E-33   1.0697E-33   0.99998
    33.80        8.869601E+15   8.7650E-33   8.7651E-33   0.99998
    34.80        8.614727E+15   6.4110E-32   6.4111E-32   0.99999
    35.70        8.397549E+15   3.5188E-31   3.5190E-31   0.99994
    36.60        8.191052E+15   1.7872E-30   1.7872E-30   0.99999
    37.50        7.994467E+15   8.4082E-30   8.4091E-30   0.99989
    38.50        7.786818E+15   4.3343E-29   4.3344E-29   0.99998
    39.50        7.589684E+15   2.0644E-28   2.0646E-28   0.99992
    40.50        7.402284E+15   9.1152E-28   9.1154E-28   0.99999
    41.40        7.241365E+15   3.2659E-27   3.2659E-27   0.99999
    42.20        7.104088E+15   9.7236E-27   9.7237E-27   0.99999
    43.00        6.971919E+15   2.7788E-26   2.7794E-26   0.99978
    44.10        6.798016E+15   1.1068E-25   1.1068E-25   0.99998
    45.10        6.647284E+15   3.6719E-25   3.6719E-25   0.99999
    46.00        6.517228E+15   1.0330E-24   1.0330E-24   1.00000
    47.00        6.378564E+15   3.1108E-24   3.1109E-24   0.99996
    48.00        6.245677E+15   8.9485E-24   8.9485E-24   0.99999
    49.00        6.118214E+15   2.4650E-23   2.4650E-23   1.00000
    50.00        5.995850E+15   6.5154E-23   6.5154E-23   1.00000
    50.60        5.924753E+15   1.1860E-22   1.2305E-22   0.96387
    51.20        5.855322E+15   2.1206E-22   2.1238E-22   0.99848
    52.00        5.765240E+15   4.3026E-22   4.3084E-22   0.99865
    53.00        5.656462E+15   1.0119E-21   1.0121E-21   0.99982
    54.00        5.551713E+15   2.3028E-21   2.3052E-21   0.99896
    55.00        5.450773E+15   5.0954E-21   5.0961E-21   0.99987
    56.00        5.353438E+15   1.0947E-20   1.0947E-20   0.99998
    57.00        5.259518E+15   2.2888E-20   2.2888E-20   1.00000
    58.00        5.168836E+15   4.6633E-20   4.6663E-20   0.99936
    59.00        5.081229E+15   9.2808E-20   9.2814E-20   0.99994
    60.00        4.996542E+15   1.8032E-19   1.8034E-19   0.99994
    61.00        4.914631E+15   3.4285E-19   3.4285E-19   1.00000
    62.00        4.835363E+15   6.3805E-19   6.3805E-19   0.99999
    63.00        4.758611E+15   1.1634E-18   1.1634E-18   1.00000
    64.00        4.684258E+15   2.0817E-18   2.0818E-18   0.99997
    65.00        4.612192E+15   3.6571E-18   3.6571E-18   1.00000
    65.80        4.556117E+15   5.6666E-18   5.6666E-18   1.00000
    66.50        4.508158E+15   8.2390E-18   8.2391E-18   0.99998
    67.50        4.441370E+15   1.3871E-17   1.3872E-17   0.99998
    68.50        4.376533E+15   2.2988E-17   2.2989E-17   0.99999
    69.50        4.313561E+15   3.7528E-17   3.7528E-17   1.00000
    70.50        4.252376E+15   6.0389E-17   6.0392E-17   0.99996
    71.60        4.187046E+15   1.0030E-16   1.0030E-16   1.00000
    72.60        4.129373E+15   1.5688E-16   1.5688E-16   1.00000
    73.50        4.078810E+15   2.3213E-16   2.3213E-16   1.00000
    74.50        4.024060E+15   3.5463E-16   3.5464E-16   0.99999
    75.50        3.970762E+15   5.3545E-16   5.3546E-16   1.00000
    76.50        3.918856E+15   7.9940E-16   7.9941E-16   1.00000
    77.50        3.868290E+15   1.1807E-15   1.1807E-15   1.00000
    78.50        3.819013E+15   1.7258E-15   1.7258E-15   1.00000
    79.50        3.770975E+15   2.4974E-15   2.4974E-15   0.99999
    80.50        3.724130E+15   3.5794E-15   3.5794E-15   0.99999
    81.50        3.678436E+15   5.0827E-15   5.0827E-15   1.00000
    82.50        3.633848E+15   7.1535E-15   7.1535E-15   1.00000
    83.50        3.590329E+15   9.9814E-15   9.9814E-15   1.00000
    84.50        3.547840E+15   1.3812E-14   1.3812E-14   1.00000
    85.50        3.506345E+15   1.8960E-14   1.8960E-14   1.00000
    86.50        3.465809E+15   2.5828E-14   2.5828E-14   1.00000
    87.50        3.426200E+15   3.4921E-14   3.4921E-14   1.00000
    88.50        3.387486E+15   4.6877E-14   4.6877E-14   1.00000
    89.50        3.349637E+15   6.2491E-14   6.2491E-14   1.00000
    90.50        3.312624E+15   8.2746E-14   8.2746E-14   1.00000
    91.50        3.276421E+15   1.4831E-12   1.8472E-11   0.08029
    92.50        3.241000E+15   1.0059E-11   2.3230E-11   0.43303
    93.50        3.206337E+15   1.5716E-11   2.8611E-11   0.54929
    94.50        3.172407E+15   2.3752E-11   3.4854E-11   0.68147
    95.50        3.139188E+15   3.4065E-11   4.2213E-11   0.80699
    96.50        3.106658E+15   4.4641E-11   5.0565E-11   0.88284
    97.50        3.074795E+15   4.3705E-11   5.9966E-11   0.72882
    98.50        3.043579E+15   6.3556E-11   7.2186E-11   0.88045
    99.50        3.012990E+15   7.1590E-11   8.5399E-11   0.83830
   100.50        2.983010E+15   9.2208E-11   1.0044E-10   0.91806
   101.50        2.953621E+15   1.0904E-10   1.1691E-10   0.93266
   102.50        2.924805E+15   9.8432E-11   1.4020E-10   0.70210
   103.50        2.896546E+15   1.4977E-10   1.6390E-10   0.91382
   104.50        2.868828E+15   1.8210E-10   1.9199E-10   0.94848
   105.50        2.841635E+15   2.1433E-10   2.2470E-10   0.95383
   106.50        2.814953E+15   2.4244E-10   2.6335E-10   0.92062
   107.50        2.788767E+15   2.9320E-10   3.0884E-10   0.94935
   108.50        2.763065E+15   3.4162E-10   3.6153E-10   0.94492
   109.50        2.737831E+15   3.8137E-10   4.2148E-10   0.90482
   110.50        2.713054E+15   7.0429E-10   2.9198E-09   0.24121
   111.50        2.688722E+15   1.8320E-09   4.8801E-09   0.37540
   112.50        2.664822E+15   2.8407E-09   7.7539E-09   0.36635
   113.50        2.641344E+15   4.3753E-09   1.3537E-08   0.32321
   114.50        2.618275E+15   4.7855E-09   1.7421E-08   0.27470
   115.50        2.595606E+15   5.4499E-09   1.9388E-08   0.28109
   116.50        2.573326E+15   5.9874E-09   1.8523E-08   0.32325
   117.50        2.551426E+15   5.3648E-09   1.5191E-08   0.35317
   118.50        2.529895E+15   5.2909E-09   4.1361E-08   0.12792
   119.50        2.508724E+15   2.5145E-09   4.3291E-08   0.05808
   120.50        2.487905E+15   2.3349E-09   4.4495E-08   0.05248
   121.50        2.467428E+15   5.0709E-10   4.5180E-08   0.01122
   122.50        2.447286E+15   2.5168E-09   6.3669E-08   0.03953
   123.50        2.427470E+15   5.6695E-09   6.3438E-08   0.08937
   124.50        2.407972E+15   1.0371E-08   7.2901E-07   0.01423
   125.50        2.388785E+15   7.7058E-08   1.5344E-06   0.05022
   126.50        2.369901E+15   1.5516E-07   2.2720E-06   0.06829
   127.50        2.351314E+15   4.6871E-07   2.7305E-06   0.17166
   128.50        2.333016E+15   9.2100E-07   3.1559E-06   0.29184
   129.50        2.315000E+15   1.0449E-06   3.4240E-06   0.30518
   130.50        2.297261E+15   5.1475E-07   3.6578E-06   0.14073
   131.50        2.279791E+15   1.2972E-06   3.8231E-06   0.33930
   132.50        2.262585E+15   1.6489E-06   3.9600E-06   0.41640
   133.50        2.245637E+15   1.5593E-06   4.0659E-06   0.38350
   134.50        2.228941E+15   2.1537E-06   4.1465E-06   0.51940
   135.50        2.212491E+15   2.0383E-06   4.2168E-06   0.48336
   136.50        2.196282E+15   1.8487E-06   4.2892E-06   0.43101
   137.50        2.180309E+15   2.0539E-06   4.3486E-06   0.47230
   138.50        2.164567E+15   1.8598E-06   4.3993E-06   0.42275
   139.50        2.149050E+15   2.0191E-06   4.4409E-06   0.45467
   140.50        2.133754E+15   2.3412E-06   4.4777E-06   0.52285
   141.50        2.118675E+15   2.3726E-06   4.5083E-06   0.52628
   142.50        2.103807E+15   2.8130E-06   4.5813E-06   0.61402
   143.50        2.089146E+15   2.4859E-06   4.6060E-06   0.53970
   144.20        2.079005E+15   2.9791E-06   4.6225E-06   0.64449
   144.70        2.071821E+15   3.2813E-06   5.3482E-06   0.61353
   145.50        2.060430E+15   3.4129E-06   5.3670E-06   0.63591
   146.50        2.046365E+15   3.1500E-06   5.3881E-06   0.58463
   147.50        2.032492E+15   3.0944E-06   5.4048E-06   0.57253
   148.50        2.018805E+15   3.4057E-06   5.4177E-06   0.62862
   149.50        2.005301E+15   3.8322E-06   5.4279E-06   0.70601
   150.50        1.991977E+15   3.9739E-06   5.4346E-06   0.73122
   151.20        1.982755E+15   3.5066E-06   5.4382E-06   0.64482
   151.70        1.976220E+15   3.9519E-06   6.2978E-06   0.62751
   152.50        1.965852E+15   3.6715E-06   8.1744E-06   0.44915
   153.50        1.953046E+15   3.9469E-06   9.0242E-06   0.43737
   154.50        1.940405E+15   5.1335E-06   9.0631E-06   0.56642
   155.50        1.927926E+15   4.0569E-06   9.0993E-06   0.44584
   156.50        1.915607E+15   3.5336E-06   9.1348E-06   0.38683
   157.50        1.903444E+15   4.8610E-06   9.1990E-06   0.52842
   158.50        1.891435E+15   5.7476E-06   9.2319E-06   0.62257
   159.50        1.879577E+15   6.4100E-06   9.2625E-06   0.69204
   160.50        1.867866E+15   6.1093E-06   9.2915E-06   0.65751
   161.50        1.856300E+15   6.0123E-06   9.3193E-06   0.64514
   162.50        1.844877E+15   5.2590E-06   9.3602E-06   0.56185
   163.50        1.833593E+15   5.6287E-06   9.3872E-06   0.59961
   164.50        1.822447E+15   6.5978E-06   9.4137E-06   0.70087
   165.50        1.811435E+15   5.0388E-06   9.4400E-06   0.53377
   166.50        1.800556E+15   6.6192E-06   9.4654E-06   0.69931
   167.20        1.793017E+15   4.2074E-06   9.4829E-06   0.44369
   167.70        1.787671E+15   6.3649E-06   9.8021E-06   0.64934
   168.50        1.779184E+15   7.3360E-06   9.9785E-06   0.73518
   169.50        1.768687E+15   6.4610E-06   1.0001E-05   0.64601
   170.50        1.758314E+15   6.3039E-06   1.0024E-05   0.62887
   171.50        1.748061E+15   6.5177E-06   1.0060E-05   0.64788
   172.50        1.737928E+15   6.4894E-06   1.0083E-05   0.64359
   173.50        1.727911E+15   7.1616E-06   1.0105E-05   0.70870
   174.50        1.718009E+15   7.0075E-06   1.0128E-05   0.69186
   175.50        1.708219E+15   7.9978E-06   1.0151E-05   0.78789
   176.50        1.698541E+15   6.5264E-06   1.0173E-05   0.64153
   177.50        1.688972E+15   7.7045E-06   1.0196E-05   0.75566
   178.50        1.679510E+15   7.6774E-06   1.0218E-05   0.75134
   179.50        1.670153E+15   8.7336E-06   1.0241E-05   0.85282
   180.50        1.660900E+15   8.1885E-06   1.0264E-05   0.79782
   181.50        1.651749E+15   8.2926E-06   1.0286E-05   0.80617
   182.50        1.642699E+15   7.9001E-06   1.0310E-05   0.76626
   183.50        1.633747E+15   7.6673E-06   1.0335E-05   0.74189
   184.50        1.624892E+15   7.0280E-06   1.0360E-05   0.67836
   185.50        1.616132E+15   7.6380E-06   1.0386E-05   0.73542
   186.50        1.607466E+15   7.8330E-06   1.0412E-05   0.75233
   187.50        1.598893E+15   8.2134E-06   1.0441E-05   0.78667
   188.50        1.590411E+15   8.2171E-06   1.0467E-05   0.78509
   189.50        1.582018E+15   8.3729E-06   1.0493E-05   0.79798
   190.50        1.573714E+15   7.8711E-06   1.0519E-05   0.74829
   191.50        1.565496E+15   8.4944E-06   1.0548E-05   0.80532
   192.50        1.557364E+15   8.6757E-06   1.0574E-05   0.82046
   193.50        1.549315E+15   8.2106E-06   1.0601E-05   0.77450
   194.50        1.541350E+15   9.0455E-06   1.0629E-05   0.85106
   195.50        1.533465E+15   9.0027E-06   1.0656E-05   0.84483
   196.70        1.524110E+15   9.5004E-06   1.0690E-05   0.88875
   197.60        1.517169E+15   9.4011E-06   1.0723E-05   0.87671
   198.40        1.511051E+15   9.1556E-06   1.0747E-05   0.85196
   199.50        1.502719E+15   8.9303E-06   1.0782E-05   0.82823
   200.50        1.495224E+15   8.8009E-06   1.0812E-05   0.81402
   201.50        1.487804E+15   8.5124E-06   1.0841E-05   0.78519
   202.50        1.480457E+15   8.4765E-06   1.0871E-05   0.77972
   203.50        1.473182E+15   8.9536E-06   1.0901E-05   0.82133
   204.50        1.465978E+15   9.5021E-06   1.0932E-05   0.86920
   205.50        1.458844E+15   9.0765E-06   1.0963E-05   0.82793
   206.50        1.451780E+15   8.9609E-06   1.0994E-05   0.81506
   207.40        1.445480E+15   9.6936E-06   1.1023E-05   0.87943
   207.80        1.442697E+15   9.9955E-06   1.1101E-05   0.90040
   208.50        1.437854E+15   9.8317E-06   1.1124E-05   0.88379
   209.50        1.430990E+15   9.5343E-06   1.1158E-05   0.85449
   210.50        1.424192E+15   9.2356E-06   1.1192E-05   0.82522
   211.50        1.417459E+15   9.3448E-06   1.1226E-05   0.83244
   212.50        1.410788E+15   9.6370E-06   1.1260E-05   0.85585
   213.50        1.404180E+15   8.0747E-06   1.1295E-05   0.71491
   214.50        1.397634E+15   9.2544E-06   1.1330E-05   0.81683
   215.50        1.391148E+15   9.4482E-06   1.1365E-05   0.83133
   216.50        1.384723E+15   8.9888E-06   1.1401E-05   0.78844
   217.50        1.378356E+15   8.9214E-06   1.1437E-05   0.78006
   218.50        1.372048E+15   9.1064E-06   1.1473E-05   0.79372
   219.50        1.365797E+15   9.7615E-06   1.1510E-05   0.84810
   220.50        1.359603E+15   9.4235E-06   1.1547E-05   0.81611
   221.50        1.353465E+15   8.6191E-06   1.1584E-05   0.74403
   222.50        1.347382E+15   8.5459E-06   1.1622E-05   0.73529
   223.50        1.341353E+15   9.7102E-06   1.1660E-05   0.83274
   224.50        1.335379E+15   8.7338E-06   1.1699E-05   0.74655
   225.50        1.329457E+15   8.5645E-06   1.1740E-05   0.72952
   226.50        1.323587E+15   8.7208E-06   1.1779E-05   0.74039
   227.50        1.317769E+15   9.3650E-06   1.1818E-05   0.79244
   228.50        1.312002E+15   9.7827E-06   1.1857E-05   0.82503
   229.50        1.306285E+15   9.2060E-06   1.1897E-05   0.77380
   230.50        1.300618E+15   9.1274E-06   1.1937E-05   0.76463
   231.50        1.295000E+15   8.8786E-06   1.1977E-05   0.74129
   232.50        1.289430E+15   8.8735E-06   1.2018E-05   0.73836
   233.50        1.283908E+15   8.3605E-06   1.2059E-05   0.69330
   234.50        1.278433E+15   7.6946E-06   1.2100E-05   0.63591
   235.50        1.273004E+15   9.1107E-06   1.2142E-05   0.75038
   236.50        1.267622E+15   7.9250E-06   1.2183E-05   0.65049
   237.50        1.262284E+15   8.6171E-06   1.2225E-05   0.70487
   238.50        1.256992E+15   7.4459E-06   1.2267E-05   0.60696
   239.50        1.251743E+15   8.3799E-06   1.2310E-05   0.68075
   240.50        1.246538E+15   7.9970E-06   1.2352E-05   0.64740
   241.50        1.241377E+15   8.3372E-06   1.2395E-05   0.67261
   242.50        1.236258E+15   9.1376E-06   1.2438E-05   0.73462
   243.50        1.231181E+15   8.7948E-06   1.2482E-05   0.70461
   244.50        1.226145E+15   9.4915E-06   1.2526E-05   0.75774
   245.50        1.221151E+15   9.2032E-06   1.2570E-05   0.73217
   246.50        1.216197E+15   9.2478E-06   1.2614E-05   0.73315
   247.50        1.211283E+15   8.8939E-06   1.2658E-05   0.70263
   248.50        1.206408E+15   9.4413E-06   1.2702E-05   0.74326
   249.50        1.201573E+15   9.1402E-06   1.2747E-05   0.71704
   250.50        1.196776E+15   1.0341E-05   1.2792E-05   0.80835
   251.30        1.192967E+15   9.1711E-06   1.2828E-05   0.71491
   251.80        1.190598E+15   9.4270E-06   1.2878E-05   0.73201
   252.50        1.187297E+15   8.7733E-06   1.2910E-05   0.67957
   253.50        1.182613E+15   8.6706E-06   1.2957E-05   0.66920
   254.50        1.177967E+15   8.6927E-06   1.3003E-05   0.66850
   255.50        1.173356E+15   9.4411E-06   1.3050E-05   0.72344
   256.50        1.168782E+15   9.4710E-06   1.3097E-05   0.72313
   257.50        1.164243E+15   1.0297E-05   1.3144E-05   0.78339
   258.50        1.159739E+15   1.0379E-05   1.3192E-05   0.78679
   259.50        1.155270E+15   1.0197E-05   1.3239E-05   0.77022
   260.50        1.150835E+15   9.8092E-06   1.3287E-05   0.73828
   261.50        1.146434E+15   9.7346E-06   1.3334E-05   0.73004
   262.50        1.142067E+15   1.0577E-05   1.3382E-05   0.79040
   263.50        1.137732E+15   1.0699E-05   1.3430E-05   0.79667
   264.50        1.133431E+15   1.2118E-05   1.3478E-05   0.89910
   265.50        1.129162E+15   1.2039E-05   1.3526E-05   0.89007
   266.50        1.124925E+15   1.0982E-05   1.3574E-05   0.80900
   267.50        1.120720E+15   1.1609E-05   1.3623E-05   0.85215
   268.50        1.116546E+15   1.1592E-05   1.3671E-05   0.84792
   269.50        1.112403E+15   1.1159E-05   1.3720E-05   0.81337
   270.50        1.108290E+15   1.1540E-05   1.3768E-05   0.83814
   271.50        1.104208E+15   1.0991E-05   1.3817E-05   0.79548
   272.50        1.100156E+15   1.1199E-05   1.3866E-05   0.80765
   273.50        1.096133E+15   1.2186E-05   1.3915E-05   0.87579
   274.50        1.092140E+15   1.0270E-05   1.3963E-05   0.73546
   275.50        1.088176E+15   1.0538E-05   1.4012E-05   0.75205
   276.50        1.084241E+15   1.0969E-05   1.4061E-05   0.78006
   277.50        1.080333E+15   1.1952E-05   1.4111E-05   0.84705
   278.50        1.076454E+15   1.1679E-05   1.4160E-05   0.82478
   279.50        1.072603E+15   8.5729E-06   1.4209E-05   0.60335
   280.50        1.068779E+15   9.8614E-06   1.4258E-05   0.69164
   281.50        1.064982E+15   1.2564E-05   1.4307E-05   0.87818
   282.50        1.061212E+15   1.2889E-05   1.4357E-05   0.89780
   283.50        1.057469E+15   1.2430E-05   1.4406E-05   0.86286
   284.50        1.053752E+15   1.2034E-05   1.4455E-05   0.83252
   285.50        1.050061E+15   1.1692E-05   1.4505E-05   0.80612
   286.50        1.046396E+15   1.2646E-05   1.4554E-05   0.86893
   287.50        1.042757E+15   1.2342E-05   1.4603E-05   0.84517
   288.50        1.039142E+15   1.2694E-05   1.4653E-05   0.86633
   289.50        1.035553E+15   1.2224E-05   1.4702E-05   0.83145
   291.00        1.030215E+15   1.3712E-05   1.4776E-05   0.92800
   293.00        1.023183E+15   1.3313E-05   1.4875E-05   0.89502
   295.00        1.016246E+15   1.3435E-05   1.4973E-05   0.89728
   297.00        1.009402E+15   1.3829E-05   1.5072E-05   0.91756
   299.00        1.002651E+15   1.4074E-05   1.5170E-05   0.92772
   301.00        9.959884E+14   1.4452E-05   1.5268E-05   0.94651
   303.00        9.894142E+14   1.4453E-05   1.5366E-05   0.94058
   305.00        9.829262E+14   1.4494E-05   1.5464E-05   0.93728
   307.00        9.765228E+14   1.4531E-05   1.5561E-05   0.93382
   309.00        9.702023E+14   1.4893E-05   1.5658E-05   0.95110
   311.00        9.639630E+14   1.4698E-05   1.5755E-05   0.93289
   313.00        9.578035E+14   1.4805E-05   1.5852E-05   0.93399
   315.00        9.517222E+14   1.5199E-05   1.5948E-05   0.95305
   317.00        9.457177E+14   1.5275E-05   1.6045E-05   0.95204
   319.00        9.397884E+14   1.4857E-05   1.6141E-05   0.92044
   321.00        9.339330E+14   1.5327E-05   1.6236E-05   0.94399
   323.00        9.281502E+14   1.5159E-05   1.6332E-05   0.92816
   325.00        9.224385E+14   1.5518E-05   1.6427E-05   0.94469
   327.00        9.167966E+14   1.5731E-05   1.6521E-05   0.95217
   329.00        9.112234E+14   1.6023E-05   1.6614E-05   0.96442
   331.00        9.057175E+14   1.6246E-05   1.6707E-05   0.97241
   333.00        9.002778E+14   1.6082E-05   1.6800E-05   0.95724
   335.00        8.949030E+14   1.6009E-05   1.6892E-05   0.94773
   337.00        8.895920E+14   1.6173E-05   1.6983E-05   0.95228
   339.00        8.843437E+14   1.6240E-05   1.7074E-05   0.95115
   341.00        8.791569E+14   1.6652E-05   1.7164E-05   0.97015
   343.00        8.740306E+14   1.6787E-05   1.7253E-05   0.97297
   345.00        8.689638E+14   1.6836E-05   1.7342E-05   0.97078
   347.00        8.639553E+14   1.6806E-05   1.7430E-05   0.96417
   349.00        8.590043E+14   1.6906E-05   1.7518E-05   0.96508
   351.00        8.541097E+14   1.7243E-05   1.7605E-05   0.97944
   353.00        8.492705E+14   1.7424E-05   1.7691E-05   0.98493
   355.00        8.444859E+14   1.7602E-05   1.7776E-05   0.99018
   357.00        8.397549E+14   1.7440E-05   1.7861E-05   0.97642
   359.00        8.350766E+14   1.7532E-05   1.7945E-05   0.97700
   361.00        8.304501E+14   1.7651E-05   1.8028E-05   0.97908
   363.00        8.258747E+14   1.7789E-05   1.8110E-05   0.98227
   364.00        8.236058E+14   1.7766E-05   1.8152E-05   0.97878
   365.00        8.213493E+14   1.8140E-05   6.7991E-05   0.26679
   367.00        8.168733E+14   1.8244E-05   6.7681E-05   0.26956
   369.00        8.124458E+14   1.7751E-05   6.7389E-05   0.26340
   371.00        8.080660E+14   1.8248E-05   6.7082E-05   0.27203
   373.00        8.037332E+14   1.8809E-05   6.6777E-05   0.28168
   375.00        7.994467E+14   2.3981E-05   6.6473E-05   0.36077
   377.00        7.952056E+14   2.6049E-05   6.6175E-05   0.39363
   379.00        7.910092E+14   3.3254E-05   6.5875E-05   0.50480
   381.00        7.868570E+14   3.9886E-05   6.5577E-05   0.60823
   383.00        7.827480E+14   3.1360E-05   6.5281E-05   0.48038
   385.00        7.786818E+14   4.5153E-05   6.4987E-05   0.69481
   387.00        7.746576E+14   5.2404E-05   6.4694E-05   0.81002
   389.00        7.706748E+14   2.7907E-05   6.4404E-05   0.43331
   391.00        7.667327E+14   5.3048E-05   6.4115E-05   0.82739
   393.00        7.628308E+14   5.4974E-05   6.3828E-05   0.86128
   395.00        7.589684E+14   5.4054E-05   6.3543E-05   0.85066
   397.00        7.551448E+14   2.7637E-05   6.3260E-05   0.43688
   399.00        7.513596E+14   5.2584E-05   6.2978E-05   0.83495
   401.00        7.476122E+14   5.9489E-05   6.2698E-05   0.94882
   403.00        7.439020E+14   5.9858E-05   6.2420E-05   0.95896
   405.00        7.402284E+14   5.9697E-05   6.2143E-05   0.96064
   407.00        7.365909E+14   5.7245E-05   6.1869E-05   0.92526
   409.00        7.329890E+14   4.3638E-05   6.1597E-05   0.70845
   411.00        7.294221E+14   3.2899E-05   6.1327E-05   0.53645
   413.00        7.258898E+14   5.5250E-05   6.1060E-05   0.90484
   415.00        7.223916E+14   5.8685E-05   6.0795E-05   0.96530
   417.00        7.189269E+14   5.8685E-05   6.0531E-05   0.96950
   419.00        7.154952E+14   5.8625E-05   6.0269E-05   0.97272
   421.00        7.120962E+14   5.8569E-05   6.0009E-05   0.97600
   423.00        7.087293E+14   5.7851E-05   5.9751E-05   0.96820
   425.00        7.053941E+14   5.7702E-05   5.9495E-05   0.96987
   427.00        7.020902E+14   5.6767E-05   5.9240E-05   0.95825
   429.00        6.988170E+14   5.6853E-05   5.8986E-05   0.96384
   431.00        6.955742E+14   5.3501E-05   5.8735E-05   0.91089
   433.00        6.923614E+14   3.9412E-05   5.8485E-05   0.67388
   435.00        6.891782E+14   3.3526E-05   5.8237E-05   0.57568
   437.00        6.860240E+14   5.3360E-05   5.7990E-05   0.92016
   439.00        6.828986E+14   5.5106E-05   5.7744E-05   0.95431
   441.00        6.798016E+14   5.5414E-05   5.7500E-05   0.96372
   443.00        6.767325E+14   5.5468E-05   5.7258E-05   0.96874
   445.00        6.736910E+14   5.5959E-05   5.7017E-05   0.98143
   447.00        6.706767E+14   5.5711E-05   5.6778E-05   0.98120
   449.00        6.676893E+14   5.4906E-05   5.6541E-05   0.97108
   451.00        6.647284E+14   5.5442E-05   5.6306E-05   0.98466
   453.00        6.617936E+14   5.4913E-05   5.6071E-05   0.97934
   455.00        6.588846E+14   5.4098E-05   5.5838E-05   0.96883
   457.00        6.560011E+14   5.4880E-05   5.5607E-05   0.98693
   459.00        6.531427E+14   5.4187E-05   5.5377E-05   0.97851
   461.00        6.503091E+14   5.4892E-05   5.5148E-05   0.99536
   463.00        6.475000E+14   5.3853E-05   5.4921E-05   0.98055
   465.00        6.447151E+14   5.4401E-05   5.4695E-05   0.99462
   467.00        6.419540E+14   5.4085E-05   5.4471E-05   0.99291
   469.00        6.392164E+14   5.3222E-05   5.4249E-05   0.98108
   471.00        6.365021E+14   5.1956E-05   5.4028E-05   0.96165
   473.00        6.338108E+14   5.3377E-05   5.3808E-05   0.99198
   475.00        6.311421E+14   5.3194E-05   5.3590E-05   0.99261
   477.00        6.284958E+14   5.2874E-05   5.3374E-05   0.99064
   479.00        6.258716E+14   5.2498E-05   5.3159E-05   0.98758
   481.00        6.232692E+14   5.1631E-05   5.2945E-05   0.97518
   483.00        6.206884E+14   4.9358E-05   5.2732E-05   0.93602
   485.00        6.181289E+14   3.7579E-05   5.2521E-05   0.71550
   487.00        6.155903E+14   3.0329E-05   5.2312E-05   0.57977
   489.00        6.130726E+14   4.7395E-05   5.2103E-05   0.90963
   491.00        6.105754E+14   5.0376E-05   5.1896E-05   0.97071
   493.00        6.080984E+14   5.0346E-05   5.1690E-05   0.97400
   495.00        6.056414E+14   5.0840E-05   5.1485E-05   0.98748
   497.00        6.032042E+14   5.0988E-05   5.1281E-05   0.99427
   499.00        6.007866E+14   5.0573E-05   5.1079E-05   0.99011
   501.00        5.983882E+14   4.9731E-05   5.0878E-05   0.97747
   503.00        5.960089E+14   5.0104E-05   5.0678E-05   0.98868
   505.00        5.936485E+14   4.9608E-05   5.0479E-05   0.98273
   507.00        5.913067E+14   4.9962E-05   5.0282E-05   0.99364
   509.00        5.889833E+14   4.9772E-05   5.0086E-05   0.99373
   511.00        5.866781E+14   4.9572E-05   4.9891E-05   0.99361
   513.00        5.843908E+14   4.9331E-05   4.9697E-05   0.99263
   515.00        5.821214E+14   4.8954E-05   4.9505E-05   0.98888
   517.00        5.798694E+14   4.8168E-05   4.9314E-05   0.97676
   519.00        5.776349E+14   4.8111E-05   4.9124E-05   0.97938
   521.00        5.754175E+14   4.8411E-05   4.8935E-05   0.98929
   523.00        5.732170E+14   4.7791E-05   4.8747E-05   0.98038
   525.00        5.710333E+14   4.8241E-05   4.8561E-05   0.99341
   527.00        5.688662E+14   4.7241E-05   4.8376E-05   0.97655
   529.00        5.667155E+14   4.7857E-05   4.8191E-05   0.99307
   531.00        5.645810E+14   4.7263E-05   4.8008E-05   0.98447
   533.00        5.624625E+14   4.7025E-05   4.7826E-05   0.98323
   535.00        5.603598E+14   4.7404E-05   4.7646E-05   0.99493
   537.00        5.582728E+14   4.7061E-05   4.7466E-05   0.99147
   539.00        5.562013E+14   4.6929E-05   4.7287E-05   0.99242
   541.00        5.541451E+14   4.6533E-05   4.7109E-05   0.98777
   543.00        5.521041E+14   4.6520E-05   4.6933E-05   0.99121
   545.00        5.500780E+14   4.6523E-05   4.6757E-05   0.99498
   547.00        5.480667E+14   4.6326E-05   4.6583E-05   0.99449
   549.00        5.460701E+14   4.6205E-05   4.6410E-05   0.99559
   551.00        5.440880E+14   4.6026E-05   4.6237E-05   0.99543
   553.00        5.421203E+14   4.5758E-05   4.6066E-05   0.99330
   555.00        5.401667E+14   4.5743E-05   4.5896E-05   0.99667
   557.00        5.382271E+14   4.5531E-05   4.5727E-05   0.99571
   559.00        5.363014E+14   4.5377E-05   4.5559E-05   0.99602
   561.00        5.343895E+14   4.5281E-05   4.5391E-05   0.99757
   563.00        5.324911E+14   4.5145E-05   4.5226E-05   0.99821
   565.00        5.306062E+14   4.4923E-05   4.5060E-05   0.99696
   567.00        5.287346E+14   4.4745E-05   4.4895E-05   0.99665
   569.00        5.268761E+14   4.4638E-05   4.4731E-05   0.99791
   571.00        5.250306E+14   4.4492E-05   4.4569E-05   0.99828
   573.00        5.231981E+14   4.4380E-05   4.4407E-05   0.99940
   575.00        5.213783E+14   4.4164E-05   4.4246E-05   0.99815
   577.00        5.195711E+14   4.4031E-05   4.4086E-05   0.99875
   579.00        5.177763E+14   4.3842E-05   4.3927E-05   0.99807
   581.00        5.159940E+14   4.3709E-05   4.3769E-05   0.99863
   583.00        5.142238E+14   4.3564E-05   4.3612E-05   0.99890
   585.00        5.124658E+14   4.3413E-05   4.3455E-05   0.99902
   587.00        5.107198E+14   4.3214E-05   4.3300E-05   0.99802
   589.00        5.089856E+14   4.2754E-05   4.3145E-05   0.99094
   591.00        5.072631E+14   4.2938E-05   4.2991E-05   0.99876
   593.00        5.055523E+14   4.2801E-05   4.2839E-05   0.99913
   595.00        5.038529E+14   4.2574E-05   4.2687E-05   0.99735
   597.00        5.021650E+14   4.2474E-05   4.2535E-05   0.99855
   599.00        5.004883E+14   4.2248E-05   4.2385E-05   0.99676
   601.00        4.988228E+14   4.2114E-05   4.2236E-05   0.99711
   603.00        4.971683E+14   4.2035E-05   4.2087E-05   0.99876
   605.00        4.955248E+14   4.1864E-05   4.1939E-05   0.99820
   607.00        4.938921E+14   4.1757E-05   4.1793E-05   0.99913
   609.00        4.922701E+14   4.1603E-05   4.1647E-05   0.99893
   611.00        4.906588E+14   4.1443E-05   4.1502E-05   0.99856
   613.00        4.890579E+14   4.1262E-05   4.1358E-05   0.99766
   615.00        4.874675E+14   4.0715E-05   4.1215E-05   0.98787
   617.00        4.858874E+14   4.0949E-05   4.1072E-05   0.99698
   619.00        4.843174E+14   4.0896E-05   4.0931E-05   0.99916
   621.00        4.827576E+14   4.0755E-05   4.0790E-05   0.99915
   623.00        4.812079E+14   4.0584E-05   4.0649E-05   0.99838
   625.00        4.796680E+14   4.0197E-05   4.0510E-05   0.99227
   627.00        4.781380E+14   4.0348E-05   4.0371E-05   0.99941
   629.00        4.766176E+14   4.0213E-05   4.0233E-05   0.99949
   631.00        4.751070E+14   3.9998E-05   4.0096E-05   0.99755
   633.00        4.736058E+14   3.9911E-05   3.9960E-05   0.99878
   635.00        4.721142E+14   3.9443E-05   3.9824E-05   0.99044
   637.00        4.706319E+14   3.9426E-05   3.9688E-05   0.99340
   639.00        4.691588E+14   3.9485E-05   3.9554E-05   0.99825
   641.00        4.676950E+14   3.9281E-05   3.9420E-05   0.99648
   643.00        4.662403E+14   3.9183E-05   3.9287E-05   0.99737
   645.00        4.647946E+14   3.8741E-05   3.9154E-05   0.98946
   647.00        4.633578E+14   3.8820E-05   3.9022E-05   0.99482
   649.00        4.619299E+14   3.8465E-05   3.8891E-05   0.98905
   651.00        4.605108E+14   3.8096E-05   3.8761E-05   0.98285
   653.00        4.591003E+14   3.6965E-05   3.8631E-05   0.95687
   655.00        4.576985E+14   3.1769E-05   3.8503E-05   0.82511
   657.00        4.563052E+14   2.5654E-05   3.8374E-05   0.66852
   659.00        4.549203E+14   3.5297E-05   3.8247E-05   0.92288
   661.00        4.535439E+14   3.7224E-05   3.8120E-05   0.97651
   663.00        4.521757E+14   3.7591E-05   3.7993E-05   0.98942
   665.00        4.508158E+14   3.7636E-05   3.7867E-05   0.99390
   667.00        4.494640E+14   3.7570E-05   3.7742E-05   0.99543
   669.00        4.481203E+14   3.7526E-05   3.7618E-05   0.99757
   671.00        4.467846E+14   3.7453E-05   3.7494E-05   0.99891
   673.00        4.454569E+14   3.7286E-05   3.7371E-05   0.99773
   675.00        4.441370E+14   3.7181E-05   3.7248E-05   0.99820
   677.00        4.428250E+14   3.7108E-05   3.7126E-05   0.99951
   679.00        4.415206E+14   3.6980E-05   3.7005E-05   0.99934
   681.00        4.402239E+14   3.6864E-05   3.6884E-05   0.99946
   683.00        4.389348E+14   3.6713E-05   3.6764E-05   0.99863
   685.00        4.376533E+14   3.6609E-05   3.6644E-05   0.99905
   687.00        4.363792E+14   3.6502E-05   3.6525E-05   0.99938
   689.00        4.351125E+14   3.6392E-05   3.6407E-05   0.99959
   691.00        4.338531E+14   3.6266E-05   3.6289E-05   0.99937
   693.00        4.326010E+14   3.6137E-05   3.6172E-05   0.99906
   695.00        4.313561E+14   3.6031E-05   3.6055E-05   0.99934
   697.00        4.301184E+14   3.5910E-05   3.5939E-05   0.99920
   699.00        4.288877E+14   3.5812E-05   3.5824E-05   0.99967
   701.00        4.276641E+14   3.5599E-05   3.5709E-05   0.99692
   703.00        4.264474E+14   3.5556E-05   3.5595E-05   0.99892
   705.00        4.252376E+14   3.5439E-05   3.5481E-05   0.99882
   707.00        4.240347E+14   3.5351E-05   3.5368E-05   0.99951
   709.00        4.228385E+14   3.5246E-05   3.5255E-05   0.99975
   711.00        4.216491E+14   3.4843E-05   3.5143E-05   0.99147
   713.00        4.204663E+14   3.4961E-05   3.5032E-05   0.99798
   715.00        4.192902E+14   3.4856E-05   3.4921E-05   0.99814
   717.00        4.181206E+14   3.4776E-05   3.4810E-05   0.99902
   719.00        4.169576E+14   3.4659E-05   3.4700E-05   0.99880
   721.00        4.158010E+14   3.4563E-05   3.4591E-05   0.99918
   723.00        4.146508E+14   3.4437E-05   3.4482E-05   0.99868
   725.00        4.135069E+14   3.4294E-05   3.4374E-05   0.99767
   727.00        4.123693E+14   3.4246E-05   3.4266E-05   0.99941
   729.00        4.112380E+14   3.4105E-05   3.4159E-05   0.99841
   731.00        4.101129E+14   3.4000E-05   3.4053E-05   0.99843
   733.00        4.089939E+14   3.3911E-05   3.3947E-05   0.99894
   735.00        4.078810E+14   3.3824E-05   3.3841E-05   0.99952
   737.00        4.067741E+14   3.3726E-05   3.3735E-05   0.99971
   739.00        4.056732E+14   3.3600E-05   3.3630E-05   0.99910
   741.00        4.045783E+14   3.3467E-05   3.3526E-05   0.99825
   743.00        4.034892E+14   3.3280E-05   3.3422E-05   0.99576
   745.00        4.024060E+14   3.3227E-05   3.3319E-05   0.99725
   747.00        4.013286E+14   3.3024E-05   3.3216E-05   0.99422
   749.00        4.002570E+14   3.3005E-05   3.3113E-05   0.99673
   751.00        3.991911E+14   3.2945E-05   3.3011E-05   0.99799
   753.00        3.981308E+14   3.2879E-05   3.2909E-05   0.99906
   755.00        3.970762E+14   3.2799E-05   3.2808E-05   0.99971
   757.00        3.960271E+14   3.2691E-05   3.2708E-05   0.99949
   759.00        3.949835E+14   3.2597E-05   3.2608E-05   0.99965
   761.00        3.939455E+14   3.2503E-05   3.2508E-05   0.99983
   763.00        3.929128E+14   3.2395E-05   3.2409E-05   0.99956
   765.00        3.918856E+14   3.2278E-05   3.2310E-05   0.99899
   767.00        3.908638E+14   3.2162E-05   3.2212E-05   0.99845
   769.00        3.898472E+14   3.2079E-05   3.2114E-05   0.99891
   771.00        3.888359E+14   3.1968E-05   3.2017E-05   0.99848
   773.00        3.878299E+14   3.1907E-05   3.1920E-05   0.99958
   775.00        3.868290E+14   3.1803E-05   3.1824E-05   0.99935
   777.00        3.858333E+14   3.1102E-05   3.1728E-05   0.98027
   779.00        3.848427E+14   3.1622E-05   3.1632E-05   0.99969
   781.00        3.838572E+14   3.1527E-05   3.1537E-05   0.99970
   783.00        3.828768E+14   3.1402E-05   3.1442E-05   0.99872
   785.00        3.819013E+14   3.1265E-05   3.1348E-05   0.99737
   787.00        3.809307E+14   3.1094E-05   3.1254E-05   0.99487
   789.00        3.799651E+14   3.0943E-05   3.1160E-05   0.99302
   791.00        3.790044E+14   3.0983E-05   3.1067E-05   0.99728
   793.00        3.780485E+14   3.0925E-05   3.0975E-05   0.99840
   795.00        3.770975E+14   3.0712E-05   3.0883E-05   0.99448
   797.00        3.761512E+14   3.0782E-05   3.0791E-05   0.99970
   799.00        3.752096E+14   3.0386E-05   3.0700E-05   0.98979
   801.00        3.742728E+14   3.0586E-05   3.0609E-05   0.99927
   803.00        3.733406E+14   3.0482E-05   3.0518E-05   0.99884
   805.00        3.724130E+14   3.0410E-05   3.0428E-05   0.99941
   807.00        3.714901E+14   3.0306E-05   3.0338E-05   0.99895
   809.00        3.705717E+14   3.0221E-05   3.0249E-05   0.99910
   811.00        3.696578E+14   3.0139E-05   3.0160E-05   0.99931
   813.00        3.687485E+14   3.0064E-05   3.0071E-05   0.99976
   815.00        3.678436E+14   2.9977E-05   2.9983E-05   0.99980
   817.00        3.669431E+14   2.9891E-05   2.9895E-05   0.99987
   819.00        3.660470E+14   2.9622E-05   2.9808E-05   0.99376
   821.00        3.651553E+14   2.9625E-05   3.6501E-05   0.81161
   823.00        3.642679E+14   2.9521E-05   3.6378E-05   0.81152
   825.00        3.633848E+14   2.9512E-05   3.6255E-05   0.81400
   827.00        3.625060E+14   2.9630E-05   3.6133E-05   0.82002
   829.00        3.616315E+14   2.9530E-05   3.6011E-05   0.82002
   831.00        3.607611E+14   2.9481E-05   3.5890E-05   0.82143
   833.00        3.598950E+14   2.9260E-05   3.5770E-05   0.81799
   835.00        3.590329E+14   2.9327E-05   3.5650E-05   0.82264
   837.00        3.581750E+14   2.9246E-05   3.5531E-05   0.82311
   839.00        3.573212E+14   2.9118E-05   3.5413E-05   0.82225
   841.00        3.564715E+14   2.8994E-05   3.5295E-05   0.82149
   843.00        3.556257E+14   2.8867E-05   3.5177E-05   0.82060
   845.00        3.547840E+14   2.8431E-05   3.5061E-05   0.81090
   847.00        3.539463E+14   2.8274E-05   3.4944E-05   0.80910
   849.00        3.531125E+14   2.8685E-05   3.4829E-05   0.82360
   851.00        3.522826E+14   2.7495E-05   3.4714E-05   0.79203
   853.00        3.514566E+14   2.8791E-05   3.4599E-05   0.83212
   855.00        3.506345E+14   2.6171E-05   3.4486E-05   0.75891
   857.00        3.498162E+14   2.9211E-05   3.4372E-05   0.84985
   859.00        3.490017E+14   2.7168E-05   3.4260E-05   0.79301
   861.00        3.481911E+14   2.6619E-05   3.4147E-05   0.77952
   863.00        3.473841E+14   2.9767E-05   3.4036E-05   0.87457
   865.00        3.465809E+14   2.8454E-05   3.3925E-05   0.83874
   867.00        3.457814E+14   2.3726E-05   3.3815E-05   0.70165
   869.00        3.449856E+14   2.9237E-05   3.3705E-05   0.86746
   871.00        3.441935E+14   3.0698E-05   3.3595E-05   0.91378
   873.00        3.434049E+14   2.9306E-05   3.3486E-05   0.87518
   875.00        3.426200E+14   2.3007E-05   3.3378E-05   0.68929
   877.00        3.418387E+14   2.7931E-05   3.3270E-05   0.83952
   879.00        3.410609E+14   3.1095E-05   3.3163E-05   0.93765
   881.00        3.402866E+14   3.1537E-05   3.3056E-05   0.95404
   883.00        3.395159E+14   3.0572E-05   3.2950E-05   0.92783
   885.00        3.387486E+14   2.6741E-05   3.2844E-05   0.81419
   887.00        3.379848E+14   2.2675E-05   3.2739E-05   0.69259
   889.00        3.372244E+14   2.9179E-05   3.2634E-05   0.89413
   891.00        3.364675E+14   3.1045E-05   3.2530E-05   0.95437
   893.00        3.357139E+14   3.1455E-05   3.2426E-05   0.97004
   895.00        3.349637E+14   3.1617E-05   3.2323E-05   0.97815
   897.00        3.342168E+14   3.1031E-05   3.2220E-05   0.96308
   899.00        3.334733E+14   2.9160E-05   3.2118E-05   0.90791
   901.00        3.327331E+14   2.2869E-05   3.2017E-05   0.71430
   903.00        3.319961E+14   2.5155E-05   3.1915E-05   0.78818
   905.00        3.312624E+14   2.9622E-05   3.1815E-05   0.93106
   907.00        3.305320E+14   3.0344E-05   3.1715E-05   0.95677
   909.00        3.298047E+14   3.0420E-05   3.1615E-05   0.96219
   911.00        3.290807E+14   3.0951E-05   3.1516E-05   0.98209
   913.00        3.283598E+14   3.1023E-05   3.1417E-05   0.98745
   915.00        3.276421E+14   3.0939E-05   3.1319E-05   0.98787
   917.00        3.269275E+14   3.0552E-05   3.1221E-05   0.97858
   919.00        3.262160E+14   2.9627E-05   3.1124E-05   0.95192
   921.00        3.255076E+14   2.7020E-05   3.1027E-05   0.87086
   923.00        3.248023E+14   2.0958E-05   3.0930E-05   0.67757
   925.00        3.241000E+14   2.6072E-05   3.0834E-05   0.84556
   927.00        3.234008E+14   2.8542E-05   3.0739E-05   0.92854
   929.00        3.227045E+14   2.9974E-05   3.0644E-05   0.97815
   931.00        3.220113E+14   3.0211E-05   3.0549E-05   0.98891
   933.00        3.213210E+14   3.0207E-05   3.0455E-05   0.99184
   935.00        3.206337E+14   3.0201E-05   3.0361E-05   0.99471
   937.00        3.199493E+14   3.0146E-05   3.0268E-05   0.99595
   939.00        3.192678E+14   2.9893E-05   3.0175E-05   0.99066
   941.00        3.185893E+14   2.9427E-05   3.0083E-05   0.97818
   943.00        3.179136E+14   2.9748E-05   2.9991E-05   0.99189
   945.00        3.172407E+14   2.9655E-05   2.9899E-05   0.99182
   947.00        3.165707E+14   2.9446E-05   2.9808E-05   0.98786
   949.00        3.159036E+14   2.9064E-05   2.9717E-05   0.97801
   951.00        3.152392E+14   2.8120E-05   2.9627E-05   0.94914
   953.00        3.145776E+14   2.5244E-05   2.9537E-05   0.85464
   955.00        3.139188E+14   2.0289E-05   2.9448E-05   0.68897
   957.00        3.132628E+14   2.5727E-05   2.9359E-05   0.87631
   959.00        3.126095E+14   2.7994E-05   2.9270E-05   0.95640
   961.00        3.119589E+14   2.8501E-05   2.9182E-05   0.97667
   963.00        3.113110E+14   2.8396E-05   2.9094E-05   0.97602
   965.00        3.106658E+14   2.8786E-05   2.9006E-05   0.99240
   967.00        3.100233E+14   2.8556E-05   2.8919E-05   0.98745
   969.00        3.093834E+14   2.8645E-05   2.8832E-05   0.99350
   971.00        3.087461E+14   2.8704E-05   2.8746E-05   0.99854
   973.00        3.081115E+14   2.8623E-05   2.8660E-05   0.99870
   975.00        3.074795E+14   2.8512E-05   2.8575E-05   0.99782
   977.00        3.068501E+14   2.8473E-05   2.8489E-05   0.99941
   979.00        3.062232E+14   2.8384E-05   2.8405E-05   0.99928
   981.00        3.055989E+14   2.8284E-05   2.8320E-05   0.99873
   983.00        3.049771E+14   2.8155E-05   2.8236E-05   0.99712
   985.00        3.043579E+14   2.8044E-05   2.8152E-05   0.99615
   987.00        3.037411E+14   2.7958E-05   2.8069E-05   0.99603
   989.00        3.031269E+14   2.7721E-05   2.7986E-05   0.99053
   991.00        3.025151E+14   2.7752E-05   2.7904E-05   0.99458
   993.00        3.019058E+14   2.7622E-05   2.7821E-05   0.99283
   995.00        3.012990E+14   2.7522E-05   2.7740E-05   0.99215
   997.00        3.006946E+14   2.7366E-05   2.7658E-05   0.98942
   999.00        3.000926E+14   2.7036E-05   2.7577E-05   0.98039
  1002.50        2.990449E+14   2.4239E-05   2.7436E-05   0.88347
  1007.50        2.975608E+14   2.3178E-05   2.7236E-05   0.85100
  1012.50        2.960914E+14   2.6449E-05   2.7039E-05   0.97819
  1017.50        2.946364E+14   2.6691E-05   2.6844E-05   0.99432
  1022.50        2.931956E+14   2.6618E-05   2.6650E-05   0.99878
  1027.50        2.917689E+14   2.6443E-05   2.6459E-05   0.99938
  1032.50        2.903559E+14   2.6233E-05   2.6270E-05   0.99858
  1037.50        2.889566E+14   2.6052E-05   2.6083E-05   0.99879
  1042.50        2.875707E+14   2.5871E-05   2.5898E-05   0.99896
  1047.50        2.861981E+14   2.5567E-05   2.5715E-05   0.99426
  1052.50        2.848385E+14   2.5424E-05   2.5534E-05   0.99570
  1057.50        2.834917E+14   2.5282E-05   2.5355E-05   0.99712
  1062.50        2.821576E+14   2.5123E-05   2.5177E-05   0.99786
  1067.50        2.808361E+14   2.4637E-05   2.5002E-05   0.98542
  1072.50        2.795268E+14   2.4650E-05   2.4828E-05   0.99283
  1077.50        2.782297E+14   2.4510E-05   2.4656E-05   0.99407
  1082.50        2.769446E+14   2.4264E-05   2.4486E-05   0.99094
  1087.50        2.756713E+14   2.3704E-05   2.4318E-05   0.97474
  1092.50        2.744096E+14   1.9874E-05   2.4152E-05   0.82290
  1097.50        2.731595E+14   2.1953E-05   2.3987E-05   0.91521
  1102.50        2.719206E+14   2.3510E-05   2.3824E-05   0.98685
  1107.50        2.706930E+14   2.3564E-05   2.3662E-05   0.99585
  1112.50        2.694764E+14   2.3461E-05   2.3502E-05   0.99825
  1117.50        2.682707E+14   2.3324E-05   2.3344E-05   0.99913
  1122.50        2.670757E+14   2.3177E-05   2.3188E-05   0.99956
  1127.50        2.658914E+14   2.2756E-05   2.3032E-05   0.98800
  1132.50        2.647174E+14   2.2632E-05   2.2879E-05   0.98919
  1137.50        2.635538E+14   2.2668E-05   2.2727E-05   0.99742
  1142.50        2.624004E+14   2.2492E-05   2.2576E-05   0.99628
  1147.50        2.612571E+14   2.2416E-05   2.2427E-05   0.99950
  1152.50        2.601236E+14   2.2276E-05   2.2280E-05   0.99981
  1157.50        2.590000E+14   2.2123E-05   2.2134E-05   0.99950
  1162.50        2.578860E+14   2.1862E-05   2.1989E-05   0.99421
  1167.50        2.567816E+14   2.1631E-05   2.1846E-05   0.99018
  1172.50        2.556866E+14   2.1696E-05   2.1704E-05   0.99964
  1177.50        2.546008E+14   2.1307E-05   2.1563E-05   0.98813
  1182.50        2.535243E+14   2.1307E-05   2.1424E-05   0.99454
  1187.50        2.524568E+14   2.1123E-05   2.1286E-05   0.99235
  1192.50        2.513983E+14   2.1149E-05   2.1150E-05   0.99998
  1197.50        2.503486E+14   2.0918E-05   2.1014E-05   0.99541
  1202.50        2.493077E+14   2.0850E-05   2.0881E-05   0.99853
  1207.50        2.482754E+14   2.0687E-05   2.0748E-05   0.99706
  1212.50        2.472515E+14   2.0566E-05   2.0616E-05   0.99756
  1217.50        2.462361E+14   2.0468E-05   2.0486E-05   0.99911
  1222.50        2.452290E+14   2.0328E-05   2.0357E-05   0.99856
  1227.50        2.442301E+14   2.0176E-05   2.0230E-05   0.99733
  1232.50        2.432394E+14   2.0060E-05   2.0103E-05   0.99789
  1237.50        2.422566E+14   1.9951E-05   1.9978E-05   0.99865
  1242.50        2.412817E+14   1.9848E-05   1.9853E-05   0.99975
  1247.50        2.403146E+14   1.9670E-05   1.9730E-05   0.99695
  1252.50        2.393553E+14   1.9586E-05   1.9608E-05   0.99886
  1257.50        2.384036E+14   1.9384E-05   1.9488E-05   0.99469
  1262.50        2.374594E+14   1.9290E-05   1.9368E-05   0.99599
  1267.50        2.365227E+14   1.9171E-05   1.9250E-05   0.99594
  1272.50        2.355933E+14   1.8941E-05   1.9132E-05   0.99000
  1277.50        2.346712E+14   1.8135E-05   1.9016E-05   0.95371
  1282.50        2.337563E+14   1.5597E-05   1.8900E-05   0.82522
  1287.50        2.328485E+14   1.8117E-05   1.8786E-05   0.96440
  1292.50        2.319478E+14   1.8512E-05   1.8673E-05   0.99142
  1297.50        2.310539E+14   1.8494E-05   1.8560E-05   0.99644
  1302.50        2.301670E+14   1.8435E-05   1.8449E-05   0.99926
  1307.50        2.292868E+14   1.8336E-05   1.8339E-05   0.99987
  1312.50        2.284133E+14   1.8223E-05   1.8229E-05   0.99966
  1317.50        2.275465E+14   1.8068E-05   1.8121E-05   0.99704
  1322.50        2.266862E+14   1.8010E-05   1.8014E-05   0.99982
  1327.50        2.258324E+14   1.7905E-05   1.7907E-05   0.99986
  1332.50        2.249850E+14   1.7800E-05   1.7802E-05   0.99991
  1337.50        2.241439E+14   1.7695E-05   1.7697E-05   0.99988
  1342.50        2.233091E+14   1.7587E-05   1.7593E-05   0.99967
  1347.50        2.224805E+14   1.7482E-05   1.7490E-05   0.99949
  1352.50        2.216580E+14   1.7354E-05   1.7388E-05   0.99803
  1357.50        2.208416E+14   1.7263E-05   1.7287E-05   0.99858
  1362.50        2.200312E+14   1.7175E-05   1.7187E-05   0.99926
  1367.50        2.192267E+14   1.7064E-05   1.7088E-05   0.99858
  1372.50        2.184281E+14   1.6917E-05   1.6990E-05   0.99575
  1377.50        2.176352E+14   1.6874E-05   1.6892E-05   0.99896
  1382.50        2.168481E+14   1.6781E-05   1.6795E-05   0.99919
  1387.50        2.160667E+14   1.6699E-05   1.6699E-05   0.99998
  1392.50        2.152908E+14   1.6581E-05   1.6604E-05   0.99864
  1397.50        2.145206E+14   1.6502E-05   1.6510E-05   0.99952
  1402.50        2.137558E+14   1.6412E-05   1.6416E-05   0.99973
  1407.50        2.129964E+14   1.6322E-05   1.6323E-05   0.99992
  1412.50        2.122425E+14   1.6224E-05   1.6231E-05   0.99957
  1417.50        2.114938E+14   1.6135E-05   1.6140E-05   0.99970
  1422.50        2.107504E+14   1.6043E-05   1.6050E-05   0.99962
  1427.50        2.100123E+14   1.5953E-05   1.5960E-05   0.99960
  1432.50        2.092792E+14   1.5865E-05   1.5871E-05   0.99964
  1437.50        2.085513E+14   1.5781E-05   1.5783E-05   0.99991
  1442.50        2.078284E+14   1.5553E-05   1.5695E-05   0.99098
  1447.50        2.071105E+14   1.5602E-05   1.5608E-05   0.99961
  1452.50        2.063976E+14   1.5451E-05   1.5522E-05   0.99543
  1457.00        2.057601E+14   1.5439E-05   1.5445E-05   0.99959
  1462.00        2.050564E+14   1.5347E-05   1.6284E-05   0.94248
  1467.50        2.042879E+14   1.5286E-05   1.6183E-05   0.94459
  1472.50        2.035942E+14   1.5200E-05   1.6092E-05   0.94460
  1477.50        2.029052E+14   1.5084E-05   1.6001E-05   0.94269
  1482.50        2.022209E+14   1.5035E-05   1.5912E-05   0.94489
  1487.50        2.015412E+14   1.4921E-05   1.5823E-05   0.94302
  1492.50        2.008660E+14   1.4906E-05   1.5735E-05   0.94734
  1497.50        2.001953E+14   1.4812E-05   1.5648E-05   0.94661
  1502.50        1.995291E+14   1.4713E-05   1.5561E-05   0.94554
  1507.50        1.988673E+14   1.4643E-05   1.5475E-05   0.94621
  1512.50        1.982099E+14   1.4587E-05   1.5390E-05   0.94784
  1517.50        1.975568E+14   1.4505E-05   1.5305E-05   0.94769
  1522.50        1.969080E+14   1.4434E-05   1.5221E-05   0.94830
  1527.50        1.962635E+14   1.4333E-05   1.5138E-05   0.94682
  1532.50        1.956232E+14   1.4243E-05   1.5056E-05   0.94601
  1537.50        1.949870E+14   1.4195E-05   1.4974E-05   0.94802
  1542.50        1.943549E+14   1.4009E-05   1.4893E-05   0.94065
  1547.50        1.937270E+14   1.4032E-05   1.4812E-05   0.94734
  1552.50        1.931031E+14   1.3947E-05   1.4732E-05   0.94670
  1557.50        1.924831E+14   1.3663E-05   1.4653E-05   0.93248
  1562.50        1.918672E+14   1.3949E-05   1.4574E-05   0.95715
  1567.50        1.912552E+14   1.3590E-05   1.4496E-05   0.93747
  1572.50        1.906471E+14   1.3324E-05   1.4418E-05   0.92412
  1577.50        1.900428E+14   1.3779E-05   1.4342E-05   0.96075
  1582.50        1.894423E+14   1.3681E-05   1.4265E-05   0.95905
  1587.50        1.888457E+14   1.2678E-05   1.4190E-05   0.89350
  1592.50        1.882527E+14   1.3335E-05   1.4114E-05   0.94476
  1597.50        1.876635E+14   1.3646E-05   1.4040E-05   0.97197
  1605.00        1.867866E+14   1.3285E-05   1.3929E-05   0.95377
  1615.00        1.856300E+14   1.2656E-05   1.3783E-05   0.91824
  1625.00        1.844877E+14   1.3433E-05   1.3640E-05   0.98486
  1635.00        1.833593E+14   1.2848E-05   1.3498E-05   0.95183
  1645.00        1.822447E+14   1.2184E-05   1.3358E-05   0.91206
  1655.00        1.811435E+14   1.3102E-05   1.3221E-05   0.99103
  1665.00        1.800556E+14   1.2995E-05   1.3085E-05   0.99311
  1675.00        1.789806E+14   1.2310E-05   1.2952E-05   0.95043
  1685.00        1.779184E+14   1.1647E-05   1.2820E-05   0.90845
  1695.00        1.768687E+14   1.2591E-05   1.2691E-05   0.99214
  1705.00        1.758314E+14   1.2514E-05   1.2563E-05   0.99605
  1715.00        1.748061E+14   1.2397E-05   1.2438E-05   0.99669
  1725.00        1.737928E+14   1.2139E-05   1.2314E-05   0.98581
  1735.00        1.727911E+14   1.0817E-05   1.2192E-05   0.88722
  1745.00        1.718009E+14   1.1721E-05   1.2072E-05   0.97090
  1755.00        1.708219E+14   1.1877E-05   1.1954E-05   0.99358
  1765.00        1.698541E+14   1.1797E-05   1.1837E-05   0.99658
  1775.00        1.688972E+14   1.1703E-05   1.1723E-05   0.99832
  1785.00        1.679510E+14   1.1586E-05   1.1609E-05   0.99796
  1795.00        1.670153E+14   1.1474E-05   1.1498E-05   0.99795
  1805.00        1.660900E+14   1.1249E-05   1.1388E-05   0.98775
  1815.00        1.651749E+14   1.0136E-05   1.1280E-05   0.89855
  1825.00        1.642699E+14   1.0742E-05   1.1173E-05   0.96145
  1835.00        1.633747E+14   1.1006E-05   1.1068E-05   0.99442
  1845.00        1.624892E+14   1.0934E-05   1.0964E-05   0.99724
  1855.00        1.616132E+14   1.0806E-05   1.0862E-05   0.99485
  1865.00        1.607466E+14   1.0608E-05   1.0761E-05   0.98579
  1875.00        1.598893E+14   9.5199E-06   1.0661E-05   0.89293
  1885.00        1.590411E+14   1.0361E-05   1.0563E-05   0.98086
  1895.00        1.582018E+14   1.0408E-05   1.0467E-05   0.99437
  1905.00        1.573714E+14   1.0366E-05   1.0371E-05   0.99951
  1915.00        1.565496E+14   1.0271E-05   1.0277E-05   0.99944
  1925.00        1.557364E+14   1.0147E-05   1.0184E-05   0.99638
  1935.00        1.549315E+14   9.9195E-06   1.0093E-05   0.98284
  1945.00        1.541350E+14   8.9133E-06   1.0002E-05   0.89112
  1955.00        1.533465E+14   9.7414E-06   9.9132E-06   0.98267
  1965.00        1.525662E+14   9.7958E-06   9.8253E-06   0.99700
  1975.00        1.517937E+14   9.7298E-06   9.7385E-06   0.99911
  1985.00        1.510290E+14   9.6507E-06   9.6529E-06   0.99977
  1995.00        1.502719E+14   9.5663E-06   9.5684E-06   0.99978
  2005.00        1.495224E+14   9.4841E-06   9.4850E-06   0.99990
  2015.00        1.487804E+14   9.4021E-06   9.4027E-06   0.99994
  2025.00        1.480457E+14   9.3197E-06   9.3215E-06   0.99980
  2035.00        1.473182E+14   9.2383E-06   9.2414E-06   0.99967
  2045.00        1.465978E+14   9.1620E-06   9.1623E-06   0.99997
  2055.00        1.458844E+14   9.0839E-06   9.0842E-06   0.99997
  2065.00        1.451780E+14   9.0025E-06   9.0071E-06   0.99949
  2075.00        1.444783E+14   8.9282E-06   8.9310E-06   0.99969
  2085.00        1.437854E+14   8.8546E-06   8.8558E-06   0.99987
  2095.00        1.430990E+14   8.7798E-06   8.7816E-06   0.99979
  2105.00        1.424192E+14   8.7048E-06   8.7084E-06   0.99958
  2115.00        1.417459E+14   8.6222E-06   8.6361E-06   0.99840
  2125.00        1.410788E+14   8.5503E-06   8.5646E-06   0.99833
  2135.00        1.404180E+14   8.4804E-06   8.4941E-06   0.99839
  2145.00        1.397634E+14   8.3976E-06   8.4244E-06   0.99682
  2155.00        1.391148E+14   8.2361E-06   8.3556E-06   0.98570
  2165.00        1.384723E+14   7.4487E-06   8.2876E-06   0.89878
  2175.00        1.378356E+14   8.0315E-06   8.2204E-06   0.97702
  2185.00        1.372048E+14   8.1199E-06   8.1541E-06   0.99581
  2195.00        1.365797E+14   8.0868E-06   8.0885E-06   0.99980
  2205.00        1.359603E+14   8.0196E-06   8.0238E-06   0.99948
  2215.00        1.353465E+14   7.9501E-06   7.9598E-06   0.99878
  2225.00        1.347382E+14   7.8964E-06   7.8966E-06   0.99998
  2235.00        1.341353E+14   7.8336E-06   7.8341E-06   0.99994
  2245.00        1.335379E+14   7.7722E-06   7.7724E-06   0.99997
  2255.00        1.329457E+14   7.7066E-06   7.7114E-06   0.99938
  2265.00        1.323587E+14   7.6503E-06   7.6512E-06   0.99988
  2275.00        1.317769E+14   7.5906E-06   7.5916E-06   0.99986
  2285.00        1.312002E+14   7.5350E-06   7.6921E-06   0.97959
  2295.00        1.306285E+14   7.4763E-06   7.6320E-06   0.97960
  2305.00        1.300618E+14   7.4226E-06   7.5726E-06   0.98019
  2315.00        1.295000E+14   7.3662E-06   7.5139E-06   0.98034
  2325.00        1.289430E+14   7.3122E-06   7.4559E-06   0.98072
  2335.00        1.283908E+14   7.2572E-06   7.3986E-06   0.98089
  2345.00        1.278433E+14   7.2036E-06   7.3419E-06   0.98116
  2355.00        1.273004E+14   7.1504E-06   7.2859E-06   0.98140
  2365.00        1.267622E+14   7.0977E-06   7.2305E-06   0.98163
  2375.00        1.262284E+14   7.0448E-06   7.1758E-06   0.98175
  2385.00        1.256992E+14   6.9925E-06   7.1216E-06   0.98186
  2395.00        1.251743E+14   6.9410E-06   7.0681E-06   0.98202
  2405.00        1.246538E+14   6.8877E-06   7.0152E-06   0.98182
  2415.00        1.241377E+14   6.8365E-06   6.9629E-06   0.98185
  2425.00        1.236258E+14   6.7881E-06   6.9111E-06   0.98220
  2435.00        1.231181E+14   6.7361E-06   6.8600E-06   0.98193
  2445.00        1.226145E+14   6.6832E-06   6.8094E-06   0.98147
  2455.00        1.221151E+14   6.6388E-06   6.7594E-06   0.98217
  2465.00        1.216197E+14   6.5816E-06   6.7099E-06   0.98088
  2475.00        1.211283E+14   6.5346E-06   6.6610E-06   0.98103
  2485.00        1.206408E+14   6.5002E-06   6.6125E-06   0.98301
  2495.00        1.201573E+14   6.4020E-06   6.5647E-06   0.97522
  2505.00        1.196776E+14   6.4141E-06   6.5173E-06   0.98417
  2515.00        1.192018E+14   6.3693E-06   6.4705E-06   0.98436
  2525.00        1.187297E+14   6.2300E-06   6.4241E-06   0.96979
  2535.00        1.182613E+14   6.2703E-06   6.3783E-06   0.98307
  2545.00        1.177967E+14   6.2559E-06   6.3329E-06   0.98784
  2555.00        1.173356E+14   6.1737E-06   6.2881E-06   0.98180
  2565.00        1.168782E+14   5.9888E-06   6.2437E-06   0.95917
  2575.00        1.164243E+14   6.1006E-06   6.1998E-06   0.98400
  2585.00        1.159739E+14   6.0894E-06   6.1563E-06   0.98914
  2595.00        1.155270E+14   6.0442E-06   6.1133E-06   0.98870
  2605.00        1.150835E+14   5.9065E-06   6.0708E-06   0.97294
  2615.00        1.146434E+14   5.6626E-06   6.0287E-06   0.93928
  2625.00        1.142067E+14   5.3624E-06   5.9870E-06   0.89568
  2635.00        1.137732E+14   5.7630E-06   5.9458E-06   0.96926
  2645.00        1.133431E+14   5.8419E-06   5.9050E-06   0.98932
  2655.00        1.129162E+14   5.8127E-06   5.8646E-06   0.99116
  2665.00        1.124925E+14   5.7078E-06   5.8246E-06   0.97994
  2675.00        1.120720E+14   5.3673E-06   5.7851E-06   0.92779
  2685.00        1.116546E+14   5.6316E-06   5.7459E-06   0.98010
  2695.00        1.112403E+14   5.6739E-06   5.7071E-06   0.99418
  2705.00        1.108290E+14   5.6496E-06   5.6688E-06   0.99662
  2715.00        1.104208E+14   5.6175E-06   5.6308E-06   0.99764
  2725.00        1.100156E+14   5.5794E-06   5.5932E-06   0.99753
  2735.00        1.096133E+14   5.5336E-06   5.5560E-06   0.99598
  2745.00        1.092140E+14   5.4498E-06   5.5191E-06   0.98744
  2755.00        1.088176E+14   5.0845E-06   5.4826E-06   0.92739
  2765.00        1.084241E+14   5.2271E-06   5.4465E-06   0.95972
  2775.00        1.080333E+14   5.3698E-06   5.4107E-06   0.99244
  2785.00        1.076454E+14   5.3636E-06   5.3753E-06   0.99782
  2795.00        1.072603E+14   5.3401E-06   5.3402E-06   0.99997
  2805.00        1.068779E+14   5.3054E-06   5.3055E-06   0.99997
  2815.00        1.064982E+14   5.2706E-06   5.2711E-06   0.99990
  2825.00        1.061212E+14   5.2365E-06   5.2371E-06   0.99989
  2835.00        1.057469E+14   5.2032E-06   5.2033E-06   0.99997
  2845.00        1.053752E+14   5.1580E-06   5.1699E-06   0.99768
  2855.00        1.050061E+14   5.1025E-06   5.1369E-06   0.99332
  2865.00        1.046396E+14   4.9395E-06   5.1041E-06   0.96776
  2875.00        1.042757E+14   4.6470E-06   5.0716E-06   0.91627
  2885.00        1.039142E+14   4.9598E-06   5.0395E-06   0.98419
  2895.00        1.035553E+14   4.9842E-06   5.0077E-06   0.99531
  2905.00        1.031988E+14   4.9730E-06   4.9761E-06   0.99937
  2915.00        1.028448E+14   4.9406E-06   4.9449E-06   0.99913
  2925.00        1.024932E+14   4.9132E-06   4.9140E-06   0.99984
  2935.00        1.021440E+14   4.8829E-06   4.8833E-06   0.99991
  2945.00        1.017971E+14   4.8526E-06   4.8530E-06   0.99992
  2955.00        1.014526E+14   4.8228E-06   4.8229E-06   0.99999
  2965.00        1.011105E+14   4.7929E-06   4.7931E-06   0.99997
  2975.00        1.007706E+14   4.7634E-06   4.7635E-06   0.99997
  2985.00        1.004330E+14   4.7342E-06   4.7343E-06   0.99998
  2995.00        1.000977E+14   4.7047E-06   4.7053E-06   0.99988
  3005.00        9.976456E+13   4.6739E-06   4.6766E-06   0.99943
  3015.00        9.943367E+13   4.6318E-06   4.6481E-06   0.99648
  3025.00        9.910496E+13   4.5668E-06   4.6199E-06   0.98850
  3035.00        9.877842E+13   4.2686E-06   4.5920E-06   0.92957
  3045.00        9.845402E+13   4.3364E-06   4.5643E-06   0.95007
  3055.00        9.813175E+13   4.4957E-06   4.5369E-06   0.99092
  3065.00        9.781158E+13   4.4977E-06   4.5097E-06   0.99733
  3075.00        9.749350E+13   4.4812E-06   4.4828E-06   0.99965
  3085.00        9.717747E+13   4.4514E-06   4.4561E-06   0.99895
  3095.00        9.686349E+13   4.4284E-06   4.4296E-06   0.99973
  3105.00        9.655153E+13   4.4019E-06   4.4034E-06   0.99966
  3115.00        9.624157E+13   4.3745E-06   4.3774E-06   0.99934
  3125.00        9.593360E+13   4.3494E-06   4.3516E-06   0.99948
  3135.00        9.562759E+13   4.3245E-06   4.3261E-06   0.99964
  3145.00        9.532353E+13   4.2981E-06   4.3008E-06   0.99938
  3155.00        9.502139E+13   4.2751E-06   4.2757E-06   0.99988
  3165.00        9.472117E+13   4.2507E-06   4.2508E-06   0.99997
  3175.00        9.442283E+13   4.2247E-06   4.2261E-06   0.99965
  3185.00        9.412637E+13   4.2016E-06   4.2017E-06   0.99998
  3195.00        9.383177E+13   4.1771E-06   4.1775E-06   0.99990
  3210.00        9.339330E+13   4.1410E-06   4.1415E-06   0.99988
  3230.00        9.281502E+13   4.0942E-06   4.0943E-06   0.99998
  3250.00        9.224385E+13   4.0477E-06   4.0479E-06   0.99997
  3270.00        9.167966E+13   3.9884E-06   4.0022E-06   0.99655
  3290.00        9.112234E+13   3.7324E-06   3.9925E-06   0.93486
  3310.00        9.057175E+13   3.8294E-06   3.9478E-06   0.97000
  3330.00        9.002778E+13   3.8528E-06   3.9039E-06   0.98692
  3350.00        8.949030E+13   3.8163E-06   3.8606E-06   0.98851
  3370.00        8.895920E+13   3.7729E-06   3.8181E-06   0.98815
  3390.00        8.843437E+13   3.7341E-06   3.7763E-06   0.98882
  3410.00        8.791569E+13   3.6946E-06   3.7352E-06   0.98914
  3430.00        8.740306E+13   3.6563E-06   3.6947E-06   0.98962
  3450.00        8.689638E+13   3.6186E-06   3.6549E-06   0.99007
  3470.00        8.639553E+13   3.5802E-06   3.6157E-06   0.99017
  3490.00        8.590043E+13   3.5427E-06   3.5772E-06   0.99037
  3510.00        8.541097E+13   3.5056E-06   3.5392E-06   0.99050
  3530.00        8.492705E+13   3.4691E-06   3.5019E-06   0.99064
  3550.00        8.444859E+13   3.4330E-06   3.4652E-06   0.99070
  3570.00        8.397549E+13   3.3968E-06   3.4290E-06   0.99062
  3590.00        8.350766E+13   3.3630E-06   3.3934E-06   0.99103
  3610.00        8.304501E+13   3.3265E-06   3.3584E-06   0.99050
  3630.00        8.258747E+13   3.2949E-06   3.3239E-06   0.99129
  3650.00        8.213493E+13   3.2575E-06   3.2899E-06   0.99015
  3670.00        8.168733E+13   3.2292E-06   3.2564E-06   0.99165
  3690.00        8.124458E+13   3.1854E-06   3.2235E-06   0.98818
  3710.00        8.080660E+13   3.1576E-06   3.1910E-06   0.98951
  3730.00        8.037332E+13   3.0413E-06   3.1591E-06   0.96272
  3750.00        7.994467E+13   2.9753E-06   3.1276E-06   0.95129
  3770.00        7.952056E+13   3.0662E-06   3.0966E-06   0.99018
  3790.00        7.910092E+13   3.0449E-06   3.0660E-06   0.99310
  3810.00        7.868570E+13   2.9962E-06   3.0359E-06   0.98692
  3830.00        7.827480E+13   2.9707E-06   3.0063E-06   0.98817
  3850.00        7.786818E+13   2.9610E-06   2.9771E-06   0.99462
  3870.00        7.746576E+13   2.9324E-06   2.9483E-06   0.99461
  3890.00        7.706748E+13   2.8943E-06   2.9199E-06   0.99126
  3910.00        7.667327E+13   2.8283E-06   2.8919E-06   0.97803
  3930.00        7.628308E+13   2.8470E-06   2.8643E-06   0.99396
  3950.00        7.589684E+13   2.8260E-06   2.8371E-06   0.99609
  3970.00        7.551448E+13   2.8008E-06   2.8103E-06   0.99661
  3990.00        7.513596E+13   2.7698E-06   2.7839E-06   0.99495
  4010.00        7.476122E+13   2.7061E-06   2.7578E-06   0.98124
  4030.00        7.439020E+13   2.6641E-06   2.7322E-06   0.97510
  4050.00        7.402284E+13   2.5650E-06   2.7068E-06   0.94759
  4070.00        7.365909E+13   2.6580E-06   2.6818E-06   0.99110
  4090.00        7.329890E+13   2.6489E-06   2.6572E-06   0.99688
  4110.00        7.294221E+13   2.6306E-06   2.6329E-06   0.99914
  4130.00        7.258898E+13   2.6032E-06   2.6089E-06   0.99782
  4150.00        7.223916E+13   2.5660E-06   2.5853E-06   0.99254
  4170.00        7.189269E+13   2.4559E-06   2.5620E-06   0.95858
  4190.00        7.154952E+13   2.5168E-06   2.5390E-06   0.99128
  4210.00        7.120962E+13   2.5124E-06   2.5163E-06   0.99848
  4230.00        7.087293E+13   2.4937E-06   2.4939E-06   0.99993
  4250.00        7.053941E+13   2.4717E-06   2.4718E-06   0.99997
  4270.00        7.020902E+13   2.4499E-06   2.4500E-06   0.99999
  4290.00        6.988170E+13   2.4284E-06   2.4285E-06   0.99999
  4310.00        6.955742E+13   2.4072E-06   2.4072E-06   0.99997
  4330.00        6.923614E+13   2.3860E-06   2.3863E-06   0.99988
  4350.00        6.891782E+13   2.3544E-06   2.3656E-06   0.99529
  4370.00        6.860240E+13   2.2471E-06   2.3452E-06   0.95816
  4390.00        6.828986E+13   2.2815E-06   2.3250E-06   0.98130
  4410.00        6.798016E+13   2.2999E-06   2.3051E-06   0.99773
  4430.00        6.767325E+13   2.2852E-06   2.2855E-06   0.99989
  4450.00        6.736910E+13   2.2659E-06   2.2661E-06   0.99990
  4470.00        6.706767E+13   2.2501E-06   2.2566E-06   0.99716
  4490.00        6.676893E+13   2.2272E-06   2.2375E-06   0.99539
  4510.00        6.647284E+13   2.2089E-06   2.2187E-06   0.99556
  4530.00        6.617936E+13   2.1902E-06   2.2002E-06   0.99548
  4550.00        6.588846E+13   2.1721E-06   2.1819E-06   0.99552
  4570.00        6.560011E+13   2.1536E-06   2.1638E-06   0.99530
  4590.00        6.531427E+13   2.1350E-06   2.1459E-06   0.99490
  4610.00        6.503091E+13   2.1155E-06   2.1283E-06   0.99400
  4630.00        6.475000E+13   2.0874E-06   2.1109E-06   0.98889
  4650.00        6.447151E+13   1.9683E-06   2.0936E-06   0.94011
  4670.00        6.419540E+13   1.9555E-06   2.0766E-06   0.94164
  4690.00        6.392164E+13   2.0246E-06   2.0598E-06   0.98289
  4710.00        6.365021E+13   2.0299E-06   2.0432E-06   0.99345
  4730.00        6.338108E+13   2.0172E-06   2.0268E-06   0.99523
  4750.00        6.311421E+13   2.0017E-06   2.0106E-06   0.99557
  4770.00        6.284958E+13   1.9865E-06   1.9946E-06   0.99590
  4790.00        6.258716E+13   1.9713E-06   1.9788E-06   0.99621
  4810.00        6.232692E+13   1.9560E-06   1.9632E-06   0.99632
  4830.00        6.206884E+13   1.9407E-06   1.9477E-06   0.99637
  4850.00        6.181289E+13   1.9256E-06   1.9325E-06   0.99646
  4870.00        6.155903E+13   1.9107E-06   1.9174E-06   0.99651
  4890.00        6.130726E+13   1.8958E-06   1.9025E-06   0.99651
  4910.00        6.105754E+13   1.8811E-06   1.8877E-06   0.99648
  4930.00        6.080984E+13   1.8667E-06   1.8732E-06   0.99653
  4950.00        6.056414E+13   1.8525E-06   1.8588E-06   0.99663
  4970.00        6.032042E+13   1.8380E-06   1.8445E-06   0.99643
  4990.00        6.007866E+13   1.8242E-06   1.8305E-06   0.99660
  5010.00        5.983882E+13   1.8102E-06   1.8166E-06   0.99650
  5030.00        5.960089E+13   1.7958E-06   1.8028E-06   0.99613
  5050.00        5.936485E+13   1.7829E-06   1.7892E-06   0.99649
  5070.00        5.913067E+13   1.7687E-06   1.7758E-06   0.99603
  5090.00        5.889833E+13   1.7518E-06   1.7625E-06   0.99391
  5110.00        5.866781E+13   1.7239E-06   1.7493E-06   0.98546
  5130.00        5.843908E+13   1.6382E-06   1.7363E-06   0.94349
  5150.00        5.821214E+13   1.7032E-06   1.7235E-06   0.98825
  5170.00        5.798694E+13   1.7000E-06   1.7108E-06   0.99370
  5190.00        5.776349E+13   1.6917E-06   1.6982E-06   0.99616
  5210.00        5.754175E+13   1.6808E-06   1.6858E-06   0.99705
  5230.00        5.732170E+13   1.6686E-06   1.6735E-06   0.99708
  5250.00        5.710333E+13   1.6542E-06   1.6613E-06   0.99571
  5270.00        5.688662E+13   1.6404E-06   1.6493E-06   0.99462
  5290.00        5.667155E+13   1.6325E-06   1.6374E-06   0.99704
  5310.00        5.645810E+13   1.6218E-06   1.6256E-06   0.99768
  5330.00        5.624625E+13   1.6103E-06   1.6140E-06   0.99774
  5350.00        5.603598E+13   1.5979E-06   1.6024E-06   0.99716
  5370.00        5.582728E+13   1.5812E-06   1.5910E-06   0.99382
  5390.00        5.562013E+13   1.5702E-06   1.5798E-06   0.99392
  5410.00        5.541451E+13   1.5644E-06   1.5686E-06   0.99729
  5430.00        5.521041E+13   1.5559E-06   1.5576E-06   0.99894
  5450.00        5.500780E+13   1.5464E-06   1.5466E-06   0.99987
  5470.00        5.480667E+13   1.5351E-06   1.5358E-06   0.99956
  5490.00        5.460701E+13   1.5213E-06   1.5251E-06   0.99752
  5510.00        5.440880E+13   1.5055E-06   1.5145E-06   0.99405
  5530.00        5.421203E+13   1.4881E-06   1.5041E-06   0.98938
  5550.00        5.401667E+13   1.4884E-06   1.4937E-06   0.99646
  5570.00        5.382271E+13   1.4820E-06   1.4834E-06   0.99907
  5590.00        5.363014E+13   1.4728E-06   1.4733E-06   0.99968
  5610.00        5.343895E+13   1.4629E-06   1.4632E-06   0.99980
  5630.00        5.324911E+13   1.4531E-06   1.4533E-06   0.99991
  5650.00        5.306062E+13   1.4433E-06   1.4434E-06   0.99991
  5670.00        5.287346E+13   1.4317E-06   1.4337E-06   0.99862
  5690.00        5.268761E+13   1.4167E-06   1.4240E-06   0.99490
  5710.00        5.250306E+13   1.3903E-06   1.4144E-06   0.98292
  5730.00        5.231981E+13   1.3961E-06   1.4050E-06   0.99366
  5750.00        5.213783E+13   1.3933E-06   1.3956E-06   0.99831
  5770.00        5.195711E+13   1.3863E-06   1.3863E-06   0.99997
  5790.00        5.177763E+13   1.3770E-06   1.3772E-06   0.99990
  5810.00        5.159940E+13   1.3680E-06   1.3681E-06   0.99997
  5830.00        5.142238E+13   1.3579E-06   1.3591E-06   0.99912
  5850.00        5.124658E+13   1.3477E-06   1.3533E-06   0.99590
  5870.00        5.107198E+13   1.3367E-06   1.3444E-06   0.99425
  5890.00        5.089856E+13   1.3143E-06   1.3356E-06   0.98403
  5910.00        5.072631E+13   1.2497E-06   1.3269E-06   0.94179
  5930.00        5.055523E+13   1.2993E-06   1.3183E-06   0.98553
  5950.00        5.038529E+13   1.2757E-06   1.3098E-06   0.97396
  5970.00        5.021650E+13   1.2805E-06   1.3014E-06   0.98393
  5990.00        5.004883E+13   1.2858E-06   1.2930E-06   0.99443
  6010.00        4.988228E+13   1.2801E-06   1.2848E-06   0.99634
  6030.00        4.971683E+13   1.2727E-06   1.2766E-06   0.99694
  6050.00        4.955248E+13   1.2649E-06   1.2685E-06   0.99720
  6070.00        4.938921E+13   1.2571E-06   1.2604E-06   0.99734
  6090.00        4.922701E+13   1.2492E-06   1.2525E-06   0.99742
  6110.00        4.906588E+13   1.2414E-06   1.2446E-06   0.99742
  6130.00        4.890579E+13   1.2338E-06   1.2368E-06   0.99757
  6150.00        4.874675E+13   1.2261E-06   1.2290E-06   0.99760
  6170.00        4.858874E+13   1.2184E-06   1.2213E-06   0.99762
  6190.00        4.843174E+13   1.2108E-06   1.2137E-06   0.99757
  6210.00        4.827576E+13   1.2032E-06   1.2062E-06   0.99747
  6230.00        4.812079E+13   1.1952E-06   1.1988E-06   0.99704
  6250.00        4.796680E+13   1.1864E-06   1.1914E-06   0.99582
  6270.00        4.781380E+13   1.1717E-06   1.1841E-06   0.98960
  6290.00        4.766176E+13   1.1314E-06   1.1768E-06   0.96142
  6310.00        4.751070E+13   1.1537E-06   1.1696E-06   0.98639
  6330.00        4.736058E+13   1.1570E-06   1.1625E-06   0.99532
  6350.00        4.721142E+13   1.1520E-06   1.1554E-06   0.99706
  6370.00        4.706319E+13   1.1457E-06   1.1484E-06   0.99763
  6390.00        4.691588E+13   1.1390E-06   1.1415E-06   0.99784
  6420.00        4.669665E+13   1.1303E-06   1.1312E-06   0.99919
  6460.00        4.640751E+13   1.1176E-06   1.1177E-06   0.99989
  6500.00        4.612192E+13   1.1042E-06   1.1045E-06   0.99978
  6540.00        4.583983E+13   1.0914E-06   1.0915E-06   0.99997
  6580.00        4.556117E+13   1.0784E-06   1.0787E-06   0.99977
  6620.00        4.528588E+13   1.0656E-06   1.0661E-06   0.99954
  6660.00        4.501389E+13   1.0529E-06   1.0538E-06   0.99916
  6700.00        4.474515E+13   1.0391E-06   1.0416E-06   0.99754
  6740.00        4.447960E+13   1.0215E-06   1.0297E-06   0.99207
  6780.00        4.421718E+13   9.8740E-07   1.0180E-06   0.96996
  6820.00        4.395784E+13   1.0024E-06   1.0065E-06   0.99595
  6860.00        4.370153E+13   9.9395E-07   9.9512E-07   0.99882
  6900.00        4.344819E+13   9.8371E-07   9.8398E-07   0.99972
  6940.00        4.319777E+13   9.7118E-07   9.7303E-07   0.99810
  6980.00        4.295021E+13   9.6181E-07   9.6225E-07   0.99954
  7020.00        4.270548E+13   9.5154E-07   9.5166E-07   0.99987
  7060.00        4.246353E+13   9.4058E-07   9.4123E-07   0.99930
  7100.00        4.222430E+13   9.2884E-07   9.3098E-07   0.99770
  7140.00        4.198775E+13   9.2066E-07   9.2089E-07   0.99974
  7180.00        4.175383E+13   9.1085E-07   9.1097E-07   0.99987
  7220.00        4.152251E+13   9.0087E-07   9.0121E-07   0.99962
  7260.00        4.129373E+13   8.8868E-07   8.9160E-07   0.99673
  7300.00        4.106747E+13   8.8076E-07   8.8214E-07   0.99844
  7340.00        4.084366E+13   8.7273E-07   8.7283E-07   0.99989
  7380.00        4.062229E+13   8.6236E-07   8.6367E-07   0.99848
  7420.00        4.040330E+13   8.4952E-07   8.5468E-07   0.99396
  7460.00        4.018666E+13   8.1319E-07   8.4583E-07   0.96141
  7500.00        3.997233E+13   7.9488E-07   8.3712E-07   0.94955
  7540.00        3.976028E+13   8.1927E-07   8.2853E-07   0.98882
  7580.00        3.955046E+13   8.1715E-07   8.2008E-07   0.99643
  7620.00        3.934285E+13   8.0976E-07   8.1176E-07   0.99753
  7660.00        3.913740E+13   8.0182E-07   8.0356E-07   0.99783
  7700.00        3.893409E+13   7.9379E-07   7.9549E-07   0.99787
  7740.00        3.873288E+13   7.8510E-07   7.8753E-07   0.99691
  7780.00        3.853374E+13   7.7336E-07   7.7970E-07   0.99188
  7820.00        3.833664E+13   7.6962E-07   7.7198E-07   0.99694
  7860.00        3.814154E+13   7.6391E-07   7.6437E-07   0.99939
  7900.00        3.794842E+13   7.5686E-07   7.5688E-07   0.99997
  7940.00        3.775724E+13   7.4947E-07   7.4949E-07   0.99997
  7980.00        3.756798E+13   7.4215E-07   7.4221E-07   0.99991
  8020.00        3.738061E+13   7.3497E-07   7.3504E-07   0.99991
  8060.00        3.719510E+13   7.2790E-07   7.2797E-07   0.99990
  8100.00        3.701142E+13   7.1956E-07   7.2100E-07   0.99800
  8140.00        3.682955E+13   7.0685E-07   7.1413E-07   0.98981
  8180.00        3.664945E+13   7.0292E-07   7.0736E-07   0.99372
  8220.00        3.647111E+13   6.9991E-07   7.0068E-07   0.99889
  8260.00        3.629449E+13   6.9408E-07   6.9410E-07   0.99997
  8300.00        3.611958E+13   6.8759E-07   6.8761E-07   0.99997
  8340.00        3.594634E+13   6.8112E-07   6.8121E-07   0.99987
  8380.00        3.577476E+13   6.7472E-07   6.7490E-07   0.99975
  8420.00        3.560481E+13   6.6858E-07   6.6867E-07   0.99986
  8460.00        3.543647E+13   6.6251E-07   6.6253E-07   0.99997
  8500.00        3.526971E+13   6.5646E-07   6.5647E-07   0.99998
  8540.00        3.510451E+13   6.5044E-07   6.5050E-07   0.99992
  8580.00        3.494085E+13   6.4434E-07   6.4461E-07   0.99959
  8620.00        3.477871E+13   6.3646E-07   6.3879E-07   0.99634
  8660.00        3.461807E+13   6.2120E-07   6.3306E-07   0.98127
  8700.00        3.445891E+13   6.2339E-07   6.2740E-07   0.99362
  8740.00        3.430120E+13   6.0776E-07   6.2181E-07   0.97740
  8780.00        3.414493E+13   6.0248E-07   6.1630E-07   0.97758
  8820.00        3.399008E+13   6.0935E-07   6.1086E-07   0.99753
  8860.00        3.383663E+13   6.0543E-07   6.0549E-07   0.99989
  8900.00        3.368455E+13   6.0015E-07   6.0020E-07   0.99992
  8940.00        3.353384E+13   5.9496E-07   5.9497E-07   0.99998
  8980.00        3.338447E+13   5.8979E-07   5.8981E-07   0.99997
  9020.00        3.323642E+13   5.8470E-07   5.8472E-07   0.99997
  9060.00        3.308968E+13   5.7967E-07   5.7969E-07   0.99997
  9100.00        3.294423E+13   5.7471E-07   5.7472E-07   0.99997
  9140.00        3.280005E+13   5.6977E-07   5.6982E-07   0.99991
  9180.00        3.265714E+13   5.6497E-07   5.6498E-07   0.99997
  9220.00        3.251546E+13   5.5987E-07   5.6021E-07   0.99940
  9260.00        3.237500E+13   5.5416E-07   5.5549E-07   0.99761
  9300.00        3.223575E+13   5.4958E-07   5.5083E-07   0.99774
  9340.00        3.209770E+13   5.4413E-07   5.4623E-07   0.99615
  9380.00        3.196082E+13   5.2854E-07   5.4169E-07   0.97572
  9420.00        3.182511E+13   5.3163E-07   5.3720E-07   0.98964
  9460.00        3.169054E+13   5.3130E-07   5.3277E-07   0.99725
  9500.00        3.155711E+13   5.2706E-07   5.2839E-07   0.99747
  9540.00        3.142479E+13   5.2288E-07   5.2407E-07   0.99772
  9580.00        3.129358E+13   5.1978E-07   5.1980E-07   0.99997
  9620.00        3.116346E+13   5.1557E-07   5.1558E-07   0.99997
  9660.00        3.103442E+13   5.1140E-07   5.1141E-07   0.99998
  9700.00        3.090644E+13   5.0728E-07   5.0729E-07   0.99998
  9740.00        3.077952E+13   5.0321E-07   5.0323E-07   0.99997
  9780.00        3.065363E+13   4.9919E-07   4.9921E-07   0.99997
  9820.00        3.052877E+13   4.9434E-07   4.9523E-07   0.99820
  9860.00        3.040492E+13   4.8984E-07   4.9131E-07   0.99701
  9900.00        3.028207E+13   4.8741E-07   4.8743E-07   0.99997
  9940.00        3.016021E+13   4.8358E-07   4.8359E-07   0.99998
  9980.00        3.003933E+13   4.7979E-07   4.7981E-07   0.99997
 10020.00        2.991941E+13   4.7605E-07   4.7606E-07   0.99997
 20000.00        1.498963E+13   1.2122E-07   1.2122E-07   0.99999
 40000.00        7.494813E+12   3.0101E-08   3.0101E-08   1.00000
 60000.00        4.996542E+12   1.3247E-08   1.3247E-08   1.00000
 80000.00        3.747406E+12   7.3859E-09   7.3859E-09   1.00000
100000.00        2.997925E+12   4.6915E-09   4.6915E-09   1.00000
120000.00        2.498271E+12   3.2371E-09   3.2371E-09   1.00000
140000.00        2.141375E+12   2.3650E-09   2.3650E-09   1.00000
160000.00        1.873703E+12   1.8019E-09   1.8019E-09   1.00000
FLUX
